0.5   0.5   0.525
0.46666666666666656   0.4750000000000001   0.5416666666666665
0.48333333333333317   0.4500000000000002   0.583333333333333
0.48333333333333317   0.4500000000000002   0.583333333333333
0.39999999999999947   0.40000000000000036   0.6583333333333325
0.39999999999999947   0.37500000000000044   0.7416666666666654
0.4055555555555549   0.3416666666666671   0.7388888888888876
0.3611111111111104   0.3333333333333339   0.7777777777777763
0.3611111111111104   0.3333333333333339   0.7777777777777763
0.3611111111111104   0.3333333333333339   0.7777777777777763
0.3611111111111104   0.3333333333333339   0.7777777777777763
0.37222222222222145   0.319444444444445   0.746296296296295
0.37222222222222145   0.319444444444445   0.746296296296295
0.37222222222222145   0.319444444444445   0.746296296296295
0.35524691358024607   0.26558641975308706   0.7654835390946486
0.35524691358024607   0.26558641975308706   0.7654835390946486
0.35524691358024607   0.26558641975308706   0.7654835390946486
0.3920438957475987   0.1993141289437591   0.7200160036579775
0.32359396433470433   0.14801097393690066   0.740546410608137
0.3116941015089154   0.060682441700961154   0.7931812985825304
0.3168381344307263   -0.12316529492455319   0.7227766346593478
0.16803840877914866   -0.3131001371742096   0.8164723365340603
0.20745313214448924   -0.3983996342021017   0.8144071025758219
0.20745313214448924   -0.3983996342021017   0.8144071025758219
0.24597749326830182   -0.28302024589747365   0.762522015614147
0.24597749326830182   -0.28302024589747365   0.762522015614147
0.25325379487092553   -0.4573906134453294   0.7593881540942409
0.25325379487092553   -0.4573906134453294   0.7593881540942409
0.25325379487092553   -0.4573906134453294   0.7593881540942409
0.2767504216523241   -0.5800650064321957   0.7820873669158162
0.2767504216523241   -0.5800650064321957   0.7820873669158162
0.2767504216523241   -0.5800650064321957   0.7820873669158162
0.36328284185687343   -0.594236415097678   0.7769368776369698
0.36328284185687343   -0.594236415097678   0.7769368776369698
0.36328284185687343   -0.594236415097678   0.7769368776369698
0.4460316163415392   -0.6550668642004869   0.8248237114241728
0.4460316163415392   -0.6550668642004869   0.8248237114241728
0.6159292262869958   -0.696916713841506   0.7896400814075548
0.6159292262869958   -0.696916713841506   0.7896400814075548
0.6159292262869958   -0.696916713841506   0.7896400814075548
1.049290120250396   -0.8480690070938062   0.8036196596206082
1.049290120250396   -0.8480690070938062   0.8036196596206082
1.049290120250396   -0.8480690070938062   0.8036196596206082
1.049290120250396   -0.8480690070938062   0.8036196596206082
1.049290120250396   -0.8480690070938062   0.8036196596206082
1.049290120250396   -0.8480690070938062   0.8036196596206082
1.049290120250396   -0.8480690070938062   0.8036196596206082
1.049290120250396   -0.8480690070938062   0.8036196596206082
0.9556646577548383   -0.8060850372827542   0.8124930962916439
1.015041554437411   -0.8545371858867259   0.8166390379133
1.015041554437411   -0.8545371858867259   0.8166390379133
1.015041554437411   -0.8545371858867259   0.8166390379133
1.0192873369338824   -0.8253738237096353   0.8103961864236451
1.0192873369338824   -0.8253738237096353   0.8103961864236451
1.0315372500761244   -0.8531069286620738   0.8174947773787751
1.0315372500761244   -0.8531069286620738   0.8174947773787751
1.0315372500761244   -0.8531069286620738   0.8174947773787751
1.0188636783044918   -0.8357998260084272   0.8135056157043421
1.0188636783044918   -0.8357998260084272   0.8135056157043421
1.0188636783044918   -0.8357998260084272   0.8135056157043421
1.0188636783044918   -0.8357998260084272   0.8135056157043421
1.0188636783044918   -0.8357998260084272   0.8135056157043421
1.0188636783044918   -0.8357998260084272   0.8135056157043421
1.0188636783044918   -0.8357998260084272   0.8135056157043421
1.0189700600530882   -0.8388220692013697   0.8152978568689768
1.0201854079435222   -0.8382436157052702   0.8153726118798084
1.0198869247786237   -0.8387759593136259   0.8150703276921589
1.0198869247786237   -0.8387759593136259   0.8150703276921589
1.0193757918049213   -0.838448772721766   0.8151187973507599
1.0193757918049213   -0.838448772721766   0.8151187973507599
1.0194879933591563   -0.8378398386613274   0.8147386365424286
1.0194879933591563   -0.8378398386613274   0.8147386365424286
1.0194879933591563   -0.8378398386613274   0.8147386365424286
1.0195056534561167   -0.8383129268961567   0.8150272748260323
1.0196449825311746   -0.838296818803176   0.8149825491441207
1.0196179567702155   -0.8381864473241198   0.8149771961491452
1.0196179567702155   -0.8381864473241198   0.8149771961491452
1.0195531103014839   -0.8382457774972786   0.8149847874548546
1.019607462800731   -0.8382292165664721   0.8149627976656877
1.0195658027149865   -0.8381365493152646   0.8149210410238299
1.0195967076879746   -0.8381951475585625   0.814966702431968
1.0195967076879746   -0.8381951475585625   0.814966702431968
