6917.747108393358
6921.059957490161
6926.2467501967485
6897.995216587086
6901.382958749739
6890.687274782185
6875.04397570121
6868.320843066076
6843.46837451536
6848.312034493674
6815.932701847833
6785.650692586563
6782.290013232962
6759.341250113963
6748.0858232422015
6756.34290737749
6801.103787206806
6747.269547116098
6806.269381617382
6763.012952892166
6757.142471878832
6750.562327740389
6740.407611993139
6743.051681671592
6760.100067918353
6741.966920811184
6745.866019089014
6733.275515937736
6727.777772651572
6736.815049248655
6733.484082362925
6722.007910240616
6712.866771287141
6709.998501633068
6697.628298967792
6693.484470458334
6685.57424083685
6673.270522243792
6658.893938568153
6652.768544517079
6651.922878140429
6643.041326794259
6693.263187202989
6652.409580293175
6753.267595485854
6640.153782157182
6676.210954883198
6640.632939412531
6636.984945064161
6641.065402324237
6648.415385992295
6637.071458535767
6637.384346559774
6631.339083974866
6630.878781085457
6645.95329373713
6633.432851031535
6635.231653552154
6625.800963121751
6622.967419036167
6628.941018990832
6629.225936152079
6620.958905169583
6618.9826961448725
6620.696634780995
6608.177751255613
6602.849334354374
6607.521842623679
6606.300864009924
6591.6002948897885
6589.700903533279
6603.129128829083
6606.406009001037
6595.221766417455
6601.823242185397
6594.4391544963955
6600.289469038884
6592.180269579201
6599.060706081637
6590.499363320889
6595.355623512585
6590.507430613157
6590.788032542187
6589.579398824559
6591.500390451934
6589.26918145994
6590.385401723937
6589.643228414867
6591.33549800668
6589.542882410622
6589.776546304596
6589.264876507948
6589.575121718142
6589.332299673277
6589.255817865776
6590.5174852317905
6589.307891267344
6589.260178315605
6589.344300432901
6589.264184057637
6590.617276807077
6589.241636388649
6589.241787443098
6589.2752389878515
6589.243693564087
6589.3065701836695
6589.25386672336
6589.259368118233
6589.242054402772
6589.245816220579
6589.241910631032
6589.261657371046
6589.241660008107
6589.242407887483
6589.241620590456
6589.241895806045
6589.241619544576
6589.241778290239
6589.241589228483
6589.241672613145
6589.2415895049435
6589.241693083901
6589.24158354569
6589.24164059845
6589.241586775213
6589.2416130588135
6589.241579794406
6589.241590758209
6589.241581236887
6589.2415939735
6589.2415801205425
6589.241589804051
6589.241579460205
6589.241582770889
6589.2415792637275
6589.2415823885185
6589.2415789622055
6589.241580153144
6589.241579020942
6589.241580264382
6589.241578905222
6589.241579654511
6589.241578889516
6589.241579290494
6589.241578842608
6589.241579078243
6589.241578840984
