0.5   0.5   0.525
0.46666666666666656   0.4750000000000001   0.5416666666666665
0.48333333333333317   0.4500000000000002   0.583333333333333
0.48333333333333317   0.4500000000000002   0.583333333333333
0.39999999999999947   0.40000000000000036   0.6583333333333325
0.39999999999999947   0.40000000000000036   0.6583333333333325
0.4055555555555548   0.3083333333333338   0.7499999999999987
0.4055555555555548   0.3083333333333338   0.7499999999999987
0.36296296296296204   0.28611111111111154   0.7638888888888873
0.36296296296296204   0.28611111111111154   0.7638888888888873
0.36296296296296204   0.28611111111111154   0.7638888888888873
0.4092592592592583   0.25972222222222263   0.7444444444444427
0.4092592592592583   0.25972222222222263   0.7444444444444427
0.36111111111110983   0.16666666666666696   0.7833333333333306
0.4444444444444431   0.0916666666666669   0.7749999999999964
0.4148148148148132   0.043055555555555736   0.7527777777777738
0.40185185185184946   -0.21805555555555567   0.8222222222222153
0.5388888888888861   -0.41666666666666696   0.7833333333333243
0.46666666666666257   -0.7750000000000007   0.8083333333333207
0.46666666666666257   -0.7750000000000007   0.8083333333333207
0.46666666666666257   -0.7750000000000007   0.8083333333333207
0.5585733882030143   -0.6326646090534986   0.7445473251028694
0.5694330132601695   -0.9198731138545964   0.7943072702331819
0.5352232891327507   -0.5962562871513495   0.7828646547782241
0.5352232891327507   -0.5962562871513495   0.7828646547782241
0.6059662314349062   -0.8164412183102179   0.7998869582888655
0.6059662314349062   -0.8164412183102179   0.7998869582888655
0.6059662314349062   -0.8164412183102179   0.7998869582888655
0.6059662314349062   -0.8164412183102179   0.7998869582888655
0.6866909614613819   -0.7803625220156154   0.7743750423377067
0.6866909614613819   -0.7803625220156154   0.7743750423377067
0.6841466474589286   -0.8090184036970561   0.8020311775750455
0.8321189803864473   -0.8877362934769195   0.7840696764394535
0.8321189803864473   -0.8877362934769195   0.7840696764394535
0.938307596791168   -0.8562033282177888   0.8035639938027908
0.938307596791168   -0.8562033282177888   0.8035639938027908
1.0691407141866447   -0.9982686021543918   0.803675946072627
1.0691407141866447   -0.9982686021543918   0.803675946072627
1.0691407141866447   -0.9982686021543918   0.803675946072627
1.0691407141866447   -0.9982686021543918   0.803675946072627
1.0691407141866447   -0.9982686021543918   0.803675946072627
1.0691407141866447   -0.9982686021543918   0.803675946072627
1.0691407141866447   -0.9982686021543918   0.803675946072627
1.0691407141866447   -0.9982686021543918   0.803675946072627
1.0691407141866447   -0.9982686021543918   0.803675946072627
1.0691407141866447   -0.9982686021543918   0.803675946072627
1.1357640347993272   -0.9794378219328244   0.805358786602441
1.0716320748955956   -0.9923293158550384   0.8076612549970124
1.12041375331742   -0.9972860130978074   0.806048865763229
1.0892053342620462   -0.9939764928914743   0.8050161242634273
1.0892053342620462   -0.9939764928914743   0.8050161242634273
1.08987875390196   -0.9925391113602549   0.806641531526032
1.08987875390196   -0.9925391113602549   0.806641531526032
1.1016782490994292   -0.989262525158942   0.8057939283812199
1.1016782490994292   -0.989262525158942   0.8057939283812199
1.1032969438525595   -0.9838651237449572   0.8081641147833594
1.1032969438525595   -0.9838651237449572   0.8081641147833594
1.1032969438525595   -0.9838651237449572   0.8081641147833594
1.1031341010198212   -0.9803596896340381   0.8081790129565491
1.1031341010198212   -0.9803596896340381   0.8081790129565491
1.1025881565496745   -0.9836982529558771   0.8072846062408008
1.0991410199651623   -0.9823917409750977   0.8092473898014774
1.0991410199651623   -0.9823917409750977   0.8092473898014774
1.0979821774371006   -0.983990083185535   0.8083822452155422
1.0979821774371006   -0.983990083185535   0.8083822452155422
1.097240141011567   -0.9815591182515702   0.8093274599960387
1.0962969844386743   -0.9848592963097504   0.8096615054595135
1.0952051819597322   -0.984547257522806   0.8090000839792524
1.0952051819597322   -0.984547257522806   0.8090000839792524
1.0952051819597322   -0.984547257522806   0.8090000839792524
1.095035237206872   -0.9844380003031439   0.8097517547352855
1.095035237206872   -0.9844380003031439   0.8097517547352855
1.0937641338945783   -0.9830663044119037   0.8087893796251127
1.091769185850537   -0.9844522838269443   0.8088201146804466
1.091769185850537   -0.9844522838269443   0.8088201146804466
1.091769185850537   -0.9844522838269443   0.8088201146804466
1.091769185850537   -0.9844522838269443   0.8088201146804466
1.091769185850537   -0.9844522838269443   0.8088201146804466
1.091769185850537   -0.9844522838269443   0.8088201146804466
1.091769185850537   -0.9844522838269443   0.8088201146804466
1.091769185850537   -0.9844522838269443   0.8088201146804466
1.0916758118819003   -0.983727272660287   0.8090589361831282
1.0916758118819003   -0.983727272660287   0.8090589361831282
1.0915268501124324   -0.983803673870165   0.80885046384066
1.0915268501124324   -0.983803673870165   0.80885046384066
1.0915545765647376   -0.9839469217046504   0.8089506027892633
1.0916291564926883   -0.983846752941133   0.8089779217308248
1.091618135511606   -0.9840069434648853   0.8089079923296119
1.091618135511606   -0.9840069434648853   0.8089079923296119
1.0915791263638157   -0.9839271780233605   0.80893928452614
1.0915791263638157   -0.9839271780233605   0.80893928452614
0.5   0.5   0.525
0.46666666666666656   0.4750000000000001   0.5416666666666665
0.48333333333333317   0.4500000000000002   0.583333333333333
0.48333333333333317   0.4500000000000002   0.583333333333333
0.39999999999999947   0.40000000000000036   0.6583333333333325
0.39999999999999947   0.40000000000000036   0.6583333333333325
0.4055555555555548   0.3083333333333338   0.7499999999999987
0.4055555555555548   0.3083333333333338   0.7499999999999987
0.36296296296296204   0.28611111111111154   0.7638888888888873
0.36296296296296204   0.28611111111111154   0.7638888888888873
0.36296296296296204   0.28611111111111154   0.7638888888888873
0.4092592592592583   0.25972222222222263   0.7444444444444427
0.4092592592592583   0.25972222222222263   0.7444444444444427
0.36111111111110983   0.16666666666666696   0.7833333333333306
0.4444444444444431   0.0916666666666669   0.7749999999999964
0.4148148148148132   0.043055555555555736   0.7527777777777738
0.40185185185184946   -0.21805555555555567   0.8222222222222153
0.5388888888888861   -0.41666666666666696   0.7833333333333243
0.46666666666666257   -0.7750000000000007   0.8083333333333207
0.46666666666666257   -0.7750000000000007   0.8083333333333207
0.46666666666666257   -0.7750000000000007   0.8083333333333207
0.46666666666666257   -0.7750000000000007   0.8083333333333207
0.5432327389117477   -0.6482167352537729   0.7854595336076704
0.5701569882639796   -0.9584647919524472   0.7946616369455728
0.5701569882639796   -0.9584647919524472   0.7946616369455728
0.5093365255973812   -0.7741601254890014   0.7959117639587334
0.541970192834196   -0.7317590581550922   0.7862169024877521
0.5415586643202122   -0.7673702754633166   0.7813064238316074
0.5505560579239548   -0.8581139724941252   0.7912366668524686
0.5505560579239548   -0.8581139724941252   0.7912366668524686
0.5505560579239548   -0.8581139724941252   0.7912366668524686
0.5636591270052069   -0.7978622149065306   0.7811598724225652
0.5677046499142233   -0.8497357199529064   0.7900455686076542
0.5677046499142233   -0.8497357199529064   0.7900455686076542
0.5677046499142233   -0.8497357199529064   0.7900455686076542
0.5677046499142233   -0.8497357199529064   0.7900455686076542
0.5677046499142233   -0.8497357199529064   0.7900455686076542
0.5677046499142233   -0.8497357199529064   0.7900455686076542
0.5677046499142233   -0.8497357199529064   0.7900455686076542
0.5677046499142233   -0.8497357199529064   0.7900455686076542
0.5714750657505201   -0.8584036286887748   0.7919448532851874
0.5735449223586722   -0.8499832988447862   0.7912057103408983
0.5735449223586722   -0.8499832988447862   0.7912057103408983
0.579220416435593   -0.8446043437146404   0.794030008067486
0.579220416435593   -0.8446043437146404   0.794030008067486
0.5903208613667923   -0.8516573007944128   0.7954872351865083
0.5992264119672623   -0.824742417228252   0.7992985026637394
0.5992264119672623   -0.824742417228252   0.7992985026637394
0.6335099214270792   -0.8394130346761499   0.807076872235557
0.6335099214270792   -0.8394130346761499   0.807076872235557
0.6335099214270792   -0.8394130346761499   0.807076872235557
0.6335099214270792   -0.8394130346761499   0.807076872235557
0.6335099214270792   -0.8394130346761499   0.807076872235557
0.6335099214270792   -0.8394130346761499   0.807076872235557
0.6335099214270792   -0.8394130346761499   0.807076872235557
0.6300103716447496   -0.8519587199038647   0.8073700643900159
0.6379456779820825   -0.8638639058125164   0.8062795799074935
0.6379456779820825   -0.8638639058125164   0.8062795799074935
0.6379456779820825   -0.8638639058125164   0.8062795799074935
0.6379456779820825   -0.8638639058125164   0.8062795799074935
0.6461304751916426   -0.9029414084046552   0.8052563150532519
0.656878615410859   -0.892476669404997   0.8044439582181568
0.6670677667259617   -0.8822135174639247   0.8075393067266501
0.6941855013642986   -0.9499037836485442   0.8046804201830717
0.7258709331178341   -0.9187111537081556   0.8061510550213749
0.7733669703863764   -0.9658751160106305   0.809482865494783
0.7733669703863764   -0.9658751160106305   0.809482865494783
0.9060814039619913   -0.9922252205359934   0.812276667222851
0.9060814039619913   -0.9922252205359934   0.812276667222851
0.9060814039619913   -0.9922252205359934   0.812276667222851
0.9060814039619913   -0.9922252205359934   0.812276667222851
0.9060814039619913   -0.9922252205359934   0.812276667222851
0.9060814039619913   -0.9922252205359934   0.812276667222851
0.9060814039619913   -0.9922252205359934   0.812276667222851
0.9060814039619913   -0.9922252205359934   0.812276667222851
0.9060814039619913   -0.9922252205359934   0.812276667222851
0.9060814039619913   -0.9922252205359934   0.812276667222851
0.8955098186118432   -0.9922739598535768   0.8133542079081573
0.9119441220578748   -1.000277709328811   0.8136662334324576
0.9117820177225502   -0.995877723773402   0.8140295768127702
0.9070731504682854   -1.003978951883803   0.8164966837076832
0.9070731504682854   -1.003978951883803   0.8164966837076832
0.9070731504682854   -1.003978951883803   0.8164966837076832
0.9070731504682854   -1.003978951883803   0.8164966837076832
0.9070731504682854   -1.003978951883803   0.8164966837076832
0.9070731504682854   -1.003978951883803   0.8164966837076832
0.9074377676302757   -0.9995273192669184   0.8148787468533225
0.9074377676302757   -0.9995273192669184   0.8148787468533225
0.9082268819441267   -1.0009732637673756   0.8151203748305361
0.9075455441233646   -1.0020287453677965   0.8157687641551792
0.9080629474967592   -1.0002890714942199   0.815189687035256
0.9076914460758463   -1.0003121730716913   0.8151191777634899
0.9079967639213917   -1.0009249635393056   0.8152397922409222
0.9077312983106819   -1.0012687407014345   0.8154758249175342
0.907934725133033   -1.0005621819658486   0.815233976004619
0.9077895209321076   -1.0006154009036106   0.8152178544089241
0.9077895209321076   -1.0006154009036106   0.8152178544089241
0.9078042967256421   -1.0009756678897608   0.8153589684180755
0.9078842720689192   -1.0006913028426196   0.8152588760305273
0.907866834632778   -1.0008154964550662   0.8152765358140749
0.907866834632778   -1.0008154964550662   0.8152765358140749
0.9078307763193167   -1.000859207991669   0.815311717946734
0.9078307763193167   -1.000859207991669   0.815311717946734
0.9078369070161023   -1.0007640081759135   0.815272117374088
0.9078369070161023   -1.0007640081759135   0.815272117374088
0.5   0.5   0.525
0.5   0.5   0.525
0.46666666666666656   0.4750000000000001   0.5416666666666665
0.48333333333333317   0.4500000000000002   0.583333333333333
0.48333333333333317   0.4500000000000002   0.583333333333333
0.39999999999999947   0.40000000000000036   0.6583333333333325
0.39999999999999947   0.40000000000000036   0.6583333333333325
0.42037037037036984   0.36388888888888926   0.6944444444444435
0.42037037037036984   0.36388888888888926   0.6944444444444435
0.35555555555555474   0.308333333333334   0.7249999999999988
0.35555555555555474   0.308333333333334   0.7249999999999988
0.3944444444444437   0.2666666666666675   0.7166666666666655
0.3944444444444437   0.2666666666666675   0.7166666666666655
0.31172839506172734   0.15648148148148278   0.7351851851851836
0.39753086419753014   0.11574074074074214   0.684259259259258
0.29876543209876427   -0.07962962962962739   0.7712962962962944
0.21913580246913433   -0.34074074074073746   0.7574074074074053
0.2919753086419741   -0.6175925925925883   0.7425925925925903
0.2919753086419741   -0.6175925925925883   0.7425925925925903
0.2919753086419741   -0.6175925925925883   0.7425925925925903
0.2919753086419741   -0.6175925925925883   0.7425925925925903
0.2919753086419741   -0.6175925925925883   0.7425925925925903
0.2919753086419741   -0.6175925925925883   0.7425925925925903
0.2919753086419741   -0.6175925925925883   0.7425925925925903
0.37872085048010895   -0.5829218106995842   0.7405606995884759
0.37872085048010895   -0.5829218106995842   0.7405606995884759
0.37872085048010895   -0.5829218106995842   0.7405606995884759
0.5282616979119035   -0.7794352994970226   0.7672439414723362
0.5282616979119035   -0.7794352994970226   0.7672439414723362
0.6534528527155417   -0.5929545800944929   0.7557375019051991
0.9189027333231738   -0.9127953055936531   0.7622037418076548
0.9189027333231738   -0.9127953055936531   0.7622037418076548
0.9189027333231738   -0.9127953055936531   0.7622037418076548
0.9189027333231738   -0.9127953055936531   0.7622037418076548
0.9189027333231738   -0.9127953055936531   0.7622037418076548
0.9189027333231738   -0.9127953055936531   0.7622037418076548
0.9189027333231738   -0.9127953055936531   0.7622037418076548
0.9189027333231738   -0.9127953055936531   0.7622037418076548
0.9189027333231738   -0.9127953055936531   0.7622037418076548
0.9189027333231738   -0.9127953055936531   0.7622037418076548
0.9189027333231738   -0.9127953055936531   0.7622037418076548
0.9189027333231738   -0.9127953055936531   0.7622037418076548
0.9189027333231738   -0.9127953055936531   0.7622037418076548
0.9189027333231738   -0.9127953055936531   0.7622037418076548
0.9189027333231738   -0.9127953055936531   0.7622037418076548
1.0047174202868494   -0.9014399502552606   0.7681577005030562
0.9599354416924724   -0.9017823999474697   0.769422076739823
0.9599354416924724   -0.9017823999474697   0.769422076739823
0.9599354416924724   -0.9017823999474697   0.769422076739823
0.9599354416924724   -0.9017823999474697   0.769422076739823
0.9599354416924724   -0.9017823999474697   0.769422076739823
0.9672378744703326   -0.9088735516867585   0.7670297732703437
0.9808111220343746   -0.9072157887797793   0.7681295297294197
0.9789725390239226   -0.9098394432661352   0.7682103726711942
0.9789725390239226   -0.9098394432661352   0.7682103726711942
0.9715503213172727   -0.9081480918392284   0.7676725344211193
0.9724579854464321   -0.9068068859454473   0.7683050649611577
0.9724579854464321   -0.9068068859454473   0.7683050649611577
0.9764158265250997   -0.9087022675802399   0.7681174684893579
0.9735156352064125   -0.9079489544902883   0.7679227050423603
0.9735156352064125   -0.9079489544902883   0.7679227050423603
0.9738591405985604   -0.9074752855875631   0.768176825822358
0.9738591405985604   -0.9074752855875631   0.768176825822358
0.9750558331972394   -0.9078303700565927   0.7680848684828132
0.9750558331972394   -0.9078303700565927   0.7680848684828132
0.9748827419919199   -0.9079760433804827   0.7680934851192727
0.9748827419919199   -0.9079760433804827   0.7680934851192727
0.9744420712366841   -0.9078633031335006   0.7680602110385805
0.9744420712366841   -0.9078633031335006   0.7680602110385805
0.974491750982706   -0.9077899097703024   0.7681011078997302
0.974491750982706   -0.9077899097703024   0.7681011078997302
0.9746746559066692   -0.9078442250729772   0.7680857651107056
0.9746746559066692   -0.9078442250729772   0.7680857651107056
0.9746486477706042   -0.9078662505548132   0.7680879816334194
0.9746486477706042   -0.9078662505548132   0.7680879816334194
0.974581714450599   -0.9078494044422885   0.7680823079465744
0.974581714450599   -0.9078494044422885   0.7680823079465744
0.5   0.5   0.525
0.46666666666666656   0.4750000000000001   0.5416666666666665
0.48333333333333317   0.4500000000000002   0.583333333333333
0.48333333333333317   0.4500000000000002   0.583333333333333
0.39999999999999947   0.40000000000000036   0.6583333333333325
0.39999999999999947   0.40000000000000036   0.6583333333333325
0.4055555555555548   0.3083333333333338   0.7499999999999987
0.4055555555555548   0.3083333333333338   0.7499999999999987
0.4055555555555548   0.3083333333333338   0.7499999999999987
0.4055555555555548   0.3083333333333338   0.7499999999999987
0.41419753086419653   0.2824074074074079   0.720370370370369
0.41419753086419653   0.2824074074074079   0.720370370370369
0.41419753086419653   0.2824074074074079   0.720370370370369
0.46522633744855835   0.25432098765432154   0.6716049382716034
0.4711934156378583   0.13641975308642051   0.7237654320987634
0.4711934156378583   0.13641975308642051   0.7237654320987634
0.4711934156378583   0.13641975308642051   0.7237654320987634
0.5203703703703675   -0.07777777777777672   0.6999999999999975
0.5860082304526713   -0.21635802469135662   0.745987654320984
0.5860082304526713   -0.21635802469135662   0.745987654320984
0.6978052126200209   -0.7767489711934135   0.7912551440329163
0.6978052126200209   -0.7767489711934135   0.7912551440329163
0.6978052126200209   -0.7767489711934135   0.7912551440329163
0.7195955901031277   -0.868971955494587   0.7565805517451554
0.7195955901031277   -0.868971955494587   0.7565805517451554
0.7142851699435997   -0.7484110653863718   0.7479138088705937
0.7432198259072901   -0.9035792308083093   0.766063036630589
0.7117527039690135   -0.8085348608782514   0.7740538048908479
0.7265762097768078   -0.7713781492207015   0.768773215182865
0.7265762097768078   -0.7713781492207015   0.768773215182865
0.7265762097768078   -0.7713781492207015   0.768773215182865
0.7703059494139448   -0.8815475636053649   0.7714044382984122
0.7703059494139448   -0.8815475636053649   0.7714044382984122
0.778102302278139   -0.7560704527877955   0.7646463547929052
0.8436827006666703   -0.9174035546749284   0.7634744819979935
0.8952372153023496   -0.9099378976217465   0.769585036544499
0.9077088627508278   -0.8407270397842821   0.7603994772585194
0.9077088627508278   -0.8407270397842821   0.7603994772585194
1.1018975602549297   -0.9384997033223477   0.7673618588814675
1.1018975602549297   -0.9384997033223477   0.7673618588814675
1.1018975602549297   -0.9384997033223477   0.7673618588814675
1.1018975602549297   -0.9384997033223477   0.7673618588814675
1.1018975602549297   -0.9384997033223477   0.7673618588814675
1.1018975602549297   -0.9384997033223477   0.7673618588814675
1.2981727461268422   -1.037586068934647   0.7712744892188683
1.1010756498883205   -0.952850578118879   0.7732167086253108
1.1010756498883205   -0.952850578118879   0.7732167086253108
1.1010756498883205   -0.952850578118879   0.7732167086253108
1.1014866050716252   -0.9456751407206133   0.7702892837533891
1.1368079599604206   -0.9361724050455175   0.7709073865380165
1.1368079599604206   -0.9361724050455175   0.7709073865380165
1.1368079599604206   -0.9361724050455175   0.7709073865380165
1.1368079599604206   -0.9361724050455175   0.7709073865380165
1.1368079599604206   -0.9361724050455175   0.7709073865380165
1.1368079599604206   -0.9361724050455175   0.7709073865380165
1.1544212699732586   -0.9496845233163056   0.7723144933127238
1.143629399256676   -0.954939554959217   0.7715845968858251
1.143629399256676   -0.954939554959217   0.7715845968858251
1.143629399256676   -0.954939554959217   0.7715845968858251
1.1527266179427869   -0.9487877271246042   0.7717278645308702
1.1458590832360294   -0.947515785965025   0.7716402737958079
1.1509131517258782   -0.9500494396662937   0.7719827025251125
1.1467311751124538   -0.9518619362722623   0.7716841052515443
1.1502805439837869   -0.9492983905462322   0.7717484458608459
1.1475836867550346   -0.9489595207299772   0.7717226791708212
1.149555810171485   -0.9500446944245589   0.7718505563097582
1.1479355943746112   -0.9506480690862592   0.7717289995160097
1.1493194538754152   -0.949591242646582   0.7717579287631878
1.1482603197811025   -0.9495270947245553   0.7717509203502366
1.1490304664242639   -0.9499834149551789   0.7717982529264514
1.148402837200769   -0.9501743265975156   0.7717490167646508
1.1489419975053967   -0.949743094036166   0.7717619960551503
1.1485260434122897   -0.949747019960421   0.7717603377994937
1.1488270462318746   -0.9499357809099398   0.7717776848997748
1.1485839331253114   -0.9499914791165123   0.7717578448413953
1.1487938358809444   -0.9498172603492285   0.7717636426176858
1.1486304909124998   -0.9498309300428239   0.7717633642928896
1.1487482331023966   -0.9499078353730641   0.7717696510752159
1.1487482331023966   -0.9499078353730641   0.7717696510752159
1.14873571525606   -0.9498520483860027   0.7717642736621376
1.14873571525606   -0.9498520483860027   0.7717642736621376
1.14873571525606   -0.9498520483860027   0.7717642736621376
