6893.771951237059
6897.323958152814
6902.787031748552
6875.532437942114
6878.1679930343325
6867.71142184077
6853.049407216363
6846.980825554241
6823.801406241724
6829.008550308033
6797.901793930294
6770.913117881842
6770.920149434821
6752.04697608194
6738.774663102264
6771.383914333401
6743.093471740299
6737.835982547556
6750.5666998529505
6853.968409954348
6745.900225970732
6762.341220645937
6741.423614188289
6728.758974791226
6723.337127055076
6729.424866617641
6718.911793569419
6713.011118227783
6705.596451947797
6686.689265370392
6686.5615047881765
6666.145629291597
6659.710895303301
6653.734661368019
6620.930710342916
6590.136282183828
6588.958344003306
6580.86322092008
6619.062434489009
6609.1744704333405
6579.213973967073
6611.750447016505
6660.385974672688
6575.457148249707
6610.594899995822
6575.318114298033
6578.786474918635
6567.734926285589
6575.03590879942
6605.2797021160195
6570.166904834845
6579.255665887073
6570.263057893832
6572.154483830074
6568.817404769586
6565.935939898384
6563.733573388084
6566.504317059796
6563.220344074245
6565.02247018263
6559.427088083161
6556.64157901464
6562.996469693568
6554.827029350816
6552.975445550561
6560.045414132542
6550.648428837705
6554.56347056811
6559.926169243154
6554.521532616116
6553.485615776346
6552.738649615332
6553.30551844728
6551.5774156575135
6552.350662195037
6554.9045370547865
6550.946502797691
6552.868246990458
6550.853013698462
6551.636387055241
6551.306135443689
6550.983733274705
6550.686601936066
6551.145207395259
6550.618712161383
6550.516916915956
6551.616351031765
6550.746119956526
6550.515793935294
6550.769740566884
6550.445438432531
6551.013026211294
6550.461215513007
6550.659393131071
6550.44403426104
6550.49552549414
6550.451490370637
6550.7079520239395
6550.4354188197385
6550.4995211465375
6550.443495318916
6550.434750076184
6550.421668028779
6550.432144803452
6550.481089191754
6550.435192683502
6550.421256901502
6550.423139365434
6550.451222281456
6550.434997572966
6550.436480310916
6550.419920600949
6550.412978350065
6550.97209347227
6550.414367091991
6550.411224365084
6550.436232227214
6550.971924938729
6550.416008118978
6550.410254472496
6550.971924938729
6550.409194361893
6550.911465196461
6550.408208530621
6550.438502366042
6550.972878359187
6550.4101024603015
6550.436428853152
6550.4096491589125
6550.408078375333
6550.973481880689
6550.437260196326
6550.409014689298
6550.407779156145
6550.407303862583
6550.4070791464255
6550.406796113053
6550.406799361966
6550.407112188076
6550.407791818836
6550.406874779841
6550.407512089254
6550.406837690392
6550.406905297822
6550.406809950969
6550.406945849796
6550.4067965548
6550.406799136971
6550.406811405035
6550.406793530301
6550.406801787862
6550.406794116194
6550.406801482095
6550.406793332195
6550.4067990027
6550.406793369497
6550.4067957594525
6550.406793003869
6550.40679404698
6550.406792949982
6550.406794412636
6550.406792883281
6550.406793506159
6550.406792932765
6550.406793183743
6550.406792852655
6937.147169433379
6941.791498647104
6946.577218101664
6919.9774585320265
6922.70291140598
6911.246898032041
6896.458611253545
6891.582204753761
6869.075174777902
6873.375423905422
6842.06110300103
6815.2570356639
6817.797427649037
6799.0526032259095
6787.981712537128
6823.500175997751
6791.47407991722
6786.5559800563115
6800.250054415155
6908.2083739659465
6792.100995490885
6814.802187883844
6789.413450446829
6776.664110065239
6771.162814021608
6779.094138350787
6766.504007649353
6759.547534653699
6753.2735962164525
6733.175913884474
6731.389230361485
6708.228204837188
6700.748316063277
6690.119641690599
6659.21386250493
6624.541048186737
6617.74108138799
6600.578178744958
6628.14376612497
6622.643051815248
6608.381341065584
6656.654726347673
6600.409216016566
6665.539161297775
6597.914977940491
6618.872031148755
6598.478158696888
6600.753604300334
6597.328986922525
6603.591428268197
6596.933579615248
6599.022402258048
6596.181680688652
6607.980431685054
6595.342270274563
6596.204457020553
6598.2003502814205
6595.866224559439
6596.812224334346
6595.111873050329
6594.339425046889
6594.387719852684
6595.15879957721
6594.447775219597
6596.6167503981815
6595.609352967356
6594.961800618543
6595.071756519468
6594.7277495704675
6594.5994542795215
6595.444560080023
6595.270848032473
6594.394880535446
6594.411450493424
6595.1561269940485
6594.6545286008495
6594.592135592909
6595.212425087025
6594.3995022423405
6594.319824755211
6594.274301055226
6594.135432289642
6594.063287870867
6594.174637469536
6593.978000407859
6593.7440644359
6593.832566018893
6593.613719669154
6593.31218023526
6593.261677867365
6592.991723860655
6593.072151763745
6592.653339379115
6592.025462732374
6592.209448968905
6592.454108155514
6593.52213419221
6592.906388184614
6593.961021139714
6592.612758486807
6594.208233261639
6592.472937042922
6592.207280653562
6592.018859058309
6592.128578161506
6591.801273607748
6591.655192334859
6592.03422739214
6591.889061931544
6591.831011324724
6591.6818188159705
6591.525032819408
6591.392454325009
6591.228493423681
6590.925299867223
6590.91188807286
6590.5807535492295
6590.4991023332095
6590.361655975328
6589.617244413553
6588.934001567174
6588.883896168283
6588.398661034006
6588.963600456889
6587.5008187347485
6587.317359741039
6588.666707639322
6587.427749446095
6588.056988704724
6589.627952224475
6587.605520934444
6588.04726332904
6587.529459858835
6588.064783208596
6587.3733771305
6587.416809884852
6587.64841760374
6587.323468426708
6587.539740747683
6587.340357384512
6587.479731901952
6587.316304697274
6587.353525994529
6587.311590617224
6587.325495107658
6587.311448420595
6587.3098900239565
6587.309822280575
6587.3502665851665
6587.3124412628495
6587.320240355402
6587.309932847047
6587.310634858916
6587.315397745904
6587.309902680658
6587.310306865156
6587.30986064354
6587.310272612116
6587.309775239797
6587.309939639704
6587.309789208206
6587.309971008741
6587.309772841507
6587.309893133937
6587.309766892871
6587.309820411755
6587.3097621497955
6587.30979715196
6587.309759638543
6587.309788840092
6587.3097594954115
6587.30977838316
6587.309758462612
6587.309766599072
6587.3097578764355
6587.309763180073
6587.309757370496
6587.309761653178
6587.309757433593
6587.30976044325
6587.309757212075
6587.309758423512
6587.309757178043
6587.3097581536695
6587.30975706698
6587.30975752243
6587.309757093067
6587.309757466772
6587.309757047538
6587.3097573115865
6587.309757048557
6587.309757191022
6587.309757029556
6920.61052197852
6924.6512765550615
6930.20728049633
6904.652880222075
6906.398177424124
6917.360715286356
6921.082035856176
6926.696605112091
6900.933972801275
6902.791708423112
6892.786384175612
6879.4582076457755
6874.225223301515
6853.55236006857
6858.969545812981
6830.538009539157
6809.028929938125
6813.399487526702
6798.25648704161
6800.5964389118
6821.868858295058
6804.144002676312
6790.226235907858
6785.707513194264
6808.992672940785
6802.132541208145
6780.956408390972
6771.860734064634
6779.95052705149
6760.496176473215
6743.443153733268
6742.276402691409
6728.0692780390855
6720.181895519585
6710.909264154199
6681.321537729318
6661.5837137134895
6651.644954937761
6641.117148311393
6714.675148949254
6670.090753794081
6682.057900646409
6656.184743668804
6646.245998326447
6666.32143839956
6648.201815132097
6650.280402048229
6644.312396692082
6643.5599846469895
6636.69844428043
6633.368355250034
6636.726615060022
6639.109500694525
6627.374892098749
6622.349851736177
6627.070920775235
6620.326860485459
6620.041847561541
6610.324338524015
6606.269285278127
6621.962340829212
6619.631144934932
6617.04634589455
6617.526513928239
6623.128091974606
6610.372093680812
6618.146271324176
6610.278877385819
6611.724692987268
6607.274934591959
6609.034498640897
6611.512154725841
6606.8814023869145
6608.22908503174
6606.7095148858625
6606.948552264643
6606.840892027657
6606.79261315643
6606.512998534571
6606.359162595521
6607.065088473841
6606.076705621004
6606.606029783701
6605.925260640455
6606.832494068762
6606.03398345338
6607.100752948008
6605.962097924517
6606.107513628022
6605.944653148428
6606.071182447517
6605.941121825195
6606.304666713226
6605.925097352214
6605.966128556986
6605.923310904436
6605.9528777730775
6605.921117350279
6605.9611440242115
6605.924190581778
6605.929986152432
6605.920021407675
6605.93471271025
6605.9194879277275
6605.924132179158
6605.919956531676
6605.922845192902
6605.919335562376
6605.921571789844
6605.919100944111
6605.920698243881
6605.919140521242
6605.920314058117
6605.919029590221
6605.919516292958
6605.9190394508005
6605.919387904698
6605.918989083527
6605.919196653582
6605.918990456314
6605.919160785299
6605.918974941711
6605.919062537661
6605.918978711552
6605.919025549365
6605.91896946885
6605.919006403671
6605.918970350354
6605.918997947272
6605.918967895163
6605.918979255816
6605.918968065236
6605.918976103697
6605.918966895129
6605.918971575072
6605.918966942839
6605.918970955929
6605.91896657462
6605.9189686280115
6605.918966683208
6605.918967709664
6605.9189664586875
6878.759331014977
6881.908796034393
6901.496360786981
6904.419535364756
6910.505684021244
6883.7993906812535
6885.812171119586
6876.331633871546
6862.629515745956
6856.2651109056305
6834.170241167639
6840.2268139146545
6810.75963517489
6786.854872599219
6787.800671748992
6770.729896593561
6764.412359529342
6815.254093796507
6769.64071041974
6768.49903651521
6928.844919466058
6766.398283587011
6757.063785822055
6748.796351233741
6766.42963776983
6761.85968886913
6749.822082144934
6745.252400208364
6743.356217542474
6726.064878181917
6711.337691258998
6730.224924415203
6714.916575690982
6687.669892342121
6666.4973190496785
6662.9427883881135
6636.792176030573
6660.347790601142
6604.313479491698
6588.998611202933
6695.771166893949
6633.711216888061
6597.661416282022
6588.985971947118
6616.713714154652
6619.357428334742
6591.566160125691
6610.839284265292
6588.663838482828
6593.949818962296
6586.325484354557
6599.671100671916
6584.857956280357
6584.093185155627
6584.267139681306
6586.9116469408
6584.709395660799
6586.813523439684
6584.249173378905
6582.9251741444505
6582.073122864396
6584.46110262604
6583.122521273952
6581.857438391853
6581.156791133495
6580.626188250753
6580.023290332325
6578.43714693563
6576.758855987042
6575.117570236855
6575.752349699696
6577.7100888453515
6572.802931800645
6571.572991863408
6575.321743054865
6574.3694486274635
6574.678150119904
6574.046692127912
6574.663874949922
6573.186327201838
6571.46173741564
6595.856022784945
6569.515090720334
6571.706963842313
6573.623122532908
6571.734408634022
6570.607381601428
6572.252848924814
6571.787601604628
6569.799247431918
6569.735419340954
6569.510693661766
6569.267710224067
6571.517395172441
6570.4632196662615
6569.348240101113
6571.585277988637
6569.377523527191
6569.312248952171
6569.44368932139
6569.2785408253
6569.30640170344
6569.436173243239
6569.262874335209
6569.298626135001
6569.262094918191
6569.283937247355
6569.267195764624
6569.349832152786
6569.265289113486
6569.261013063135
6569.271027168736
6569.2860809745525
6569.260102605922
6569.266990076932
6569.259738856036
6569.289317964072
6569.259628472064
6569.26293489789
6569.259468898172
6569.261041184334
6569.259330819297
6569.260359449627
6569.2592705809275
6569.260101074142
6569.2592557595635
6569.25976964893
6569.259231523767
6569.259472345881
6569.25921127962
6569.259365403491
6569.25920089865
6569.259325294664
6569.25919926897
6569.2592794189495
6569.259195287504
6569.259232048946
6569.259192580134
6569.259215862607
6569.259190635986
6569.259209054514
6569.259190617277
6569.259203239872
6569.259189846723
6569.259195386234
6569.259189589112
6569.259193177846
6569.259189168672
6569.259191822295
6569.259189255101
6569.2591912926455
6569.259189066694
6569.259189867204
6569.259189087657
