0.44999999999999996   0.5249999999999999   0.5249999999999999
0.44999999999999996   0.5249999999999999   0.5249999999999999
0.4166666666666665   0.5166666666666666   0.583333333333333
0.4166666666666665   0.5166666666666666   0.583333333333333
0.32222222222222174   0.5805555555555555   0.6111111111111107
0.22777777777777697   0.5694444444444444   0.7138888888888881
0.18888888888888777   0.6222222222222222   0.7694444444444437
0.18888888888888777   0.6222222222222222   0.7694444444444437
0.18888888888888777   0.6222222222222222   0.7694444444444437
0.2222222222222212   0.5555555555555558   0.7861111111111105
0.2222222222222212   0.5555555555555558   0.7861111111111105
0.25370370370370254   0.5842592592592597   0.8268518518518517
0.25370370370370254   0.5842592592592597   0.8268518518518517
0.2067901234567885   0.5503086419753098   0.986728395061728
0.34320987654320834   0.5246913580246928   1.0132716049382724
0.14938271604937992   0.6567901234567923   1.2830246913580252
0.19197530864197165   0.5632716049382753   1.6293209876543222
0.27098765432098293   0.6441358024691408   1.9521604938271642
0.27098765432098293   0.6441358024691408   1.9521604938271642
0.27098765432098293   0.6441358024691408   1.9521604938271642
0.27098765432098293   0.6441358024691408   1.9521604938271642
0.4179012345678973   0.4780864197530912   1.8422839506172872
0.4179012345678973   0.4780864197530912   1.8422839506172872
0.4179012345678973   0.4780864197530912   1.8422839506172872
0.4179012345678973   0.4780864197530912   1.8422839506172872
0.4179012345678973   0.4780864197530912   1.8422839506172872
0.4441533726227329   0.5253639985435874   1.903012328743929
0.4441533726227329   0.5253639985435874   1.903012328743929
0.4441533726227329   0.5253639985435874   1.903012328743929
0.49306057433938655   0.45873858910255816   1.8694627907895742
0.47614092950816356   0.4695670569792838   1.854092599178464
0.44450976336232917   0.4813214839807838   1.8589032617606382
0.44450976336232917   0.4813214839807838   1.8589032617606382
0.44450976336232917   0.4813214839807838   1.8589032617606382
0.44450976336232917   0.4813214839807838   1.8589032617606382
0.44450976336232917   0.4813214839807838   1.8589032617606382
0.44450976336232917   0.4813214839807838   1.8589032617606382
0.4556104806238067   0.47475484236576426   1.8589724915707193
0.4556104806238067   0.47475484236576426   1.8589724915707193
0.4556104806238067   0.47475484236576426   1.8589724915707193
0.4556104806238067   0.47475484236576426   1.8589724915707193
0.4556104806238067   0.47475484236576426   1.8589724915707193
0.4556104806238067   0.47475484236576426   1.8589724915707193
0.45668148291211397   0.4727085143593249   1.8581813209769844
0.45668148291211397   0.4727085143593249   1.8581813209769844
0.45668148291211397   0.4727085143593249   1.8581813209769844
0.45668148291211397   0.4727085143593249   1.8581813209769844
0.45668148291211397   0.4727085143593249   1.8581813209769844
0.45673610895866845   0.47359437769793256   1.8585290233647207
0.45673610895866845   0.47359437769793256   1.8585290233647207
0.45699990738354906   0.4732918801446948   1.8584552211645002
0.45699990738354906   0.4732918801446948   1.8584552211645002
0.4569871527835231   0.47336138807101713   1.8584169301988005
0.4569871527835231   0.47336138807101713   1.8584169301988005
0.45687905676778084   0.4732131523319184   1.858383169130038
0.45687905676778084   0.4732131523319184   1.858383169130038
0.45688712862718384   0.4733564520266378   1.858438080182908
0.45688712862718384   0.4733564520266378   1.858438080182908
0.4569271975953604   0.47330516969419156   1.8584257001672957
0.4569271975953604   0.47330516969419156   1.8584257001672957
