0.44999999999999996   0.5249999999999999   0.5249999999999999
0.44999999999999996   0.5249999999999999   0.5249999999999999
0.4166666666666665   0.5166666666666666   0.583333333333333
0.38888888888888873   0.5222222222222221   0.5694444444444441
0.38888888888888873   0.5222222222222221   0.5694444444444441
0.38888888888888873   0.5222222222222221   0.5694444444444441
0.3701646090534977   0.5504115226337447   0.5545267489711931
0.3701646090534977   0.5504115226337447   0.5545267489711931
0.3701646090534977   0.5504115226337447   0.5545267489711931
0.3713077274805672   0.553269318701417   0.4998513946044809
0.3713077274805672   0.553269318701417   0.4998513946044809
0.3713077274805672   0.553269318701417   0.4998513946044809
0.4009339700926353   0.5440015918982535   0.4724948771359381
0.3810614913038328   0.594320394926247   0.41149553760436297
0.36696980473843865   0.5757578451794261   0.3701675726938649
0.36696980473843865   0.5757578451794261   0.3701675726938649
0.36696980473843865   0.5757578451794261   0.3701675726938649
0.36696980473843865   0.5757578451794261   0.3701675726938649
0.3713558043131795   0.5987598811533161   0.3727555834043672
0.3713558043131795   0.5987598811533161   0.3727555834043672
0.3621124661272119   0.6000085315731702   0.3567121854647193
0.3621124661272119   0.6000085315731702   0.3567121854647193
0.36441683386291013   0.6104605231575002   0.3365284559072462
0.36498752551133234   0.6169372160798059   0.3424253280135638
0.36498752551133234   0.6169372160798059   0.3424253280135638
0.36498752551133234   0.6169372160798059   0.3424253280135638
0.36498752551133234   0.6169372160798059   0.3424253280135638
0.36498752551133234   0.6169372160798059   0.3424253280135638
0.36409715317230207   0.6165505581506964   0.3422915974954849
0.36409715317230207   0.6165505581506964   0.3422915974954849
0.36409715317230207   0.6165505581506964   0.3422915974954849
0.36409715317230207   0.6165505581506964   0.3422915974954849
0.36430286496101605   0.616780098634228   0.3425551997856413
0.36430286496101605   0.616780098634228   0.3425551997856413
0.36430286496101605   0.616780098634228   0.3425551997856413
0.36430286496101605   0.616780098634228   0.3425551997856413
0.36430286496101605   0.616780098634228   0.3425551997856413
0.36430286496101605   0.616780098634228   0.3425551997856413
0.36427474158951045   0.6165851512267166   0.34265883457569923
0.3642953707277755   0.6165197083966596   0.3428059142900368
0.36427617728167827   0.6165839383414695   0.34282436668009353
0.36429248074700205   0.6166715156445883   0.3426591191504589
0.36428137558749785   0.6165884360104779   0.34271098397461447
0.36428137558749785   0.6165884360104779   0.34271098397461447
0.3642819576354642   0.6165964893128713   0.34276865087965
0.3642883555162032   0.616627773575811   0.3427042824030312
0.3642883555162032   0.616627773575811   0.3427042824030312
