0.44999999999999996   0.5249999999999999   0.5249999999999999
0.44999999999999996   0.47499999999999987   0.5499999999999998
0.3999999999999999   0.4999999999999998   0.5999999999999996
0.3999999999999999   0.4999999999999998   0.5999999999999996
0.31666666666666643   0.4249999999999994   0.691666666666666
0.31666666666666643   0.4249999999999994   0.691666666666666
0.2555555555555551   0.39999999999999925   0.813888888888888
0.2555555555555551   0.39999999999999925   0.813888888888888
0.19074074074073988   0.24166666666666536   0.968518518518517
0.34567901234567855   0.3444444444444438   0.7753086419753081
0.21131687242798258   0.23240740740740617   1.0134773662551428
0.23662551440329083   0.018518518518516824   1.129526748971192
0.4121399176954722   0.11203703703703605   0.981275720164609
0.4121399176954722   0.11203703703703605   0.981275720164609
0.43198445358939075   0.009773662551439105   0.9993026977594879
0.4043133668648057   -0.13916323731138708   1.1650358177107145
0.4043133668648057   -0.13916323731138708   1.1650358177107145
0.4043133668648057   -0.13916323731138708   1.1650358177107145
0.4043133668648057   -0.13916323731138708   1.1650358177107145
0.4043133668648057   -0.13916323731138708   1.1650358177107145
0.47251466609965365   -0.10616154944763523   1.1011848289211161
0.4203842137592766   -0.10927625314945744   1.113492934514106
0.4415319460395122   -0.18988477593624545   1.1607504377336895
0.4415319460395122   -0.18988477593624545   1.1607504377336895
0.4415319460395122   -0.18988477593624545   1.1607504377336895
0.4415319460395122   -0.18988477593624545   1.1607504377336895
0.44592721237927324   -0.14950207245036795   1.1396673802247212
0.44592721237927324   -0.14950207245036795   1.1396673802247212
0.46534389921849606   -0.20627001411710855   1.1615970579528383
0.46534389921849606   -0.20627001411710855   1.1615970579528383
0.46534389921849606   -0.20627001411710855   1.1615970579528383
0.46534389921849606   -0.20627001411710855   1.1615970579528383
0.4647019744290927   -0.18925874536044782   1.1528367952381378
0.4647019744290927   -0.18925874536044782   1.1528367952381378
0.4647019744290927   -0.18925874536044782   1.1528367952381378
0.4647019744290927   -0.18925874536044782   1.1528367952381378
0.4647019744290927   -0.18925874536044782   1.1528367952381378
0.4647019744290927   -0.18925874536044782   1.1528367952381378
0.4647019744290927   -0.18925874536044782   1.1528367952381378
0.4647019744290927   -0.18925874536044782   1.1528367952381378
0.4647019744290927   -0.18925874536044782   1.1528367952381378
0.4647019744290927   -0.18925874536044782   1.1528367952381378
0.4647019744290927   -0.18925874536044782   1.1528367952381378
0.4647019744290927   -0.18925874536044782   1.1528367952381378
0.4647019744290927   -0.18925874536044782   1.1528367952381378
0.4624353697715407   -0.18641556984127045   1.1522856512007982
0.4624353697715407   -0.18641556984127045   1.1522856512007982
0.4624353697715407   -0.18641556984127045   1.1522856512007982
0.4624353697715407   -0.18641556984127045   1.1522856512007982
0.4624353697715407   -0.18641556984127045   1.1522856512007982
0.4624353697715407   -0.18641556984127045   1.1522856512007982
0.46224529081275834   -0.18580784987172744   1.1520382001547036
0.4616055449533757   -0.18592496852341434   1.1523770699627933
0.4616055449533757   -0.18592496852341434   1.1523770699627933
0.46068750890884835   -0.18496595832073404   1.1522481348071318
0.459509884922503   -0.1853395067088267   1.1529529715517493
0.4583881134131358   -0.18410187433670866   1.1527698421392119
0.45745145987628233   -0.18367992438743191   1.1529368957026018
0.45745145987628233   -0.18367992438743191   1.1529368957026018
0.45745145987628233   -0.18367992438743191   1.1529368957026018
0.45582904522460455   -0.18162460124491253   1.1525277557884888
0.45365013495363793   -0.18036276809220242   1.1527805715299548
0.45015441322825334   -0.1774635450511295   1.1527055387426217
0.44897093572804825   -0.17595401853806436   1.1524056816714419
0.44897093572804825   -0.17595401853806436   1.1524056816714419
0.44897093572804825   -0.17595401853806436   1.1524056816714419
0.44897093572804825   -0.17595401853806436   1.1524056816714419
0.44897093572804825   -0.17595401853806436   1.1524056816714419
0.44897093572804825   -0.17595401853806436   1.1524056816714419
0.4477535902867874   -0.17529327950236417   1.152566242444963
0.44797181995765367   -0.17550928368274904   1.1525897170643162
0.44797181995765367   -0.17550928368274904   1.1525897170643162
0.4485406449786077   -0.17577416213602287   1.1524908694448692
0.4480631480399473   -0.17552393972378255   1.1525585876649473
0.4483987617175649   -0.1757914079321746   1.1525593017684936
0.4481530024348468   -0.1756028934733712   1.1525629850118766
0.448372807854697   -0.1757067879228995   1.1525255804633208
0.4481856693544918   -0.17561215141663217   1.1525539383730887
0.4483179607994551   -0.17571600943490445   1.1525534015256278
0.4483179607994551   -0.17571600943490445   1.1525534015256278
0.44830743798948364   -0.17568152158099892   1.1525396211980485
0.44830743798948364   -0.17568152158099892   1.1525396211980485
0.44830743798948364   -0.17568152158099892   1.1525396211980485
0.44999999999999996   0.5249999999999999   0.5249999999999999
0.44999999999999996   0.47499999999999987   0.5499999999999998
0.3999999999999999   0.4999999999999998   0.5999999999999996
0.3999999999999999   0.4999999999999998   0.5999999999999996
0.31666666666666643   0.4249999999999994   0.691666666666666
0.31666666666666643   0.4249999999999994   0.691666666666666
0.2555555555555551   0.39999999999999925   0.813888888888888
0.2555555555555551   0.39999999999999925   0.813888888888888
0.19074074074073988   0.24166666666666536   0.968518518518517
0.34567901234567855   0.3444444444444438   0.7753086419753081
0.21131687242798258   0.23240740740740617   1.0134773662551428
0.23662551440329083   0.018518518518516824   1.129526748971192
0.4121399176954722   0.11203703703703605   0.981275720164609
0.4121399176954722   0.11203703703703605   0.981275720164609
0.43198445358939075   0.009773662551439105   0.9993026977594879
0.4043133668648057   -0.13916323731138708   1.1650358177107145
0.4043133668648057   -0.13916323731138708   1.1650358177107145
0.4043133668648057   -0.13916323731138708   1.1650358177107145
0.4043133668648057   -0.13916323731138708   1.1650358177107145
0.4043133668648057   -0.13916323731138708   1.1650358177107145
0.47251466609965365   -0.10616154944763523   1.1011848289211161
0.4203842137592766   -0.10927625314945744   1.113492934514106
0.4415319460395122   -0.18988477593624545   1.1607504377336895
0.4415319460395122   -0.18988477593624545   1.1607504377336895
0.4415319460395122   -0.18988477593624545   1.1607504377336895
0.4415319460395122   -0.18988477593624545   1.1607504377336895
0.44592721237927324   -0.14950207245036795   1.1396673802247212
0.44592721237927324   -0.14950207245036795   1.1396673802247212
0.46534389921849606   -0.20627001411710855   1.1615970579528383
0.46534389921849606   -0.20627001411710855   1.1615970579528383
0.46534389921849606   -0.20627001411710855   1.1615970579528383
0.46534389921849606   -0.20627001411710855   1.1615970579528383
0.4647019744290927   -0.18925874536044782   1.1528367952381378
0.4647019744290927   -0.18925874536044782   1.1528367952381378
0.4647019744290927   -0.18925874536044782   1.1528367952381378
0.4647019744290927   -0.18925874536044782   1.1528367952381378
0.4647019744290927   -0.18925874536044782   1.1528367952381378
0.4647019744290927   -0.18925874536044782   1.1528367952381378
0.4647019744290927   -0.18925874536044782   1.1528367952381378
0.4647019744290927   -0.18925874536044782   1.1528367952381378
0.4647019744290927   -0.18925874536044782   1.1528367952381378
0.4647019744290927   -0.18925874536044782   1.1528367952381378
0.4647019744290927   -0.18925874536044782   1.1528367952381378
0.4647019744290927   -0.18925874536044782   1.1528367952381378
0.4647019744290927   -0.18925874536044782   1.1528367952381378
0.4624353697715407   -0.18641556984127045   1.1522856512007982
0.4624353697715407   -0.18641556984127045   1.1522856512007982
0.4624353697715407   -0.18641556984127045   1.1522856512007982
0.4624353697715407   -0.18641556984127045   1.1522856512007982
0.4624353697715407   -0.18641556984127045   1.1522856512007982
0.4624353697715407   -0.18641556984127045   1.1522856512007982
0.46224529081275834   -0.18580784987172744   1.1520382001547036
0.4616055449533757   -0.18592496852341434   1.1523770699627933
0.4616055449533757   -0.18592496852341434   1.1523770699627933
0.46068750890884835   -0.18496595832073404   1.1522481348071318
0.459509884922503   -0.1853395067088267   1.1529529715517493
0.4583881134131358   -0.18410187433670866   1.1527698421392119
0.45745145987628233   -0.18367992438743191   1.1529368957026018
0.45745145987628233   -0.18367992438743191   1.1529368957026018
0.45745145987628233   -0.18367992438743191   1.1529368957026018
0.45582904522460455   -0.18162460124491253   1.1525277557884888
0.45365013495363793   -0.18036276809220242   1.1527805715299548
0.45015441322825334   -0.1774635450511295   1.1527055387426217
0.44897093572804825   -0.17595401853806436   1.1524056816714419
0.44897093572804825   -0.17595401853806436   1.1524056816714419
0.44897093572804825   -0.17595401853806436   1.1524056816714419
0.44897093572804825   -0.17595401853806436   1.1524056816714419
0.44897093572804825   -0.17595401853806436   1.1524056816714419
0.44897093572804825   -0.17595401853806436   1.1524056816714419
0.4477535902867874   -0.17529327950236417   1.152566242444963
0.44797181995765367   -0.17550928368274904   1.1525897170643162
0.44797181995765367   -0.17550928368274904   1.1525897170643162
0.4485406449786077   -0.17577416213602287   1.1524908694448692
0.4480631480399473   -0.17552393972378255   1.1525585876649473
0.4483987617175649   -0.1757914079321746   1.1525593017684936
0.4481530024348468   -0.1756028934733712   1.1525629850118766
0.448372807854697   -0.1757067879228995   1.1525255804633208
0.4481856693544918   -0.17561215141663217   1.1525539383730887
0.4483179607994551   -0.17571600943490445   1.1525534015256278
0.4483179607994551   -0.17571600943490445   1.1525534015256278
0.44830743798948364   -0.17568152158099892   1.1525396211980485
0.44830743798948364   -0.17568152158099892   1.1525396211980485
0.44830743798948364   -0.17568152158099892   1.1525396211980485
