0.44999999999999996   0.5374999999999999
0.44999999999999996   0.5374999999999999
0.34999999999999987   0.5749999999999997
0.34999999999999987   0.5749999999999997
0.24999999999999978   0.6374999999999995
0.24999999999999978   0.6374999999999995
0.2999999999999998   0.5999999999999996
0.2999999999999998   0.5999999999999996
0.2999999999999998   0.5999999999999996
0.2999999999999998   0.5999999999999996
0.2999999999999998   0.5999999999999996
0.29687499999999983   0.6140624999999996
0.29687499999999983   0.6140624999999996
0.29687499999999983   0.6140624999999996
0.29687499999999983   0.6140624999999996
0.29726562499999976   0.6013671874999997
0.29726562499999976   0.6013671874999997
0.2970703124999998   0.6139648437499996
0.2970703124999998   0.6139648437499996
0.29716796874999973   0.6014160156249997
0.29716796874999973   0.6014160156249997
0.2971191406249998   0.6139404296874996
0.2971191406249998   0.6139404296874996
0.2971191406249998   0.6139404296874996
0.2971191406249998   0.6139404296874996
0.2971252441406247   0.6014373779296871
0.2971252441406247   0.6014373779296871
0.29712219238281223   0.6139389038085934
0.29712219238281223   0.6139389038085934
0.29712219238281223   0.6139389038085934
0.29712295532226535   0.6076885223388668
0.29712295532226535   0.6076885223388668
0.29712295532226535   0.6076885223388668
0.297123336791992   0.6108133316040036
0.297123336791992   0.6108133316040036
0.297123336791992   0.6108133316040036
0.297123336791992   0.6108133316040036
0.297123336791992   0.6108133316040036
0.297123336791992   0.6108133316040036
0.297123336791992   0.6108133316040036
0.297123336791992   0.6108133316040036
0.297123336791992   0.6108133316040036
0.297123336791992   0.6108133316040036
0.297123336791992   0.6108133316040036
