0.5   0.5   0.525
0.5   0.5   0.525
0.5   0.5   0.525
0.5055555555555558   0.4546296296296295   0.5657407407407407
0.5055555555555558   0.4546296296296295   0.5657407407407407
0.5055555555555558   0.4546296296296295   0.5657407407407407
0.5401234567901239   0.39732510288065814   0.6359053497942384
0.5401234567901239   0.39732510288065814   0.6359053497942384
0.5279149519890265   0.37202789208962006   0.6510059442158205
0.5279149519890265   0.37202789208962006   0.6510059442158205
0.5279149519890265   0.37202789208962006   0.6510059442158205
0.5279149519890265   0.37202789208962006   0.6510059442158205
0.529790089586615   0.3611895770179564   0.6844986085002847
0.529790089586615   0.3611895770179564   0.6844986085002847
0.529790089586615   0.3611895770179564   0.6844986085002847
0.5264275926208184   0.35093134750611965   0.6861987031486088
0.5286399560346309   0.3580030305182822   0.672717181524697
0.5286399560346309   0.3580030305182822   0.672717181524697
0.5286399560346309   0.3580030305182822   0.672717181524697
0.5286399560346309   0.3580030305182822   0.672717181524697
0.5286399560346309   0.3580030305182822   0.672717181524697
0.5286399560346309   0.3580030305182822   0.672717181524697
0.5286399560346309   0.3580030305182822   0.672717181524697
0.5284123703747091   0.35861701701608656   0.6727095080308201
0.5282667480127747   0.3579903539677141   0.6724790836946815
0.5282667480127747   0.3579903539677141   0.6724790836946815
0.5282667480127747   0.3579903539677141   0.6724790836946815
0.5281990460872684   0.3584446739460365   0.6721943819139116
0.5281646122359168   0.3581244657798299   0.6727297820862601
0.5279512879484765   0.35795212270977983   0.6722146559693514
0.5277814502461124   0.35854055450021816   0.6721806525801601
0.527499258255969   0.3577277950977549   0.6727363268079487
0.5273233853977884   0.35802251575867194   0.6720246414853799
0.5267015180029171   0.3583866199370853   0.672512308934786
0.5259612611644495   0.35705582179307593   0.6729119720677943
0.5258248514541344   0.3579155098948005   0.672229621517358
0.5258248514541344   0.3579155098948005   0.672229621517358
0.5255821226118562   0.3576677179331449   0.6728146305172791
0.5255821226118562   0.3576677179331449   0.6728146305172791
0.5255821226118562   0.3576677179331449   0.6728146305172791
0.5254714846100903   0.3576540073433674   0.672434570856007
0.5254714846100903   0.3576540073433674   0.672434570856007
0.5251391873846751   0.3576566925661636   0.6724736009280758
0.5254089635516199   0.35758685565537474   0.6726680331219212
0.5252183099974239   0.3574198993724589   0.6725907685154711
0.5252183099974239   0.3574198993724589   0.6725907685154711
0.5252347202495113   0.35759684627727906   0.6725309372684225
0.5252347202495113   0.35759684627727906   0.6725309372684225
0.5253140092352604   0.35756551223122046   0.6725408445678445
0.5253140092352604   0.35756551223122046   0.6725408445678445
0.5253140092352604   0.35756551223122046   0.6725408445678445
