0.44999999999999996   0.5249999999999999   0.5249999999999999
0.44999999999999996   0.5249999999999999   0.5249999999999999
0.4166666666666665   0.5166666666666666   0.583333333333333
0.4166666666666665   0.5166666666666666   0.583333333333333
0.32222222222222174   0.5805555555555555   0.6111111111111107
0.22777777777777697   0.5694444444444444   0.7138888888888881
0.25555555555555476   0.5888888888888888   0.7027777777777772
0.25555555555555476   0.5888888888888888   0.7027777777777772
0.25555555555555476   0.5888888888888888   0.7027777777777772
0.2722222222222215   0.5305555555555554   0.7361111111111103
0.2722222222222215   0.5305555555555554   0.7361111111111103
0.2722222222222215   0.5305555555555554   0.7361111111111103
0.2722222222222215   0.5305555555555554   0.7361111111111103
0.35596707818929985   0.45288065843621395   0.7733539094650197
0.19897119341563685   0.49002057613168715   0.8735596707818916
0.3201646090534973   0.3355967078189297   0.8832304526748951
0.33065843621399105   0.2173868312757199   1.057921810699586
0.33065843621399105   0.2173868312757199   1.057921810699586
0.46344307270233154   -0.18460219478738082   1.2971536351165933
0.3643347050754451   -0.39595336076817644   1.6917352537722845
0.3643347050754451   -0.39595336076817644   1.6917352537722845
0.3643347050754451   -0.39595336076817644   1.6917352537722845
0.41854138088705917   -0.4482967535436678   1.755772748056693
0.41854138088705917   -0.4482967535436678   1.755772748056693
0.41854138088705917   -0.4482967535436678   1.755772748056693
0.41854138088705917   -0.4482967535436678   1.755772748056693
0.41854138088705917   -0.4482967535436678   1.755772748056693
0.41854138088705917   -0.4482967535436678   1.755772748056693
0.41854138088705917   -0.4482967535436678   1.755772748056693
0.39473758022997774   -0.36771042375823537   1.6709796630764226
0.39473758022997774   -0.36771042375823537   1.6709796630764226
0.39473758022997774   -0.36771042375823537   1.6709796630764226
0.39473758022997774   -0.36771042375823537   1.6709796630764226
0.39473758022997774   -0.36771042375823537   1.6709796630764226
0.39473758022997774   -0.36771042375823537   1.6709796630764226
0.39490726355934225   -0.3376550001007923   1.6430130728990324
0.40022106739703767   -0.3659509345780085   1.6766262915167756
0.40022106739703767   -0.3659509345780085   1.6766262915167756
0.40022106739703767   -0.3659509345780085   1.6766262915167756
0.40022106739703767   -0.3659509345780085   1.6766262915167756
0.40022106739703767   -0.3659509345780085   1.6766262915167756
0.40022106739703767   -0.3659509345780085   1.6766262915167756
0.40022106739703767   -0.3659509345780085   1.6766262915167756
0.39957472399704086   -0.3674511213072249   1.6773138423460137
0.39957472399704086   -0.3674511213072249   1.6773138423460137
0.39957472399704086   -0.3674511213072249   1.6773138423460137
0.39957472399704086   -0.3674511213072249   1.6773138423460137
0.39957472399704086   -0.3674511213072249   1.6773138423460137
0.3983553449346071   -0.36980430156727906   1.6774838585428076
0.3983553449346071   -0.36980430156727906   1.6774838585428076
0.3983553449346071   -0.36980430156727906   1.6774838585428076
0.39823723815538875   -0.3699820340219088   1.677897236464458
0.39823723815538875   -0.3699820340219088   1.677897236464458
0.3979107897826643   -0.36981503134206073   1.677319825901448
0.3963279901132408   -0.37253303247065084   1.6776045986029495
0.3963279901132408   -0.37253303247065084   1.6776045986029495
0.3956743931749405   -0.37274940651265526   1.677206101273871
0.39280947082244133   -0.3774014732883193   1.677901630177021
0.39280947082244133   -0.3774014732883193   1.677901630177021
0.38907378607839327   -0.3817916593849553   1.6773095055111247
0.38774504629727785   -0.38451724495304934   1.6778753033623146
0.38650629982458184   -0.3857667405589337   1.6779799881008417
0.38650629982458184   -0.3857667405589337   1.6779799881008417
0.38650629982458184   -0.3857667405589337   1.6779799881008417
0.38333215642293933   -0.38934965543820194   1.6775085534423981
0.38578095573210525   -0.38648655213250327   1.6776154662083758
0.383973543985468   -0.38892496967642626   1.6776214518615191
0.38543425926904307   -0.38701023315398875   1.6777809059691364
0.38543425926904307   -0.38701023315398875   1.6777809059691364
0.38515803474889987   -0.38730110768458537   1.6776398895305813
0.38515803474889987   -0.38730110768458537   1.6776398895305813
0.3846061086914133   -0.38796606237809605   1.6776397488308046
0.3846061086914133   -0.38796606237809605   1.6776397488308046
0.3847009699428583   -0.38790679647039716   1.677654814921529
0.3847009699428583   -0.38790679647039716   1.677654814921529
0.3849240581846045   -0.38761334867574593   1.6776804981897846
0.38473688200832123   -0.38782529905474494   1.677651471534118
0.38488262061340967   -0.3876576383908339   1.677658265574728
0.38477441177248506   -0.3878027792554194   1.6776591133438696
0.3848610148246716   -0.38768762712137267   1.6776683908370116
0.38478811553925496   -0.38777065698864344   1.6776566973929938
0.3848452339961068   -0.38770566308965615   1.6776598330496766
0.3848452339961068   -0.38770566308965615   1.6776598330496766
