0.44999999999999996   0.5249999999999999   0.5249999999999999
0.44999999999999996   0.5249999999999999   0.5249999999999999
0.4166666666666665   0.5166666666666666   0.583333333333333
0.4166666666666665   0.5166666666666666   0.583333333333333
0.32222222222222174   0.5805555555555555   0.6111111111111107
0.22777777777777697   0.5694444444444444   0.7138888888888881
0.18888888888888777   0.6222222222222222   0.7694444444444437
0.18888888888888777   0.6222222222222222   0.7694444444444437
0.18888888888888777   0.6222222222222222   0.7694444444444437
0.2222222222222212   0.5555555555555558   0.7861111111111105
0.2222222222222212   0.5555555555555558   0.7861111111111105
0.25370370370370254   0.5842592592592597   0.8268518518518517
0.25370370370370254   0.5842592592592597   0.8268518518518517
0.2067901234567885   0.5503086419753098   0.986728395061728
0.34320987654320834   0.5246913580246928   1.0132716049382724
0.14938271604937992   0.6567901234567923   1.2830246913580252
0.19197530864197165   0.5632716049382753   1.6293209876543222
0.27098765432098293   0.6441358024691408   1.9521604938271642
0.27098765432098293   0.6441358024691408   1.9521604938271642
0.189300411522628   0.6343621399177017   2.2640946502057653
0.189300411522628   0.6343621399177017   2.2640946502057653
0.36143118427068477   0.6288866026520414   2.293061271147697
0.36143118427068477   0.6288866026520414   2.293061271147697
0.36143118427068477   0.6288866026520414   2.293061271147697
0.36143118427068477   0.6288866026520414   2.293061271147697
0.33531029314636435   0.6365610552253278   2.2650402631712705
0.33531029314636435   0.6365610552253278   2.2650402631712705
0.33531029314636435   0.6365610552253278   2.2650402631712705
0.34408219233178666   0.6243444268742974   2.254670697217571
0.37548395541555324   0.6296059028659879   2.2560285384454786
0.37548395541555324   0.6296059028659879   2.2560285384454786
0.4054738937389043   0.6103567514432529   2.2564392613667437
0.4054738937389043   0.6103567514432529   2.2564392613667437
0.4054738937389043   0.6103567514432529   2.2564392613667437
0.4351367932153243   0.6140166019047723   2.251980039315895
0.4651922360561389   0.5994999446720417   2.2590191936454427
0.4651922360561389   0.5994999446720417   2.2590191936454427
0.4651922360561389   0.5994999446720417   2.2590191936454427
0.4923632030154769   0.6005463330215947   2.2523826599079806
0.4923632030154769   0.6005463330215947   2.2523826599079806
0.4923632030154769   0.6005463330215947   2.2523826599079806
0.4923632030154769   0.6005463330215947   2.2523826599079806
0.4923632030154769   0.6005463330215947   2.2523826599079806
0.4923632030154769   0.6005463330215947   2.2523826599079806
0.5082820355871854   0.6004058557501721   2.249383961559441
0.5082820355871854   0.6004058557501721   2.249383961559441
0.5082820355871854   0.6004058557501721   2.249383961559441
0.5034687731233398   0.6027720576627265   2.2495350459784147
0.5029206356277232   0.601675980682373   2.2491712874658636
0.5029206356277232   0.601675980682373   2.2491712874658636
0.4944217420218624   0.6046657967279812   2.2496869442326375
0.4944217420218624   0.6046657967279812   2.2496869442326375
0.4920557204675703   0.604820074054506   2.249157320405499
0.4920557204675703   0.604820074054506   2.249157320405499
0.4920557204675703   0.604820074054506   2.249157320405499
0.4920557204675703   0.604820074054506   2.249157320405499
0.49360709558685145   0.604916188864272   2.2494828541526575
0.49345608230171567   0.6050838362741437   2.249318152494295
0.49345608230171567   0.6050838362741437   2.249318152494295
0.4928940005430076   0.6047840312288026   2.249254627508348
0.49291175723240366   0.6052700581481683   2.24940041848433
0.49291175723240366   0.6052700581481683   2.24940041848433
0.49325353208113976   0.6050477800400096   2.2493355217166204
0.4931834755458986   0.605007519256491   2.249366908030295
0.4931834755458986   0.605007519256491   2.249366908030295
0.4931834755458986   0.605007519256491   2.249366908030295
0.49316312789713057   0.6050387311940661   2.2493422882452734
0.4930652590887749   0.6050033769914656   2.2493352826920807
0.4930834276779945   0.6050759142066859   2.249358647077327
0.4930834276779945   0.6050759142066859   2.249358647077327
0.4930834276779945   0.6050759142066859   2.249358647077327
