2749.1328819214004
2753.5894827775164
2749.1328819214004
2745.1933028505027
2741.7708290869405
2741.7708290869405
2736.477510278388
2733.253508423433
2733.253508423433
2733.0154458016004
2741.0599379579485
2733.0154458016004
2741.0599379579485
2732.0993381646294
2732.0993381646294
2733.253508423433
2732.29858202408
2732.417664848414
2732.134260589318
2732.1938084426556
2732.100624888708
2732.1303996204815
2732.0959379544875
2732.0959379544875
2732.100624888708
2732.096627172489
2732.0972705211
2732.09602984086
2732.096351514552
2732.095920716377
2732.095920716377
2732.09602984086
2732.0959135415965
2732.0959135415965
2732.0959379544875
2732.0959131803424
2732.0959131803424
2732.095920716377
2732.095912372157
2732.095912372157
2732.0959135415965
2732.0959125289182
2732.095912708343
2732.0959123882376
2732.095912480263
2732.095912365201
2732.095912365201
2732.0959123882376
2732.095912364618
2732.095912364618
2732.095912372157
2732.0959123662183
2732.095912364618
2732.0959123662183
2732.0959123686366
2732.0959123646157
2732.0959123646157
2732.0959123662183
2732.0959123650273
2732.0959123646157
2732.0959123650273
2732.095912363414
2732.0959123662183
2732.095912363414
2732.0959123662183
2732.0959123651664
2732.095912363414
2732.0959123651664
2732.0959123648054
2732.0959123646226
2732.0959123640905
2732.0959123641514
2732.095912363414
2732.0959123637035
2732.0959123641514
2732.0959123650396
2732.095912363414
2732.0959123650396
2732.0959123649322
2732.0959123638486
2732.095912364024
2732.095912364765
2732.095912363414
2732.095912364765
2732.0959123643706
2732.0959123648067
2732.095912363414
2732.0959123651824
2732.0959123648067
2732.095912364948
2732.095912363414
2732.095912365848
