2686.036308980626
2689.4941341943413
2686.036308980626
2682.852093569104
2680.9821467142447
2677.4496185587404
2677.918946049121
2673.259377670569
2667.81854374653
2668.1679660311393
2665.6238371243494
2662.2625217934815
2658.1767103960055
2655.2534813726697
2654.5460883550104
2653.1194964523406
2665.8361167988264
2657.9594657904754
2661.226301621982
2656.570087112926
2651.0373879991766
2647.9063005147577
2652.87482801351
2645.752322405546
2641.0898525270727
2644.1209575725375
2635.382520951459
2628.117399798576
2626.2808358824473
2616.7835878976543
2614.875184088901
2605.5909032904083
2589.871721339654
2570.21435699595
2563.283347672732
2555.1737770852524
2601.1654595180744
2606.4578125779663
2575.747800670014
2593.1519538416646
2572.438167672878
2548.589712329798
2542.8887226034894
2599.2090512506097
2558.772810035636
2548.7255172573123
2560.515943317173
2547.4044677089823
2545.5173623134997
2554.9213795678224
2542.568380670453
2546.8563184742798
2543.1505482660377
2546.5309207917935
2542.960977154496
2544.1780386917235
2542.553637303744
2543.234873989854
2542.2973995261427
2543.070681065401
2541.899713764594
2543.315978396863
2542.3844200082754
2542.7002156482686
2541.915854788
2542.293450959959
2542.1181547670694
2542.3657349133055
2542.4183389260397
2542.170411625878
2541.9292535583545
2542.002414847284
2542.2331104124255
2541.8587686972332
2541.85979858223
2541.9990569065376
2542.303563880957
2542.193809926474
2541.870950422257
2541.8640703442297
2542.2560533217134
2542.393808992926
2541.8606765321974
2541.862786892428
2542.38883015427
2542.0374114149663
2541.9131527671752
2542.439702654029
2541.8596113487347
2541.858326555452
2541.913329597032
2541.8583732596917
2541.858911400963
2541.858399534329
2541.913481448031
2541.8583836267107
2541.8584635570774
2541.8583276195122
2541.8585014514556
2541.8583205525174
2541.8584054733055
2541.8583240239013
2541.858349376167
2541.8583141652975
2541.8583382742645
2541.8583145981465
2541.858342155275
2541.8583136117127
2541.8583252116337
2541.8583137503247
2541.8583183005803
2541.8583124421752
2541.858315496508
2541.8583125053897
2541.858316623786
2541.858312312357
2541.8583142738153
2541.8583124307843
2541.858312943012
2541.8583121860825
2686.036308980626
2689.4941341943413
2686.036308980626
2682.852093569104
2680.9821467142447
2677.4496185587404
2677.918946049121
2673.259377670569
2667.81854374653
2668.1679660311393
2665.6238371243494
2662.2625217934815
2658.1767103960055
2655.2534813726697
2654.5460883550104
2653.1194964523406
2665.8361167988264
2657.9594657904754
2661.226301621982
2656.570087112926
2651.0373879991766
2647.9063005147577
2652.87482801351
2645.752322405546
2641.0898525270727
2644.1209575725375
2635.382520951459
2628.117399798576
2626.2808358824473
2616.7835878976543
2614.875184088901
2605.5909032904083
2589.871721339654
2570.21435699595
2563.283347672732
2555.1737770852524
2601.1654595180744
2606.4578125779663
2575.747800670014
2593.1519538416646
2572.438167672878
2548.589712329798
2542.8887226034894
2599.2090512506097
2558.772810035636
2548.7255172573123
2560.515943317173
2547.4044677089823
2545.5173623134997
2554.9213795678224
2542.568380670453
2546.8563184742798
2543.1505482660377
2546.5309207917935
2542.960977154496
2544.1780386917235
2542.553637303744
2543.234873989854
2542.2973995261427
2543.070681065401
2541.899713764594
2543.315978396863
2542.3844200082754
2542.7002156482686
2541.915854788
2542.293450959959
2542.1181547670694
2542.3657349133055
2542.4183389260397
2542.170411625878
2541.9292535583545
2542.002414847284
2542.2331104124255
2541.8587686972332
2541.85979858223
2541.9990569065376
2542.303563880957
2542.193809926474
2541.870950422257
2541.8640703442297
2542.2560533217134
2542.393808992926
2541.8606765321974
2541.862786892428
2542.38883015427
2542.0374114149663
2541.9131527671752
2542.439702654029
2541.8596113487347
2541.858326555452
2541.913329597032
2541.8583732596917
2541.858911400963
2541.858399534329
2541.913481448031
2541.8583836267107
2541.8584635570774
2541.8583276195122
2541.8585014514556
2541.8583205525174
2541.8584054733055
2541.8583240239013
2541.858349376167
2541.8583141652975
2541.8583382742645
2541.8583145981465
2541.858342155275
2541.8583136117127
2541.8583252116337
2541.8583137503247
2541.8583183005803
2541.8583124421752
2541.858315496508
2541.8583125053897
2541.858316623786
2541.858312312357
2541.8583142738153
2541.8583124307843
2541.858312943012
2541.8583121860825
