3316.0194083057486
3316.2029246175916
3316.0194083057486
3315.2568886309937
3315.8780463783132
3315.4547708787536
3315.2958959332527
3314.780396265009
3314.336634293123
3314.410805649931
3314.7053479869774
3313.809764213477
3313.44421609846
3313.6372804456437
3313.1131761364986
3313.1382402177337
3313.1816824850075
3313.9193183846573
3313.1615952393154
3313.137269647171
3313.595576356618
3313.060256576624
3313.0946646030143
3313.2784819834105
3313.1294595113677
3313.135759750917
3313.0586707036005
3313.4615568075033
3313.0122710113897
3313.2168663782277
3313.07929262119
3313.110309778687
3313.1227138241784
3313.115433681606
3313.127047092952
3313.0593096637713
3313.115766384918
3313.116281121586
3313.12653232096
3313.062047905665
3313.091141662175
3313.1378885677004
3313.063543304443
3313.063976413124
3313.064432452694
3313.0646032745226
3313.065437565503
3313.065633855244
3313.092133785487
3313.065358994746
3313.011681291463
3313.025492690562
3313.0113256857016
3313.0250151768996
3313.139002135219
3313.092242419571
3313.011501366608
3313.011784424574
3313.0920323621067
3313.025807588184
3313.0115817238793
3313.011166132698
3313.025038632664
3313.011086389412
3313.091449248016
3313.010896061088
3313.010613501062
3313.0105963218157
3313.0102630312576
3313.0101663445557
3313.0097317198433
3313.0094327985057
3313.0229205404094
3313.009115187916
3313.00857421647
3313.0084301944526
3313.0079553707974
3313.0078891518933
3313.021813093689
3313.088487600199
3313.008621819974
3313.007808120618
3313.088487600199
3313.0078398797964
3313.0078342468214
3313.088777461171
3313.0077868190683
3313.007861023898
3313.0077874025856
3313.007910346197
3313.0077816970365
3313.007835959342
3313.0077791113526
3313.0078083336903
3313.007774905889
3313.007797383052
3313.0077754681797
3313.007795202979
3313.007774126468
3313.0077821500063
3313.0077742603175
3313.007778874564
3313.0077733832645
3313.0077762025867
3313.007773400058
