2688.5652679261993
2692.0628089353813
2688.5652679261993
2685.5038876324647
2683.544501647787
2680.024211071496
2680.567950637673
2676.742006366822
2671.8338335209064
2672.0236516336763
2669.545036748472
2667.9000254050898
2664.972497190469
2662.95368583217
2661.741763253408
2662.289136770033
2671.5743034076886
2665.269742903684
2665.782005748495
2664.0193979308715
2659.9215810799
2657.890191063632
2662.507934383214
2660.3181888793924
2658.158218284986
2655.5514981320953
2653.482442258689
2652.8056253244013
2651.8020872367324
2647.773119026044
2644.4136225572397
2640.757287290033
2631.7964681098256
2637.095416637182
2625.8842240884237
2619.2832853508
2608.9598102635928
2607.7666677557077
2618.687977103337
2645.941114059799
2617.1264277814707
2607.440529967548
2631.5631387841577
2616.355277435823
2651.8928238162075
2607.6159281907167
2615.7286842160543
2609.90394828879
2610.647855794139
2607.940216664124
2608.348996422763
2607.964751345695
2608.0588526499146
2607.8164616490767
2608.6127261742104
2607.6419930477696
2611.8776212368975
2607.2406389502007
2607.650248912545
2608.555182256806
2608.191752805884
2608.001983215211
2608.381301540503
2608.042570556809
2607.2484458487447
2607.8386914245543
2607.7178787752027
2607.0498693429627
2607.3888844316557
2606.9068782204895
2608.6940528221367
2607.8673505218544
2607.921693265214
2607.6125912622138
2607.0256513361232
2607.445021101496
2608.0007936760126
2607.3373131746753
2607.8634424441425
2607.273666817493
2607.885656838028
2607.1009243573567
2608.100074678595
2607.095013820739
2607.894714344043
2607.262297243875
2606.9391493871553
2607.1510061191757
2607.1543035362693
2606.787191168666
2608.0452767667316
2608.053235880627
2606.9858906212394
2607.9070442684606
2606.9427493636476
2606.7898663663896
2607.9150630997756
2606.8986413757457
2606.7816710704774
2606.7761675676493
2607.8969227710445
2606.8981498639105
2606.783788737835
2606.775150326112
2607.881042246414
2607.8827691871293
2606.782674238288
2606.7723850431234
2606.8803267482704
2606.766979348957
2606.7599432398524
2606.7621835455425
2606.755272710165
2606.859936756008
2606.747628073813
2606.7380219378138
2606.740311121015
2606.73184938943
2606.723408664652
2606.720361624296
2607.822901939783
2606.7185374626697
2607.823106628867
2606.719015315251
2607.8238184735765
2606.7197039920975
2606.718340130135
2606.721997441472
2606.7222576865433
2606.7179246628766
2606.7202274321817
2606.7178607960604
2606.7197977107917
2606.7177505500704
2606.7188732757118
2606.717755350659
2606.7183815581866
2606.717666824777
2606.7179928172663
2606.7176745367615
2606.717956669584
2606.7176456203397
2606.7178246694843
2606.7176530833913
2606.7177562481306
2606.7176354074963
2606.7176779372708
2606.71763850353
2606.717678120904
2606.7176340583255
2606.7176608967075
2606.7176330420084
2606.7176469525184
2606.7176319037258
2606.7176402677774
2606.71763145177
2606.7176379272405
2606.7176312144757
2606.717635319512
2606.717631094453
2606.717633253471
2606.717630900734
