3324.3539410996973
3327.1395728406537
3324.3539410996973
3320.6728793880793
3319.7405350124673
3316.789928248079
3316.7530919776973
3313.455211278122
3310.403963734534
3305.1969215482477
3306.2009041038164
3300.8347712084687
3296.0345423306953
3298.1713289066292
3292.550291728482
3288.6338526240106
3297.35703296701
3287.502606698845
3285.1839120484165
3285.0634109095217
3290.020987956496
3279.1407946981217
3286.643008274676
3273.7853691268874
3272.026765935052
3266.9202565962537
3263.578904123528
3290.8026067485976
3273.836713263092
3262.3661711290533
3267.4070572593882
3257.354318366698
3268.3176581400885
3275.4201576863766
3262.1873283183468
3260.0742333228027
3278.2789129879666
3258.7394341330537
3257.3710469764283
3257.244730427704
3261.8809030803704
3260.183035654961
3257.0642070522317
3259.0008265304614
3256.5610124388695
3258.375790217565
3256.663646534693
3258.4988797041797
3256.724086508846
3256.6999068338023
3257.8429545884383
3256.5101565810196
3256.8453992209725
3256.558340893381
3256.37899212917
3257.13414172948
3256.5301404255
3256.7362756466446
3256.462086556477
3256.6285567349278
3256.544660382212
3256.6306309091083
3256.497541313999
3256.5486293319855
3256.2716733276866
3256.6111017592784
3256.5519706892355
3256.5327220772715
3256.5632705332164
3256.525323832089
3256.569475654325
3256.5217635546105
3256.5727170151745
3256.520018128009
3256.574372393585
3256.5191540937913
3256.5752087581873
3256.5764741481635
3256.715717806204
3256.27488051125
3256.6216196371115
3256.591294240287
3256.5891144206203
3256.6173217409837
3256.558476696192
3256.5370804188346
3256.5548038144143
3256.5373050406797
3256.291221316299
3256.5560274433064
3256.618225501001
3256.247277011463
3256.256559947914
3256.6312693415803
3256.298993888964
3256.302815181414
3256.2518468115495
3256.2590233243054
3256.6215034219117
3256.2973697818875
3256.2507457504285
3256.289853544041
3256.2544171067993
3256.2940814491517
3256.2521637224654
3256.2477564004903
3256.2453953994336
3256.2907418984073
3256.24297371973
3256.239249252996
3256.24020863624
3256.2361419253184
3256.23093264245
3256.2286352367164
3256.221132617505
3256.2210114096424
3256.21270484821
3256.2063461594653
3256.559640856887
3256.564054782694
3256.2215986327074
3256.570720100323
3256.2172619291728
3256.2038467749235
3256.1967927180344
3256.19475954461
3256.186876426135
3256.184232232254
3256.1779463942275
3256.176871461851
3256.181111635796
3256.1784816670142
3256.186058734842
3256.1789402940367
3256.1793492166616
3256.1772118146673
3256.180228859638
3256.1769820866175
3256.179494239309
3256.176875545799
3256.1775413160685
3256.176794046066
3256.177478739989
3256.1767312111156
3256.1769173628427
3256.1767387269915
3256.1770670996975
3256.1767249454083
3256.1768818895653
3256.176714861879
3256.1767853216606
3256.176705194886
3256.176762981284
3256.1767045050838
3256.176756557693
3256.1767031155305
3256.1767273821943
3256.176702147625
3256.1767130938597
3256.1767002794704
3256.176708471172
3256.1767003879513
3256.176708601855
3256.1766999759593
3256.1767036185884
3256.176700033408
