2686.036308980626
2689.4941341943413
2686.036308980626
2682.852093569104
2680.9821467142447
2677.4496185587404
2677.918946049121
2673.259377670569
2667.81854374653
2668.1679660311393
2665.6238371243494
2662.2625217934815
2658.1767103960055
2655.2534813726697
2654.5460883550104
2653.1194964523406
2665.8361167988264
2657.9594657904754
2661.226301621982
2656.570087112926
2651.0373879991766
2647.9063005147577
2652.87482801351
2645.752322405546
2641.0898525270727
2644.1209575725375
2635.382520951459
2628.117399798576
2626.2808358824473
2616.7835878976543
2614.875184088901
2605.5909032904083
2589.871721339654
2570.21435699595
2563.283347672732
2555.1737770852524
2598.7106857800636
2600.157736830976
2549.9656965634426
2552.2104226761667
2534.0101867500475
2588.986014728135
2582.930565893689
2561.1406891633187
2539.618354847391
2550.814017872628
2604.5837107630623
2559.5802692346915
2563.371100716062
2536.258450614885
2594.7535379791366
2559.3733473611865
2555.9774029518785
2575.844093588194
2533.020634720082
2587.901657031505
2542.5166155700817
2568.4879522178735
2537.514909763665
2531.6511933835473
2568.4879522178735
2529.5276885872654
2556.329904814281
2569.1450047496032
2532.27581525187
2529.045617929957
2527.9793234421486
2556.589829033387
2530.827160225682
2528.0879058601568
2526.5627397630233
2554.7536044084736
2526.111397410709
2526.410465084162
2555.1267348870633
2527.0053879617853
2526.1117488274112
2525.6243249806867
2554.8101398838603
2526.5525320497127
2526.019039281525
2526.011871793588
2525.8783480726806
2554.619506469593
2526.0281905591983
2525.682830895403
2526.0582448923888
2526.0130696115875
2525.6641692700414
2525.406687290296
2554.7059604018523
2525.768614410405
2525.7526111192383
2525.779336862849
2525.7633266883895
2525.825192576115
2525.7857418887443
2525.7935449264505
2525.8190339727216
2525.797067497744
2525.8239348381458
2525.3853155888914
2525.376057370036
2525.3733018563744
2554.5975486608195
2554.618004755134
2525.3821971212064
2525.3580838481066
2525.349746815655
2525.3513185653574
2525.3495983381736
2554.6060626441513
2525.3643036543863
2525.3521382790077
2525.3566376572862
2525.349659409836
2525.352273284034
2525.3497175004222
2554.5921256236225
2525.3493805968183
2525.3507757602256
2525.349349067532
2525.3495794922364
2525.3506339720625
2525.3493316447125
2525.3494119942434
2525.3493297854766
2525.349393866909
2525.3493333877013
2525.3493740741096
2525.349324632873
2525.3493637940337
2525.349320943017
2525.349332393769
2525.3493225944317
2525.349337891682
2525.3493214304326
2525.3493318730566
2525.3493203288735
2525.3493240950065
2525.3493202654
2525.349324052703
2525.349319916838
2525.349321651488
2525.3493199369423
2686.036308980626
2689.4941341943413
2686.036308980626
2686.036308980626
2689.4941341943413
2686.036308980626
2682.852093569104
2680.9821467142447
2677.4496185587404
2677.918946049121
2673.259377670569
2667.81854374653
2668.1679660311393
2665.6238371243494
2662.2625217934815
2658.1767103960055
2655.2534813726697
2654.5460883550104
2653.1194964523406
2665.8361167988264
2657.9594657904754
2661.226301621982
2656.570087112926
2651.0373879991766
2647.9063005147577
2652.87482801351
2645.752322405546
2641.0898525270727
2644.1209575725375
2635.382520951459
2628.117399798576
2626.2808358824473
2616.7835878976543
2614.875184088901
2605.5909032904083
2589.871721339654
2570.21435699595
2563.283347672732
2555.1737770852524
2598.7106857800636
2600.157736830976
2549.9656965634426
2552.2104226761667
2534.0101867500475
2588.986014728135
2582.930565893689
2561.1406891633187
2539.618354847391
2550.814017872628
2604.5837107630623
2559.5802692346915
2563.371100716062
2536.258450614885
2594.7535379791366
2559.3733473611865
2555.9774029518785
2575.844093588194
2533.020634720082
2587.901657031505
2542.5166155700817
2568.4879522178735
2537.514909763665
2531.6511933835473
2568.4879522178735
2529.5276885872654
2556.329904814281
2569.1450047496032
2532.27581525187
2529.045617929957
2527.9793234421486
2556.589829033387
2530.827160225682
2528.0879058601568
2526.5627397630233
2554.7536044084736
2526.111397410709
2526.410465084162
2555.1267348870633
2527.0053879617853
2526.1117488274112
2525.6243249806867
2554.8101398838603
2526.5525320497127
2526.019039281525
2526.011871793588
2525.8783480726806
2554.619506469593
2526.0281905591983
2525.682830895403
2526.0582448923888
2526.0130696115875
2525.6641692700414
2525.406687290296
2554.7059604018523
2525.768614410405
2525.7526111192383
2525.779336862849
2525.7633266883895
2525.825192576115
2525.7857418887443
2525.7935449264505
2525.8190339727216
2525.797067497744
2525.8239348381458
2525.3853155888914
2525.376057370036
2525.3733018563744
2554.5975486608195
2554.618004755134
2525.3821971212064
2525.3580838481066
2525.349746815655
2525.3513185653574
2525.3495983381736
2554.6060626441513
2525.3643036543863
2525.3521382790077
2525.3566376572862
2525.349659409836
2525.352273284034
2525.3497175004222
2554.5921256236225
2525.3493805968183
2525.3507757602256
2525.349349067532
2525.3495794922364
2525.3506339720625
2525.3493316447125
2525.3494119942434
2525.3493297854766
2525.349393866909
2525.3493333877013
2525.3493740741096
2525.349324632873
2525.3493637940337
2525.349320943017
2525.349332393769
2525.3493225944317
2525.349337891682
2525.3493214304326
2525.3493318730566
2525.3493203288735
2525.3493240950065
2525.3493202654
2525.349324052703
2525.349319916838
2525.349321651488
2525.3493199369423
