3379.5560778218573
3385.8718814586946
3379.5560778218573
3379.5164800704324
3374.436911336299
3370.6740771824993
3373.2364310456683
3370.614816735684
3369.016495214536
3367.654972789327
3371.0045380336765
3368.448324818158
3373.2802471278223
3368.290107187964
3367.187232758345
3367.757696347062
3367.4721361147235
3367.2951206311186
3366.0992083136694
3365.56183425202
3370.143730042023
3366.4994319290854
3365.826881932664
3365.4733079342786
3366.1266154386653
3364.6350397135357
3364.1441643873604
3364.139731306841
3363.8489349969677
3364.6861568834083
3364.038225976968
3364.232606659126
3363.880727584731
3364.436062601544
3363.7894210916984
3364.7067695615606
3363.838040886485
3363.9421067336043
3363.7677565425756
3363.807214086598
3363.8839452272123
3363.753119607756
3363.8183917304373
3363.719694641752
3363.8604731454343
3363.8149749378845
3363.7953465437868
3363.797425889404
3363.8026403237986
3363.821191468939
3363.8078638939987
3363.804619583001
3363.7698540074675
3363.8087216008357
3363.7534596421992
3363.7203469589926
3363.7578503701666
3363.786404981345
3363.7192488720093
3363.794884908102
3363.7515417572095
3363.7490420255035
3363.76634311836
3363.766128669311
3363.7192787761705
3363.751558639418
3363.765980751871
3363.7192629822666
3363.8040291990274
3363.7660238740464
3363.7192147232827
3363.719215578894
3363.765983233252
3363.72675873626
3363.7267433289517
3363.719215070082
3363.7192705332827
3363.7192208181436
3363.719231649391
3363.7192151586905
3363.7192149768885
3363.7659781147795
3363.71921452798
3363.7192157556856
3363.7192145201807
3363.719215638538
3363.719214500613
3363.7192149782395
3363.719214470499
3363.719214670675
3363.7192144355467
3363.7192146092148
3363.7192144365595
3363.7192146122957
3363.719214431273
3363.7192145043277
3363.719214429793
