0  5  2.5  0.01  0.01  -0.14325925630776326  0.006348961973793005  0.7497689061433248  15.032038502514657  15.032038502514657  1.0  0.442  0.553  0.005  0.447  0.553  0.447  0.553
0  5  2.5  0.01  0.01  -0.20612749802403754  0.14275045430469657  1.4108560134892176  17.868753045958073  17.868753045958073  1.0  0.43  0.565  0.005  0.447  0.553  0.447  0.553
0  5  2.5  0.01  0.01  -0.14993790405939134  -0.041255301478545  1.3907722133245717  17.72627687281808  17.72627687281808  1.0  0.434  0.561  0.005  0.447  0.553  0.447  0.553
0  5  2.5  0.01  0.01  -0.1377746909464962  -0.09859997457830404  1.6528823077739296  21.513477550162133  21.513477550162133  1.0  0.433  0.562  0.005  0.447  0.553  0.447  0.553
0  5  2.5  0.01  0.01  -0.17760878432419291  0.19503539482292548  0.41980361101989383  15.087498260090717  15.087498260090717  1.0  0.447  0.548  0.005  0.447  0.553  0.447  0.553
0  5  2.5  0.01  0.01  -0.1533437920439859  0.10473250579990934  0.4179170397362061  15.089329010133683  15.089329010133683  1.0  0.447  0.548  0.005  0.447  0.553  0.447  0.553
0  5  2.5  0.01  0.01  -0.10913100437640882  -0.19895864762122364  1.5608921212206592  20.48935267238963  20.48935267238963  1.0  0.434  0.561  0.005  0.447  0.553  0.447  0.553
0  5  2.5  0.01  0.01  -0.262440997869197  0.1249922298078085  2.475787993814381  34.65677366783242  34.65677366783242  1.0  0.406  0.589  0.005  0.447  0.553  0.447  0.553
0  5  2.5  0.01  0.01  -0.14262270022524812  0.0485581506966104  0.4549682005373434  15.07633369600635  15.07633369600635  1.0  0.446  0.549  0.005  0.447  0.553  0.447  0.553
0  5  2.5  0.01  0.01  -0.19194438100778602  -0.03911829461363253  2.0132274740546015  27.18483005411918  27.18483005411918  1.0  0.418  0.577  0.005  0.447  0.553  0.447  0.553
0  5  2.5  0.01  0.01  -0.14916524972370265  0.05993563026632487  0.5680770482645087  15.041515154774755  15.041515154774755  1.0  0.444  0.551  0.005  0.447  0.553  0.447  0.553
0  5  2.5  0.01  0.01  -0.09598921000739322  -0.14753054209308508  0.5449520290647887  15.05635090638301  15.05635090638301  1.0  0.444  0.551  0.005  0.447  0.553  0.447  0.553
0  5  2.5  0.01  0.01  -0.15406825525146073  -0.12011892320166205  1.937033870082055  26.109821348072025  26.109821348072025  1.0  0.425  0.571  0.005  0.447  0.553  0.447  0.553
0  5  2.5  0.01  0.01  -0.2249276920899922  0.18740078966216983  1.3673395409842886  17.454068712887402  17.454068712887402  1.0  0.428  0.568  0.005  0.447  0.553  0.447  0.553
0  5  2.5  0.01  0.01  -0.22941355735371058  0.14055814395686084  1.7002302775254603  22.090909638850274  22.090909638850274  1.0  0.421  0.574  0.005  0.447  0.553  0.447  0.553
0  5  2.5  0.01  0.01  -0.15147512080904726  -0.03919585453707511  1.4280092942622542  18.061703877057553  18.061703877057553  1.0  0.433  0.562  0.005  0.447  0.553  0.447  0.553
0  5  2.5  0.01  0.01  -0.1081916938197674  -0.09974368699804646  0.5390535039091169  15.055152022449196  15.055152022449196  1.0  0.445  0.55  0.005  0.447  0.553  0.447  0.553
0  5  2.5  0.01  0.01  -0.2218494205594586  0.18820680560219766  1.3164980103118624  17.16957562573978  17.16957562573978  1.0  0.429  0.566  0.005  0.447  0.553  0.447  0.553
0  5  2.5  0.01  0.01  -0.15355098076292573  0.08431426302183326  0.5511337689422433  15.045210366739058  15.045210366739058  1.0  0.445  0.551  0.005  0.447  0.553  0.447  0.553
0  5  2.5  0.01  0.01  -0.16427687440878683  0.11177640790446847  0.633357653265206  15.028073285236712  15.028073285236712  1.0  0.443  0.552  0.005  0.447  0.553  0.447  0.553
0  5  2.5  0.01  0.01  -0.15573101793519584  -0.19530465797124955  2.035497091664106  27.595049101919017  27.595049101919017  1.0  0.416  0.579  0.005  0.447  0.553  0.447  0.553
0  5  2.5  0.01  0.01  -0.10688062194218902  -0.1128453868071516  0.5804069523033285  15.046142094095767  15.046142094095767  1.0  0.444  0.551  0.005  0.447  0.553  0.447  0.553
0  5  2.5  0.01  0.01  -0.09963116678667719  -0.13051602423847197  0.48398707768222227  15.073742071365553  15.073742071365553  1.0  0.445  0.55  0.005  0.447  0.553  0.447  0.553
0  5  2.5  0.01  0.01  -0.22260896545362338  -0.013535220659728175  2.102023044425355  28.816901935567593  28.816901935567593  1.0  0.409  0.586  0.005  0.447  0.553  0.447  0.553
0  5  2.5  0.01  0.01  -0.14679271038149067  0.007106588292207672  0.8512459360672919  15.079787568806507  15.079787568806507  1.0  0.44  0.555  0.005  0.447  0.553  0.447  0.553
0  5  2.5  0.01  0.01  -0.09543098594337082  -0.15461649990956447  0.5174100487405944  15.064207790072631  15.064207790072631  1.0  0.445  0.55  0.005  0.447  0.553  0.447  0.553
0  5  2.5  0.01  0.01  -0.11369056009243363  -0.08840531619379269  0.6434639494660992  15.034017671884145  15.034017671884145  1.0  0.443  0.552  0.005  0.447  0.553  0.447  0.553
0  5  2.5  0.01  0.01  -0.11766361701937554  -0.16634449812010504  1.1276816440961484  15.855174118401811  15.855174118401811  1.0  0.434  0.561  0.005  0.447  0.553  0.447  0.553
0  5  2.5  0.01  0.01  -0.28704519362680037  0.18795320022346257  2.3856898853588473  33.341387306938515  33.341387306938515  1.0  0.404  0.592  0.005  0.447  0.553  0.447  0.553
0  5  2.5  0.01  0.01  -0.11644444945986325  -0.08126699029481808  0.6394571067182433  15.034016943028345  15.034016943028345  1.0  0.443  0.552  0.005  0.447  0.553  0.447  0.553
1  5  2.5  0.01  0.01  -0.17376421727824087  0.12250188406429746  1.970573089172684  21.349611529591737  21.349611529591737  1.0  0.441  0.555  0.005  0.47  0.53  0.47  0.53
1  5  2.5  0.01  0.01  -0.10285449898565416  0.07608373323225304  0.8606845574710609  14.842976188175637  14.842976188175637  1.0  0.465  0.53  0.005  0.47  0.53  0.47  0.53
1  5  2.5  0.01  0.01  -0.06296119743777986  -0.18017802560027274  1.6275836633303147  17.187673381659618  17.187673381659618  1.0  0.454  0.54  0.005  0.47  0.53  0.47  0.53
1  5  2.5  0.01  0.01  -0.07418299741139914  0.0030488095689039374  0.5076513535281658  14.987288325099001  14.987288325099001  1.0  0.468  0.527  0.005  0.47  0.53  0.47  0.53
1  5  2.5  0.01  0.01  -0.09450113069390084  0.017420707718350942  1.1747169908540123  14.87510012011159  14.87510012011159  1.0  0.462  0.533  0.005  0.47  0.53  0.47  0.53
1  5  2.5  0.01  0.01  -0.0964823266688088  -0.09418859392653012  1.917741374243291  20.646530956279996  20.646530956279996  1.0  0.45  0.545  0.005  0.47  0.53  0.47  0.53
1  5  2.5  0.01  0.01  -0.10241093081432014  0.06366257721364377  1.0395094492840975  14.822063234541595  14.822063234541595  1.0  0.463  0.532  0.005  0.47  0.53  0.47  0.53
1  5  2.5  0.01  0.01  -0.03714384180994598  -0.17098139819854216  1.1075617247389622  14.846959422923128  14.846959422923128  1.0  0.466  0.529  0.005  0.47  0.53  0.47  0.53
1  5  2.5  0.01  0.01  -0.08396314166723821  0.04661289381871536  0.3892352975468755  15.046792876851569  15.046792876851569  1.0  0.469  0.526  0.005  0.47  0.53  0.47  0.53
1  5  2.5  0.01  0.01  -0.10121099301963063  0.08279501430264691  0.7980296970838272  14.861241906904672  14.861241906904672  1.0  0.465  0.53  0.005  0.47  0.53  0.47  0.53
1  5  2.5  0.01  0.01  -0.05521389831883753  -0.06925011360243302  0.41050565963097696  15.038638038811214  15.038638038811214  1.0  0.468  0.526  0.005  0.47  0.53  0.47  0.53
1  5  2.5  0.01  0.01  -0.16492701547512176  0.10056046588789552  1.9382287850110975  20.973122342260606  20.973122342260606  1.0  0.442  0.553  0.005  0.47  0.53  0.47  0.53
1  5  2.5  0.01  0.01  -0.08169587791343598  0.043325562412700636  0.3908610600714748  15.046620672035083  15.046620672035083  1.0  0.469  0.526  0.005  0.47  0.53  0.47  0.53
1  5  2.5  0.01  0.01  -0.1292773796840322  0.10701423039808317  1.3109197132148107  15.144526451643333  15.144526451643333  1.0  0.457  0.538  0.005  0.47  0.53  0.47  0.53
1  5  2.5  0.01  0.01  -0.05385929681969246  -0.07913210305741347  0.5123593055671016  14.986916295034924  14.986916295034924  1.0  0.468  0.527  0.005  0.47  0.53  0.47  0.53
1  5  2.5  0.01  0.01  -0.11965401594924407  0.05521048435084641  1.4677414846379904  15.73130610810796  15.73130610810796  1.0  0.456  0.539  0.005  0.47  0.53  0.47  0.53
1  5  2.5  0.01  0.01  -0.17309411702582006  0.09660029831512013  2.1699772242856037  24.543639838635094  24.543639838635094  1.0  0.439  0.556  0.005  0.47  0.53  0.47  0.53
1  5  2.5  0.01  0.01  -0.13275984474619257  0.17689835488340055  0.9330925153746306  14.82666068813417  14.82666068813417  1.0  0.463  0.532  0.005  0.47  0.53  0.47  0.53
1  5  2.5  0.01  0.01  -0.09455906020932393  -0.09000566092041878  1.6652534961705803  17.512091443882557  17.512091443882557  1.0  0.451  0.544  0.005  0.47  0.53  0.47  0.53
1  5  2.5  0.01  0.01  -0.02357794378652726  -0.19758442529603493  0.4044210913712772  15.046971212559704  15.046971212559704  1.0  0.468  0.527  0.005  0.47  0.53  0.47  0.53
1  5  2.5  0.01  0.01  -0.06792565662472581  -0.019947058801242035  0.444059972028856  15.019636141630473  15.019636141630473  1.0  0.468  0.527  0.005  0.47  0.53  0.47  0.53
1  5  2.5  0.01  0.01  -0.09460278508966487  0.06333432031813196  0.7501890806573461  14.87875751938367  14.87875751938367  1.0  0.466  0.529  0.005  0.47  0.53  0.47  0.53
1  5  2.5  0.01  0.01  -0.09430588440665288  -0.02938473865618435  1.4830565352610683  15.867643648618156  15.867643648618156  1.0  0.457  0.538  0.005  0.47  0.53  0.47  0.53
1  5  2.5  0.01  0.01  -0.13134163515664354  -0.0964618110075703  2.4357392587690994  29.49183658292078  29.49183658292078  1.0  0.435  0.56  0.005  0.47  0.53  0.47  0.53
1  5  2.5  0.01  0.01  -0.08358947777931289  -0.000881496969575013  0.9715845284613811  14.824762350877561  14.824762350877561  1.0  0.464  0.531  0.005  0.47  0.53  0.47  0.53
1  5  2.5  0.01  0.01  -0.11765928957121059  0.16390990705431302  0.6458653140015244  14.920790251345707  14.920790251345707  1.0  0.467  0.528  0.005  0.47  0.53  0.47  0.53
1  5  2.5  0.01  0.01  -0.10461878433501444  0.07394329873116678  1.0164264108925696  14.820817971845976  14.820817971845976  1.0  0.463  0.532  0.005  0.47  0.53  0.47  0.53
1  5  2.5  0.01  0.01  -0.03818794729105724  -0.14804672217443776  0.6720632825528838  14.916113319126282  14.916113319126282  1.0  0.467  0.528  0.005  0.47  0.53  0.47  0.53
1  5  2.5  0.01  0.01  -0.10678273353794268  0.1445480615880202  0.4336108871383878  15.023456556041182  15.023456556041182  1.0  0.469  0.526  0.005  0.47  0.53  0.47  0.53
1  5  2.5  0.01  0.01  -0.11777633638868332  -0.04178340524480273  2.17982479330217  24.82989378006989  24.82989378006989  1.0  0.447  0.548  0.005  0.47  0.53  0.47  0.53
0  5  2.5  0.01  0.01  -0.21512733329789946  2.16205107016419  29.86346094312061  29.86346094312061  1.0  0.413  0.583  0.005  0.447  0.553  0.447  0.553
0  5  2.5  0.01  0.01  -0.1927258135030489  1.7219540626562095  22.380276369836  22.380276369836  1.0  0.421  0.574  0.005  0.447  0.553  0.447  0.553
0  5  2.5  0.01  0.01  -0.14481829784768036  0.8679574525130169  15.092628635018233  15.092628635018233  1.0  0.44  0.555  0.005  0.447  0.553  0.447  0.553
0  5  2.5  0.01  0.01  -0.13958322805972362  0.7191168686556878  15.028439907118024  15.028439907118024  1.0  0.442  0.553  0.005  0.447  0.553  0.447  0.553
0  5  2.5  0.01  0.01  -0.13115962029046171  0.4790791397137762  15.069320313029378  15.069320313029378  1.0  0.445  0.55  0.005  0.447  0.553  0.447  0.553
0  5  2.5  0.01  0.01  -0.13634372651873017  0.631472249821559  15.03165174189055  15.03165174189055  1.0  0.443  0.552  0.005  0.447  0.553  0.447  0.553
0  5  2.5  0.01  0.01  -0.15483803618695932  0.9820625050012091  15.430098602088075  15.430098602088075  1.0  0.436  0.559  0.005  0.447  0.553  0.447  0.553
0  5  2.5  0.01  0.01  -0.16499050157168035  1.3221604487508056  17.190540511167246  17.190540511167246  1.0  0.432  0.563  0.005  0.447  0.553  0.447  0.553
0  5  2.5  0.01  0.01  -0.13897041380917496  0.7095208307662848  15.027770808706874  15.027770808706874  1.0  0.442  0.553  0.005  0.447  0.553  0.447  0.553
0  5  2.5  0.01  0.01  -0.12962558427800328  0.4020556052888741  15.097711495474737  15.097711495474737  1.0  0.446  0.549  0.005  0.447  0.553  0.447  0.553
0  5  2.5  0.01  0.01  -0.13588384923656033  0.6202039996766953  15.033809386888596  15.033809386888596  1.0  0.444  0.551  0.005  0.447  0.553  0.447  0.553
0  5  2.5  0.01  0.01  -0.16826058959373705  1.1635873369267138  15.985299745910318  15.985299745910318  1.0  0.431  0.564  0.005  0.447  0.553  0.447  0.553
0  5  2.5  0.01  0.01  -0.17094583037056768  1.682685286033811  21.734416102633276  21.734416102633276  1.0  0.43  0.565  0.005  0.447  0.553  0.447  0.553
0  5  2.5  0.01  0.01  -0.19384330702014732  1.9545230037449568  26.251851589527753  26.251851589527753  1.0  0.421  0.574  0.005  0.447  0.553  0.447  0.553
0  5  2.5  0.01  0.01  -0.16388375375159658  1.4129579062484252  17.87447932359704  17.87447932359704  1.0  0.433  0.563  0.005  0.447  0.553  0.447  0.553
0  5  2.5  0.01  0.01  -0.16119158701395372  1.2496882760243333  16.619307271404686  16.619307271404686  1.0  0.434  0.561  0.005  0.447  0.553  0.447  0.553
0  5  2.5  0.01  0.01  -0.16062567949551  1.4837379423200097  18.887399865463134  18.887399865463134  1.0  0.434  0.561  0.005  0.447  0.553  0.447  0.553
0  5  2.5  0.01  0.01  -0.16855828977911474  1.1568688535341023  15.957415189225845  15.957415189225845  1.0  0.431  0.564  0.005  0.447  0.553  0.447  0.553
0  5  2.5  0.01  0.01  -0.17108257277832603  1.5633251300275262  20.490523172755218  20.490523172755218  1.0  0.43  0.565  0.005  0.447  0.553  0.447  0.553
0  5  2.5  0.01  0.01  -0.16892629837620132  1.640763833483834  21.42959162720926  21.42959162720926  1.0  0.431  0.565  0.005  0.447  0.553  0.447  0.553
0  5  2.5  0.01  0.01  -0.16698499015097829  1.1335626172310873  15.876718743348981  15.876718743348981  1.0  0.431  0.564  0.005  0.447  0.553  0.447  0.553
0  5  2.5  0.01  0.01  -0.1300450896077227  0.44372956829726595  15.082043389292412  15.082043389292412  1.0  0.446  0.549  0.005  0.447  0.553  0.447  0.553
0  5  2.5  0.01  0.01  -0.1315985763879886  0.4915020178765239  15.065137070253972  15.065137070253972  1.0  0.445  0.55  0.005  0.447  0.553  0.447  0.553
0  5  2.5  0.01  0.01  -0.1306646092406705  0.46872534251704845  15.072936361094236  15.072936361094236  1.0  0.446  0.549  0.005  0.447  0.553  0.447  0.553
0  5  2.5  0.01  0.01  -0.1354610225437695  0.60748837485378  15.035394922615655  15.035394922615655  1.0  0.444  0.551  0.005  0.447  0.553  0.447  0.553
0  5  2.5  0.01  0.01  -0.13628042188124992  0.6286376689810474  15.032001809032291  15.032001809032291  1.0  0.443  0.552  0.005  0.447  0.553  0.447  0.553
0  5  2.5  0.01  0.01  -0.2214758027915885  2.4787876828273805  34.73547236574132  34.73547236574132  1.0  0.41  0.585  0.005  0.447  0.553  0.447  0.553
0  5  2.5  0.01  0.01  -0.16540814977541812  1.099295276478751  15.79462579426825  15.79462579426825  1.0  0.432  0.563  0.005  0.447  0.553  0.447  0.553
0  5  2.5  0.01  0.01  -0.21920666699410546  2.220577553149389  30.608434079606674  30.608434079606674  1.0  0.411  0.584  0.005  0.447  0.553  0.447  0.553
0  5  2.5  0.01  0.01  -0.2207906838199026  2.470310812294993  34.60086637501509  34.60086637501509  1.0  0.41  0.585  0.005  0.447  0.553  0.447  0.553
1  5  2.5  0.01  0.01  -0.1702363889983826  2.518853212130108  31.20959950295807  31.20959950295807  1.0  0.43  0.565  0.005  0.47  0.53  0.47  0.53
1  5  2.5  0.01  0.01  -0.07410368379679624  0.5202147994084296  14.980915061443214  14.980915061443214  1.0  0.468  0.527  0.005  0.47  0.53  0.47  0.53
1  5  2.5  0.01  0.01  -0.09575636397983896  1.3181296609457065  15.16728604024582  15.16728604024582  1.0  0.459  0.536  0.005  0.47  0.53  0.47  0.53
1  5  2.5  0.01  0.01  -0.07337585672738661  0.47600966962316493  15.003118222992207  15.003118222992207  1.0  0.468  0.527  0.005  0.47  0.53  0.47  0.53
1  5  2.5  0.01  0.01  -0.09513586609965827  1.2985999699285795  15.125751526462489  15.125751526462489  1.0  0.46  0.535  0.005  0.47  0.53  0.47  0.53
1  5  2.5  0.01  0.01  -0.0800513356291478  0.814797684957098  14.858201142400862  14.858201142400862  1.0  0.466  0.529  0.005  0.47  0.53  0.47  0.53
1  5  2.5  0.01  0.01  -0.08600773671440491  1.0741173871330183  14.829868173730778  14.829868173730778  1.0  0.463  0.532  0.005  0.47  0.53  0.47  0.53
1  5  2.5  0.01  0.01  -0.07370919555244879  0.49397894007661153  14.994476591692598  14.994476591692598  1.0  0.468  0.527  0.005  0.47  0.53  0.47  0.53
1  5  2.5  0.01  0.01  -0.08853674212853388  1.1737386830585639  14.875127398390175  14.875127398390175  1.0  0.462  0.533  0.005  0.47  0.53  0.47  0.53
1  5  2.5  0.01  0.01  -0.07938228395871601  0.78830497724518  14.866146898330397  14.866146898330397  1.0  0.466  0.529  0.005  0.47  0.53  0.47  0.53
1  5  2.5  0.01  0.01  -0.07350762224415999  0.4810950458855046  15.000031899883673  15.000031899883673  1.0  0.468  0.527  0.005  0.47  0.53  0.47  0.53
1  5  2.5  0.01  0.01  -0.0726288535741406  0.43684452400857987  15.023576755526983  15.023576755526983  1.0  0.469  0.526  0.005  0.47  0.53  0.47  0.53
1  5  2.5  0.01  0.01  -0.07219732105819676  0.3938264501551933  15.04592689836019  15.04592689836019  1.0  0.469  0.526  0.005  0.47  0.53  0.47  0.53
1  5  2.5  0.01  0.01  -0.10393443150471823  1.4808630908385243  15.852475109144953  15.852475109144953  1.0  0.456  0.539  0.005  0.47  0.53  0.47  0.53
1  5  2.5  0.01  0.01  -0.07992189976022726  0.8084727168383968  14.859568453054637  14.859568453054637  1.0  0.466  0.529  0.005  0.47  0.53  0.47  0.53
1  5  2.5  0.01  0.01  -0.1395062592189492  2.2309978180774377  25.401100781120114  25.401100781120114  1.0  0.442  0.553  0.005  0.47  0.53  0.47  0.53
1  5  2.5  0.01  0.01  -0.07246945977721572  0.42239268873319336  15.030401860098237  15.030401860098237  1.0  0.469  0.526  0.005  0.47  0.53  0.47  0.53
1  5  2.5  0.01  0.01  -0.07629367635932494  0.6050536342503978  14.940511494514707  14.940511494514707  1.0  0.467  0.528  0.005  0.47  0.53  0.47  0.53
1  5  2.5  0.01  0.01  -0.11368247536199302  1.8431895639205145  19.517411878392426  19.517411878392426  1.0  0.452  0.543  0.005  0.47  0.53  0.47  0.53
1  5  2.5  0.01  0.01  -0.08147928006404961  0.8699015853764152  14.84216656811886  14.84216656811886  1.0  0.465  0.53  0.005  0.47  0.53  0.47  0.53
1  5  2.5  0.01  0.01  -0.13339104143631048  1.9393607461833413  21.043956591288154  21.043956591288154  1.0  0.445  0.551  0.005  0.47  0.53  0.47  0.53
1  5  2.5  0.01  0.01  -0.1354486415462546  2.15408736002556  24.40564030762412  24.40564030762412  1.0  0.444  0.551  0.005  0.47  0.53  0.47  0.53
1  5  2.5  0.01  0.01  -0.08818221173099994  1.160466951017281  14.864056802420128  14.864056802420128  1.0  0.462  0.533  0.005  0.47  0.53  0.47  0.53
1  5  2.5  0.01  0.01  -0.07286371445048594  0.4450581546283692  15.018623828669345  15.018623828669345  1.0  0.468  0.526  0.005  0.47  0.53  0.47  0.53
1  5  2.5  0.01  0.01  -0.12317555777935611  1.6283646972703074  17.207802854763607  17.207802854763607  1.0  0.449  0.546  0.005  0.47  0.53  0.47  0.53
1  5  2.5  0.01  0.01  -0.07444374026768953  0.5359038217639341  14.973556010947016  14.973556010947016  1.0  0.468  0.527  0.005  0.47  0.53  0.47  0.53
1  5  2.5  0.01  0.01  -0.08706942475281279  1.1157594712548826  14.841269324864221  14.841269324864221  1.0  0.463  0.532  0.005  0.47  0.53  0.47  0.53
1  5  2.5  0.01  0.01  -0.08260911480526771  0.9302596583849215  14.829549726209347  14.829549726209347  1.0  0.465  0.53  0.005  0.47  0.53  0.47  0.53
1  5  2.5  0.01  0.01  -0.0847061153032111  1.0072262054263752  14.822684545794605  14.822684545794605  1.0  0.464  0.531  0.005  0.47  0.53  0.47  0.53
1  5  2.5  0.01  0.01  -0.09574479611715225  1.3266826888812995  15.178505559960511  15.178505559960511  1.0  0.459  0.536  0.005  0.47  0.53  0.47  0.53
0  5  2.5  0.01  0.01  0.05178313049414912  0.11315557301456258  0.9793971098619897  25.9164812906717  30.52431466862798  1.0  0.529  0.466  0.005  0.47  0.53  0.312  0.688
0  5  2.5  0.01  0.01  0.2509896169823069  -0.18983488386164718  0.7384306160067428  20.153264728056094  14.62010924589788  1.0  0.578  0.417  0.005  0.455  0.545  0.5  0.5
0  5  2.5  0.01  0.01  0.14953065838725121  -0.033013570744139464  0.6267010255570028  19.579423831993655  14.266844397175765  1.0  0.554  0.441  0.005  0.46  0.54  0.438  0.562
0  5  2.5  0.01  0.01  0.2138865155218394  0.08723399122704334  0.9495113633153762  24.90864045671385  29.897632486150897  1.0  0.591  0.404  0.005  0.441  0.559  0.688  0.312
0  5  2.5  0.01  0.01  0.060369007834783626  0.023656151416678345  0.7166130966539449  19.906907689435968  15.399498121180136  1.0  0.524  0.471  0.005  0.475  0.525  0.25  0.75
0  5  2.5  0.01  0.01  0.23073734590080272  -0.04239131813810357  0.8769253866422241  21.814019867913025  39.1851324244846  1.0  0.585  0.411  0.005  0.455  0.545  0.5  0.5
0  5  2.5  0.01  0.01  0.10736398190118165  0.15729511842976618  0.6060344825749612  19.509699833571307  14.314375540305239  1.0  0.556  0.439  0.005  0.45  0.55  0.562  0.438
0  5  2.5  0.01  0.01  0.2851539820421575  -0.115417871033058  1.1355128480484724  29.506165032290816  30.123032952139848  1.0  0.598  0.398  0.005  0.441  0.559  0.688  0.312
0  5  2.5  0.01  0.01  0.16687656057521663  -0.033947196391225454  0.41518773481958254  17.58215684694923  15.86131541290436  1.0  0.561  0.434  0.005  0.455  0.545  0.5  0.5
0  5  2.5  0.01  0.01  0.26827606209284355  -0.16336621404817275  0.8152897058188711  22.287723514235896  22.44082798412017  1.0  0.587  0.408  0.005  0.45  0.55  0.562  0.438
0  5  2.5  0.01  0.01  0.21459480514800552  -0.0843880009325905  0.3691791160420084  16.979374664736373  22.206914974781014  1.0  0.575  0.421  0.005  0.45  0.55  0.562  0.438
0  5  2.5  0.01  0.01  0.13146437977338718  0.0008853456271539772  0.39527255686453466  17.633212298688733  14.534016357934744  1.0  0.55  0.445  0.005  0.46  0.54  0.438  0.562
0  5  2.5  0.01  0.01  0.1040818955250421  0.035550309239306854  0.3806603963155557  16.99070036072895  22.190810538470927  1.0  0.543  0.452  0.005  0.46  0.54  0.438  0.562
0  5  2.5  0.01  0.01  0.16079958220665921  -0.022420586835981193  0.43120214049096073  17.631157541638306  15.825947107101264  1.0  0.559  0.436  0.005  0.455  0.545  0.5  0.5
0  5  2.5  0.01  0.01  0.1931428990734119  -0.12580768188435598  1.01816797693363  26.145040528030588  37.43252584169775  1.0  0.561  0.434  0.005  0.465  0.535  0.375  0.625
0  5  2.5  0.01  0.01  0.12097188658932895  0.016995836716177715  0.7750842817134243  19.858852843539744  22.79921665677209  1.0  0.548  0.447  0.005  0.465  0.535  0.375  0.625
0  5  2.5  0.01  0.01  0.18833629523815276  -0.1415243802133558  1.3077944121700706  32.88759961099805  14.266917119960347  1.0  0.558  0.437  0.005  0.465  0.535  0.375  0.625
0  5  2.5  0.01  0.01  0.1613647807306741  0.008704624705114405  0.7480731201970794  20.195954035150447  14.977281043541595  1.0  0.563  0.433  0.005  0.455  0.545  0.5  0.5
0  5  2.5  0.01  0.01  0.2546299661116386  -0.08835679401744967  1.201823575843625  30.604375594602907  30.343321822472554  1.0  0.589  0.406  0.005  0.446  0.554  0.625  0.375
0  5  2.5  0.01  0.01  0.20083338871805023  -0.0665946238980844  0.4062436802343374  17.68588787452335  14.284182267387468  1.0  0.57  0.425  0.005  0.45  0.55  0.562  0.438
0  5  2.5  0.01  0.01  0.16681018376457282  -0.13168041972844768  0.5863686423195577  19.476750432982847  14.319784573439524  1.0  0.551  0.444  0.005  0.465  0.535  0.375  0.625
0  5  2.5  0.01  0.01  -0.035489346684323755  0.1496008094615105  1.4571437156659028  34.9877598148608  25.471350772521003  1.0  0.498  0.497  0.005  0.48  0.52  0.188  0.812
0  5  2.5  0.01  0.01  0.06745065494662021  0.11267593992070929  1.0177773814978002  27.79068177159002  16.009522129764683  1.0  0.535  0.46  0.005  0.465  0.535  0.375  0.625
0  5  2.5  0.01  0.01  0.06280570918239947  0.13207791761306736  0.8468447642312547  22.52860706105568  21.830415504502746  1.0  0.535  0.46  0.005  0.465  0.535  0.375  0.625
0  5  2.5  0.01  0.01  0.16168970510813588  0.05536865286424786  0.572452979069051  18.761960125774085  22.790189925153058  1.0  0.568  0.428  0.005  0.45  0.55  0.562  0.438
0  5  2.5  0.01  0.01  0.1486634374896072  0.02015689782932059  1.0093858448376847  27.412332077810166  14.941804355655673  1.0  0.559  0.437  0.005  0.455  0.545  0.5  0.5
0  5  2.5  0.01  0.01  0.13398397497102535  0.0745889532189074  0.38490355167107365  17.008727272138255  22.085971017019986  1.0  0.558  0.437  0.005  0.455  0.545  0.5  0.5
0  5  2.5  0.01  0.01  0.24897602996764093  -0.10678806018817899  1.5593521043782346  41.04237239953873  31.81118057123969  1.0  0.585  0.41  0.005  0.45  0.55  0.562  0.438
0  5  2.5  0.01  0.01  0.027852749616385647  0.18891422121046192  0.5512609125480554  18.168864640478404  29.736466919108437  1.0  0.528  0.467  0.005  0.47  0.53  0.312  0.688
0  5  2.5  0.01  0.01  0.15195898118033127  0.07234415412959089  0.5272995736677054  18.672551851815278  22.988105380845024  1.0  0.565  0.43  0.005  0.45  0.55  0.562  0.438
1  5  2.5  0.01  0.01  0.21054576557006033  -0.008138483003580582  0.6291104366746699  17.790542702895667  20.95754985592043  1.0  0.58  0.415  0.005  0.448  0.552  0.417  0.583
1  5  2.5  0.01  0.01  0.17655525796975932  0.17524285587420046  0.878572263281884  21.34684591680877  29.996638862856468  1.0  0.585  0.41  0.005  0.442  0.558  0.5  0.5
1  5  2.5  0.01  0.01  0.17952394625707577  0.09799048627152107  0.7178143598386532  19.47162093176265  20.1283345318758  1.0  0.578  0.417  0.005  0.445  0.555  0.458  0.542
1  5  2.5  0.01  0.01  0.1866276691580669  -0.1169753163060796  0.5584988923270935  17.6227965952444  15.395260195737938  1.0  0.56  0.436  0.005  0.459  0.541  0.25  0.75
1  5  2.5  0.01  0.01  0.2504954846147829  -0.13955770199844758  0.9776075748818038  22.95944558717939  39.955815583582044  1.0  0.583  0.413  0.005  0.453  0.547  0.333  0.667
1  5  2.5  0.01  0.01  0.15863740920256053  0.03632407023543993  0.6791381865358758  19.247072232173586  14.485866814639879  1.0  0.564  0.431  0.005  0.453  0.547  0.333  0.667
1  5  2.5  0.01  0.01  0.14211815782034412  0.06892198021009038  0.7271517994149014  19.582384777043696  19.254531342780922  1.0  0.561  0.434  0.005  0.456  0.544  0.292  0.708
1  5  2.5  0.01  0.01  0.2009055346955574  0.040633136982143714  1.0002615702897713  24.488962260434345  19.88865291360267  1.0  0.581  0.414  0.005  0.448  0.552  0.417  0.583
1  5  2.5  0.01  0.01  0.28110168491254406  -0.18987966228507736  0.848689893450853  21.346253894008644  24.709425280178703  1.0  0.589  0.406  0.005  0.453  0.547  0.333  0.667
1  5  2.5  0.01  0.01  0.24188423105287027  -0.05946651463749805  0.968587169828111  23.993922262695108  24.66326057129085  1.0  0.587  0.408  0.005  0.445  0.555  0.458  0.542
1  5  2.5  0.01  0.01  0.2595781640572722  -0.11643346943647842  0.7361154434059667  19.608060845082203  19.62262021755579  1.0  0.588  0.407  0.005  0.448  0.552  0.417  0.583
1  5  2.5  0.01  0.01  0.16232762111531418  -0.03704098224204663  0.3701790027987166  15.664250596069133  14.863755202971602  1.0  0.558  0.437  0.005  0.459  0.541  0.25  0.75
1  5  2.5  0.01  0.01  0.19081348467053627  0.06266782104297547  0.8805509728750747  22.113323814722754  19.32944084275  1.0  0.579  0.416  0.005  0.448  0.552  0.417  0.583
1  5  2.5  0.01  0.01  0.21582312890629834  -0.15309873889709436  0.38122489366123696  15.739314110258995  14.1180634777618  1.0  0.568  0.427  0.005  0.456  0.544  0.292  0.708
1  5  2.5  0.01  0.01  0.18405900008189016  -0.09051758173736708  0.40280576952298497  15.69701654319713  15.358639126354781  1.0  0.562  0.434  0.005  0.459  0.541  0.25  0.75
1  5  2.5  0.01  0.01  0.17145173664745203  -0.024754339724368746  0.5194888033842386  16.44591632797651  15.149615715699035  1.0  0.564  0.432  0.005  0.459  0.541  0.25  0.75
1  5  2.5  0.01  0.01  0.1315159417844175  0.17438801899790318  0.7300812528459653  19.913456168656737  15.010547401892206  1.0  0.567  0.428  0.005  0.448  0.552  0.417  0.583
1  5  2.5  0.01  0.01  0.06697026833284428  0.1571598053226954  0.3858066973650266  15.717144534448938  14.57755246556649  1.0  0.54  0.455  0.005  0.465  0.535  0.167  0.833
1  5  2.5  0.01  0.01  0.2024928139420887  -0.08774559450719295  0.37369328038568583  15.714472025270462  14.207169174737714  1.0  0.569  0.426  0.005  0.453  0.547  0.333  0.667
1  5  2.5  0.01  0.01  0.39209923515750356  -0.1893482968469674  1.1881195651915721  27.19494427170272  22.086298855537507  1.0  0.631  0.364  0.004  0.436  0.564  0.583  0.417
1  5  2.5  0.01  0.01  0.18441478125287242  0.07203942853290096  0.4750141803700563  15.967254451121455  15.378648421881863  1.0  0.577  0.418  0.005  0.445  0.555  0.458  0.542
1  5  2.5  0.01  0.01  0.21447614717618813  0.08370204533025422  0.973395322817294  23.303723049816124  35.08788950040341  1.0  0.59  0.405  0.005  0.445  0.555  0.458  0.542
1  5  2.5  0.01  0.01  0.1514875342374514  0.11712183247286218  0.7151267407406905  19.864734830297223  14.452697463852438  1.0  0.569  0.426  0.005  0.448  0.552  0.417  0.583
1  5  2.5  0.01  0.01  0.21738296705057558  -0.08171327835424509  0.7359087868135559  19.528177281749148  20.710705516658503  1.0  0.576  0.42  0.005  0.451  0.549  0.375  0.625
1  5  2.5  0.01  0.01  0.22944169308770868  -0.11867857173962806  0.402261107996818  15.753542817896129  14.5442887888213  1.0  0.576  0.419  0.005  0.451  0.549  0.375  0.625
1  5  2.5  0.01  0.01  0.41955723137324064  -0.0650471656481591  1.6390061544779784  36.27845071987912  29.889262585439155  1.0  0.653  0.343  0.004  0.442  0.558  0.5  0.5
1  5  2.5  0.01  0.01  0.18985273610269496  0.030375661886407862  0.5743201725009746  17.61040666788061  19.64891233334099  1.0  0.576  0.419  0.005  0.445  0.555  0.458  0.542
1  5  2.5  0.01  0.01  0.1852930277485293  0.16142927097986565  0.3699936440515984  15.699325687246763  14.316788819073395  1.0  0.587  0.409  0.005  0.433  0.567  0.625  0.375
1  5  2.5  0.01  0.01  0.3676683998308338  -0.09265744906651784  1.4765610666161515  31.040141781020218  31.145287780261544  1.0  0.632  0.364  0.004  0.448  0.552  0.417  0.583
1  5  2.5  0.01  0.01  0.21569285409722858  -0.05203168798787236  0.43956047478421445  15.877116403763292  14.263762977467621  1.0  0.578  0.417  0.005  0.448  0.552  0.417  0.583
