0  3.5  1.75  0.01  0.01  0.6286357742044528  -0.15077258706825641  1.1843464718297405  14.3182561915404  14.3182561915404  1.0  0.788  0.206  0.005  0.786  0.214  0.786  0.214  True
0  3.5  1.75  0.01  0.01  0.6464794322270833  -0.24142413583312855  1.1646191572994755  14.333787974685592  14.333787974685592  1.0  0.785  0.21  0.005  0.786  0.214  0.786  0.214  True
0  3.5  1.75  0.01  0.01  0.5887360696276696  -0.006991517133372955  1.184469284053486  14.320656707355411  14.320656707355411  1.0  0.788  0.206  0.006  0.786  0.214  0.786  0.214  True
0  3.5  1.75  0.01  0.01  0.505739366921188  0.028053048599304263  0.9412060355231389  14.466715914014989  14.466715914014989  1.0  0.759  0.234  0.007  0.774  0.226  0.774  0.226  True
0  3.5  1.75  0.01  0.01  0.5721333388178133  0.008928326644440723  1.17410535156407  14.362804807555468  14.362804807555468  1.0  0.784  0.21  0.006  0.786  0.214  0.786  0.214  True
0  3.5  1.75  0.01  0.01  0.5258107330603525  0.21107322249535176  1.2244663868617194  14.368810479204342  14.368810479204342  1.0  0.787  0.206  0.007  0.786  0.214  0.786  0.214  True
0  3.5  1.75  0.01  0.01  0.5291965215063704  0.1921348651752886  1.2143744904606837  14.366541185880205  14.366541185880205  1.0  0.787  0.207  0.006  0.786  0.214  0.786  0.214  True
0  3.5  1.75  0.01  0.01  0.483026023861412  0.3149786959956995  1.164998947305077  14.42866709638401  14.42866709638401  1.0  0.781  0.212  0.007  0.798  0.202  0.798  0.202  True
0  3.5  1.75  0.01  0.01  0.49450635024970646  0.2512925888136861  1.214703274582581  14.369511765733675  14.369511765733675  1.0  0.779  0.214  0.007  0.774  0.226  0.774  0.226  True
0  3.5  1.75  0.01  0.01  0.7513858114581664  -0.5623424481767588  1.067558118537613  14.336580520335534  14.336580520335534  1.0  0.787  0.209  0.004  0.81  0.19  0.81  0.19  True
0  3.5  1.75  0.01  0.01  0.5715205848260784  -0.026611315042497745  1.2045408740744141  14.35560976178309  14.35560976178309  1.0  0.779  0.214  0.006  0.774  0.226  0.774  0.226  True
0  3.5  1.75  0.01  0.01  0.6817235818573248  -0.3239129351671026  1.1846307994377008  14.304627468634814  14.304627468634814  1.0  0.789  0.206  0.005  0.786  0.214  0.786  0.214  True
0  3.5  1.75  0.01  0.01  0.718986135354927  -0.42447950229700765  1.1743659555550374  14.328571896054536  14.328571896054536  1.0  0.792  0.204  0.004  0.798  0.202  0.798  0.202  True
0  3.5  1.75  0.01  0.01  0.5884512524009506  -0.10822698983154594  1.1945751665059152  14.371367398260006  14.371367398260006  1.0  0.777  0.217  0.006  0.774  0.226  0.774  0.226  True
0  3.5  1.75  0.01  0.01  0.6339810884354298  -0.15560130844042014  1.2349093183876563  14.346426990343248  14.346426990343248  1.0  0.789  0.205  0.005  0.786  0.214  0.786  0.214  True
0  3.5  1.75  0.01  0.01  0.6615393512142729  -0.17825376457660413  1.1945454023161555  14.353702295860542  14.353702295860542  1.0  0.797  0.198  0.005  0.81  0.19  0.81  0.19  True
0  3.5  1.75  0.01  0.01  0.6395119988034323  -0.1963734682151173  1.1845913458233908  14.329261128642553  14.329261128642553  1.0  0.787  0.208  0.005  0.786  0.214  0.786  0.214  True
0  3.5  1.75  0.01  0.01  0.5473551848127904  0.0047768636984252925  1.2046428060191219  14.347877353007648  14.347877353007648  1.0  0.773  0.22  0.006  0.762  0.238  0.762  0.238  True
0  3.5  1.75  0.01  0.01  0.5707778806816952  0.07496796803922243  1.2149929584553751  14.386367905273062  14.386367905273062  1.0  0.79  0.204  0.006  0.798  0.202  0.798  0.202  True
0  3.5  1.75  0.01  0.01  0.7225784647977938  -0.5903665438710832  1.0141782132160833  14.34686513015492  14.34686513015492  1.0  0.773  0.223  0.004  0.786  0.214  0.786  0.214  True
0  3.5  1.75  0.01  0.01  0.5871142474158381  -0.016173093586014237  1.2149478925665076  14.358124737733858  14.358124737733858  1.0  0.787  0.208  0.006  0.786  0.214  0.786  0.214  True
0  3.5  1.75  0.01  0.01  0.4702402665843971  0.3749997309558054  1.2149979570943046  14.436296993913423  14.436296993913423  1.0  0.782  0.211  0.007  0.798  0.202  0.798  0.202  True
0  3.5  1.75  0.01  0.01  0.523746497251802  0.14499992594720018  1.1640217796226808  14.37828006532029  14.37828006532029  1.0  0.779  0.214  0.007  0.786  0.214  0.786  0.214  True
0  3.5  1.75  0.01  0.01  0.6355251518384645  -0.1790411618522652  1.1845488572144423  14.326791321934175  14.326791321934175  1.0  0.788  0.207  0.005  0.786  0.214  0.786  0.214  True
0  3.5  1.75  0.01  0.01  0.5566079917086486  -0.05110565931573084  1.224077229233576  14.379362831434609  14.379362831434609  1.0  0.771  0.222  0.006  0.762  0.238  0.762  0.238  True
0  3.5  1.75  0.01  0.01  0.5929280631885383  -0.09190471212480159  1.2041903478447182  14.336173189112312  14.336173189112312  1.0  0.781  0.213  0.006  0.774  0.226  0.774  0.226  True
0  3.5  1.75  0.01  0.01  0.6228925953276347  -0.1750046064169184  1.1943631533061  14.336334556821487  14.336334556821487  1.0  0.783  0.212  0.005  0.774  0.226  0.774  0.226  True
0  3.5  1.75  0.01  0.01  0.6075145346175626  0.016734236679272277  1.2146415179835464  14.303659369498504  14.303659369498504  1.0  0.799  0.196  0.005  0.798  0.202  0.798  0.202  True
0  3.5  1.75  0.01  0.01  0.595732830587878  -0.06501635031479057  1.2348794381557482  14.32653350776778  14.32653350776778  1.0  0.785  0.21  0.006  0.774  0.226  0.774  0.226  True
0  3.5  1.75  0.01  0.01  0.43817081612666253  0.11393563875143511  0.4120922842879677  14.676079758702098  14.676079758702098  1.0  0.739  0.253  0.008  0.774  0.226  0.774  0.226  True
1  3.5  1.75  0.01  0.01  0.4207358555608035  0.20250081828630523  1.1823218985077988  14.662476948042999  14.662476948042999  1.0  0.742  0.25  0.008  0.756  0.244  0.756  0.244  True
1  3.5  1.75  0.01  0.01  0.45020118011913257  0.029479675274385574  1.092457017500185  14.639007588126065  14.639007588126065  1.0  0.735  0.257  0.008  0.75  0.25  0.75  0.25  True
1  3.5  1.75  0.01  0.01  0.4803083083535008  -0.12950421189024064  1.1323176153515873  14.678146055478738  14.678146055478738  1.0  0.729  0.263  0.008  0.744  0.256  0.744  0.256  True
1  3.5  1.75  0.01  0.01  0.44332693222926534  0.007772990528002281  1.1424351622818725  14.678153561905106  14.678153561905106  1.0  0.729  0.262  0.008  0.744  0.256  0.744  0.256  True
1  3.5  1.75  0.01  0.01  0.4615699304752631  0.0028924116854604437  1.1365687779318903  14.641681713126294  14.641681713126294  1.0  0.736  0.256  0.008  0.75  0.25  0.75  0.25  True
1  3.5  1.75  0.01  0.01  0.5109115683119421  -0.21049305912288363  1.1226117390631698  14.67353555428702  14.67353555428702  1.0  0.733  0.26  0.007  0.75  0.25  0.75  0.25  True
1  3.5  1.75  0.01  0.01  0.42782307986876467  0.08235202515356013  1.1625451236309232  14.673401966370099  14.673401966370099  1.0  0.731  0.261  0.008  0.744  0.256  0.744  0.256  True
1  3.5  1.75  0.01  0.01  0.4394623540781646  0.06854772990562626  1.1524048434882583  14.671558083731597  14.671558083731597  1.0  0.735  0.257  0.008  0.75  0.25  0.75  0.25  True
1  3.5  1.75  0.01  0.01  0.460298665739203  0.004995180228646895  1.132088794954525  14.649078037601697  14.649078037601697  1.0  0.736  0.256  0.008  0.744  0.256  0.744  0.256  True
1  3.5  1.75  0.01  0.01  0.4314153517596712  0.034999978691369664  1.1322629528310146  14.67571080339228  14.67571080339228  1.0  0.726  0.265  0.008  0.744  0.256  0.744  0.256  True
1  3.5  1.75  0.01  0.01  0.36982844805400594  0.2149993811645978  1.1520296103100127  14.666626278610494  14.666626278610494  1.0  0.72  0.271  0.009  0.744  0.256  0.744  0.256  True
1  3.5  1.75  0.01  0.01  0.43003819853768244  0.04139003827351924  1.122704834476946  14.700737154880494  14.700737154880494  1.0  0.727  0.265  0.008  0.744  0.256  0.744  0.256  True
1  3.5  1.75  0.01  0.01  0.4587927447434191  0.0030494817099792947  1.2420980490042195  14.69808222355889  14.69808222355889  1.0  0.735  0.257  0.008  0.744  0.256  0.744  0.256  True
1  3.5  1.75  0.01  0.01  0.42813522703419926  0.15840534134338094  1.1523954826850886  14.660786328130966  14.660786328130966  1.0  0.74  0.251  0.008  0.756  0.244  0.756  0.244  True
1  3.5  1.75  0.01  0.01  0.4572297309862746  -0.048806990211945414  1.1324412878912808  14.682063259453145  14.682063259453145  1.0  0.728  0.264  0.008  0.744  0.256  0.744  0.256  True
1  3.5  1.75  0.01  0.01  0.48466215256418615  -0.19784667396411745  1.1126837508639844  14.6925228107752  14.6925228107752  1.0  0.722  0.27  0.008  0.737  0.263  0.737  0.263  True
1  3.5  1.75  0.01  0.01  0.5451671307133443  -0.2745442368373547  1.416341602081154  14.79546617792117  14.79546617792117  1.0  0.74  0.253  0.007  0.744  0.256  0.744  0.256  True
1  3.5  1.75  0.01  0.01  0.4079058086114956  0.22146119710591833  1.0723823205717766  14.648789340867616  14.648789340867616  1.0  0.738  0.253  0.008  0.756  0.244  0.756  0.244  True
1  3.5  1.75  0.01  0.01  0.4969959888296648  -0.10328580338715619  1.142467928250439  14.654279594722317  14.654279594722317  1.0  0.74  0.252  0.007  0.756  0.244  0.756  0.244  True
1  3.5  1.75  0.01  0.01  0.06936600041148519  0.19508104942811477  1.416000055781973  14.898480994540519  14.898480994540519  1.0  0.561  0.426  0.013  0.75  0.25  0.75  0.25  True
1  3.5  1.75  0.01  0.01  0.3878659596992572  0.2269123265611161  1.1427799321243466  14.66912927460865  14.66912927460865  1.0  0.73  0.261  0.009  0.744  0.256  0.744  0.256  True
1  3.5  1.75  0.01  0.01  0.3577971589755583  0.28496815318890645  1.1623260695088684  14.725997118150362  14.725997118150362  1.0  0.722  0.268  0.009  0.737  0.263  0.737  0.263  True
1  3.5  1.75  0.01  0.01  0.37998420053587606  0.27339519534663925  1.1525035325514514  14.672222849221303  14.672222849221303  1.0  0.732  0.26  0.009  0.744  0.256  0.744  0.256  True
1  3.5  1.75  0.01  0.01  0.544872568271312  -0.33281019527448913  1.0922545905385301  14.652740331759466  14.652740331759466  1.0  0.733  0.26  0.007  0.75  0.25  0.75  0.25  True
1  3.5  1.75  0.01  0.01  0.4753684237478796  -0.18196846451941007  0.9829232368637082  14.699602880504203  14.699602880504203  1.0  0.721  0.272  0.008  0.744  0.256  0.744  0.256  True
1  3.5  1.75  0.01  0.01  0.42391193548391093  0.10421154358492177  1.1525816515504284  14.659495583308818  14.659495583308818  1.0  0.731  0.26  0.008  0.744  0.256  0.744  0.256  True
1  3.5  1.75  0.01  0.01  0.519017069463883  -0.28466576583850217  1.12220680411282  14.688389775320875  14.688389775320875  1.0  0.728  0.265  0.007  0.744  0.256  0.744  0.256  True
1  3.5  1.75  0.01  0.01  -0.001088333419485972  0.6249998556642058  1.0228826699691436  14.853413612649232  14.853413612649232  1.0  0.582  0.406  0.012  0.744  0.256  0.744  0.256  True
1  3.5  1.75  0.01  0.01  0.35785656177883485  0.6049980868991236  1.597825428904505  14.746478097655404  14.746478097655404  1.0  0.76  0.232  0.009  0.756  0.244  0.756  0.244  True
1  3.5  1.75  0.01  0.01  0.36572082937694894  -0.1626484029054988  1.1710000079873966  14.708087854906749  14.708087854906749  1.0  0.671  0.32  0.01  0.737  0.263  0.737  0.263  True
