1  5.5  2.25  0.01  0.01  -0.22855322297255054  -0.013222059388462576  0.6621002910480986  18.17086670193039  18.17086670193039  1.0  0.288  0.475  0.237  0.446  0.554  0.446  0.554
1  5.5  2.25  0.01  0.01  -0.2795081570591832  0.06459883526909216  0.867756562011319  20.19968255056964  20.19968255056964  1.0  0.275  0.491  0.234  0.446  0.554  0.446  0.554
1  5.5  2.25  0.01  0.01  -0.27426912646399204  0.06897002944452274  0.964516479097489  21.45746445137539  21.45746445137539  1.0  0.278  0.488  0.235  0.446  0.554  0.446  0.554
1  5.5  2.25  0.01  0.01  -0.22568718197663432  -0.01123992903549298  0.6970615357954512  18.57137143408844  18.57137143408844  1.0  0.289  0.474  0.238  0.446  0.554  0.446  0.554
1  5.5  2.25  0.01  0.01  -0.24988068297066543  0.04792026253429729  0.623463892573761  17.752659544633044  17.752659544633044  1.0  0.285  0.479  0.236  0.446  0.554  0.446  0.554
1  5.5  2.25  0.01  0.01  -0.225854492226342  0.014002223663573121  0.40820360471858125  16.078876669277733  16.078876669277733  1.0  0.29  0.472  0.238  0.446  0.554  0.446  0.554
1  5.5  2.25  0.01  0.01  -0.1939754141906956  -0.06798307803969794  0.3813530882463553  15.982117822458097  15.982117822458097  1.0  0.295  0.466  0.239  0.446  0.554  0.446  0.554
1  5.5  2.25  0.01  0.01  -0.3162990880186803  0.1752211592101781  0.7495909338248871  18.967935025645843  18.967935025645843  1.0  0.272  0.496  0.232  0.446  0.554  0.446  0.554
1  5.5  2.25  0.01  0.01  -0.2716472867740181  0.0878706658419921  0.5066581281252599  16.689675034159553  16.689675034159553  1.0  0.28  0.485  0.235  0.446  0.554  0.446  0.554
1  5.5  2.25  0.01  0.01  -0.290331874738261  0.07044362106974272  0.9215832241423336  20.695582741774043  20.695582741774043  1.0  0.272  0.495  0.233  0.446  0.554  0.446  0.554
1  5.5  2.25  0.01  0.01  -0.16764596191607445  -0.13996592729108098  0.3801535344594611  15.978390966629465  15.978390966629465  1.0  0.299  0.461  0.24  0.446  0.554  0.446  0.554
1  5.5  2.25  0.01  0.01  -0.2717068492931514  0.10516176022046458  0.6062862533427027  17.649033393916167  17.649033393916167  1.0  0.282  0.483  0.235  0.446  0.554  0.446  0.554
1  5.5  2.25  0.01  0.01  -0.24233680449947173  -0.00368001485413072  0.9563096732664472  21.422926247580985  21.422926247580985  1.0  0.283  0.48  0.236  0.446  0.554  0.446  0.554
1  5.5  2.25  0.01  0.01  -0.2965410484143348  0.16332086116326255  0.5389438981616196  17.03112715753765  17.03112715753765  1.0  0.277  0.489  0.234  0.446  0.554  0.446  0.554
1  5.5  2.25  0.01  0.01  -0.29332244965853177  0.1702081271319022  0.5850798478082699  17.528445960158823  17.528445960158823  1.0  0.279  0.487  0.234  0.446  0.554  0.446  0.554
1  5.5  2.25  0.01  0.01  -0.23206245063215103  0.01211203689719001  0.4775959787874475  16.440826370465423  16.440826370465423  1.0  0.288  0.475  0.237  0.446  0.554  0.446  0.554
1  5.5  2.25  0.01  0.01  -0.23294208908303302  0.01884805514120297  0.578378141988918  17.488575756104797  17.488575756104797  1.0  0.288  0.474  0.237  0.446  0.554  0.446  0.554
1  5.5  2.25  0.01  0.01  -0.25777322936657465  0.09616289808595246  0.3858812485671532  16.002287008447666  16.002287008447666  1.0  0.286  0.478  0.236  0.446  0.554  0.446  0.554
1  5.5  2.25  0.01  0.01  -0.19636113755461254  -0.10838737264304427  0.9867875528007133  21.588551484021167  21.588551484021167  1.0  0.291  0.471  0.239  0.446  0.554  0.446  0.554
1  5.5  2.25  0.01  0.01  -0.25290018335195197  0.043688008129734696  0.6378878718981195  17.93697435552997  17.93697435552997  1.0  0.283  0.481  0.236  0.446  0.554  0.446  0.554
1  5.5  2.25  0.01  0.01  -0.18483238469610938  -0.11098825720729316  0.6229679527884513  17.75050225844735  17.75050225844735  1.0  0.295  0.466  0.239  0.446  0.554  0.446  0.554
1  5.5  2.25  0.01  0.01  -0.26478242150458686  0.11006386941246776  0.41913741278090966  16.123176836225205  16.123176836225205  1.0  0.284  0.48  0.236  0.446  0.554  0.446  0.554
1  5.5  2.25  0.01  0.01  -0.21297422808267655  -0.03924624733371265  0.6234872186988536  17.752832632942322  17.752832632942322  1.0  0.291  0.471  0.238  0.446  0.554  0.446  0.554
1  5.5  2.25  0.01  0.01  -0.2733270673364328  0.035469495094452214  0.8891833243538012  20.36605338794578  20.36605338794578  1.0  0.276  0.49  0.234  0.446  0.554  0.446  0.554
1  5.5  2.25  0.01  0.01  -0.18222283090067223  -0.11267057330594105  0.5856124043302148  17.528561091474245  17.528561091474245  1.0  0.296  0.464  0.239  0.446  0.554  0.446  0.554
1  5.5  2.25  0.01  0.01  -0.28502996067987757  0.12748730935286706  0.6569593293505608  18.12238314982941  18.12238314982941  1.0  0.279  0.487  0.234  0.446  0.554  0.446  0.554
1  5.5  2.25  0.01  0.01  -0.21478349910726155  -0.028637828919018643  0.596782230077443  17.5867096632894  17.5867096632894  1.0  0.291  0.471  0.238  0.446  0.554  0.446  0.554
1  5.5  2.25  0.01  0.01  -0.22703031791553288  0.01098428021711309  0.42069710510208264  16.127871147899402  16.127871147899402  1.0  0.29  0.473  0.238  0.446  0.554  0.446  0.554
1  5.5  2.25  0.01  0.01  -0.26787080734845553  0.11350209645526504  0.452943434209919  16.284688824229146  16.284688824229146  1.0  0.283  0.481  0.236  0.446  0.554  0.446  0.554
1  5.5  2.25  0.01  0.01  -0.2746377453752502  0.09958923070298636  0.5006536917639643  16.638129721597792  16.638129721597792  1.0  0.28  0.485  0.235  0.446  0.554  0.446  0.554
1  5.5  2.25  0.01  0.01  -0.22135842195397182  -0.010392270105995804  0.4402192113355511  16.219203429623853  16.219203429623853  1.0  0.29  0.472  0.238  0.446  0.554  0.446  0.554
1  5.5  2.25  0.01  0.01  -0.16486938594232264  -0.18268613293754976  0.49273542378913376  16.567385161131877  16.567385161131877  1.0  0.297  0.463  0.24  0.446  0.554  0.446  0.554
1  5.5  2.25  0.01  0.01  -0.2740318158866622  0.0996809355044696  0.6674390542913625  18.212007609124942  18.212007609124942  1.0  0.28  0.485  0.235  0.446  0.554  0.446  0.554
1  5.5  2.25  0.01  0.01  -0.2673294685879062  0.008503884581446297  0.8307068083350104  19.850724172360028  19.850724172360028  1.0  0.275  0.49  0.234  0.446  0.554  0.446  0.554
1  5.5  2.25  0.01  0.01  -0.28183167829569966  0.12427784039699791  0.49199425964191146  16.584872449840457  16.584872449840457  1.0  0.279  0.486  0.235  0.446  0.554  0.446  0.554
1  5.5  2.25  0.01  0.01  -0.293556134722821  0.13862229660400488  0.5254095236264531  16.85971550223793  16.85971550223793  1.0  0.277  0.49  0.234  0.446  0.554  0.446  0.554
1  5.5  2.25  0.01  0.01  -0.2053721010746997  -0.11292786858791959  0.9369348394802636  20.913804491673776  20.913804491673776  1.0  0.288  0.474  0.238  0.446  0.554  0.446  0.554
1  5.5  2.25  0.01  0.01  -0.24671302650665322  0.0349633852262686  0.49041910313558296  16.568311689242492  16.568311689242492  1.0  0.284  0.479  0.236  0.446  0.554  0.446  0.554
1  5.5  2.25  0.01  0.01  -0.28270793234957065  0.13562539039234411  0.5972471908333005  17.592211218169645  17.592211218169645  1.0  0.281  0.485  0.235  0.446  0.554  0.446  0.554
1  5.5  2.25  0.01  0.01  -0.20065510820875984  -0.09080748513727875  0.643449076053526  17.96779869721219  17.96779869721219  1.0  0.291  0.47  0.238  0.446  0.554  0.446  0.554
1  5.5  2.25  0.01  0.01  -0.28000230721547503  0.1381488848210758  0.45628166157272365  16.310664638469344  16.310664638469344  1.0  0.281  0.484  0.235  0.446  0.554  0.446  0.554
1  5.5  2.25  0.01  0.01  -0.16614829566496672  -0.15229852125478838  0.4179506915127864  16.113085348158187  16.113085348158187  1.0  0.299  0.461  0.24  0.446  0.554  0.446  0.554
1  5.5  2.25  0.01  0.01  -0.30950820674911467  0.15575092679425018  0.7594034330121141  19.039711145590026  19.039711145590026  1.0  0.273  0.495  0.233  0.446  0.554  0.446  0.554
1  5.5  2.25  0.01  0.01  -0.3130741273146348  0.12051203322802867  0.8218161896969606  19.790682503208345  19.790682503208345  1.0  0.268  0.5  0.232  0.446  0.554  0.446  0.554
1  5.5  2.25  0.01  0.01  -0.21056387085493888  -0.044965890145113374  0.5959086173359149  17.58395887950074  17.58395887950074  1.0  0.292  0.47  0.238  0.446  0.554  0.446  0.554
1  5.5  2.25  0.01  0.01  -0.1646346189671711  -0.16294073199457718  0.4534130594273001  16.281936847631684  16.281936847631684  1.0  0.299  0.461  0.24  0.446  0.554  0.446  0.554
1  5.5  2.25  0.01  0.01  -0.2361551561251958  0.017178971107296548  0.546023872230224  17.142272359458435  17.142272359458435  1.0  0.287  0.476  0.237  0.446  0.554  0.446  0.554
1  5.5  2.25  0.01  0.01  -0.3206816806518222  0.16396206394696228  0.7979413782748493  19.410262887415268  19.410262887415268  1.0  0.269  0.5  0.232  0.446  0.554  0.446  0.554
1  5.5  2.25  0.01  0.01  -0.20118749544617068  -0.09882796945492119  0.7691057867199543  19.11938113454097  19.11938113454097  1.0  0.29  0.472  0.238  0.446  0.554  0.446  0.554
1  5.5  2.25  0.01  0.01  -0.2193029972623135  -0.03415670374973612  0.7199710996639189  18.71048846644609  18.71048846644609  1.0  0.289  0.473  0.238  0.446  0.554  0.446  0.554
1  5.5  2.25  0.01  0.01  -0.2820505071968885  0.15549636955746649  0.4065232947599408  16.077510749877543  16.077510749877543  1.0  0.282  0.483  0.235  0.446  0.554  0.446  0.554
1  5.5  2.25  0.01  0.01  -0.29645877444371893  0.1333951669835276  0.7572218840850049  19.02350019165021  19.02350019165021  1.0  0.275  0.492  0.233  0.446  0.554  0.446  0.554
1  5.5  2.25  0.01  0.01  -0.272009785272317  0.017982028821086626  0.8337371994314675  19.859930414158885  19.859930414158885  1.0  0.274  0.491  0.234  0.446  0.554  0.446  0.554
1  5.5  2.25  0.01  0.01  -0.2566752508899167  0.0643813388918294  0.5315473389833916  16.939395311933467  16.939395311933467  1.0  0.283  0.481  0.236  0.446  0.554  0.446  0.554
1  5.5  2.25  0.01  0.01  -0.2908613823231552  0.14618009776087298  0.6343485453945094  17.851288415749067  17.851288415749067  1.0  0.278  0.487  0.234  0.446  0.554  0.446  0.554
1  5.5  2.25  0.01  0.01  -0.2290227536766129  0.019523679625310653  0.4008518837693172  16.04921740253819  16.04921740253819  1.0  0.29  0.473  0.238  0.446  0.554  0.446  0.554
1  5.5  2.25  0.01  0.01  -0.2633159663746294  0.06810847110951568  0.5018364644485617  16.64606038758459  16.64606038758459  1.0  0.282  0.483  0.236  0.446  0.554  0.446  0.554
1  5.5  2.25  0.01  0.01  -0.2524940173068568  0.061907365312672324  0.678609770300257  18.360886236196514  18.360886236196514  1.0  0.285  0.479  0.236  0.446  0.554  0.446  0.554
1  5.5  2.25  0.01  0.01  -0.2578966010460729  0.08404271515603251  0.46738135705001066  16.375236453088394  16.375236453088394  1.0  0.284  0.48  0.236  0.446  0.554  0.446  0.554
1  5.5  2.25  0.01  0.01  -0.2802820249508352  0.12205561707813928  0.7098580569081974  18.643918295494547  18.643918295494547  1.0  0.28  0.486  0.235  0.446  0.554  0.446  0.554
1  5.5  2.25  0.01  0.01  -0.23323071420930258  0.7341489286354889  18.805944882388722  18.805944882388722  1.0  0.287  0.476  0.237  0.446  0.554  0.446  0.554
1  5.5  2.25  0.01  0.01  -0.2202308810262202  0.38477632778868065  15.992356086197251  15.992356086197251  1.0  0.291  0.471  0.238  0.446  0.554  0.446  0.554
1  5.5  2.25  0.01  0.01  -0.25244895013381907  0.7938277518080145  19.361746102471642  19.361746102471642  1.0  0.28  0.485  0.236  0.446  0.554  0.446  0.554
1  5.5  2.25  0.01  0.01  -0.251022611972587  0.780322354607071  19.261781763519792  19.261781763519792  1.0  0.28  0.484  0.236  0.446  0.554  0.446  0.554
1  5.5  2.25  0.01  0.01  -0.22073568239720248  0.3902170013197503  16.013273193432678  16.013273193432678  1.0  0.291  0.471  0.238  0.446  0.554  0.446  0.554
1  5.5  2.25  0.01  0.01  -0.22233139124615692  0.4039494876143996  16.058257418756046  16.058257418756046  1.0  0.291  0.472  0.238  0.446  0.554  0.446  0.554
1  5.5  2.25  0.01  0.01  -0.2338774992544664  0.5435560850400628  17.04442941886409  17.04442941886409  1.0  0.286  0.477  0.237  0.446  0.554  0.446  0.554
1  5.5  2.25  0.01  0.01  -0.22585023102197818  0.586978547703343  17.530057833066444  17.530057833066444  1.0  0.289  0.473  0.238  0.446  0.554  0.446  0.554
1  5.5  2.25  0.01  0.01  -0.2569336120880534  0.8985766379533977  20.438465717799637  20.438465717799637  1.0  0.278  0.487  0.235  0.446  0.554  0.446  0.554
1  5.5  2.25  0.01  0.01  -0.23113582794992826  0.714257574901062  18.668661940406665  18.668661940406665  1.0  0.287  0.475  0.237  0.446  0.554  0.446  0.554
1  5.5  2.25  0.01  0.01  -0.2275242578085502  0.4702649013921096  16.39377502831803  16.39377502831803  1.0  0.289  0.474  0.238  0.446  0.554  0.446  0.554
1  5.5  2.25  0.01  0.01  -0.2262288571384616  0.4569407754933514  16.304654638027063  16.304654638027063  1.0  0.289  0.473  0.238  0.446  0.554  0.446  0.554
1  5.5  2.25  0.01  0.01  -0.23479378702660292  0.4933691879624476  16.586216886308435  16.586216886308435  1.0  0.286  0.477  0.237  0.446  0.554  0.446  0.554
1  5.5  2.25  0.01  0.01  -0.23064705530865431  0.7043511101596197  18.609987349602527  18.609987349602527  1.0  0.288  0.475  0.237  0.446  0.554  0.446  0.554
1  5.5  2.25  0.01  0.01  -0.2426873791559083  0.9604088830526376  21.450168792865295  21.450168792865295  1.0  0.283  0.48  0.236  0.446  0.554  0.446  0.554
1  5.5  2.25  0.01  0.01  -0.2275089798357252  0.605833262804286  17.645594017476533  17.645594017476533  1.0  0.289  0.474  0.238  0.446  0.554  0.446  0.554
1  5.5  2.25  0.01  0.01  -0.22435010468552832  0.4348284290816351  16.189149605122292  16.189149605122292  1.0  0.29  0.472  0.238  0.446  0.554  0.446  0.554
1  5.5  2.25  0.01  0.01  -0.23358201879458618  0.6701509612949532  18.23060345475761  18.23060345475761  1.0  0.287  0.476  0.237  0.446  0.554  0.446  0.554
1  5.5  2.25  0.01  0.01  -0.22915253945569572  0.6240339739444983  17.764738283105117  17.764738283105117  1.0  0.288  0.474  0.237  0.446  0.554  0.446  0.554
1  5.5  2.25  0.01  0.01  -0.26183449360773686  0.8201224932917296  19.77661409605474  19.77661409605474  1.0  0.276  0.489  0.235  0.446  0.554  0.446  0.554
1  5.5  2.25  0.01  0.01  -0.2282561489232894  0.6162514530949391  17.717550928158012  17.717550928158012  1.0  0.288  0.474  0.237  0.446  0.554  0.446  0.554
1  5.5  2.25  0.01  0.01  -0.236433461984907  0.5057278379825896  16.680281703950843  16.680281703950843  1.0  0.285  0.478  0.237  0.446  0.554  0.446  0.554
1  5.5  2.25  0.01  0.01  -0.244343168865929  0.9759807995626584  21.52182443611796  21.52182443611796  1.0  0.283  0.481  0.236  0.446  0.554  0.446  0.554
1  5.5  2.25  0.01  0.01  -0.2504268854993616  0.7754383961092153  19.223202282764714  19.223202282764714  1.0  0.28  0.484  0.236  0.446  0.554  0.446  0.554
1  5.5  2.25  0.01  0.01  -0.24259819863714263  0.9601988264069846  21.450168802298737  21.450168802298737  1.0  0.283  0.48  0.236  0.446  0.554  0.446  0.554
1  5.5  2.25  0.01  0.01  -0.22488348984570747  0.5759028744230812  17.475659515293806  17.475659515293806  1.0  0.29  0.473  0.238  0.446  0.554  0.446  0.554
1  5.5  2.25  0.01  0.01  -0.22642196844793225  0.45818337538442155  16.31435991403772  16.31435991403772  1.0  0.289  0.473  0.238  0.446  0.554  0.446  0.554
1  5.5  2.25  0.01  0.01  -0.25854104511816123  0.9138180562745264  20.585568489662197  20.585568489662197  1.0  0.278  0.487  0.235  0.446  0.554  0.446  0.554
1  5.5  2.25  0.01  0.01  -0.23417937872916422  0.48004896573789685  16.507877448077203  16.507877448077203  1.0  0.286  0.477  0.237  0.446  0.554  0.446  0.554
1  5.5  2.25  0.01  0.01  -0.258062195704936  0.9086570692601502  20.531282611291605  20.531282611291605  1.0  0.278  0.487  0.235  0.446  0.554  0.446  0.554
1  5.5  2.25  0.01  0.01  -0.22861525952063122  0.4784286675851834  16.444082859198694  16.444082859198694  1.0  0.288  0.474  0.237  0.446  0.554  0.446  0.554
1  5.5  2.25  0.01  0.01  -0.21938718914547461  0.3738071605374061  15.95695448064486  15.95695448064486  1.0  0.292  0.47  0.238  0.446  0.554  0.446  0.554
1  5.5  2.25  0.01  0.01  -0.22975968670946145  0.6253375289558705  17.792759581436613  17.792759581436613  1.0  0.288  0.475  0.237  0.446  0.554  0.446  0.554
1  5.5  2.25  0.01  0.01  -0.22749087920284888  0.47178254948338355  16.400824698476764  16.400824698476764  1.0  0.289  0.474  0.238  0.446  0.554  0.446  0.554
1  5.5  2.25  0.01  0.01  -0.2573016262429856  0.8383428773920772  19.95678606494689  19.95678606494689  1.0  0.278  0.487  0.235  0.446  0.554  0.446  0.554
1  5.5  2.25  0.01  0.01  -0.23267608270590848  0.7297029308271256  18.77997791749941  18.77997791749941  1.0  0.287  0.476  0.237  0.446  0.554  0.446  0.554
1  5.5  2.25  0.01  0.01  -0.22779887510847135  0.47869156525701867  16.444082768320325  16.444082768320325  1.0  0.289  0.474  0.238  0.446  0.554  0.446  0.554
1  5.5  2.25  0.01  0.01  -0.2576553421170872  0.9056061535009933  20.500193635408937  20.500193635408937  1.0  0.278  0.487  0.235  0.446  0.554  0.446  0.554
1  5.5  2.25  0.01  0.01  -0.21892935033711597  0.3686420889514517  15.943254711681512  15.943254711681512  1.0  0.292  0.47  0.238  0.446  0.554  0.446  0.554
1  5.5  2.25  0.01  0.01  -0.2242744841458573  0.43475173312225035  16.189149610286357  16.189149610286357  1.0  0.29  0.472  0.238  0.446  0.554  0.446  0.554
1  5.5  2.25  0.01  0.01  -0.22123594021553894  0.3969128145441476  16.034816834331828  16.034816834331828  1.0  0.291  0.471  0.238  0.446  0.554  0.446  0.554
1  5.5  2.25  0.01  0.01  -0.23602228471203918  0.5004281264199237  16.629895845093735  16.629895845093735  1.0  0.286  0.477  0.237  0.446  0.554  0.446  0.554
1  5.5  2.25  0.01  0.01  -0.2529892426042915  0.8622486364303356  20.17941299250507  20.17941299250507  1.0  0.28  0.485  0.236  0.446  0.554  0.446  0.554
1  5.5  2.25  0.01  0.01  -0.2193654084525421  0.3738738047089771  15.956954480992605  15.956954480992605  1.0  0.292  0.47  0.238  0.446  0.554  0.446  0.554
1  5.5  2.25  0.01  0.01  -0.24424269645025512  0.9725366542651782  21.50730833373135  21.50730833373135  1.0  0.283  0.481  0.236  0.446  0.554  0.446  0.554
1  5.5  2.25  0.01  0.01  -0.22131416153260935  0.3952359538989986  16.033761285738986  16.033761285738986  1.0  0.291  0.471  0.238  0.446  0.554  0.446  0.554
1  5.5  2.25  0.01  0.01  -0.22288115874749212  0.5535424759301598  17.241998340915366  17.241998340915366  1.0  0.29  0.472  0.238  0.446  0.554  0.446  0.554
1  5.5  2.25  0.01  0.01  -0.21919327746592945  0.37059318207033237  15.949156638009736  15.949156638009736  1.0  0.292  0.47  0.238  0.446  0.554  0.446  0.554
1  5.5  2.25  0.01  0.01  -0.21938024167620554  0.3747742103455171  15.960565788927854  15.960565788927854  1.0  0.292  0.47  0.238  0.446  0.554  0.446  0.554
1  5.5  2.25  0.01  0.01  -0.24235455709146292  0.7616007138176911  19.04888494233939  19.04888494233939  1.0  0.283  0.48  0.236  0.446  0.554  0.446  0.554
1  5.5  2.25  0.01  0.01  -0.25702641345408717  0.8360161021817133  19.946255265130652  19.946255265130652  1.0  0.278  0.487  0.235  0.446  0.554  0.446  0.554
1  5.5  2.25  0.01  0.01  -0.24475330898361375  0.9783673156970668  21.527323752708668  21.527323752708668  1.0  0.283  0.481  0.236  0.446  0.554  0.446  0.554
1  5.5  2.25  0.01  0.01  -0.22728671191399533  0.4671033412179302  16.371864094742353  16.371864094742353  1.0  0.289  0.474  0.238  0.446  0.554  0.446  0.554
1  5.5  2.25  0.01  0.01  -0.2277734561288195  0.6774683496067548  18.34921465469949  18.34921465469949  1.0  0.289  0.474  0.238  0.446  0.554  0.446  0.554
1  5.5  2.25  0.01  0.01  -0.22675543216824243  0.5970781084076342  17.59138795216302  17.59138795216302  1.0  0.289  0.473  0.238  0.446  0.554  0.446  0.554
1  5.5  2.25  0.01  0.01  -0.24112734537338193  0.7435104531407516  18.92857600597775  18.92857600597775  1.0  0.284  0.48  0.236  0.446  0.554  0.446  0.554
1  5.5  2.25  0.01  0.01  -0.2301092806345797  0.634679041858345  17.850097721872128  17.850097721872128  1.0  0.288  0.475  0.237  0.446  0.554  0.446  0.554
1  5.5  2.25  0.01  0.01  -0.23603068936362676  0.5021265385267607  16.64438785305276  16.64438785305276  1.0  0.286  0.477  0.237  0.446  0.554  0.446  0.554
1  5.5  2.25  0.01  0.01  -0.26133377572426353  0.9391406494709541  21.10373393868218  21.10373393868218  1.0  0.277  0.489  0.235  0.446  0.554  0.446  0.554
1  5.5  2.25  0.01  0.01  -0.2379400794530069  0.5225519968172642  16.800806646182533  16.800806646182533  1.0  0.285  0.478  0.237  0.446  0.554  0.446  0.554
1  5.5  2.25  0.01  0.01  -0.1744894313338825  -0.06536726978738513  14.953267323700016  14.953267323700016  1.0  0.302  0.457  0.24  0.446  0.554  0.446  0.554
1  5.5  2.25  0.01  0.01  -0.17128225379467873  -0.08347421260327109  14.953306364893933  14.953306364893933  1.0  0.303  0.457  0.24  0.446  0.554  0.446  0.554
1  5.5  2.25  0.01  0.01  -0.2208175445563157  0.06960789979814563  14.953906079419964  14.953906079419964  1.0  0.297  0.464  0.239  0.446  0.554  0.446  0.554
1  5.5  2.25  0.01  0.01  -0.13484849879123548  -0.1862918698057214  14.95448324432516  14.95448324432516  1.0  0.307  0.451  0.241  0.446  0.554  0.446  0.554
1  5.5  2.25  0.01  0.01  -0.2401931711616605  0.1305113776163362  14.954856003515987  14.954856003515987  1.0  0.295  0.467  0.238  0.446  0.554  0.446  0.554
1  5.5  2.25  0.01  0.01  -0.25020128407767733  0.16059256469679156  14.955482870678383  14.955482870678383  1.0  0.294  0.469  0.237  0.446  0.554  0.446  0.554
1  5.5  2.25  0.01  0.01  -0.2041904034813606  0.015612424508789552  14.953424205287533  14.953424205287533  1.0  0.299  0.462  0.239  0.446  0.554  0.446  0.554
1  5.5  2.25  0.01  0.01  -0.19431025214100262  -0.013953997537165141  14.953270344004045  14.953270344004045  1.0  0.3  0.46  0.24  0.446  0.554  0.446  0.554
1  5.5  2.25  0.01  0.01  -0.15141569061874802  -0.13631121342379232  14.953778234287434  14.953778234287434  1.0  0.305  0.454  0.241  0.446  0.554  0.446  0.554
1  5.5  2.25  0.01  0.01  -0.26378940606885404  0.1952548792245793  14.956476302574403  14.956476302574403  1.0  0.292  0.471  0.237  0.446  0.554  0.446  0.554
1  5.5  2.25  0.01  0.01  -0.16471744371117752  -0.09840737489639327  14.953418374374115  14.953418374374115  1.0  0.304  0.456  0.241  0.446  0.554  0.446  0.554
1  5.5  2.25  0.01  0.01  -0.2008893842938903  0.005632524302767644  14.953361641547106  14.953361641547106  1.0  0.299  0.461  0.239  0.446  0.554  0.446  0.554
1  5.5  2.25  0.01  0.01  -0.2539409453748948  0.17025318244272175  14.955714365524527  14.955714365524527  1.0  0.293  0.469  0.237  0.446  0.554  0.446  0.554
1  5.5  2.25  0.01  0.01  -0.23724855303840658  0.12380875615339104  14.954669497695427  14.954669497695427  1.0  0.295  0.467  0.238  0.446  0.554  0.446  0.554
1  5.5  2.25  0.01  0.01  -0.23056012246257568  0.09768292421327968  14.954330351041058  14.954330351041058  1.0  0.296  0.466  0.238  0.446  0.554  0.446  0.554
1  5.5  2.25  0.01  0.01  -0.15474405231569932  -0.12528417133486408  14.953671273459532  14.953671273459532  1.0  0.305  0.454  0.241  0.446  0.554  0.446  0.554
1  5.5  2.25  0.01  0.01  -0.18440154058920372  -0.04271757963967163  14.953218018792931  14.953218018792931  1.0  0.301  0.459  0.24  0.446  0.554  0.446  0.554
1  5.5  2.25  0.01  0.01  -0.2007541600620313  0.007718412627031268  14.953361653722345  14.953361653722345  1.0  0.299  0.461  0.239  0.446  0.554  0.446  0.554
1  5.5  2.25  0.01  0.01  -0.15800892257820678  -0.12436512485121476  14.953575644501514  14.953575644501514  1.0  0.304  0.455  0.241  0.446  0.554  0.446  0.554
1  5.5  2.25  0.01  0.01  -0.25395521516700204  0.16760977575259756  14.955714370061267  14.955714370061267  1.0  0.293  0.469  0.237  0.446  0.554  0.446  0.554
1  5.5  2.25  0.01  0.01  -0.19099946994748293  -0.018614203750549507  14.953241616092086  14.953241616092086  1.0  0.3  0.46  0.24  0.446  0.554  0.446  0.554
1  5.5  2.25  0.01  0.01  -0.21056411670802944  0.043822640121594286  14.953583180770682  14.953583180770682  1.0  0.298  0.463  0.239  0.446  0.554  0.446  0.554
1  5.5  2.25  0.01  0.01  -0.2503792811196478  0.16493836157786046  14.955482850808265  14.955482850808265  1.0  0.294  0.469  0.237  0.446  0.554  0.446  0.554
1  5.5  2.25  0.01  0.01  -0.17132114343278884  -0.08162528147037987  14.953306369421847  14.953306369421847  1.0  0.303  0.457  0.24  0.446  0.554  0.446  0.554
1  5.5  2.25  0.01  0.01  -0.24405088933647834  0.13727566920379436  14.955053705986519  14.955053705986519  1.0  0.294  0.468  0.238  0.446  0.554  0.446  0.554
1  5.5  2.25  0.01  0.01  -0.2437866741150087  0.14007506713423812  14.955053663800294  14.955053663800294  1.0  0.295  0.468  0.238  0.446  0.554  0.446  0.554
1  5.5  2.25  0.01  0.01  -0.23059264024524728  0.09652724337757201  14.954330350538093  14.954330350538093  1.0  0.296  0.466  0.238  0.446  0.554  0.446  0.554
1  5.5  2.25  0.01  0.01  -0.20419628523586963  0.023659494801208603  14.953424205255557  14.953424205255557  1.0  0.299  0.462  0.239  0.446  0.554  0.446  0.554
1  5.5  2.25  0.01  0.01  -0.25694340212743044  0.17940847187854908  14.955957055443637  14.955957055443637  1.0  0.293  0.47  0.237  0.446  0.554  0.446  0.554
1  5.5  2.25  0.01  0.01  -0.19756305404996627  -0.0010135625349022015  14.953310354150812  14.953310354150812  1.0  0.3  0.461  0.24  0.446  0.554  0.446  0.554
1  5.5  2.25  0.01  0.01  -0.13527979746080687  -0.18909147841551766  14.954483322227007  14.954483322227007  1.0  0.307  0.452  0.241  0.446  0.554  0.446  0.554
1  5.5  2.25  0.01  0.01  -0.2535326000011696  0.16525907614194774  14.955714339056271  14.955714339056271  1.0  0.293  0.469  0.237  0.446  0.554  0.446  0.554
1  5.5  2.25  0.01  0.01  -0.16131706776950128  -0.1089875419615149  14.953491344352924  14.953491344352924  1.0  0.304  0.455  0.241  0.446  0.554  0.446  0.554
1  5.5  2.25  0.01  0.01  -0.14488594567203308  -0.16344453738023879  14.954026183027578  14.954026183027578  1.0  0.306  0.453  0.241  0.446  0.554  0.446  0.554
1  5.5  2.25  0.01  0.01  -0.2503885565455805  0.15698950027106434  14.955482850806042  14.955482850806042  1.0  0.294  0.469  0.237  0.446  0.554  0.446  0.554
1  5.5  2.25  0.01  0.01  -0.1317146268867893  -0.1996793092181237  14.95465833188509  14.95465833188509  1.0  0.308  0.451  0.241  0.446  0.554  0.446  0.554
1  5.5  2.25  0.01  0.01  -0.2272250035886911  0.08751992639202244  14.954177666708322  14.954177666708322  1.0  0.296  0.465  0.238  0.446  0.554  0.446  0.554
1  5.5  2.25  0.01  0.01  -0.1640455469083317  -0.09793221175908857  14.95341855513653  14.95341855513653  1.0  0.304  0.456  0.241  0.446  0.554  0.446  0.554
1  5.5  2.25  0.01  0.01  -0.1645397123117203  -0.09643044460943143  14.95341836961939  14.95341836961939  1.0  0.304  0.456  0.241  0.446  0.554  0.446  0.554
1  5.5  2.25  0.01  0.01  -0.2504100744319577  0.15659439402748648  14.955482851204875  14.955482851204875  1.0  0.294  0.469  0.237  0.446  0.554  0.446  0.554
1  5.5  2.25  0.01  0.01  -0.18786253263816918  -0.03474090738056654  14.953224188963954  14.953224188963954  1.0  0.301  0.459  0.24  0.446  0.554  0.446  0.554
1  5.5  2.25  0.01  0.01  -0.2240582235498671  0.08493436168727231  14.954036239553364  14.954036239553364  1.0  0.297  0.465  0.239  0.446  0.554  0.446  0.554
1  5.5  2.25  0.01  0.01  -0.1843058211246953  -0.044554517742297545  14.953218024249143  14.953218024249143  1.0  0.301  0.459  0.24  0.446  0.554  0.446  0.554
1  5.5  2.25  0.01  0.01  -0.2535354840904826  0.16968954037888995  14.955714338539753  14.955714338539753  1.0  0.293  0.469  0.237  0.446  0.554  0.446  0.554
1  5.5  2.25  0.01  0.01  -0.21408782635869616  0.05075362008810391  14.953679524157394  14.953679524157394  1.0  0.298  0.463  0.239  0.446  0.554  0.446  0.554
1  5.5  2.25  0.01  0.01  -0.16460854992441343  -0.10233780994001158  14.953418366966915  14.953418366966915  1.0  0.304  0.456  0.241  0.446  0.554  0.446  0.554
1  5.5  2.25  0.01  0.01  -0.2508146753118267  0.16492736911541134  14.955482962051343  14.955482962051343  1.0  0.294  0.469  0.237  0.446  0.554  0.446  0.554
1  5.5  2.25  0.01  0.01  -0.1712602729839168  -0.07817299801246742  14.953306363142795  14.953306363142795  1.0  0.303  0.457  0.24  0.446  0.554  0.446  0.554
1  5.5  2.25  0.01  0.01  -0.19759109946473719  -0.0003864507935110173  14.953310353451343  14.953310353451343  1.0  0.3  0.461  0.24  0.446  0.554  0.446  0.554
1  5.5  2.25  0.01  0.01  -0.1942618073560228  -0.005853273162604117  14.953270344737355  14.953270344737355  1.0  0.3  0.46  0.24  0.446  0.554  0.446  0.554
1  5.5  2.25  0.01  0.01  -0.23394496803453857  0.11140423980451603  14.954494296578451  14.954494296578451  1.0  0.296  0.466  0.238  0.446  0.554  0.446  0.554
1  5.5  2.25  0.01  0.01  -0.23384279293776286  0.11196527138245077  14.954494295885121  14.954494295885121  1.0  0.296  0.466  0.238  0.446  0.554  0.446  0.554
1  5.5  2.25  0.01  0.01  -0.16790698193152787  -0.09220759406842563  14.953356707555365  14.953356707555365  1.0  0.303  0.456  0.241  0.446  0.554  0.446  0.554
1  5.5  2.25  0.01  0.01  -0.2175307632703701  0.0630475808945683  14.953787176529456  14.953787176529456  1.0  0.297  0.464  0.239  0.446  0.554  0.446  0.554
1  5.5  2.25  0.01  0.01  -0.24048910169201235  0.12957182504494996  14.954855952069124  14.954855952069124  1.0  0.295  0.467  0.238  0.446  0.554  0.446  0.554
1  5.5  2.25  0.01  0.01  -0.18769511573978437  -0.03079404902779062  14.953224173246246  14.953224173246246  1.0  0.301  0.459  0.24  0.446  0.554  0.446  0.554
1  5.5  2.25  0.01  0.01  -0.13822299325581955  -0.17895598620050351  14.954319527112736  14.954319527112736  1.0  0.307  0.452  0.241  0.446  0.554  0.446  0.554
1  5.5  2.25  0.01  0.01  -0.19759864259609888  -0.002736395364203753  14.95331035342212  14.95331035342212  1.0  0.3  0.461  0.24  0.446  0.554  0.446  0.554
1  5.5  2.25  0.01  0.01  -0.24378710822672284  0.14092676506990015  14.955053663801051  14.955053663801051  1.0  0.295  0.468  0.238  0.446  0.554  0.446  0.554
1  5.5  2.25  0.01  0.01  -0.240472501192134  0.12700971928730093  14.954855952173968  14.954855952173968  1.0  0.295  0.467  0.238  0.446  0.554  0.446  0.554
------------------------------------------------------------------------------------------------------
0  2.5  1.75  0.01  0.01  -0.15632257305237937  0.18250251847409288  0.8149276105006513  18.83674421864816  18.83674421864816  1.0  0.468  0.522  0.01  0.459  0.541  0.459  0.541
0  2.5  1.75  0.01  0.01  0.0013720220979534952  -0.17403178754808588  0.7583680387765886  17.324672812101433  17.324672812101433  1.0  0.461  0.528  0.011  0.459  0.541  0.459  0.541
0  2.5  1.75  0.01  0.01  -0.10728083898708016  0.08699861202681503  0.5309727760519203  17.009902198837022  17.009902198837022  1.0  0.469  0.52  0.011  0.459  0.541  0.459  0.541
0  2.5  1.75  0.01  0.01  0.006865572820307305  -0.1863781258488818  0.9543253154322376  20.679903920413214  20.679903920413214  1.0  0.46  0.53  0.011  0.459  0.541  0.459  0.541
0  2.5  1.75  0.01  0.01  -0.08919100712175486  0.043390053322986954  0.6024106925104973  16.99725129433414  16.99725129433414  1.0  0.467  0.523  0.011  0.459  0.541  0.459  0.541
0  2.5  1.75  0.01  0.01  -0.1316651409915467  0.14888565064130227  0.508027923136694  16.553212744371137  16.553212744371137  1.0  0.471  0.518  0.01  0.459  0.541  0.459  0.541
0  2.5  1.75  0.01  0.01  -0.02559332724107874  -0.11296542942377755  0.6912379639774736  17.072104023352416  17.072104023352416  1.0  0.462  0.527  0.011  0.459  0.541  0.459  0.541
0  2.5  1.75  0.01  0.01  -0.07438960613792242  0.004600022042865554  0.84137317684728  18.88926185786718  18.88926185786718  1.0  0.465  0.525  0.011  0.459  0.541  0.459  0.541
0  2.5  1.75  0.01  0.01  0.005435866540171093  -0.1823923780232235  0.5723625075138533  16.99914816980296  16.99914816980296  1.0  0.461  0.528  0.011  0.459  0.541  0.459  0.541
0  2.5  1.75  0.01  0.01  -0.09497905746127012  0.05944234260502407  0.4014428241250405  16.111107600296567  16.111107600296567  1.0  0.468  0.521  0.011  0.459  0.541  0.459  0.541
0  2.5  1.75  0.01  0.01  -0.13134965111059071  0.15438875118299433  0.512834600418205  17.02409522200423  17.02409522200423  1.0  0.472  0.518  0.01  0.459  0.541  0.459  0.541
0  2.5  1.75  0.01  0.01  -0.15277133634907977  0.19831201077325145  0.4285756614936666  16.147195888678954  16.147195888678954  1.0  0.473  0.517  0.01  0.459  0.541  0.459  0.541
0  2.5  1.75  0.01  0.01  -0.07450842602251714  0.008872573008727624  0.3878649376442036  16.102969326381533  16.102969326381533  1.0  0.467  0.523  0.011  0.459  0.541  0.459  0.541
0  2.5  1.75  0.01  0.01  -0.17084648357940674  0.18819873146128585  0.8759289473916179  19.309953036136076  19.309953036136076  1.0  0.464  0.526  0.01  0.459  0.541  0.459  0.541
0  2.5  1.75  0.01  0.01  -0.15128426147515295  0.19813284964331568  0.4878467378053371  16.497636732411575  16.497636732411575  1.0  0.474  0.516  0.01  0.459  0.541  0.459  0.541
0  2.5  1.75  0.01  0.01  -0.12772256962621767  0.07591208027066987  0.9287258218995182  19.88328185477635  19.88328185477635  1.0  0.459  0.53  0.01  0.459  0.541  0.459  0.541
0  2.5  1.75  0.01  0.01  -0.12382258398581625  0.11647154070967475  0.6093258230089887  17.005992945126383  17.005992945126383  1.0  0.469  0.521  0.01  0.459  0.541  0.459  0.541
0  2.5  1.75  0.01  0.01  -0.0162656648768769  -0.13304183256772545  0.6343409525405597  17.004715952716708  17.004715952716708  1.0  0.462  0.527  0.011  0.459  0.541  0.459  0.541
0  2.5  1.75  0.01  0.01  -0.04082656461615657  -0.06641184115103091  0.5452552696889185  16.999176832882572  16.999176832882572  1.0  0.464  0.525  0.011  0.459  0.541  0.459  0.541
0  2.5  1.75  0.01  0.01  -0.08167385800722253  0.014084492030977808  0.7606080263828239  17.33227631487382  17.33227631487382  1.0  0.464  0.526  0.011  0.459  0.541  0.459  0.541
0  2.5  1.75  0.01  0.01  -0.0429759042285684  -0.06542306893305747  0.4093345158862486  16.110296354952588  16.110296354952588  1.0  0.463  0.526  0.011  0.459  0.541  0.459  0.541
0  2.5  1.75  0.01  0.01  -0.04937168134130265  -0.05939511446901699  0.7592391493817925  17.327399310736446  17.327399310736446  1.0  0.463  0.527  0.011  0.459  0.541  0.459  0.541
0  2.5  1.75  0.01  0.01  -0.06552004727350949  -0.041883744060460526  0.7945247175513044  18.297897612102545  18.297897612102545  1.0  0.46  0.529  0.011  0.459  0.541  0.459  0.541
0  2.5  1.75  0.01  0.01  -0.12399657145926575  0.10052119760523937  0.7779059118975437  17.51786899198027  17.51786899198027  1.0  0.465  0.525  0.01  0.459  0.541  0.459  0.541
0  2.5  1.75  0.01  0.01  -0.06513627591109643  -0.0406527312244894  0.9503043893461202  20.668229635304904  20.668229635304904  1.0  0.46  0.529  0.011  0.459  0.541  0.459  0.541
0  2.5  1.75  0.01  0.01  -0.13343909581156052  0.15032246423269385  0.44746858320527405  16.16633490385196  16.16633490385196  1.0  0.471  0.519  0.01  0.459  0.541  0.459  0.541
0  2.5  1.75  0.01  0.01  -0.09278327784208328  0.03980144993650203  0.8385364348474084  18.881886339657726  18.881886339657726  1.0  0.465  0.524  0.011  0.459  0.541  0.459  0.541
0  2.5  1.75  0.01  0.01  -0.06748342424999165  -0.010817942099371092  0.5985948546224636  16.995073656806056  16.995073656806056  1.0  0.465  0.524  0.011  0.459  0.541  0.459  0.541
0  2.5  1.75  0.01  0.01  -0.04798264878129645  -0.057868239864837884  0.6956206128439878  17.073916447741844  17.073916447741844  1.0  0.463  0.526  0.011  0.459  0.541  0.459  0.541
0  2.5  1.75  0.01  0.01  -0.14140942805687068  0.17103588804854275  0.5435129736881008  17.01380242536095  17.01380242536095  1.0  0.472  0.518  0.01  0.459  0.541  0.459  0.541
1  2.5  1.75  0.01  0.01  -0.05984690559132805  -0.11007908092084909  0.39442280745756036  15.131724288445078  15.131724288445078  1.0  0.449  0.541  0.011  0.446  0.554  0.446  0.554
1  2.5  1.75  0.01  0.01  -0.0470484272658782  -0.1556431307853826  0.8772116919011874  18.72713965940332  18.72713965940332  1.0  0.444  0.546  0.011  0.446  0.554  0.446  0.554
1  2.5  1.75  0.01  0.01  -0.15652111834012974  0.11935501032832396  0.5208961123150606  15.474635575183678  15.474635575183678  1.0  0.455  0.534  0.01  0.446  0.554  0.446  0.554
1  2.5  1.75  0.01  0.01  -0.14146705715183716  0.10238580918835594  0.44112035565693125  15.159678942082929  15.159678942082929  1.0  0.458  0.532  0.01  0.446  0.554  0.446  0.554
1  2.5  1.75  0.01  0.01  -0.1115315836456417  -0.010816407195437222  0.7930813358479865  17.803075615602076  17.803075615602076  1.0  0.448  0.542  0.01  0.446  0.554  0.446  0.554
1  2.5  1.75  0.01  0.01  -0.18682147446691894  0.16841253763437297  0.959522291215653  20.023169248962404  20.023169248962404  1.0  0.453  0.536  0.01  0.446  0.554  0.446  0.554
1  2.5  1.75  0.01  0.01  -0.13643152068355327  0.09188295793889056  0.41678028343597295  15.136380826105645  15.136380826105645  1.0  0.458  0.532  0.01  0.446  0.554  0.446  0.554
1  2.5  1.75  0.01  0.01  -0.15897947228132273  0.0998589990466478  0.8003477042018119  17.84354600442519  17.84354600442519  1.0  0.451  0.539  0.01  0.446  0.554  0.446  0.554
1  2.5  1.75  0.01  0.01  -0.15314324127980358  0.10529055307029905  0.6365475663016666  16.59266861479313  16.59266861479313  1.0  0.455  0.535  0.01  0.446  0.554  0.446  0.554
1  2.5  1.75  0.01  0.01  -0.16683238920140242  0.1151613232283955  0.9895401276266528  20.060064282203676  20.060064282203676  1.0  0.451  0.538  0.01  0.446  0.554  0.446  0.554
1  2.5  1.75  0.01  0.01  -0.17907827127005144  0.14145761896727377  0.9388961469691085  19.422915428887826  19.422915428887826  1.0  0.45  0.539  0.01  0.446  0.554  0.446  0.554
1  2.5  1.75  0.01  0.01  -0.16145375333920597  0.14535210376396662  0.45150272425311666  15.17739396216809  15.17739396216809  1.0  0.459  0.53  0.01  0.446  0.554  0.446  0.554
1  2.5  1.75  0.01  0.01  -0.03000426081000671  -0.19166964836594433  0.44381451649276815  15.169791515072335  15.169791515072335  1.0  0.445  0.545  0.011  0.446  0.554  0.446  0.554
1  2.5  1.75  0.01  0.01  -0.1276367126220806  0.06361036192258834  0.5866877492279295  16.324334108273675  16.324334108273675  1.0  0.455  0.534  0.01  0.446  0.554  0.446  0.554
1  2.5  1.75  0.01  0.01  -0.07650199530666987  -0.08761647744966604  0.9376213945725721  19.14387719785851  19.14387719785851  1.0  0.446  0.544  0.011  0.446  0.554  0.446  0.554
1  2.5  1.75  0.01  0.01  -0.1618784991558399  0.1274587041518231  0.6422826543073074  16.6074957716464  16.6074957716464  1.0  0.455  0.534  0.01  0.446  0.554  0.446  0.554
1  2.5  1.75  0.01  0.01  -0.06813771398145946  -0.09088571355728395  0.6098545055010871  16.371224279799396  16.371224279799396  1.0  0.449  0.54  0.011  0.446  0.554  0.446  0.554
1  2.5  1.75  0.01  0.01  -0.0647878232755424  -0.09548467963982872  0.7224108451321536  17.34536557556537  17.34536557556537  1.0  0.449  0.541  0.011  0.446  0.554  0.446  0.554
1  2.5  1.75  0.01  0.01  -0.16724165389165893  0.11371609863270093  0.818680573864006  18.328610082315066  18.328610082315066  1.0  0.449  0.54  0.01  0.446  0.554  0.446  0.554
1  2.5  1.75  0.01  0.01  -0.08044939697621704  -0.07357220740662065  0.49077562907444666  15.377004306770726  15.377004306770726  1.0  0.448  0.541  0.011  0.446  0.554  0.446  0.554
1  2.5  1.75  0.01  0.01  -0.18583769173087286  0.1932416288541261  0.6354254778448581  16.600075724788  16.600075724788  1.0  0.458  0.532  0.01  0.446  0.554  0.446  0.554
1  2.5  1.75  0.01  0.01  -0.15393151457925047  0.09674546163086006  0.7632588105325596  17.57498993632376  17.57498993632376  1.0  0.453  0.537  0.01  0.446  0.554  0.446  0.554
1  2.5  1.75  0.01  0.01  -0.05372536570934567  -0.13437106972683535  0.9601271795235439  20.058239836083963  20.058239836083963  1.0  0.447  0.542  0.011  0.446  0.554  0.446  0.554
1  2.5  1.75  0.01  0.01  -0.0594102083810406  -0.10559056133566305  0.683900359963873  17.006467215959344  17.006467215959344  1.0  0.449  0.541  0.011  0.446  0.554  0.446  0.554
1  2.5  1.75  0.01  0.01  -0.040134248532344895  -0.15048472204554686  0.5594697395918103  16.177214104544873  16.177214104544873  1.0  0.449  0.541  0.011  0.446  0.554  0.446  0.554
1  2.5  1.75  0.01  0.01  -0.07844455089804106  -0.06390737929830514  0.3888794530166844  15.127340928686527  15.127340928686527  1.0  0.451  0.538  0.011  0.446  0.554  0.446  0.554
1  2.5  1.75  0.01  0.01  -0.04583455664306026  -0.1606480835450583  0.5226185844214287  15.46989872433203  15.46989872433203  1.0  0.444  0.545  0.011  0.446  0.554  0.446  0.554
1  2.5  1.75  0.01  0.01  -0.08812294578023523  -0.03698560977283574  0.4517599869395906  15.171253210585558  15.171253210585558  1.0  0.451  0.538  0.011  0.446  0.554  0.446  0.554
1  2.5  1.75  0.01  0.01  -0.20211579228359053  0.18563873007580395  0.9523501850179369  19.75847325412803  19.75847325412803  1.0  0.451  0.539  0.01  0.446  0.554  0.446  0.554
1  2.5  1.75  0.01  0.01  -0.17453504349688126  0.13013010989576784  0.8444836464800792  18.519454592563186  18.519454592563186  1.0  0.45  0.539  0.01  0.446  0.554  0.446  0.554
0  2.5  1.75  0.01  0.01  -0.07584832852932116  0.7239489692157421  17.153675030943248  17.153675030943248  1.0  0.464  0.525  0.011  0.459  0.541  0.459  0.541
0  2.5  1.75  0.01  0.01  -0.07612678044454178  0.7341077677460186  17.191590381167245  17.191590381167245  1.0  0.464  0.526  0.011  0.459  0.541  0.459  0.541
0  2.5  1.75  0.01  0.01  -0.07262451152719068  0.4592737386297239  16.181237653358256  16.181237653358256  1.0  0.465  0.524  0.011  0.459  0.541  0.459  0.541
0  2.5  1.75  0.01  0.01  -0.07539171880150705  0.7122772632293056  17.123645135305523  17.123645135305523  1.0  0.464  0.525  0.011  0.459  0.541  0.459  0.541
0  2.5  1.75  0.01  0.01  -0.074200865423038  0.8431694009297326  18.907385620746314  18.907385620746314  1.0  0.465  0.525  0.011  0.459  0.541  0.459  0.541
0  2.5  1.75  0.01  0.01  -0.07145682198121507  0.4202056606690404  16.11856625962869  16.11856625962869  1.0  0.466  0.524  0.011  0.459  0.541  0.459  0.541
0  2.5  1.75  0.01  0.01  -0.0746682045480562  0.6905253532557836  17.07051248497378  17.07051248497378  1.0  0.464  0.525  0.011  0.459  0.541  0.459  0.541
0  2.5  1.75  0.01  0.01  -0.07025152044066621  0.37688347023668756  16.10244626963047  16.10244626963047  1.0  0.466  0.523  0.011  0.459  0.541  0.459  0.541
0  2.5  1.75  0.01  0.01  -0.0691702144109775  0.5100553090179044  16.541420785802416  16.541420785802416  1.0  0.467  0.523  0.011  0.459  0.541  0.459  0.541
0  2.5  1.75  0.01  0.01  -0.07064776070602269  0.3922933377562145  16.108878570954914  16.108878570954914  1.0  0.466  0.523  0.011  0.459  0.541  0.459  0.541
0  2.5  1.75  0.01  0.01  -0.07012922545236983  0.37485808160702183  16.103936607622884  16.103936607622884  1.0  0.466  0.523  0.011  0.459  0.541  0.459  0.541
0  2.5  1.75  0.01  0.01  -0.0772722940342011  0.7678453657432224  17.406344656658323  17.406344656658323  1.0  0.463  0.526  0.011  0.459  0.541  0.459  0.541
0  2.5  1.75  0.01  0.01  -0.07779804295684703  0.9407795574089064  20.395714158508007  20.395714158508007  1.0  0.463  0.526  0.011  0.459  0.541  0.459  0.541
0  2.5  1.75  0.01  0.01  -0.07119619142537588  0.41144445106433614  16.111442543267035  16.111442543267035  1.0  0.466  0.524  0.011  0.459  0.541  0.459  0.541
0  2.5  1.75  0.01  0.01  -0.07132729074050677  0.5790339895233096  16.994229615961544  16.994229615961544  1.0  0.466  0.524  0.011  0.459  0.541  0.459  0.541
0  2.5  1.75  0.01  0.01  -0.07012839539314111  0.3773119873249817  16.101517230833505  16.101517230833505  1.0  0.466  0.523  0.011  0.459  0.541  0.459  0.541
0  2.5  1.75  0.01  0.01  -0.07191669154361947  0.4369647254843659  16.13484830672627  16.13484830672627  1.0  0.466  0.524  0.011  0.459  0.541  0.459  0.541
0  2.5  1.75  0.01  0.01  -0.0753078570556218  0.7101963528677356  17.11572491253878  17.11572491253878  1.0  0.464  0.525  0.011  0.459  0.541  0.459  0.541
0  2.5  1.75  0.01  0.01  -0.07333435825829747  0.6492303340866226  17.01818714919748  17.01818714919748  1.0  0.465  0.524  0.011  0.459  0.541  0.459  0.541
0  2.5  1.75  0.01  0.01  -0.06870349550322064  0.48993214431544974  16.480523465807757  16.480523465807757  1.0  0.467  0.523  0.011  0.459  0.541  0.459  0.541
0  2.5  1.75  0.01  0.01  -0.07116056920975863  0.41160100358645  16.111442544042443  16.111442544042443  1.0  0.466  0.524  0.011  0.459  0.541  0.459  0.541
0  2.5  1.75  0.01  0.01  -0.08391066758084421  0.7948911007599248  18.30473452654451  18.30473452654451  1.0  0.461  0.529  0.011  0.459  0.541  0.459  0.541
0  2.5  1.75  0.01  0.01  -0.07159172758827063  0.4258832528189097  16.12396346590609  16.12396346590609  1.0  0.466  0.524  0.011  0.459  0.541  0.459  0.541
0  2.5  1.75  0.01  0.01  -0.08921210357184417  0.7894283232695809  18.054741051770772  18.054741051770772  1.0  0.459  0.531  0.011  0.459  0.541  0.459  0.541
0  2.5  1.75  0.01  0.01  -0.06837574362003007  0.482246285289464  16.48470323773953  16.48470323773953  1.0  0.467  0.522  0.011  0.459  0.541  0.459  0.541
0  2.5  1.75  0.01  0.01  -0.08918684652561712  0.7875515003528246  18.053418596944386  18.053418596944386  1.0  0.459  0.531  0.011  0.459  0.541  0.459  0.541
0  2.5  1.75  0.01  0.01  -0.07058045955446525  0.5567405622066749  16.998663633078575  16.998663633078575  1.0  0.466  0.523  0.011  0.459  0.541  0.459  0.541
0  2.5  1.75  0.01  0.01  -0.07104654165709627  0.5759494285704958  16.99293538987056  16.99293538987056  1.0  0.466  0.523  0.011  0.459  0.541  0.459  0.541
0  2.5  1.75  0.01  0.01  -0.07688732157001765  0.7554032700875779  17.28788943223421  17.28788943223421  1.0  0.464  0.526  0.011  0.459  0.541  0.459  0.541
0  2.5  1.75  0.01  0.01  -0.06844579927704333  0.48480181713131887  16.483089485166975  16.483089485166975  1.0  0.467  0.522  0.011  0.459  0.541  0.459  0.541
1  2.5  1.75  0.01  0.01  -0.11088840047053132  0.7540928928636651  17.544666396495586  17.544666396495586  1.0  0.45  0.54  0.01  0.446  0.554  0.446  0.554
1  2.5  1.75  0.01  0.01  -0.11902079838910809  0.9198837571199059  18.893286764710158  18.893286764710158  1.0  0.447  0.543  0.01  0.446  0.554  0.446  0.554
1  2.5  1.75  0.01  0.01  -0.10273600821895539  0.4275206257841106  15.14257086660358  15.14257086660358  1.0  0.453  0.536  0.011  0.446  0.554  0.446  0.554
1  2.5  1.75  0.01  0.01  -0.11913065211989218  0.9202270561730124  18.911022531851735  18.911022531851735  1.0  0.447  0.543  0.01  0.446  0.554  0.446  0.554
1  2.5  1.75  0.01  0.01  -0.1094565325919206  0.5304131349213886  15.506444009304603  15.506444009304603  1.0  0.45  0.539  0.01  0.446  0.554  0.446  0.554
1  2.5  1.75  0.01  0.01  -0.0998253524674799  0.5620812202818347  16.157445894950843  16.157445894950843  1.0  0.454  0.535  0.011  0.446  0.554  0.446  0.554
1  2.5  1.75  0.01  0.01  -0.11149096353649247  0.7678045118131928  17.587206600226356  17.587206600226356  1.0  0.45  0.54  0.01  0.446  0.554  0.446  0.554
1  2.5  1.75  0.01  0.01  -0.10909444638122848  0.5209403756974171  15.461542054873552  15.461542054873552  1.0  0.451  0.539  0.01  0.446  0.554  0.446  0.554
1  2.5  1.75  0.01  0.01  -0.10782009021298981  0.6853127617235367  17.135211177375005  17.135211177375005  1.0  0.451  0.538  0.011  0.446  0.554  0.446  0.554
1  2.5  1.75  0.01  0.01  -0.10497167933917649  0.6209380184989376  16.390843130418318  16.390843130418318  1.0  0.452  0.537  0.011  0.446  0.554  0.446  0.554
1  2.5  1.75  0.01  0.01  -0.10467913741171189  0.6805941775309783  16.99242009378855  16.99242009378855  1.0  0.452  0.537  0.011  0.446  0.554  0.446  0.554
1  2.5  1.75  0.01  0.01  -0.11699340529338408  0.8796853773433673  18.73134345174611  18.73134345174611  1.0  0.447  0.542  0.01  0.446  0.554  0.446  0.554
1  2.5  1.75  0.01  0.01  -0.10461649547170895  0.6110039077613346  16.36376434482324  16.36376434482324  1.0  0.452  0.537  0.011  0.446  0.554  0.446  0.554
1  2.5  1.75  0.01  0.01  -0.11171396176057455  0.7714238524093358  17.595375520536617  17.595375520536617  1.0  0.45  0.54  0.01  0.446  0.554  0.446  0.554
1  2.5  1.75  0.01  0.01  -0.11596971133542844  0.7969594588354457  17.82606438456813  17.82606438456813  1.0  0.448  0.542  0.01  0.446  0.554  0.446  0.554
1  2.5  1.75  0.01  0.01  -0.11852080716659769  0.8470023328584776  18.52562314295757  18.52562314295757  1.0  0.447  0.543  0.01  0.446  0.554  0.446  0.554
1  2.5  1.75  0.01  0.01  -0.10195053493335471  0.4094981470976324  15.129550116513284  15.129550116513284  1.0  0.453  0.536  0.011  0.446  0.554  0.446  0.554
1  2.5  1.75  0.01  0.01  -0.10647414820791085  0.6547973530114304  16.764394400324125  16.764394400324125  1.0  0.452  0.538  0.011  0.446  0.554  0.446  0.554
1  2.5  1.75  0.01  0.01  -0.10424725583237766  0.46987656497840236  15.197537483190198  15.197537483190198  1.0  0.453  0.537  0.011  0.446  0.554  0.446  0.554
1  2.5  1.75  0.01  0.01  -0.10280864647459237  0.43220596527609517  15.146063213755452  15.146063213755452  1.0  0.453  0.536  0.011  0.446  0.554  0.446  0.554
1  2.5  1.75  0.01  0.01  -0.11731136057201576  0.885329868296063  18.744244489960888  18.744244489960888  1.0  0.447  0.542  0.01  0.446  0.554  0.446  0.554
1  2.5  1.75  0.01  0.01  -0.10601867240622806  0.7112331859499327  17.309875710061107  17.309875710061107  1.0  0.452  0.538  0.011  0.446  0.554  0.446  0.554
1  2.5  1.75  0.01  0.01  -0.10823332464203801  0.5000048550632038  15.400627671836641  15.400627671836641  1.0  0.451  0.539  0.011  0.446  0.554  0.446  0.554
1  2.5  1.75  0.01  0.01  -0.10428294833424201  0.46912464930804404  15.197537483987315  15.197537483987315  1.0  0.453  0.537  0.011  0.446  0.554  0.446  0.554
1  2.5  1.75  0.01  0.01  -0.10095822317433195  0.38477450367919963  15.125070083238118  15.125070083238118  1.0  0.454  0.536  0.011  0.446  0.554  0.446  0.554
1  2.5  1.75  0.01  0.01  -0.10442761611180355  0.47311732901445414  15.213790134768116  15.213790134768116  1.0  0.453  0.537  0.011  0.446  0.554  0.446  0.554
1  2.5  1.75  0.01  0.01  -0.10434543899263928  0.6723736828749793  16.960707696687983  16.960707696687983  1.0  0.453  0.537  0.011  0.446  0.554  0.446  0.554
1  2.5  1.75  0.01  0.01  -0.10293124317998502  0.43648053079340415  15.150079183675  15.150079183675  1.0  0.453  0.536  0.011  0.446  0.554  0.446  0.554
1  2.5  1.75  0.01  0.01  -0.11147405323005902  0.9604919012522182  20.040280460649946  20.040280460649946  1.0  0.45  0.54  0.01  0.446  0.554  0.446  0.554
1  2.5  1.75  0.01  0.01  -0.12056442767257773  0.8253924851719298  18.32970219389395  18.32970219389395  1.0  0.446  0.543  0.01  0.446  0.554  0.446  0.554
0  2.5  1.75  0.01  0.01  -0.09434263738845196  0.0603551935544927  14.62140663289336  14.62140663289336  1.0  0.468  0.521  0.011  0.459  0.541  0.459  0.541
0  2.5  1.75  0.01  0.01  -0.06257743533639643  -0.026341189953731525  14.6146152490694  14.6146152490694  1.0  0.463  0.526  0.011  0.459  0.541  0.459  0.541
0  2.5  1.75  0.01  0.01  -0.020199587160744235  -0.1549658646508985  14.613360721017045  14.613360721017045  1.0  0.457  0.533  0.011  0.459  0.541  0.459  0.541
0  2.5  1.75  0.01  0.01  -0.12615217549118982  0.1511051782557779  14.63320050823069  14.63320050823069  1.0  0.474  0.516  0.01  0.459  0.541  0.459  0.541
0  2.5  1.75  0.01  0.01  -0.03433192857194573  -0.10508528521252276  14.612783565713551  14.612783565713551  1.0  0.459  0.53  0.011  0.459  0.541  0.459  0.541
0  2.5  1.75  0.01  0.01  -0.08034951095742848  0.021861588401832416  14.61777106700484  14.61777106700484  1.0  0.466  0.523  0.011  0.459  0.541  0.459  0.541
0  2.5  1.75  0.01  0.01  -0.020221799071341126  -0.1535503211567551  14.613360720784073  14.613360720784073  1.0  0.457  0.533  0.011  0.459  0.541  0.459  0.541
0  2.5  1.75  0.01  0.01  -0.027278047419859685  -0.13202732700505898  14.612947191475884  14.612947191475884  1.0  0.458  0.532  0.011  0.459  0.541  0.459  0.541
0  2.5  1.75  0.01  0.01  -0.03439282356778471  -0.11281901627420843  14.612783568036466  14.612783568036466  1.0  0.459  0.531  0.011  0.459  0.541  0.459  0.541
0  2.5  1.75  0.01  0.01  -0.09084696838393903  0.04818454511542286  14.620405181106864  14.620405181106864  1.0  0.468  0.522  0.011  0.459  0.541  0.459  0.541
0  2.5  1.75  0.01  0.01  -0.1402785848520758  0.18584826454594233  14.640054482793294  14.640054482793294  1.0  0.476  0.514  0.01  0.459  0.541  0.459  0.541
0  2.5  1.75  0.01  0.01  -0.02725380139906493  -0.12612573520241824  14.612947192067645  14.612947192067645  1.0  0.458  0.532  0.011  0.459  0.541  0.459  0.541
0  2.5  1.75  0.01  0.01  -0.04139481682588651  -0.08599210416128385  14.612869130461542  14.612869130461542  1.0  0.46  0.529  0.011  0.459  0.541  0.459  0.541
0  2.5  1.75  0.01  0.01  -0.05201133867655541  -0.06175009238249926  14.613463382369755  14.613463382369755  1.0  0.462  0.528  0.011  0.459  0.541  0.459  0.541
0  2.5  1.75  0.01  0.01  -0.12265253347383809  0.1425114566137557  14.63164243325675  14.63164243325675  1.0  0.473  0.516  0.01  0.459  0.541  0.459  0.541
0  2.5  1.75  0.01  0.01  -0.0025650057406379993  -0.19946046198402567  14.615493408413304  14.615493408413304  1.0  0.454  0.536  0.011  0.459  0.541  0.459  0.541
0  2.5  1.75  0.01  0.01  -0.03787181721247103  -0.09563039684373403  14.612795240037464  14.612795240037464  1.0  0.459  0.53  0.011  0.459  0.541  0.459  0.541
0  2.5  1.75  0.01  0.01  -0.1367780593896335  0.18117491931993723  14.638247585829712  14.638247585829712  1.0  0.475  0.514  0.01  0.459  0.541  0.459  0.541
0  2.5  1.75  0.01  0.01  -0.11909184534232733  0.13413393503431914  14.630146384777797  14.630146384777797  1.0  0.472  0.517  0.01  0.459  0.541  0.459  0.541
0  2.5  1.75  0.01  0.01  -0.027289259199721038  -0.12532991833529744  14.61294719156913  14.61294719156913  1.0  0.458  0.532  0.011  0.459  0.541  0.459  0.541
0  2.5  1.75  0.01  0.01  -0.023863734147446768  -0.13892956325718975  14.613122682375133  14.613122682375133  1.0  0.457  0.532  0.011  0.459  0.541  0.459  0.541
0  2.5  1.75  0.01  0.01  -0.08730154506447789  0.037135091455982316  14.619465438410671  14.619465438410671  1.0  0.467  0.522  0.011  0.459  0.541  0.459  0.541
0  2.5  1.75  0.01  0.01  -0.10496290740820013  0.09199260663938685  14.6247813868048  14.6247813868048  1.0  0.47  0.519  0.011  0.459  0.541  0.459  0.541
0  2.5  1.75  0.01  0.01  -0.12615092203805686  0.15365226372143276  14.633200508228061  14.633200508228061  1.0  0.474  0.516  0.01  0.459  0.541  0.459  0.541
0  2.5  1.75  0.01  0.01  -0.13676617494222382  0.179417904642225  14.63824758523313  14.63824758523313  1.0  0.475  0.514  0.01  0.459  0.541  0.459  0.541
0  2.5  1.75  0.01  0.01  -0.09083936360988001  0.054907981425570074  14.620405181074663  14.620405181074663  1.0  0.468  0.522  0.011  0.459  0.541  0.459  0.541
0  2.5  1.75  0.01  0.01  -0.10142468542939242  0.08319510647989403  14.623594714053915  14.623594714053915  1.0  0.47  0.52  0.011  0.459  0.541  0.459  0.541
0  2.5  1.75  0.01  0.01  -0.12612600939154403  0.14969882268799495  14.63320050884564  14.63320050884564  1.0  0.474  0.516  0.01  0.459  0.541  0.459  0.541
0  2.5  1.75  0.01  0.01  -0.00614190660112901  -0.189092990403519  14.614940818826788  14.614940818826788  1.0  0.454  0.535  0.011  0.459  0.541  0.459  0.541
0  2.5  1.75  0.01  0.01  -0.06263788755945852  -0.030826666504626038  14.614615250850166  14.614615250850166  1.0  0.463  0.526  0.011  0.459  0.541  0.459  0.541
1  2.5  1.75  0.01  0.01  -0.09704696386150019  0.015699047899327134  14.797364193258352  14.797364193258352  1.0  0.459  0.53  0.011  0.446  0.554  0.446  0.554
1  2.5  1.75  0.01  0.01  -0.13693778870084508  0.13722469377088437  14.799626784195361  14.799626784195361  1.0  0.467  0.522  0.01  0.446  0.554  0.446  0.554
1  2.5  1.75  0.01  0.01  -0.024130359167425248  -0.19514727782869806  14.816251864110914  14.816251864110914  1.0  0.445  0.544  0.011  0.446  0.554  0.446  0.554
1  2.5  1.75  0.01  0.01  -0.04736972518386977  -0.13067163913848825  14.806994231964778  14.806994231964778  1.0  0.45  0.54  0.011  0.446  0.554  0.446  0.554
1  2.5  1.75  0.01  0.01  -0.08717031474676282  -0.008854365393099417  14.798182571065563  14.798182571065563  1.0  0.457  0.532  0.011  0.446  0.554  0.446  0.554
1  2.5  1.75  0.01  0.01  -0.11034519806287839  0.06133521948991205  14.797133246974107  14.797133246974107  1.0  0.462  0.527  0.011  0.446  0.554  0.446  0.554
1  2.5  1.75  0.01  0.01  -0.15018753312421235  0.18115296898888994  14.80235806124031  14.80235806124031  1.0  0.47  0.52  0.01  0.446  0.554  0.446  0.554
1  2.5  1.75  0.01  0.01  -0.13029062162063396  0.12416464989243992  14.79863308681504  14.79863308681504  1.0  0.466  0.524  0.01  0.446  0.554  0.446  0.554
1  2.5  1.75  0.01  0.01  -0.10708575289875145  0.04708219545862108  14.797098776839057  14.797098776839057  1.0  0.461  0.528  0.011  0.446  0.554  0.446  0.554
1  2.5  1.75  0.01  0.01  -0.10375231923644702  0.03902542610677667  14.797125790454421  14.797125790454421  1.0  0.461  0.529  0.011  0.446  0.554  0.446  0.554
1  2.5  1.75  0.01  0.01  -0.057323024727935754  -0.09717290195098141  14.803958576248307  14.803958576248307  1.0  0.452  0.538  0.011  0.446  0.554  0.446  0.554
1  2.5  1.75  0.01  0.01  -0.14362380800318497  0.1630748695504089  14.800868225883368  14.800868225883368  1.0  0.469  0.521  0.01  0.446  0.554  0.446  0.554
1  2.5  1.75  0.01  0.01  -0.03744423059687568  -0.1581860136585839  14.810587922617945  14.810587922617945  1.0  0.448  0.542  0.011  0.446  0.554  0.446  0.554
1  2.5  1.75  0.01  0.01  -0.11371212928354409  0.07417435417336204  14.797229222777155  14.797229222777155  1.0  0.463  0.527  0.011  0.446  0.554  0.446  0.554
1  2.5  1.75  0.01  0.01  -0.11367418374556502  0.07008472012978106  14.797229223634577  14.797229223634577  1.0  0.463  0.527  0.011  0.446  0.554  0.446  0.554
1  2.5  1.75  0.01  0.01  -0.12697491707731934  0.10810895609846954  14.798228960028007  14.798228960028007  1.0  0.465  0.524  0.01  0.446  0.554  0.446  0.554
1  2.5  1.75  0.01  0.01  -0.08051063608249093  -0.029613346223475695  14.799035380853596  14.799035380853596  1.0  0.456  0.533  0.011  0.446  0.554  0.446  0.554
1  2.5  1.75  0.01  0.01  -0.13363054528559817  0.12662600382820316  14.799099006150607  14.799099006150607  1.0  0.467  0.523  0.01  0.446  0.554  0.446  0.554
1  2.5  1.75  0.01  0.01  -0.12365802958376444  0.09724137541594391  14.797886563248438  14.797886563248438  1.0  0.465  0.525  0.01  0.446  0.554  0.446  0.554
1  2.5  1.75  0.01  0.01  -0.10707906808962094  0.05279116861746869  14.797098776693083  14.797098776693083  1.0  0.461  0.528  0.011  0.446  0.554  0.446  0.554
1  2.5  1.75  0.01  0.01  -0.03742109443432439  -0.15610723544439742  14.810587922078925  14.810587922078925  1.0  0.448  0.542  0.011  0.446  0.554  0.446  0.554
1  2.5  1.75  0.01  0.01  -0.13027727032394695  0.11673183947677873  14.798633086927195  14.798633086927195  1.0  0.466  0.524  0.01  0.446  0.554  0.446  0.554
1  2.5  1.75  0.01  0.01  -0.1534979489861761  0.19310233797110032  14.80319636577139  14.80319636577139  1.0  0.471  0.519  0.01  0.446  0.554  0.446  0.554
1  2.5  1.75  0.01  0.01  -0.120333983220299  0.09400405268211343  14.797605840511558  14.797605840511558  1.0  0.464  0.526  0.01  0.446  0.554  0.446  0.554
1  2.5  1.75  0.01  0.01  -0.03410088897641805  -0.1672931280688852  14.811910235421932  14.811910235421932  1.0  0.447  0.542  0.011  0.446  0.554  0.446  0.554
1  2.5  1.75  0.01  0.01  -0.03741316832684195  -0.15766787049990866  14.810587922137737  14.810587922137737  1.0  0.448  0.542  0.011  0.446  0.554  0.446  0.554
1  2.5  1.75  0.01  0.01  -0.12033678287708083  0.08845352346920027  14.79760584049777  14.79760584049777  1.0  0.464  0.526  0.01  0.446  0.554  0.446  0.554
1  2.5  1.75  0.01  0.01  -0.1369273818056521  0.13838694900492227  14.79962678397597  14.79962678397597  1.0  0.467  0.522  0.01  0.446  0.554  0.446  0.554
1  2.5  1.75  0.01  0.01  -0.05400771801905106  -0.11444756257036914  14.804908588770134  14.804908588770134  1.0  0.451  0.538  0.011  0.446  0.554  0.446  0.554
1  2.5  1.75  0.01  0.01  -0.07397215273199936  -0.05116916468462632  14.800134115090431  14.800134115090431  1.0  0.455  0.535  0.011  0.446  0.554  0.446  0.554
0  2.5  1.75  0.01  0.01  [-0.07315022]  14.616323507334403  14.616323507334403  1.0  0.465  0.524  0.011  0.459  0.541  0.459  0.541
0  2.5  1.75  0.01  0.01  [-0.07318348]  14.616323506198594  14.616323506198594  1.0  0.465  0.524  0.011  0.459  0.541  0.459  0.541
0  2.5  1.75  0.01  0.01  [-0.0731894]  14.616323506210843  14.616323506210843  1.0  0.465  0.524  0.011  0.459  0.541  0.459  0.541
0  2.5  1.75  0.01  0.01  [-0.07318432]  14.616323506196267  14.616323506196267  1.0  0.465  0.524  0.011  0.459  0.541  0.459  0.541
0  2.5  1.75  0.01  0.01  [-0.07318598]  14.616323506196604  14.616323506196604  1.0  0.465  0.524  0.011  0.459  0.541  0.459  0.541
0  2.5  1.75  0.01  0.01  [-0.07317999]  14.616323506221818  14.616323506221818  1.0  0.465  0.524  0.011  0.459  0.541  0.459  0.541
0  2.5  1.75  0.01  0.01  [-0.0731885]  14.616323506204894  14.616323506204894  1.0  0.465  0.524  0.011  0.459  0.541  0.459  0.541
0  2.5  1.75  0.01  0.01  [-0.07325282]  14.616323510411336  14.616323510411336  1.0  0.465  0.524  0.011  0.459  0.541  0.459  0.541
0  2.5  1.75  0.01  0.01  [-0.07311436]  14.616323510851185  14.616323510851185  1.0  0.465  0.524  0.011  0.459  0.541  0.459  0.541
0  2.5  1.75  0.01  0.01  [-0.07332636]  14.61632352459778  14.61632352459778  1.0  0.465  0.524  0.011  0.459  0.541  0.459  0.541
0  2.5  1.75  0.01  0.01  [-0.07316897]  14.616323506444825  14.616323506444825  1.0  0.465  0.524  0.011  0.459  0.541  0.459  0.541
0  2.5  1.75  0.01  0.01  [-0.07314389]  14.616323507784957  14.616323507784957  1.0  0.465  0.524  0.011  0.459  0.541  0.459  0.541
0  2.5  1.75  0.01  0.01  [-0.07317347]  14.616323506325273  14.616323506325273  1.0  0.465  0.524  0.011  0.459  0.541  0.459  0.541
0  2.5  1.75  0.01  0.01  [-0.07315215]  14.616323507212678  14.616323507212678  1.0  0.465  0.524  0.011  0.459  0.541  0.459  0.541
0  2.5  1.75  0.01  0.01  [-0.07316543]  14.616323506559121  14.616323506559121  1.0  0.465  0.524  0.011  0.459  0.541  0.459  0.541
0  2.5  1.75  0.01  0.01  [-0.07318695]  14.616323506199578  14.616323506199578  1.0  0.465  0.524  0.011  0.459  0.541  0.459  0.541
0  2.5  1.75  0.01  0.01  [-0.07318144]  14.616323506210584  14.616323506210584  1.0  0.465  0.524  0.011  0.459  0.541  0.459  0.541
0  2.5  1.75  0.01  0.01  [-0.07317573]  14.616323506281512  14.616323506281512  1.0  0.465  0.524  0.011  0.459  0.541  0.459  0.541
0  2.5  1.75  0.01  0.01  [-0.07318564]  14.616323506194982  14.616323506194982  1.0  0.465  0.524  0.011  0.459  0.541  0.459  0.541
0  2.5  1.75  0.01  0.01  [-0.073183]  14.616323506201134  14.616323506201134  1.0  0.465  0.524  0.011  0.459  0.541  0.459  0.541
0  2.5  1.75  0.01  0.01  [-0.07317576]  14.616323506281146  14.616323506281146  1.0  0.465  0.524  0.011  0.459  0.541  0.459  0.541
0  2.5  1.75  0.01  0.01  [-0.07318523]  14.616323506196554  14.616323506196554  1.0  0.465  0.524  0.011  0.459  0.541  0.459  0.541
0  2.5  1.75  0.01  0.01  [-0.07313724]  14.616323508333776  14.616323508333776  1.0  0.465  0.524  0.011  0.459  0.541  0.459  0.541
0  2.5  1.75  0.01  0.01  [-0.07318054]  14.616323506217155  14.616323506217155  1.0  0.465  0.524  0.011  0.459  0.541  0.459  0.541
0  2.5  1.75  0.01  0.01  [-0.07326424]  14.616323511958702  14.616323511958702  1.0  0.465  0.524  0.011  0.459  0.541  0.459  0.541
0  2.5  1.75  0.01  0.01  [-0.07315985]  14.61632350679589  14.61632350679589  1.0  0.465  0.524  0.011  0.459  0.541  0.459  0.541
0  2.5  1.75  0.01  0.01  [-0.07319615]  14.616323506303566  14.616323506303566  1.0  0.465  0.524  0.011  0.459  0.541  0.459  0.541
0  2.5  1.75  0.01  0.01  [-0.07320494]  14.616323506552583  14.616323506552583  1.0  0.465  0.524  0.011  0.459  0.541  0.459  0.541
0  2.5  1.75  0.01  0.01  [-0.07314183]  14.616323507942562  14.616323507942562  1.0  0.465  0.524  0.011  0.459  0.541  0.459  0.541
0  2.5  1.75  0.01  0.01  [-0.0732024]  14.616323506466099  14.616323506466099  1.0  0.465  0.524  0.011  0.459  0.541  0.459  0.541
1  2.5  1.75  0.01  0.01  [-0.09051217]  14.797848341476596  14.797848341476596  1.0  0.458  0.531  0.011  0.446  0.554  0.446  0.554
1  2.5  1.75  0.01  0.01  [-0.09048144]  14.797848340924903  14.797848340924903  1.0  0.458  0.531  0.011  0.446  0.554  0.446  0.554
1  2.5  1.75  0.01  0.01  [-0.09048466]  14.797848340896522  14.797848340896522  1.0  0.458  0.531  0.011  0.446  0.554  0.446  0.554
1  2.5  1.75  0.01  0.01  [-0.09048699]  14.797848340886889  14.797848340886889  1.0  0.458  0.531  0.011  0.446  0.554  0.446  0.554
1  2.5  1.75  0.01  0.01  [-0.09049876]  14.797848341004846  14.797848341004846  1.0  0.458  0.531  0.011  0.446  0.554  0.446  0.554
1  2.5  1.75  0.01  0.01  [-0.09049184]  14.797848340903943  14.797848340903943  1.0  0.458  0.531  0.011  0.446  0.554  0.446  0.554
1  2.5  1.75  0.01  0.01  [-0.09048782]  14.797848340888455  14.797848340888455  1.0  0.458  0.531  0.011  0.446  0.554  0.446  0.554
1  2.5  1.75  0.01  0.01  [-0.09051329]  14.797848341528576  14.797848341528576  1.0  0.458  0.531  0.011  0.446  0.554  0.446  0.554
1  2.5  1.75  0.01  0.01  [-0.09044691]  14.797848342527493  14.797848342527493  1.0  0.458  0.531  0.011  0.446  0.554  0.446  0.554
1  2.5  1.75  0.01  0.01  [-0.09046925]  14.797848341225023  14.797848341225023  1.0  0.458  0.531  0.011  0.446  0.554  0.446  0.554
1  2.5  1.75  0.01  0.01  [-0.09056331]  14.79784834651242  14.79784834651242  1.0  0.458  0.531  0.011  0.446  0.554  0.446  0.554
1  2.5  1.75  0.01  0.01  [-0.09048403]  14.797848340899668  14.797848340899668  1.0  0.458  0.531  0.011  0.446  0.554  0.446  0.554
1  2.5  1.75  0.01  0.01  [-0.09048695]  14.797848340887047  14.797848340887047  1.0  0.458  0.531  0.011  0.446  0.554  0.446  0.554
1  2.5  1.75  0.01  0.01  [-0.09048695]  14.797848340885247  14.797848340885247  1.0  0.458  0.531  0.011  0.446  0.554  0.446  0.554
1  2.5  1.75  0.01  0.01  [-0.09049365]  14.797848340921146  14.797848340921146  1.0  0.458  0.531  0.011  0.446  0.554  0.446  0.554
1  2.5  1.75  0.01  0.01  [-0.09048663]  14.797848340887285  14.797848340887285  1.0  0.458  0.531  0.011  0.446  0.554  0.446  0.554
1  2.5  1.75  0.01  0.01  [-0.09050792]  14.797848341290099  14.797848341290099  1.0  0.458  0.531  0.011  0.446  0.554  0.446  0.554
1  2.5  1.75  0.01  0.01  [-0.09050024]  14.797848341039382  14.797848341039382  1.0  0.458  0.531  0.011  0.446  0.554  0.446  0.554
1  2.5  1.75  0.01  0.01  [-0.09049354]  14.797848340920327  14.797848340920327  1.0  0.458  0.531  0.011  0.446  0.554  0.446  0.554
1  2.5  1.75  0.01  0.01  [-0.09050636]  14.797848341230727  14.797848341230727  1.0  0.458  0.531  0.011  0.446  0.554  0.446  0.554
1  2.5  1.75  0.01  0.01  [-0.09048302]  14.797848340905885  14.797848340905885  1.0  0.458  0.531  0.011  0.446  0.554  0.446  0.554
1  2.5  1.75  0.01  0.01  [-0.09047886]  14.797848340961776  14.797848340961776  1.0  0.458  0.531  0.011  0.446  0.554  0.446  0.554
1  2.5  1.75  0.01  0.01  [-0.09054245]  14.797848343835293  14.797848343835293  1.0  0.458  0.531  0.011  0.446  0.554  0.446  0.554
1  2.5  1.75  0.01  0.01  [-0.09048804]  14.797848340888295  14.797848340888295  1.0  0.458  0.531  0.011  0.446  0.554  0.446  0.554
1  2.5  1.75  0.01  0.01  [-0.09046258]  14.797848341507333  14.797848341507333  1.0  0.458  0.531  0.011  0.446  0.554  0.446  0.554
1  2.5  1.75  0.01  0.01  [-0.09048312]  14.797848340907278  14.797848340907278  1.0  0.458  0.531  0.011  0.446  0.554  0.446  0.554
1  2.5  1.75  0.01  0.01  [-0.09049854]  14.797848341000542  14.797848341000542  1.0  0.458  0.531  0.011  0.446  0.554  0.446  0.554
1  2.5  1.75  0.01  0.01  [-0.09048613]  14.797848340887061  14.797848340887061  1.0  0.458  0.531  0.011  0.446  0.554  0.446  0.554
1  2.5  1.75  0.01  0.01  [-0.0904588]  14.797848341708322  14.797848341708322  1.0  0.458  0.531  0.011  0.446  0.554  0.446  0.554
1  2.5  1.75  0.01  0.01  [-0.0904692]  14.797848341222364  14.797848341222364  1.0  0.458  0.531  0.011  0.446  0.554  0.446  0.554
