1  5.5  2.25  0.01  0.01  -0.06372961337855224  -0.16874388126675288  0.6238674643802946  18.459905205391227  18.459905205391227  1.0  0.336  0.419  0.245  0.467  0.533  0.467  0.533
1  5.5  2.25  0.01  0.01  -0.09584441072058061  -0.11916875480855299  0.8486958197812056  21.37544552401329  21.37544552401329  1.0  0.328  0.428  0.244  0.467  0.533  0.467  0.533
1  5.5  2.25  0.01  0.01  -0.09309024283263756  -0.1429544745563296  0.8022340583137929  20.77958056478749  20.77958056478749  1.0  0.327  0.429  0.244  0.467  0.533  0.467  0.533
1  5.5  2.25  0.01  0.01  -0.20596662402544177  0.1007243697954831  0.8779886909932054  21.68432902672634  21.68432902672634  1.0  0.305  0.455  0.24  0.467  0.533  0.467  0.533
1  5.5  2.25  0.01  0.01  -0.20452279910281673  0.12268027349795041  0.8612659109528492  21.494280859993125  21.494280859993125  1.0  0.307  0.453  0.24  0.467  0.533  0.467  0.533
1  5.5  2.25  0.01  0.01  -0.14210453234948703  0.008987432495645736  0.6707781465070516  19.05010299181054  19.05010299181054  1.0  0.321  0.436  0.243  0.467  0.533  0.467  0.533
1  5.5  2.25  0.01  0.01  -0.15056939995488378  0.042756390617727735  0.5897617272580297  18.18998085383655  18.18998085383655  1.0  0.321  0.437  0.243  0.467  0.533  0.467  0.533
1  5.5  2.25  0.01  0.01  -0.16577812270022602  0.10385030189662858  0.5547288778070342  17.894244629565094  17.894244629565094  1.0  0.32  0.438  0.242  0.467  0.533  0.467  0.533
1  5.5  2.25  0.01  0.01  -0.18824275632022663  0.06863108413587737  0.8263506944872803  21.135000660423277  21.135000660423277  1.0  0.309  0.45  0.241  0.467  0.533  0.467  0.533
1  5.5  2.25  0.01  0.01  -0.21890903553961114  0.17738549658535063  0.5079827657393091  17.33436812102201  17.33436812102201  1.0  0.307  0.453  0.24  0.467  0.533  0.467  0.533
1  5.5  2.25  0.01  0.01  -0.15570840633769378  0.054548562297105085  0.6034657416560818  18.281391290341197  18.281391290341197  1.0  0.32  0.438  0.242  0.467  0.533  0.467  0.533
1  5.5  2.25  0.01  0.01  -0.10349514570188238  -0.0678549309992029  0.3956467961497705  16.537903561309076  16.537903561309076  1.0  0.329  0.427  0.244  0.467  0.533  0.467  0.533
1  5.5  2.25  0.01  0.01  -0.08909306975589747  -0.1103770986469252  0.4307041583760298  16.70190236146131  16.70190236146131  1.0  0.332  0.424  0.244  0.467  0.533  0.467  0.533
1  5.5  2.25  0.01  0.01  -0.09850798061065501  -0.112727952545292  0.48507943896370054  17.141792281739292  17.141792281739292  1.0  0.328  0.428  0.244  0.467  0.533  0.467  0.533
1  5.5  2.25  0.01  0.01  -0.250556567596912  0.19289950838666203  0.9036785526636538  21.970269544451636  21.970269544451636  1.0  0.296  0.466  0.238  0.467  0.533  0.467  0.533
1  5.5  2.25  0.01  0.01  -0.1263899403343346  -0.051768161081864245  0.9751546028312185  23.20639238349312  23.20639238349312  1.0  0.322  0.435  0.243  0.467  0.533  0.467  0.533
1  5.5  2.25  0.01  0.01  -0.10622161975751421  -0.07499537985345794  0.4630309828389286  16.914103473613526  16.914103473613526  1.0  0.328  0.428  0.244  0.467  0.533  0.467  0.533
1  5.5  2.25  0.01  0.01  -0.20871856999438113  0.16410250567857082  0.4850121893490431  17.154589425877564  17.154589425877564  1.0  0.309  0.451  0.24  0.467  0.533  0.467  0.533
1  5.5  2.25  0.01  0.01  -0.18282092448021114  0.12681963945189445  0.4035459198450349  16.574658664476818  16.574658664476818  1.0  0.316  0.442  0.241  0.467  0.533  0.467  0.533
1  5.5  2.25  0.01  0.01  -0.08650822907739655  -0.12213408062880281  0.6533550000239623  18.888857776832783  18.888857776832783  1.0  0.332  0.424  0.244  0.467  0.533  0.467  0.533
1  5.5  2.25  0.01  0.01  -0.1189078291981833  -0.0448827454295285  0.6272865803910154  18.518845543033464  18.518845543033464  1.0  0.326  0.431  0.243  0.467  0.533  0.467  0.533
1  5.5  2.25  0.01  0.01  -0.09650029946610572  -0.09797157937263729  0.5184010431324165  17.479491074355398  17.479491074355398  1.0  0.33  0.427  0.244  0.467  0.533  0.467  0.533
1  5.5  2.25  0.01  0.01  -0.20909479556485502  0.18962422870818102  0.5344437004324897  17.671488243467305  17.671488243467305  1.0  0.312  0.448  0.24  0.467  0.533  0.467  0.533
1  5.5  2.25  0.01  0.01  -0.09009780183179134  -0.10463475786772469  0.3718243990002898  16.444737187504522  16.444737187504522  1.0  0.332  0.424  0.244  0.467  0.533  0.467  0.533
1  5.5  2.25  0.01  0.01  -0.14321806229977357  0.022142101378026524  0.6077910917241315  18.330660766820596  18.330660766820596  1.0  0.322  0.435  0.243  0.467  0.533  0.467  0.533
1  5.5  2.25  0.01  0.01  -0.05930054634069615  -0.17649304430610707  0.6239059473850488  18.46041778442476  18.46041778442476  1.0  0.337  0.418  0.245  0.467  0.533  0.467  0.533
1  5.5  2.25  0.01  0.01  -0.14996027020406752  0.039590182575071436  0.45034052279063586  16.81862512081089  16.81862512081089  1.0  0.321  0.436  0.243  0.467  0.533  0.467  0.533
1  5.5  2.25  0.01  0.01  -0.18151085790698857  0.09197969233038428  0.507019146153451  17.328390775689694  17.328390775689694  1.0  0.313  0.445  0.241  0.467  0.533  0.467  0.533
1  5.5  2.25  0.01  0.01  -0.18670545897492372  0.12338278385380935  0.5165081578286103  17.462442140931184  17.462442140931184  1.0  0.314  0.445  0.241  0.467  0.533  0.467  0.533
1  5.5  2.25  0.01  0.01  -0.09200733725997694  -0.09489664083574341  0.676455678199864  19.1880792232436  19.1880792232436  1.0  0.332  0.424  0.244  0.467  0.533  0.467  0.533
1  5.5  2.25  0.01  0.01  -0.13799151945652255  -0.044968810690353106  0.9413786526866715  22.783086483562816  22.783086483562816  1.0  0.319  0.439  0.243  0.467  0.533  0.467  0.533
1  5.5  2.25  0.01  0.01  -0.07351619632161355  -0.14463320107468267  0.5416273843206537  17.730021347823147  17.730021347823147  1.0  0.335  0.421  0.244  0.467  0.533  0.467  0.533
1  5.5  2.25  0.01  0.01  -0.1850309666944543  0.12637057212813824  0.43524675553582565  16.73173104164476  16.73173104164476  1.0  0.315  0.443  0.241  0.467  0.533  0.467  0.533
1  5.5  2.25  0.01  0.01  -0.16907196109592362  0.08374258637069731  0.6115118258927063  18.345465357416714  18.345465357416714  1.0  0.317  0.441  0.242  0.467  0.533  0.467  0.533
1  5.5  2.25  0.01  0.01  -0.06419734300242767  -0.17393122768667624  0.44176005792808476  16.7652885634478  16.7652885634478  1.0  0.336  0.419  0.244  0.467  0.533  0.467  0.533
1  5.5  2.25  0.01  0.01  -0.09781148429019866  -0.08648229636427325  0.45314144800111156  16.844140797618515  16.844140797618515  1.0  0.33  0.426  0.244  0.467  0.533  0.467  0.533
1  5.5  2.25  0.01  0.01  -0.20249890418124739  0.17971205970581106  0.40091261271066164  16.5584775776062  16.5584775776062  1.0  0.313  0.446  0.241  0.467  0.533  0.467  0.533
1  5.5  2.25  0.01  0.01  -0.13716688229095328  -0.044533873576899946  0.9338280890783716  22.571147211744513  22.571147211744513  1.0  0.319  0.438  0.243  0.467  0.533  0.467  0.533
1  5.5  2.25  0.01  0.01  -0.16440884891590432  0.06687395893063824  0.6110153060031972  18.345676783443324  18.345676783443324  1.0  0.318  0.44  0.242  0.467  0.533  0.467  0.533
1  5.5  2.25  0.01  0.01  -0.11347637624808951  -0.07385010951445858  0.7708373495618647  20.228474379264764  20.228474379264764  1.0  0.326  0.431  0.243  0.467  0.533  0.467  0.533
1  5.5  2.25  0.01  0.01  -0.2163829145371713  0.13682355822400644  0.7855146932050928  20.447031053846487  20.447031053846487  1.0  0.305  0.456  0.24  0.467  0.533  0.467  0.533
1  5.5  2.25  0.01  0.01  -0.14093197315673334  0.017959503959513873  0.7046902394285355  19.524876311376577  19.524876311376577  1.0  0.323  0.434  0.243  0.467  0.533  0.467  0.533
1  5.5  2.25  0.01  0.01  -0.149896609972477  0.035470561486330265  0.5771421375870865  18.114841564769833  18.114841564769833  1.0  0.321  0.436  0.243  0.467  0.533  0.467  0.533
1  5.5  2.25  0.01  0.01  -0.10330494315613035  -0.10002954681904486  0.5009226196190831  17.24100906217474  17.24100906217474  1.0  0.327  0.429  0.244  0.467  0.533  0.467  0.533
1  5.5  2.25  0.01  0.01  -0.12280218154941494  -0.02313699347083542  0.3872086923950248  16.504689699952532  16.504689699952532  1.0  0.326  0.43  0.243  0.467  0.533  0.467  0.533
1  5.5  2.25  0.01  0.01  -0.21686325838113224  0.19646418059928383  0.5821683108450304  18.136978917586188  18.136978917586188  1.0  0.31  0.451  0.24  0.467  0.533  0.467  0.533
1  5.5  2.25  0.01  0.01  -0.18285514557701393  0.10820093956189236  0.5203016364250307  17.486338003313765  17.486338003313765  1.0  0.315  0.444  0.241  0.467  0.533  0.467  0.533
1  5.5  2.25  0.01  0.01  -0.09856273305619162  -0.08263394176908606  0.7251160476679689  19.704596713147577  19.704596713147577  1.0  0.33  0.426  0.244  0.467  0.533  0.467  0.533
1  5.5  2.25  0.01  0.01  -0.21146123981033924  0.18020039423398526  0.5172793254119936  17.479515772303515  17.479515772303515  1.0  0.31  0.45  0.24  0.467  0.533  0.467  0.533
1  5.5  2.25  0.01  0.01  -0.05954686251710578  -0.18424661348606125  0.37019164999664733  16.44282316074014  16.44282316074014  1.0  0.337  0.418  0.245  0.467  0.533  0.467  0.533
1  5.5  2.25  0.01  0.01  -0.15300319846353794  0.020825800037578668  0.7617246199332537  20.112775752180635  20.112775752180635  1.0  0.318  0.44  0.242  0.467  0.533  0.467  0.533
1  5.5  2.25  0.01  0.01  -0.12392358110815783  -0.08210864864432416  0.8702702507134347  21.644638508937582  21.644638508937582  1.0  0.321  0.436  0.243  0.467  0.533  0.467  0.533
1  5.5  2.25  0.01  0.01  -0.09638625592317475  -0.09252894923510767  0.41628649998931866  16.630761719860217  16.630761719860217  1.0  0.33  0.426  0.244  0.467  0.533  0.467  0.533
1  5.5  2.25  0.01  0.01  -0.09036049704160792  -0.12878279237155904  0.4864418049240002  17.14589753454738  17.14589753454738  1.0  0.329  0.427  0.244  0.467  0.533  0.467  0.533
1  5.5  2.25  0.01  0.01  -0.05865255877506471  -0.18101739696364919  0.5979796318476467  18.259967934990055  18.259967934990055  1.0  0.337  0.418  0.245  0.467  0.533  0.467  0.533
1  5.5  2.25  0.01  0.01  -0.14817284713541834  0.006092367817229993  0.7596638393051595  20.10106152214525  20.10106152214525  1.0  0.319  0.438  0.242  0.467  0.533  0.467  0.533
1  5.5  2.25  0.01  0.01  -0.13924282374838265  -0.035151580043115915  0.9597246082252973  23.046353482253036  23.046353482253036  1.0  0.318  0.439  0.243  0.467  0.533  0.467  0.533
1  5.5  2.25  0.01  0.01  -0.0690928713380372  -0.15737187475839098  0.4381664778564417  16.745373247164032  16.745373247164032  1.0  0.335  0.421  0.244  0.467  0.533  0.467  0.533
1  5.5  2.25  0.01  0.01  -0.09131362441943991  -0.11845107205710624  0.7628470728471523  20.14604740874097  20.14604740874097  1.0  0.33  0.426  0.244  0.467  0.533  0.467  0.533
1  5.5  2.25  0.01  0.01  -0.1145689904658982  -0.04538010958874622  0.6226351718243004  18.45273516358404  18.45273516358404  1.0  0.327  0.43  0.244  0.467  0.533  0.467  0.533
1  5.5  2.25  0.01  0.01  -0.13121940704354118  0.6896073499928064  19.433587299773777  19.433587299773777  1.0  0.325  0.432  0.243  0.467  0.533  0.467  0.533
1  5.5  2.25  0.01  0.01  -0.13797373281582115  0.6621680509110003  18.976955643849806  18.976955643849806  1.0  0.322  0.435  0.243  0.467  0.533  0.467  0.533
1  5.5  2.25  0.01  0.01  -0.13086897284794385  0.5459288876808673  17.766863414649706  17.766863414649706  1.0  0.325  0.432  0.243  0.467  0.533  0.467  0.533
1  5.5  2.25  0.01  0.01  -0.13265261878546342  0.7206123131475569  19.667960786653392  19.667960786653392  1.0  0.324  0.433  0.243  0.467  0.533  0.467  0.533
1  5.5  2.25  0.01  0.01  -0.1382142051106124  0.6687676080752802  19.04157241170219  19.04157241170219  1.0  0.322  0.435  0.243  0.467  0.533  0.467  0.533
1  5.5  2.25  0.01  0.01  -0.1312476163121774  0.40552175522867817  16.580585009480185  16.580585009480185  1.0  0.325  0.432  0.243  0.467  0.533  0.467  0.533
1  5.5  2.25  0.01  0.01  -0.1494530235700372  0.972425461021391  23.194404454237933  23.194404454237933  1.0  0.318  0.44  0.242  0.467  0.533  0.467  0.533
1  5.5  2.25  0.01  0.01  -0.14292594792501429  0.7453988185186938  19.955211809155593  19.955211809155593  1.0  0.32  0.437  0.243  0.467  0.533  0.467  0.533
1  5.5  2.25  0.01  0.01  -0.13276382983432397  0.4311938933328668  16.70698185788163  16.70698185788163  1.0  0.324  0.433  0.243  0.467  0.533  0.467  0.533
1  5.5  2.25  0.01  0.01  -0.14421472421396195  0.49925202639049737  17.242776164275  17.242776164275  1.0  0.32  0.438  0.243  0.467  0.533  0.467  0.533
1  5.5  2.25  0.01  0.01  -0.13804709915662336  0.526135752714165  17.54357835609782  17.54357835609782  1.0  0.322  0.435  0.243  0.467  0.533  0.467  0.533
1  5.5  2.25  0.01  0.01  -0.1497248105523521  0.8483449643187477  21.369740980123424  21.369740980123424  1.0  0.318  0.44  0.242  0.467  0.533  0.467  0.533
1  5.5  2.25  0.01  0.01  -0.16016982233035332  0.8764887709430005  21.683600540043418  21.683600540043418  1.0  0.314  0.445  0.242  0.467  0.533  0.467  0.533
1  5.5  2.25  0.01  0.01  -0.13524017628667606  0.6162193000805606  18.41114685297316  18.41114685297316  1.0  0.323  0.434  0.243  0.467  0.533  0.467  0.533
1  5.5  2.25  0.01  0.01  -0.135381124565658  0.6141124518247363  18.375529468016545  18.375529468016545  1.0  0.323  0.434  0.243  0.467  0.533  0.467  0.533
1  5.5  2.25  0.01  0.01  -0.16395081110824064  0.7929676758497288  20.602708012627925  20.602708012627925  1.0  0.312  0.446  0.242  0.467  0.533  0.467  0.533
1  5.5  2.25  0.01  0.01  -0.15727634655331113  0.8315457220766307  21.172288206600147  21.172288206600147  1.0  0.315  0.443  0.242  0.467  0.533  0.467  0.533
1  5.5  2.25  0.01  0.01  -0.13167751774771325  0.40134952400750856  16.561462896998567  16.561462896998567  1.0  0.325  0.432  0.243  0.467  0.533  0.467  0.533
1  5.5  2.25  0.01  0.01  -0.1324907580874216  0.42352909151624635  16.66901129986973  16.66901129986973  1.0  0.324  0.433  0.243  0.467  0.533  0.467  0.533
1  5.5  2.25  0.01  0.01  -0.13275152577933927  0.4290964012347332  16.690384073847408  16.690384073847408  1.0  0.324  0.433  0.243  0.467  0.533  0.467  0.533
1  5.5  2.25  0.01  0.01  -0.13464223844726844  0.6059751553248309  18.31547355139054  18.31547355139054  1.0  0.323  0.434  0.243  0.467  0.533  0.467  0.533
1  5.5  2.25  0.01  0.01  -0.14892818602488442  0.8373277324719632  21.283441503577315  21.283441503577315  1.0  0.318  0.44  0.242  0.467  0.533  0.467  0.533
1  5.5  2.25  0.01  0.01  -0.15585684082703338  0.9350277788487981  22.5871260752961  22.5871260752961  1.0  0.315  0.443  0.242  0.467  0.533  0.467  0.533
1  5.5  2.25  0.01  0.01  -0.16294423390764975  0.7894699092455723  20.578459064040178  20.578459064040178  1.0  0.313  0.446  0.242  0.467  0.533  0.467  0.533
1  5.5  2.25  0.01  0.01  -0.13284592687309651  0.43005935077981094  16.70109053054484  16.70109053054484  1.0  0.324  0.433  0.243  0.467  0.533  0.467  0.533
1  5.5  2.25  0.01  0.01  -0.1301424895914753  0.377327647093744  16.466531220298226  16.466531220298226  1.0  0.325  0.432  0.243  0.467  0.533  0.467  0.533
1  5.5  2.25  0.01  0.01  -0.1309936218459479  0.394998177149658  16.532822848075252  16.532822848075252  1.0  0.325  0.432  0.243  0.467  0.533  0.467  0.533
1  5.5  2.25  0.01  0.01  -0.1562955599043919  0.9427357891749634  22.787601257248067  22.787601257248067  1.0  0.315  0.443  0.242  0.467  0.533  0.467  0.533
1  5.5  2.25  0.01  0.01  -0.1380398710159099  0.6638838818429277  18.97936441178739  18.97936441178739  1.0  0.322  0.435  0.243  0.467  0.533  0.467  0.533
1  5.5  2.25  0.01  0.01  -0.15740860622310246  0.8325933364371957  21.18727240335141  21.18727240335141  1.0  0.315  0.443  0.242  0.467  0.533  0.467  0.533
1  5.5  2.25  0.01  0.01  -0.13361594444890765  0.7277119670700347  19.721371370206043  19.721371370206043  1.0  0.324  0.433  0.243  0.467  0.533  0.467  0.533
1  5.5  2.25  0.01  0.01  -0.13451082148844215  0.602597325133788  18.280914917398636  18.280914917398636  1.0  0.323  0.434  0.243  0.467  0.533  0.467  0.533
1  5.5  2.25  0.01  0.01  -0.13515644112982322  0.47505037004309536  17.004083227110478  17.004083227110478  1.0  0.323  0.434  0.243  0.467  0.533  0.467  0.533
1  5.5  2.25  0.01  0.01  -0.1321318390554372  0.41842134811557813  16.63866795026387  16.63866795026387  1.0  0.324  0.433  0.243  0.467  0.533  0.467  0.533
1  5.5  2.25  0.01  0.01  -0.13305488017484648  0.580035635983671  18.128294670559573  18.128294670559573  1.0  0.324  0.433  0.243  0.467  0.533  0.467  0.533
1  5.5  2.25  0.01  0.01  -0.14387245878624594  0.4956770955844034  17.220436721085832  17.220436721085832  1.0  0.32  0.438  0.243  0.467  0.533  0.467  0.533
1  5.5  2.25  0.01  0.01  -0.13174654733515323  0.694063350936824  19.45563606131196  19.45563606131196  1.0  0.325  0.432  0.243  0.467  0.533  0.467  0.533
1  5.5  2.25  0.01  0.01  -0.13097250883135111  0.6835075183631193  19.238897105193253  19.238897105193253  1.0  0.325  0.432  0.243  0.467  0.533  0.467  0.533
1  5.5  2.25  0.01  0.01  -0.1446697246394318  0.6402447302923818  18.700818581204054  18.700818581204054  1.0  0.32  0.438  0.243  0.467  0.533  0.467  0.533
1  5.5  2.25  0.01  0.01  -0.13226645853507527  0.7041726107449087  19.52635085839739  19.52635085839739  1.0  0.324  0.433  0.243  0.467  0.533  0.467  0.533
1  5.5  2.25  0.01  0.01  -0.13123096074953536  0.3995610078338485  16.54890329492303  16.54890329492303  1.0  0.325  0.432  0.243  0.467  0.533  0.467  0.533
1  5.5  2.25  0.01  0.01  -0.14715804251796383  0.8100708903608802  20.92788682832041  20.92788682832041  1.0  0.319  0.439  0.242  0.467  0.533  0.467  0.533
1  5.5  2.25  0.01  0.01  -0.1373540668794715  0.5150640588004959  17.454790842738444  17.454790842738444  1.0  0.322  0.435  0.243  0.467  0.533  0.467  0.533
1  5.5  2.25  0.01  0.01  -0.15712505480976774  0.8297742022562645  21.152631454571928  21.152631454571928  1.0  0.315  0.443  0.242  0.467  0.533  0.467  0.533
1  5.5  2.25  0.01  0.01  -0.14292645429239118  0.743999750332018  19.94376546269841  19.94376546269841  1.0  0.32  0.437  0.243  0.467  0.533  0.467  0.533
1  5.5  2.25  0.01  0.01  -0.1427348608361258  0.7420209178140539  19.94011051242023  19.94011051242023  1.0  0.32  0.437  0.243  0.467  0.533  0.467  0.533
1  5.5  2.25  0.01  0.01  -0.14990121776949925  0.982179348036069  23.24319745627606  23.24319745627606  1.0  0.318  0.44  0.242  0.467  0.533  0.467  0.533
1  5.5  2.25  0.01  0.01  -0.15488924878374688  0.7973475516980115  20.723478161933773  20.723478161933773  1.0  0.316  0.442  0.242  0.467  0.533  0.467  0.533
1  5.5  2.25  0.01  0.01  -0.16299722988082685  0.7902881824085926  20.58857798145044  20.58857798145044  1.0  0.313  0.446  0.242  0.467  0.533  0.467  0.533
1  5.5  2.25  0.01  0.01  -0.15664111929694763  0.8214302868531614  21.08517299489798  21.08517299489798  1.0  0.315  0.443  0.242  0.467  0.533  0.467  0.533
1  5.5  2.25  0.01  0.01  -0.13421166890828518  0.4542637433303653  16.84651201307083  16.84651201307083  1.0  0.324  0.433  0.243  0.467  0.533  0.467  0.533
1  5.5  2.25  0.01  0.01  -0.12425584803345771  0.555472190461264  17.9136849471887  17.9136849471887  1.0  0.327  0.429  0.243  0.467  0.533  0.467  0.533
1  5.5  2.25  0.01  0.01  -0.13174170188480025  0.40927412391317075  16.59270248243251  16.59270248243251  1.0  0.325  0.432  0.243  0.467  0.533  0.467  0.533
1  5.5  2.25  0.01  0.01  -0.13238607787570525  0.7070942370576803  19.553514384452562  19.553514384452562  1.0  0.324  0.433  0.243  0.467  0.533  0.467  0.533
1  5.5  2.25  0.01  0.01  -0.1574497299388771  0.9579644965850724  23.04083067290609  23.04083067290609  1.0  0.315  0.443  0.242  0.467  0.533  0.467  0.533
1  5.5  2.25  0.01  0.01  -0.16252750876975133  0.9047223550527013  21.96927238806934  21.96927238806934  1.0  0.313  0.446  0.242  0.467  0.533  0.467  0.533
1  5.5  2.25  0.01  0.01  -0.13108873826427905  0.39629485750168  16.540484685839882  16.540484685839882  1.0  0.325  0.432  0.243  0.467  0.533  0.467  0.533
1  5.5  2.25  0.01  0.01  -0.13187845454750266  0.4133207255208691  16.619617237443506  16.619617237443506  1.0  0.324  0.432  0.243  0.467  0.533  0.467  0.533
1  5.5  2.25  0.01  0.01  -0.1314251525307345  0.6905018273606501  19.439294241996254  19.439294241996254  1.0  0.325  0.432  0.243  0.467  0.533  0.467  0.533
1  5.5  2.25  0.01  0.01  -0.13272361743626232  0.7160145476598355  19.633047549946685  19.633047549946685  1.0  0.324  0.433  0.243  0.467  0.533  0.467  0.533
1  5.5  2.25  0.01  0.01  -0.1157296348749065  -0.025916486815837303  15.02322904679013  15.02322904679013  1.0  0.328  0.428  0.244  0.467  0.533  0.467  0.533
1  5.5  2.25  0.01  0.01  -0.13943541073784313  0.037770201038289875  15.02472933371805  15.02472933371805  1.0  0.325  0.432  0.243  0.467  0.533  0.467  0.533
1  5.5  2.25  0.01  0.01  -0.1294379111951962  0.010343033614243519  15.024017058178531  15.024017058178531  1.0  0.326  0.43  0.243  0.467  0.533  0.467  0.533
1  5.5  2.25  0.01  0.01  -0.0845629281063315  -0.11766987170056864  15.022132070942643  15.022132070942643  1.0  0.332  0.423  0.244  0.467  0.533  0.467  0.533
1  5.5  2.25  0.01  0.01  -0.17435490074429238  0.13869523965277453  15.027852717845139  15.027852717845139  1.0  0.32  0.438  0.242  0.467  0.533  0.467  0.533
1  5.5  2.25  0.01  0.01  -0.06729303328261928  -0.17147698605682213  15.021927944521567  15.021927944521567  1.0  0.335  0.421  0.244  0.467  0.533  0.467  0.533
1  5.5  2.25  0.01  0.01  -0.09581446062804652  -0.08964316406906447  15.022394058338193  15.022394058338193  1.0  0.331  0.425  0.244  0.467  0.533  0.467  0.533
1  5.5  2.25  0.01  0.01  -0.07039879598174328  -0.16174715272540033  15.021945643033897  15.021945643033897  1.0  0.335  0.421  0.244  0.467  0.533  0.467  0.533
1  5.5  2.25  0.01  0.01  -0.16744422354664246  0.12089478732685371  15.027135808716581  15.027135808716581  1.0  0.321  0.437  0.242  0.467  0.533  0.467  0.533
1  5.5  2.25  0.01  0.01  -0.1606613845418178  0.1030563699441362  15.026465009802703  15.026465009802703  1.0  0.322  0.435  0.242  0.467  0.533  0.467  0.533
1  5.5  2.25  0.01  0.01  -0.19502180201924257  0.19785701413411505  15.030280065230901  15.030280065230901  1.0  0.318  0.441  0.241  0.467  0.533  0.467  0.533
1  5.5  2.25  0.01  0.01  -0.13321974271778825  0.019809751828693323  15.024242969705757  15.024242969705757  1.0  0.326  0.431  0.243  0.467  0.533  0.467  0.533
1  5.5  2.25  0.01  0.01  -0.1364388505558153  0.025885069288687  15.024480317287198  15.024480317287198  1.0  0.325  0.432  0.243  0.467  0.533  0.467  0.533
1  5.5  2.25  0.01  0.01  -0.07389017162838667  -0.14845049825695467  15.021974858289038  15.021974858289038  1.0  0.334  0.422  0.244  0.467  0.533  0.467  0.533
1  5.5  2.25  0.01  0.01  -0.08077332909467366  -0.12894097174227792  15.022068123291557  15.022068123291557  1.0  0.333  0.423  0.244  0.467  0.533  0.467  0.533
1  5.5  2.25  0.01  0.01  -0.06742054597667098  -0.16764729160045225  15.021927951990216  15.021927951990216  1.0  0.335  0.421  0.244  0.467  0.533  0.467  0.533
1  5.5  2.25  0.01  0.01  -0.1329064814252408  0.01668575522601326  15.02424291744264  15.02424291744264  1.0  0.326  0.431  0.243  0.467  0.533  0.467  0.533
1  5.5  2.25  0.01  0.01  -0.1226343021239873  -0.007306967541073073  15.023599964037306  15.023599964037306  1.0  0.327  0.429  0.243  0.467  0.533  0.467  0.533
1  5.5  2.25  0.01  0.01  -0.12947588024208112  0.012335677180889737  15.0240170578743  15.0240170578743  1.0  0.326  0.43  0.243  0.467  0.533  0.467  0.533
1  5.5  2.25  0.01  0.01  -0.11564252403295602  -0.03115960452312727  15.023229043301347  15.023229043301347  1.0  0.328  0.428  0.244  0.467  0.533  0.467  0.533
1  5.5  2.25  0.01  0.01  -0.11564819310829824  -0.02613437144190453  15.023229043276059  15.023229043276059  1.0  0.328  0.428  0.244  0.467  0.533  0.467  0.533
1  5.5  2.25  0.01  0.01  -0.1468283131104302  0.05766012187820546  15.025261718407608  15.025261718407608  1.0  0.324  0.433  0.243  0.467  0.533  0.467  0.533
1  5.5  2.25  0.01  0.01  -0.06754502994832802  -0.1651024893743591  15.021927977220583  15.021927977220583  1.0  0.335  0.421  0.244  0.467  0.533  0.467  0.533
1  5.5  2.25  0.01  0.01  -0.1502547285163082  0.07227717477174711  15.025545245158161  15.025545245158161  1.0  0.324  0.434  0.243  0.467  0.533  0.467  0.533
1  5.5  2.25  0.01  0.01  -0.1709016639077605  0.13074561142588098  15.027488500630824  15.027488500630824  1.0  0.321  0.437  0.242  0.467  0.533  0.467  0.533
1  5.5  2.25  0.01  0.01  -0.13634338048001304  0.029233473117741632  15.024480315034724  15.024480315034724  1.0  0.325  0.432  0.243  0.467  0.533  0.467  0.533
1  5.5  2.25  0.01  0.01  -0.056911844816245755  -0.19807053047947687  15.021944762007431  15.021944762007431  1.0  0.336  0.419  0.245  0.467  0.533  0.467  0.533
1  5.5  2.25  0.01  0.01  -0.1258923949626533  -0.0011308179924577055  15.023802746111778  15.023802746111778  1.0  0.327  0.43  0.243  0.467  0.533  0.467  0.533
1  5.5  2.25  0.01  0.01  -0.1639497598430417  0.11394033320797248  15.026794643503598  15.026794643503598  1.0  0.322  0.436  0.242  0.467  0.533  0.467  0.533
1  5.5  2.25  0.01  0.01  -0.1363076723707974  0.027557262295712315  15.024480316871701  15.024480316871701  1.0  0.325  0.432  0.243  0.467  0.533  0.467  0.533
1  5.5  2.25  0.01  0.01  -0.1949805484213932  0.19773192727812544  15.0302800686761  15.0302800686761  1.0  0.318  0.441  0.241  0.467  0.533  0.467  0.533
1  5.5  2.25  0.01  0.01  -0.13642337193733478  0.027664984405875892  15.02448031623166  15.02448031623166  1.0  0.325  0.432  0.243  0.467  0.533  0.467  0.533
1  5.5  2.25  0.01  0.01  -0.1708889561547217  0.12989488823375822  15.027488500733341  15.027488500733341  1.0  0.321  0.437  0.242  0.467  0.533  0.467  0.533
1  5.5  2.25  0.01  0.01  -0.0673302009191331  -0.17490995459689637  15.021927944782151  15.021927944782151  1.0  0.335  0.421  0.244  0.467  0.533  0.467  0.533
1  5.5  2.25  0.01  0.01  -0.06039102252745128  -0.1886113783171874  15.021927534901604  15.021927534901604  1.0  0.336  0.42  0.244  0.467  0.533  0.467  0.533
1  5.5  2.25  0.01  0.01  -0.1673220273808985  0.1181388136880836  15.027135817933063  15.027135817933063  1.0  0.321  0.436  0.242  0.467  0.533  0.467  0.533
1  5.5  2.25  0.01  0.01  -0.15366900334924247  0.08035499029514337  15.025840301495196  15.025840301495196  1.0  0.323  0.434  0.243  0.467  0.533  0.467  0.533
1  5.5  2.25  0.01  0.01  -0.06342671109839601  -0.1793249269155179  15.021922034796653  15.021922034796653  1.0  0.336  0.42  0.244  0.467  0.533  0.467  0.533
1  5.5  2.25  0.01  0.01  -0.06736045604854551  -0.17229561942980706  15.021927946152628  15.021927946152628  1.0  0.335  0.421  0.244  0.467  0.533  0.467  0.533
1  5.5  2.25  0.01  0.01  -0.13632397760742967  0.031004184519951572  15.024480315854486  15.024480315854486  1.0  0.325  0.432  0.243  0.467  0.533  0.467  0.533
1  5.5  2.25  0.01  0.01  -0.18482014840902278  0.16583839053674826  15.029014528253798  15.029014528253798  1.0  0.319  0.439  0.242  0.467  0.533  0.467  0.533
1  5.5  2.25  0.01  0.01  -0.12943061533213912  0.010532554148403428  15.024017058432626  15.024017058432626  1.0  0.326  0.43  0.243  0.467  0.533  0.467  0.533
1  5.5  2.25  0.01  0.01  -0.07052854437193579  -0.15716324475908072  15.021945599217075  15.021945599217075  1.0  0.334  0.421  0.244  0.467  0.533  0.467  0.533
1  5.5  2.25  0.01  0.01  -0.06728310109331052  -0.16973249475623411  15.021927944715372  15.021927944715372  1.0  0.335  0.421  0.244  0.467  0.533  0.467  0.533
1  5.5  2.25  0.01  0.01  -0.1570679460597259  0.08525999645318583  15.026146887972988  15.026146887972988  1.0  0.323  0.435  0.243  0.467  0.533  0.467  0.533
1  5.5  2.25  0.01  0.01  -0.11219126099137955  -0.041823019500993486  15.023060908997815  15.023060908997815  1.0  0.329  0.428  0.244  0.467  0.533  0.467  0.533
1  5.5  2.25  0.01  0.01  -0.18483465374805771  0.17461465595965558  15.0290145301361  15.0290145301361  1.0  0.319  0.439  0.242  0.467  0.533  0.467  0.533
1  5.5  2.25  0.01  0.01  -0.18128955680121056  0.16496028723614403  15.028615728675387  15.028615728675387  1.0  0.319  0.439  0.242  0.467  0.533  0.467  0.533
1  5.5  2.25  0.01  0.01  -0.18130165030994536  0.1592140554456946  15.028615729158952  15.028615729158952  1.0  0.319  0.439  0.242  0.467  0.533  0.467  0.533
1  5.5  2.25  0.01  0.01  -0.1538892849303414  0.07845797039148433  15.025840337462554  15.025840337462554  1.0  0.323  0.434  0.243  0.467  0.533  0.467  0.533
1  5.5  2.25  0.01  0.01  -0.18140234811145112  0.16121025628792263  15.028615739559353  15.028615739559353  1.0  0.319  0.439  0.242  0.467  0.533  0.467  0.533
1  5.5  2.25  0.01  0.01  -0.153808098319218  0.07834668282387802  15.025840317746258  15.025840317746258  1.0  0.323  0.434  0.243  0.467  0.533  0.467  0.533
1  5.5  2.25  0.01  0.01  -0.11232421468394502  -0.04131737188549964  15.023060918092233  15.023060918092233  1.0  0.329  0.428  0.244  0.467  0.533  0.467  0.533
1  5.5  2.25  0.01  0.01  -0.09820413235810588  -0.08395021051270711  15.02250396196004  15.02250396196004  1.0  0.331  0.425  0.244  0.467  0.533  0.467  0.533
1  5.5  2.25  0.01  0.01  -0.10528232518710742  -0.05784548544333884  15.022759304961152  15.022759304961152  1.0  0.33  0.427  0.244  0.467  0.533  0.467  0.533
1  5.5  2.25  0.01  0.01  -0.1812643265644803  0.15693357732326146  15.028615728243937  15.028615728243937  1.0  0.319  0.439  0.242  0.467  0.533  0.467  0.533
1  5.5  2.25  0.01  0.01  -0.17429521174705173  0.1364366607097638  15.027852719921746  15.027852719921746  1.0  0.32  0.438  0.242  0.467  0.533  0.467  0.533
1  5.5  2.25  0.01  0.01  -0.1431947684137651  0.049755143920369255  15.024989717996306  15.024989717996306  1.0  0.324  0.433  0.243  0.467  0.533  0.467  0.533
1  5.5  2.25  0.01  0.01  -0.06020825817213908  -0.19360556872853235  15.021927555668931  15.021927555668931  1.0  0.336  0.42  0.244  0.467  0.533  0.467  0.533
1  5.5  2.25  0.01  0.01  -0.07415300462504434  -0.1469596516092908  15.021974800985731  15.021974800985731  1.0  0.334  0.422  0.244  0.467  0.533  0.467  0.533
----------------------------------------------------------------------------------------------------
0  2.5  1.75  0.01  0.01  -0.07151703038474562  -0.1275216478264746  0.590366900311785  16.462188895947115  16.462188895947115  1.0  0.44  0.549  0.011  0.433  0.567  0.433  0.567
0  2.5  1.75  0.01  0.01  -0.09600566507482045  -0.06571121823077278  0.6073339576083508  16.455843222770152  16.455843222770152  1.0  0.442  0.547  0.011  0.433  0.567  0.433  0.567
0  2.5  1.75  0.01  0.01  -0.15686301993047272  0.08202217266185541  0.6162658459486454  16.458474494458258  16.458474494458258  1.0  0.447  0.542  0.01  0.433  0.567  0.433  0.567
0  2.5  1.75  0.01  0.01  -0.06288148021656359  -0.16367927425558026  0.7257719400620587  16.510365141717045  16.510365141717045  1.0  0.438  0.552  0.011  0.433  0.567  0.433  0.567
0  2.5  1.75  0.01  0.01  -0.135475774407076  0.01800786727924164  0.5327743312768645  16.083923767121497  16.083923767121497  1.0  0.444  0.546  0.01  0.433  0.567  0.433  0.567
0  2.5  1.75  0.01  0.01  -0.14254594513622681  0.0413500569894297  0.6486006567293207  16.455906160980952  16.455906160980952  1.0  0.445  0.544  0.01  0.433  0.567  0.433  0.567
0  2.5  1.75  0.01  0.01  -0.14272478774879563  0.053124630568417985  0.4485500445134075  15.597631824364454  15.597631824364454  1.0  0.447  0.543  0.01  0.433  0.567  0.433  0.567
0  2.5  1.75  0.01  0.01  -0.18711123571513427  0.16509006697481377  0.4264698115347927  15.59812239436186  15.59812239436186  1.0  0.453  0.536  0.01  0.433  0.567  0.433  0.567
0  2.5  1.75  0.01  0.01  -0.12382524171834197  -0.012955363262717512  0.682412631089921  16.46456772494202  16.46456772494202  1.0  0.443  0.547  0.01  0.433  0.567  0.433  0.567
0  2.5  1.75  0.01  0.01  -0.1630346147045378  0.07465294502889513  0.7742790853881063  16.67154323670126  16.67154323670126  1.0  0.443  0.547  0.01  0.433  0.567  0.433  0.567
0  2.5  1.75  0.01  0.01  -0.16234930419381863  0.06467068511460483  0.953947616722082  18.747828714065406  18.747828714065406  1.0  0.441  0.548  0.01  0.433  0.567  0.433  0.567
0  2.5  1.75  0.01  0.01  -0.05378141256345905  -0.18265749203440163  0.4069842908916422  15.573429895830913  15.573429895830913  1.0  0.437  0.552  0.011  0.433  0.567  0.433  0.567
0  2.5  1.75  0.01  0.01  -0.11554096731703689  -0.015703189009477342  0.4406876191690185  15.588194076763564  15.588194076763564  1.0  0.444  0.545  0.01  0.433  0.567  0.433  0.567
0  2.5  1.75  0.01  0.01  -0.13794634837793568  0.037525975400919565  0.5655894723724765  16.472441962486517  16.472441962486517  1.0  0.447  0.543  0.01  0.433  0.567  0.433  0.567
0  2.5  1.75  0.01  0.01  -0.12032671575049873  0.0023959310957183955  0.37614192325145324  15.57351166207246  15.57351166207246  1.0  0.446  0.543  0.01  0.433  0.567  0.433  0.567
0  2.5  1.75  0.01  0.01  -0.09309138502825443  -0.08216240306891259  0.4515581884536188  15.596265384083457  15.596265384083457  1.0  0.441  0.548  0.011  0.433  0.567  0.433  0.567
0  2.5  1.75  0.01  0.01  -0.08705577038573603  -0.09015125477372857  0.5795610703467495  16.465808045143685  16.465808045143685  1.0  0.442  0.548  0.011  0.433  0.567  0.433  0.567
0  2.5  1.75  0.01  0.01  -0.19276664445314934  0.17906527839434305  0.452789908101933  15.62680619250759  15.62680619250759  1.0  0.453  0.537  0.01  0.433  0.567  0.433  0.567
0  2.5  1.75  0.01  0.01  -0.2143538185004272  0.17816072317723813  0.8778686073017765  17.877980317581045  17.877980317581045  1.0  0.444  0.545  0.01  0.433  0.567  0.433  0.567
0  2.5  1.75  0.01  0.01  -0.14535698296889155  0.03611522444130996  0.6964411817628003  16.48113991421123  16.48113991421123  1.0  0.444  0.546  0.01  0.433  0.567  0.433  0.567
0  2.5  1.75  0.01  0.01  -0.1905963100399932  0.16906321862715185  0.5831988646851511  16.475600683274003  16.475600683274003  1.0  0.452  0.538  0.01  0.433  0.567  0.433  0.567
0  2.5  1.75  0.01  0.01  -0.05247195674712108  -0.18431141939478707  0.6360957653929021  16.4562484279274  16.4562484279274  1.0  0.438  0.552  0.011  0.433  0.567  0.433  0.567
0  2.5  1.75  0.01  0.01  -0.06927231653276365  -0.13716587842259031  0.6558039593119118  16.453756769946814  16.453756769946814  1.0  0.439  0.551  0.011  0.433  0.567  0.433  0.567
0  2.5  1.75  0.01  0.01  -0.14668543765506958  0.0403820137641952  0.9821831935847151  19.215831290522498  19.215831290522498  1.0  0.444  0.546  0.01  0.433  0.567  0.433  0.567
0  2.5  1.75  0.01  0.01  -0.11244593866342661  -0.0373744525731341  0.544887042597653  16.114165900532633  16.114165900532633  1.0  0.441  0.548  0.01  0.433  0.567  0.433  0.567
0  2.5  1.75  0.01  0.01  -0.1723122068365256  0.12315404205346736  0.5528248398010349  16.30872732162355  16.30872732162355  1.0  0.449  0.541  0.01  0.433  0.567  0.433  0.567
0  2.5  1.75  0.01  0.01  -0.1502606119692924  0.07407517754677462  0.4462671793263407  15.601213204528653  15.601213204528653  1.0  0.448  0.542  0.01  0.433  0.567  0.433  0.567
0  2.5  1.75  0.01  0.01  -0.17043920816543026  0.11776674837737999  0.4622189367183498  15.633897598575148  15.633897598575148  1.0  0.45  0.54  0.01  0.433  0.567  0.433  0.567
0  2.5  1.75  0.01  0.01  -0.15351046018473  0.0890344806929923  0.3700671496647219  15.580412611262123  15.580412611262123  1.0  0.451  0.539  0.01  0.433  0.567  0.433  0.567
0  2.5  1.75  0.01  0.01  -0.10950091510011618  -0.05734132604393935  0.897647521638842  17.8989463819413  17.8989463819413  1.0  0.439  0.551  0.01  0.433  0.567  0.433  0.567
1  2.5  1.75  0.01  0.01  -0.06852191341725053  0.020630989766133645  0.5416337220677391  16.24559308654581  16.24559308654581  1.0  0.471  0.518  0.011  0.467  0.533  0.467  0.533
1  2.5  1.75  0.01  0.01  -0.021718523982003576  -0.09557453979203237  0.519250727130885  16.010652554977508  16.010652554977508  1.0  0.466  0.523  0.011  0.467  0.533  0.467  0.533
1  2.5  1.75  0.01  0.01  -0.03632796048030259  -0.07198685302047256  0.6366280969804186  17.02106570961923  17.02106570961923  1.0  0.466  0.523  0.011  0.467  0.533  0.467  0.533
1  2.5  1.75  0.01  0.01  -0.06865323906092342  0.022989521642956673  0.5458763795354472  16.264371645136315  16.264371645136315  1.0  0.471  0.519  0.011  0.467  0.533  0.467  0.533
1  2.5  1.75  0.01  0.01  0.011493787978007946  -0.1804882243642351  0.43914954747532786  15.463944743675555  15.463944743675555  1.0  0.463  0.526  0.011  0.467  0.533  0.467  0.533
1  2.5  1.75  0.01  0.01  -0.14293373024436404  0.14536664161604163  0.8879857894394765  19.987311288631656  19.987311288631656  1.0  0.467  0.523  0.01  0.467  0.533  0.467  0.533
1  2.5  1.75  0.01  0.01  -0.028584537904966106  -0.0803142221210921  0.6472398748045837  17.231000919103824  17.231000919103824  1.0  0.467  0.522  0.011  0.467  0.533  0.467  0.533
1  2.5  1.75  0.01  0.01  -0.09236008204305689  0.06477294743229589  0.750260828884057  18.24697793851877  18.24697793851877  1.0  0.469  0.52  0.011  0.467  0.533  0.467  0.533
1  2.5  1.75  0.01  0.01  0.008077887334177523  -0.17698301135312933  0.4980377039072388  15.771852393380014  15.771852393380014  1.0  0.462  0.527  0.011  0.467  0.533  0.467  0.533
1  2.5  1.75  0.01  0.01  -0.02328687007002344  -0.08739311345988927  0.5716205914516074  16.652447091415592  16.652447091415592  1.0  0.467  0.522  0.011  0.467  0.533  0.467  0.533
1  2.5  1.75  0.01  0.01  -0.07071694817324581  0.023918254097563846  0.6196159053634752  16.770669316606032  16.770669316606032  1.0  0.47  0.519  0.011  0.467  0.533  0.467  0.533
1  2.5  1.75  0.01  0.01  -0.02384831398589005  -0.08823131138971206  0.630166567466708  16.824481948638  16.824481948638  1.0  0.467  0.522  0.011  0.467  0.533  0.467  0.533
1  2.5  1.75  0.01  0.01  -0.12017142088049237  0.15292935513148748  0.40801416493574416  15.424953203929682  15.424953203929682  1.0  0.476  0.513  0.01  0.467  0.533  0.467  0.533
1  2.5  1.75  0.01  0.01  -0.00460709142671534  -0.1434907605246167  0.4243131683530894  15.445270274696794  15.445270274696794  1.0  0.465  0.524  0.011  0.467  0.533  0.467  0.533
1  2.5  1.75  0.01  0.01  -0.07970779128444104  0.03601222780572333  0.6344474736663873  16.83798701956685  16.83798701956685  1.0  0.47  0.519  0.011  0.467  0.533  0.467  0.533
1  2.5  1.75  0.01  0.01  -0.030350934250301786  -0.08175452454835704  0.7471385932455279  18.25052191334374  18.25052191334374  1.0  0.466  0.523  0.011  0.467  0.533  0.467  0.533
1  2.5  1.75  0.01  0.01  -0.03307269099314226  -0.10228509335694157  0.9288726815280105  20.429128084509554  20.429128084509554  1.0  0.461  0.528  0.011  0.467  0.533  0.467  0.533
1  2.5  1.75  0.01  0.01  0.0018371776973773817  -0.1481088153198713  0.5870211677307898  16.69502035470884  16.69502035470884  1.0  0.466  0.524  0.011  0.467  0.533  0.467  0.533
1  2.5  1.75  0.01  0.01  0.01884730502383236  -0.18739483991919062  0.5406254135658294  16.265891005397407  16.265891005397407  1.0  0.464  0.525  0.011  0.467  0.533  0.467  0.533
1  2.5  1.75  0.01  0.01  -0.034550839397035515  -0.09313447079595703  0.7949682650449533  18.803287786335254  18.803287786335254  1.0  0.463  0.527  0.011  0.467  0.533  0.467  0.533
1  2.5  1.75  0.01  0.01  0.005592297992435436  -0.15239333137517336  0.5581967836621191  16.485804788066588  16.485804788066588  1.0  0.467  0.522  0.011  0.467  0.533  0.467  0.533
1  2.5  1.75  0.01  0.01  -0.08170004360107663  0.04591572477693423  0.5687689562185849  16.64591678082417  16.64591678082417  1.0  0.472  0.518  0.011  0.467  0.533  0.467  0.533
1  2.5  1.75  0.01  0.01  -0.1252232244581001  0.15781942539933275  0.43133700888870674  15.450328770308  15.450328770308  1.0  0.476  0.514  0.01  0.467  0.533  0.467  0.533
1  2.5  1.75  0.01  0.01  -0.036254146853387556  -0.06361336017783312  0.3910951388664761  15.415043055575747  15.415043055575747  1.0  0.468  0.521  0.011  0.467  0.533  0.467  0.533
1  2.5  1.75  0.01  0.01  -0.10219936760980075  0.08564523529852885  0.660871490472157  17.2655675508285  17.2655675508285  1.0  0.471  0.518  0.011  0.467  0.533  0.467  0.533
1  2.5  1.75  0.01  0.01  -0.06741819426265984  0.013022926869916462  0.6539248860949244  17.240718432397763  17.240718432397763  1.0  0.469  0.52  0.011  0.467  0.533  0.467  0.533
1  2.5  1.75  0.01  0.01  -0.07030631448906247  -0.016506572242504458  0.9272588349720399  20.416179890669063  20.416179890669063  1.0  0.462  0.527  0.011  0.467  0.533  0.467  0.533
1  2.5  1.75  0.01  0.01  -0.0347800385932351  -0.07215241039804829  0.7473562193572667  18.249381729266986  18.249381729266986  1.0  0.467  0.523  0.011  0.467  0.533  0.467  0.533
1  2.5  1.75  0.01  0.01  -0.10248147424910686  0.10112132968098486  0.46322763797977135  15.511102951725142  15.511102951725142  1.0  0.473  0.516  0.011  0.467  0.533  0.467  0.533
1  2.5  1.75  0.01  0.01  -0.010997558610118648  -0.1206270005190397  0.6277407482756767  16.825154085821154  16.825154085821154  1.0  0.466  0.523  0.011  0.467  0.533  0.467  0.533
0  2.5  1.75  0.01  0.01  -0.13656878407406423  0.905645624624715  17.942767247875917  17.942767247875917  1.0  0.44  0.55  0.01  0.433  0.567  0.433  0.567
0  2.5  1.75  0.01  0.01  -0.13173160803224365  0.9647032392570589  18.961353706118523  18.961353706118523  1.0  0.442  0.548  0.01  0.433  0.567  0.433  0.567
0  2.5  1.75  0.01  0.01  -0.12066792732456363  0.383907608861817  15.57202343783993  15.57202343783993  1.0  0.446  0.544  0.01  0.433  0.567  0.433  0.567
0  2.5  1.75  0.01  0.01  -0.13643377288924075  0.9031682580877316  17.924734096222902  17.924734096222902  1.0  0.44  0.55  0.01  0.433  0.567  0.433  0.567
0  2.5  1.75  0.01  0.01  -0.12173797949106675  0.5571503597456968  16.47614934049937  16.47614934049937  1.0  0.446  0.544  0.01  0.433  0.567  0.433  0.567
0  2.5  1.75  0.01  0.01  -0.13467173097845606  0.8737782549978295  17.831553962074604  17.831553962074604  1.0  0.44  0.549  0.01  0.433  0.567  0.433  0.567
0  2.5  1.75  0.01  0.01  -0.12381949355171602  0.6002627303728615  16.456608368917752  16.456608368917752  1.0  0.445  0.545  0.01  0.433  0.567  0.433  0.567
0  2.5  1.75  0.01  0.01  -0.13907091226961835  0.945510110336196  18.52894559291912  18.52894559291912  1.0  0.439  0.551  0.01  0.433  0.567  0.433  0.567
0  2.5  1.75  0.01  0.01  -0.12586946928974022  0.6417338062583904  16.45261252196157  16.45261252196157  1.0  0.444  0.546  0.01  0.433  0.567  0.433  0.567
0  2.5  1.75  0.01  0.01  -0.12177138696914414  0.41077814289302517  15.573090803117854  15.573090803117854  1.0  0.446  0.544  0.01  0.433  0.567  0.433  0.567
0  2.5  1.75  0.01  0.01  -0.12814132236730175  0.5391523919189273  16.105552834153798  16.105552834153798  1.0  0.443  0.547  0.01  0.433  0.567  0.433  0.567
0  2.5  1.75  0.01  0.01  -0.1256664758828979  0.636761846339884  16.452580477655076  16.452580477655076  1.0  0.444  0.546  0.01  0.433  0.567  0.433  0.567
0  2.5  1.75  0.01  0.01  -0.12319764119498079  0.5878127640119393  16.46241148201855  16.46241148201855  1.0  0.445  0.545  0.01  0.433  0.567  0.433  0.567
0  2.5  1.75  0.01  0.01  -0.12858998690506313  0.983039997865729  19.212249170436834  19.212249170436834  1.0  0.443  0.547  0.01  0.433  0.567  0.433  0.567
0  2.5  1.75  0.01  0.01  -0.1206312401039396  0.3864703752981251  15.571973366266032  15.571973366266032  1.0  0.446  0.544  0.01  0.433  0.567  0.433  0.567
0  2.5  1.75  0.01  0.01  -0.12034224604091404  0.377745274284072  15.572626810672062  15.572626810672062  1.0  0.446  0.543  0.01  0.433  0.567  0.433  0.567
0  2.5  1.75  0.01  0.01  -0.13682353815989753  0.8413730021308881  17.58000487859054  17.58000487859054  1.0  0.44  0.55  0.01  0.433  0.567  0.433  0.567
0  2.5  1.75  0.01  0.01  -0.13178000021501493  0.9665492364533192  18.98141531334199  18.98141531334199  1.0  0.442  0.548  0.01  0.433  0.567  0.433  0.567
0  2.5  1.75  0.01  0.01  -0.13031487028691027  0.7266686193780255  16.519213214163134  16.519213214163134  1.0  0.442  0.547  0.01  0.433  0.567  0.433  0.567
0  2.5  1.75  0.01  0.01  -0.12235905874710677  0.49629923087746447  15.858313807640416  15.858313807640416  1.0  0.445  0.544  0.01  0.433  0.567  0.433  0.567
0  2.5  1.75  0.01  0.01  -0.13308765114406015  0.7768577381709635  16.68427933275494  16.68427933275494  1.0  0.441  0.549  0.01  0.433  0.567  0.433  0.567
0  2.5  1.75  0.01  0.01  -0.12983784740853177  0.717868480002813  16.50560953076803  16.50560953076803  1.0  0.442  0.547  0.01  0.433  0.567  0.433  0.567
0  2.5  1.75  0.01  0.01  -0.1378008680977235  0.9269950517437874  18.062519476029806  18.062519476029806  1.0  0.439  0.55  0.01  0.433  0.567  0.433  0.567
0  2.5  1.75  0.01  0.01  -0.12507092154302213  0.6250444504821441  16.451983898314907  16.451983898314907  1.0  0.444  0.545  0.01  0.433  0.567  0.433  0.567
0  2.5  1.75  0.01  0.01  -0.12711503821320652  0.6650448641615622  16.456637705479977  16.456637705479977  1.0  0.443  0.546  0.01  0.433  0.567  0.433  0.567
0  2.5  1.75  0.01  0.01  -0.1353137221437447  0.884950858836744  17.86549314917407  17.86549314917407  1.0  0.44  0.549  0.01  0.433  0.567  0.433  0.567
0  2.5  1.75  0.01  0.01  -0.1305329682447909  0.7309136764528678  16.522120159369344  16.522120159369344  1.0  0.442  0.548  0.01  0.433  0.567  0.433  0.567
0  2.5  1.75  0.01  0.01  -0.1304799142033522  0.7308229167030288  16.522120160958405  16.522120160958405  1.0  0.442  0.547  0.01  0.433  0.567  0.433  0.567
0  2.5  1.75  0.01  0.01  -0.12936808554954973  0.7097851842018117  16.49111322966588  16.49111322966588  1.0  0.443  0.547  0.01  0.433  0.567  0.433  0.567
0  2.5  1.75  0.01  0.01  -0.13749462446737426  0.853364829515352  17.610213331831524  17.610213331831524  1.0  0.439  0.55  0.01  0.433  0.567  0.433  0.567
1  2.5  1.75  0.01  0.01  -0.06641880962114512  0.5108070596395381  15.80753570884732  15.80753570884732  1.0  0.468  0.522  0.011  0.467  0.533  0.467  0.533
1  2.5  1.75  0.01  0.01  -0.06019779220175702  0.5418655541482744  16.24628820026078  16.24628820026078  1.0  0.47  0.519  0.011  0.467  0.533  0.467  0.533
1  2.5  1.75  0.01  0.01  -0.06002923327605895  0.5343030553630783  16.226708531382236  16.226708531382236  1.0  0.47  0.519  0.011  0.467  0.533  0.467  0.533
1  2.5  1.75  0.01  0.01  -0.07074977155847123  0.785067304574025  18.593946216625476  18.593946216625476  1.0  0.466  0.523  0.011  0.467  0.533  0.467  0.533
1  2.5  1.75  0.01  0.01  -0.06005336536015511  0.5345006808172941  16.226708531699053  16.226708531699053  1.0  0.47  0.519  0.011  0.467  0.533  0.467  0.533
1  2.5  1.75  0.01  0.01  -0.059867570148248  0.38557614281941155  15.410723301272377  15.410723301272377  1.0  0.47  0.519  0.011  0.467  0.533  0.467  0.533
1  2.5  1.75  0.01  0.01  -0.07957950638833017  0.9257990359695036  20.407432117466048  20.407432117466048  1.0  0.462  0.527  0.011  0.467  0.533  0.467  0.533
1  2.5  1.75  0.01  0.01  -0.07520415525463307  0.9201911374450511  20.222782822842067  20.222782822842067  1.0  0.464  0.525  0.011  0.467  0.533  0.467  0.533
1  2.5  1.75  0.01  0.01  -0.05968723647099978  0.37715718980906743  15.408402343611952  15.408402343611952  1.0  0.471  0.519  0.011  0.467  0.533  0.467  0.533
1  2.5  1.75  0.01  0.01  -0.05965760098965872  0.37804761250530683  15.407727466555302  15.407727466555302  1.0  0.471  0.519  0.011  0.467  0.533  0.467  0.533
1  2.5  1.75  0.01  0.01  -0.06130624627012837  0.4418471297112609  15.459567801855233  15.459567801855233  1.0  0.47  0.52  0.011  0.467  0.533  0.467  0.533
1  2.5  1.75  0.01  0.01  -0.0738623111437578  0.8821885365834234  19.97326557136554  19.97326557136554  1.0  0.465  0.525  0.011  0.467  0.533  0.467  0.533
1  2.5  1.75  0.01  0.01  -0.06099078044849965  0.4324572121203502  15.448618094407703  15.448618094407703  1.0  0.47  0.519  0.011  0.467  0.533  0.467  0.533
1  2.5  1.75  0.01  0.01  -0.06211537668764804  0.47870999324182845  15.548452071735625  15.548452071735625  1.0  0.47  0.52  0.011  0.467  0.533  0.467  0.533
1  2.5  1.75  0.01  0.01  -0.06864666312853022  0.8443344449539043  19.67210898147653  19.67210898147653  1.0  0.467  0.523  0.011  0.467  0.533  0.467  0.533
1  2.5  1.75  0.01  0.01  -0.060565528083480626  0.696398230926931  17.904232178848645  17.904232178848645  1.0  0.47  0.519  0.011  0.467  0.533  0.467  0.533
1  2.5  1.75  0.01  0.01  -0.060607100521506765  0.70058781947804  17.913159266250968  17.913159266250968  1.0  0.47  0.519  0.011  0.467  0.533  0.467  0.533
1  2.5  1.75  0.01  0.01  -0.0633416475268619  0.663794591298934  17.2838010585428  17.2838010585428  1.0  0.469  0.52  0.011  0.467  0.533  0.467  0.533
1  2.5  1.75  0.01  0.01  -0.06063616878611644  0.4178336847086169  15.428997499376987  15.428997499376987  1.0  0.47  0.519  0.011  0.467  0.533  0.467  0.533
1  2.5  1.75  0.01  0.01  -0.07442548450036675  0.892247226602979  20.019010737730426  20.019010737730426  1.0  0.465  0.525  0.011  0.467  0.533  0.467  0.533
1  2.5  1.75  0.01  0.01  -0.07229498282731894  0.9566186821528416  21.559738889574213  21.559738889574213  1.0  0.465  0.524  0.011  0.467  0.533  0.467  0.533
1  2.5  1.75  0.01  0.01  -0.06175698396005338  0.6030958990921633  16.709017787877908  16.709017787877908  1.0  0.47  0.52  0.011  0.467  0.533  0.467  0.533
1  2.5  1.75  0.01  0.01  -0.06578779249751487  0.4884238608801547  15.741898711750611  15.741898711750611  1.0  0.468  0.521  0.011  0.467  0.533  0.467  0.533
1  2.5  1.75  0.01  0.01  -0.06328367057507067  0.5274665674535141  16.04660705484084  16.04660705484084  1.0  0.469  0.52  0.011  0.467  0.533  0.467  0.533
1  2.5  1.75  0.01  0.01  -0.06309402577838003  0.5153609470987649  15.999164577078574  15.999164577078574  1.0  0.469  0.52  0.011  0.467  0.533  0.467  0.533
1  2.5  1.75  0.01  0.01  -0.061565521277481355  0.45604025119605146  15.48597432874065  15.48597432874065  1.0  0.47  0.52  0.011  0.467  0.533  0.467  0.533
1  2.5  1.75  0.01  0.01  -0.060428845780896134  0.6930278620274789  17.89482489293404  17.89482489293404  1.0  0.47  0.519  0.011  0.467  0.533  0.467  0.533
1  2.5  1.75  0.01  0.01  -0.07060145309520721  0.7807094180338198  18.578828069802714  18.578828069802714  1.0  0.466  0.523  0.011  0.467  0.533  0.467  0.533
1  2.5  1.75  0.01  0.01  -0.060772199462359754  0.4230352058548671  15.436769045476701  15.436769045476701  1.0  0.47  0.519  0.011  0.467  0.533  0.467  0.533
1  2.5  1.75  0.01  0.01  -0.07245355541300537  0.9625928690669023  21.567545545639867  21.567545545639867  1.0  0.465  0.524  0.011  0.467  0.533  0.467  0.533
0  2.5  1.75  0.01  0.01  -0.11782691072440152  0.016976954475788203  14.805126978857672  14.805126978857672  1.0  0.451  0.538  0.01  0.433  0.567  0.433  0.567
0  2.5  1.75  0.01  0.01  -0.12783353986179358  0.04637384238575129  14.806161212869592  14.806161212869592  1.0  0.453  0.537  0.01  0.433  0.567  0.433  0.567
0  2.5  1.75  0.01  0.01  -0.13447126962527925  0.06934013653653764  14.807157886441301  14.807157886441301  1.0  0.454  0.535  0.01  0.433  0.567  0.433  0.567
0  2.5  1.75  0.01  0.01  -0.17421837255658887  0.18777982839851964  14.818313636463492  14.818313636463492  1.0  0.462  0.527  0.01  0.433  0.567  0.433  0.567
0  2.5  1.75  0.01  0.01  -0.1510692166582992  0.11866210137299443  14.81072595034359  14.81072595034359  1.0  0.458  0.532  0.01  0.433  0.567  0.433  0.567
0  2.5  1.75  0.01  0.01  -0.16426208606385267  0.1592868328192491  14.814690298225267  14.814690298225267  1.0  0.46  0.529  0.01  0.433  0.567  0.433  0.567
0  2.5  1.75  0.01  0.01  -0.08145372778759483  -0.0892141915487521  14.806069166297016  14.806069166297016  1.0  0.444  0.546  0.011  0.433  0.567  0.433  0.567
0  2.5  1.75  0.01  0.01  -0.051611398700233437  -0.18419418981372127  14.812405372484072  14.812405372484072  1.0  0.438  0.551  0.011  0.433  0.567  0.433  0.567
0  2.5  1.75  0.01  0.01  -0.11127794993643758  0.0003355195315276338  14.804744618093544  14.804744618093544  1.0  0.45  0.54  0.01  0.433  0.567  0.433  0.567
0  2.5  1.75  0.01  0.01  -0.15103978905154555  0.11850862440416665  14.810725948719812  14.810725948719812  1.0  0.458  0.532  0.01  0.433  0.567  0.433  0.567
0  2.5  1.75  0.01  0.01  -0.09137733708331974  -0.06373757268603206  14.805073134528946  14.805073134528946  1.0  0.446  0.544  0.011  0.433  0.567  0.433  0.567
0  2.5  1.75  0.01  0.01  -0.14107640127270285  0.0861033800075694  14.808400462913033  14.808400462913033  1.0  0.456  0.534  0.01  0.433  0.567  0.433  0.567
0  2.5  1.75  0.01  0.01  -0.08145784536266445  -0.08531226313449661  14.80606916632104  14.80606916632104  1.0  0.444  0.546  0.011  0.433  0.567  0.433  0.567
0  2.5  1.75  0.01  0.01  -0.08144442965126346  -0.09422739675203898  14.806069166362867  14.806069166362867  1.0  0.444  0.546  0.011  0.433  0.567  0.433  0.567
0  2.5  1.75  0.01  0.01  -0.08478011727888768  -0.07755000358444142  14.805675409318374  14.805675409318374  1.0  0.445  0.545  0.011  0.433  0.567  0.433  0.567
0  2.5  1.75  0.01  0.01  -0.04830362805841895  -0.19279414381644494  14.813421422086002  14.813421422086002  1.0  0.437  0.552  0.011  0.433  0.567  0.433  0.567
0  2.5  1.75  0.01  0.01  -0.11458412791777359  0.008707131496602072  14.804905079147407  14.804905079147407  1.0  0.45  0.539  0.01  0.433  0.567  0.433  0.567
0  2.5  1.75  0.01  0.01  -0.08810452863830054  -0.06807964680034928  14.80534341923294  14.80534341923294  1.0  0.445  0.544  0.011  0.433  0.567  0.433  0.567
0  2.5  1.75  0.01  0.01  -0.15433498198526677  0.1339775650858181  14.811624382981156  14.811624382981156  1.0  0.458  0.531  0.01  0.433  0.567  0.433  0.567
0  2.5  1.75  0.01  0.01  -0.08145050049480582  -0.08744716429107405  14.806069166300635  14.806069166300635  1.0  0.444  0.546  0.011  0.433  0.567  0.433  0.567
0  2.5  1.75  0.01  0.01  -0.12451691830680074  0.03644639730116722  14.80575504009246  14.80575504009246  1.0  0.452  0.537  0.01  0.433  0.567  0.433  0.567
0  2.5  1.75  0.01  0.01  -0.11788183558389845  0.021602962735520093  14.805126974313193  14.805126974313193  1.0  0.451  0.538  0.01  0.433  0.567  0.433  0.567
0  2.5  1.75  0.01  0.01  -0.13121694172321383  0.062027231298652175  14.806628827753318  14.806628827753318  1.0  0.454  0.536  0.01  0.433  0.567  0.433  0.567
0  2.5  1.75  0.01  0.01  -0.1344615332823703  0.07430530804992375  14.807157886341656  14.807157886341656  1.0  0.454  0.535  0.01  0.433  0.567  0.433  0.567
0  2.5  1.75  0.01  0.01  -0.05817923702394094  -0.1608110449554316  14.810561251927577  14.810561251927577  1.0  0.439  0.55  0.011  0.433  0.567  0.433  0.567
0  2.5  1.75  0.01  0.01  -0.1576681831553887  0.1368177150157423  14.81258454344747  14.81258454344747  1.0  0.459  0.531  0.01  0.433  0.567  0.433  0.567
0  2.5  1.75  0.01  0.01  -0.11790324846221072  0.02058429735001105  14.805126974152001  14.805126974152001  1.0  0.451  0.538  0.01  0.433  0.567  0.433  0.567
0  2.5  1.75  0.01  0.01  -0.09470538327795702  -0.049742766317068116  14.80486450181833  14.80486450181833  1.0  0.447  0.543  0.011  0.433  0.567  0.433  0.567
0  2.5  1.75  0.01  0.01  -0.14770740023132345  0.11395775170252687  14.809889183283582  14.809889183283582  1.0  0.457  0.533  0.01  0.433  0.567  0.433  0.567
0  2.5  1.75  0.01  0.01  -0.15763626794054184  0.1366660305084057  14.812584543466569  14.812584543466569  1.0  0.459  0.531  0.01  0.433  0.567  0.433  0.567
1  2.5  1.75  0.01  0.01  -0.07168874300279869  0.03791148893345522  14.659575288642129  14.659575288642129  1.0  0.474  0.516  0.011  0.467  0.533  0.467  0.533
1  2.5  1.75  0.01  0.01  -0.08207295259671843  0.0677675842674525  14.660565439850377  14.660565439850377  1.0  0.475  0.514  0.011  0.467  0.533  0.467  0.533
1  2.5  1.75  0.01  0.01  -0.10642045054312749  0.1371024957346148  14.665039781602141  14.665039781602141  1.0  0.48  0.51  0.011  0.467  0.533  0.467  0.533
1  2.5  1.75  0.01  0.01  -0.04034792193091712  -0.04710935367207375  14.65993534972364  14.65993534972364  1.0  0.468  0.521  0.011  0.467  0.533  0.467  0.533
1  2.5  1.75  0.01  0.01  -0.012576727488575455  -0.13465005203167757  14.664456254235974  14.664456254235974  1.0  0.464  0.526  0.011  0.467  0.533  0.467  0.533
1  2.5  1.75  0.01  0.01  -0.07160620978916363  0.03560914571843102  14.65957528313947  14.65957528313947  1.0  0.474  0.516  0.011  0.467  0.533  0.467  0.533
1  2.5  1.75  0.01  0.01  -0.1236947590045956  0.18727722656712315  14.670099395388053  14.670099395388053  1.0  0.483  0.507  0.01  0.467  0.533  0.467  0.533
1  2.5  1.75  0.01  0.01  -0.11328257421463231  0.1626712449220346  14.666876567655237  14.666876567655237  1.0  0.481  0.509  0.01  0.467  0.533  0.467  0.533
1  2.5  1.75  0.01  0.01  -0.002163381302879662  -0.1582487737074162  14.667176242634316  14.667176242634316  1.0  0.462  0.527  0.011  0.467  0.533  0.467  0.533
1  2.5  1.75  0.01  0.01  -0.09244831471238117  0.0979600300461606  14.662111496090745  14.662111496090745  1.0  0.477  0.512  0.011  0.467  0.533  0.467  0.533
1  2.5  1.75  0.01  0.01  -0.002165589362066206  -0.15521652129695804  14.667176242643272  14.667176242643272  1.0  0.462  0.527  0.011  0.467  0.533  0.467  0.533
1  2.5  1.75  0.01  0.01  -0.06816011129320136  0.030032836161905163  14.659368627471151  14.659368627471151  1.0  0.473  0.516  0.011  0.467  0.533  0.467  0.533
1  2.5  1.75  0.01  0.01  -0.07508977957853398  0.05405394570349731  14.659843622039547  14.659843622039547  1.0  0.474  0.515  0.011  0.467  0.533  0.467  0.533
1  2.5  1.75  0.01  0.01  -0.09592775169483685  0.11332287185814666  14.66275057541453  14.66275057541453  1.0  0.478  0.512  0.011  0.467  0.533  0.467  0.533
1  2.5  1.75  0.01  0.01  -0.04730223531107503  -0.030233413387075803  14.659423583865179  14.659423583865179  1.0  0.47  0.52  0.011  0.467  0.533  0.467  0.533
1  2.5  1.75  0.01  0.01  -0.06458945371838935  0.020297417233343662  14.65922364435709  14.65922364435709  1.0  0.473  0.517  0.011  0.467  0.533  0.467  0.533
1  2.5  1.75  0.01  0.01  -0.12029334292110781  0.17830553736196453  14.668962647750522  14.668962647750522  1.0  0.482  0.508  0.01  0.467  0.533  0.467  0.533
1  2.5  1.75  0.01  0.01  -0.03694539943382144  -0.05577339836488557  14.660283850748948  14.660283850748948  1.0  0.468  0.522  0.011  0.467  0.533  0.467  0.533
1  2.5  1.75  0.01  0.01  -0.09601760494127862  0.11135882047268053  14.662750584376834  14.662750584376834  1.0  0.478  0.512  0.011  0.467  0.533  0.467  0.533
1  2.5  1.75  0.01  0.01  0.008257142095345333  -0.18645877513930165  14.670458581049964  14.670458581049964  1.0  0.46  0.529  0.011  0.467  0.533  0.467  0.533
1  2.5  1.75  0.01  0.01  -0.08206154551992566  0.0704654622952004  14.660565439045293  14.660565439045293  1.0  0.475  0.514  0.011  0.467  0.533  0.467  0.533
1  2.5  1.75  0.01  0.01  -0.03685352885635112  -0.06288162427609692  14.660283848580928  14.660283848580928  1.0  0.468  0.522  0.011  0.467  0.533  0.467  0.533
1  2.5  1.75  0.01  0.01  -0.11326662954952423  0.15892484335486312  14.666876567883493  14.666876567883493  1.0  0.481  0.509  0.01  0.467  0.533  0.467  0.533
1  2.5  1.75  0.01  0.01  -0.09588160043565708  0.10763460146332487  14.662750576713195  14.662750576713195  1.0  0.478  0.512  0.011  0.467  0.533  0.467  0.533
1  2.5  1.75  0.01  0.01  -0.07508481468273176  0.04834243780015965  14.659843622012032  14.659843622012032  1.0  0.474  0.515  0.011  0.467  0.533  0.467  0.533
1  2.5  1.75  0.01  0.01  -0.022999586056264402  -0.0995359554356024  14.66229619789734  14.66229619789734  1.0  0.465  0.524  0.011  0.467  0.533  0.467  0.533
1  2.5  1.75  0.01  0.01  -0.09939041409657974  0.12399225375082712  14.66345160613794  14.66345160613794  1.0  0.478  0.511  0.011  0.467  0.533  0.467  0.533
1  2.5  1.75  0.01  0.01  -0.009081018857513801  -0.1359006073400332  14.665300593517653  14.665300593517653  1.0  0.463  0.526  0.011  0.467  0.533  0.467  0.533
1  2.5  1.75  0.01  0.01  -0.09244373552404234  0.1004719835871637  14.662111496098584  14.662111496098584  1.0  0.477  0.512  0.011  0.467  0.533  0.467  0.533
1  2.5  1.75  0.01  0.01  -0.05075923184466822  -0.017355731821444065  14.659260260241794  14.659260260241794  1.0  0.47  0.519  0.011  0.467  0.533  0.467  0.533
0  2.5  1.75  0.01  0.01  [-0.1112475]  14.804744618546254  14.804744618546254  1.0  0.45  0.54  0.01  0.433  0.567  0.433  0.567
0  2.5  1.75  0.01  0.01  [-0.11130014]  14.804744618913222  14.804744618913222  1.0  0.45  0.54  0.01  0.433  0.567  0.433  0.567
0  2.5  1.75  0.01  0.01  [-0.11134128]  14.804744623005957  14.804744623005957  1.0  0.45  0.54  0.01  0.433  0.567  0.433  0.567
0  2.5  1.75  0.01  0.01  [-0.11126603]  14.80474461805257  14.80474461805257  1.0  0.45  0.54  0.01  0.433  0.567  0.433  0.567
0  2.5  1.75  0.01  0.01  [-0.1113483]  14.804744624035736  14.804744624035736  1.0  0.45  0.54  0.01  0.433  0.567  0.433  0.567
0  2.5  1.75  0.01  0.01  [-0.11135551]  14.80474462519758  14.80474462519758  1.0  0.45  0.54  0.01  0.433  0.567  0.433  0.567
0  2.5  1.75  0.01  0.01  [-0.11126497]  14.804744618063014  14.804744618063014  1.0  0.45  0.54  0.01  0.433  0.567  0.433  0.567
0  2.5  1.75  0.01  0.01  [-0.11128153]  14.804744618158457  14.804744618158457  1.0  0.45  0.54  0.01  0.433  0.567  0.433  0.567
0  2.5  1.75  0.01  0.01  [-0.1112163]  14.804744620909599  14.804744620909599  1.0  0.45  0.54  0.01  0.433  0.567  0.433  0.567
0  2.5  1.75  0.01  0.01  [-0.11126362]  14.804744618079711  14.804744618079711  1.0  0.45  0.54  0.01  0.433  0.567  0.433  0.567
0  2.5  1.75  0.01  0.01  [-0.11117418]  14.804744627136994  14.804744627136994  1.0  0.45  0.54  0.01  0.433  0.567  0.433  0.567
0  2.5  1.75  0.01  0.01  [-0.11134639]  14.804744623748132  14.804744623748132  1.0  0.45  0.54  0.01  0.433  0.567  0.433  0.567
0  2.5  1.75  0.01  0.01  [-0.11124553]  14.804744618638548  14.804744618638548  1.0  0.45  0.54  0.01  0.433  0.567  0.433  0.567
0  2.5  1.75  0.01  0.01  [-0.11124275]  14.804744618782053  14.804744618782053  1.0  0.45  0.54  0.01  0.433  0.567  0.433  0.567
0  2.5  1.75  0.01  0.01  [-0.11126258]  14.8047446180933  14.8047446180933  1.0  0.45  0.54  0.01  0.433  0.567  0.433  0.567
0  2.5  1.75  0.01  0.01  [-0.11127526]  14.804744618059123  14.804744618059123  1.0  0.45  0.54  0.01  0.433  0.567  0.433  0.567
0  2.5  1.75  0.01  0.01  [-0.11127453]  14.80474461805374  14.80474461805374  1.0  0.45  0.54  0.01  0.433  0.567  0.433  0.567
0  2.5  1.75  0.01  0.01  [-0.11120015]  14.804744622880527  14.804744622880527  1.0  0.45  0.54  0.01  0.433  0.567  0.433  0.567
0  2.5  1.75  0.01  0.01  [-0.11124333]  14.804744618751828  14.804744618751828  1.0  0.45  0.54  0.01  0.433  0.567  0.433  0.567
0  2.5  1.75  0.01  0.01  [-0.11122244]  14.804744620289483  14.804744620289483  1.0  0.45  0.54  0.01  0.433  0.567  0.433  0.567
0  2.5  1.75  0.01  0.01  [-0.11122601]  14.804744619966382  14.804744619966382  1.0  0.45  0.54  0.01  0.433  0.567  0.433  0.567
0  2.5  1.75  0.01  0.01  [-0.11126369]  14.80474461808042  14.80474461808042  1.0  0.45  0.54  0.01  0.433  0.567  0.433  0.567
0  2.5  1.75  0.01  0.01  [-0.11128821]  14.804744618350831  14.804744618350831  1.0  0.45  0.54  0.01  0.433  0.567  0.433  0.567
0  2.5  1.75  0.01  0.01  [-0.1111842]  14.80474462533706  14.80474462533706  1.0  0.45  0.54  0.01  0.433  0.567  0.433  0.567
0  2.5  1.75  0.01  0.01  [-0.11119857]  14.804744623101609  14.804744623101609  1.0  0.45  0.54  0.01  0.433  0.567  0.433  0.567
0  2.5  1.75  0.01  0.01  [-0.11133283]  14.804744621893182  14.804744621893182  1.0  0.45  0.54  0.01  0.433  0.567  0.433  0.567
0  2.5  1.75  0.01  0.01  [-0.11122037]  14.804744620489497  14.804744620489497  1.0  0.45  0.54  0.01  0.433  0.567  0.433  0.567
0  2.5  1.75  0.01  0.01  [-0.11127643]  14.804744618072009  14.804744618072009  1.0  0.45  0.54  0.01  0.433  0.567  0.433  0.567
0  2.5  1.75  0.01  0.01  [-0.11117338]  14.804744627286873  14.804744627286873  1.0  0.45  0.54  0.01  0.433  0.567  0.433  0.567
0  2.5  1.75  0.01  0.01  [-0.11125256]  14.804744618342184  14.804744618342184  1.0  0.45  0.54  0.01  0.433  0.567  0.433  0.567
1  2.5  1.75  0.01  0.01  [-0.05769893]  14.659118633558112  14.659118633558112  1.0  0.471  0.518  0.011  0.467  0.533  0.467  0.533
1  2.5  1.75  0.01  0.01  [-0.05762312]  14.659118642251551  14.659118642251551  1.0  0.471  0.518  0.011  0.467  0.533  0.467  0.533
1  2.5  1.75  0.01  0.01  [-0.05771685]  14.659118633080341  14.659118633080341  1.0  0.471  0.518  0.011  0.467  0.533  0.467  0.533
1  2.5  1.75  0.01  0.01  [-0.05772947]  14.659118633109859  14.659118633109859  1.0  0.471  0.518  0.011  0.467  0.533  0.467  0.533
1  2.5  1.75  0.01  0.01  [-0.05768104]  14.65911863463108  14.65911863463108  1.0  0.471  0.518  0.011  0.467  0.533  0.467  0.533
1  2.5  1.75  0.01  0.01  [-0.0577305]  14.659118633124988  14.659118633124988  1.0  0.471  0.518  0.011  0.467  0.533  0.467  0.533
1  2.5  1.75  0.01  0.01  [-0.05774988]  14.659118633787841  14.659118633787841  1.0  0.471  0.518  0.011  0.467  0.533  0.467  0.533
1  2.5  1.75  0.01  0.01  [-0.05770499]  14.65911863333148  14.65911863333148  1.0  0.471  0.518  0.011  0.467  0.533  0.467  0.533
1  2.5  1.75  0.01  0.01  [-0.05771446]  14.659118633110262  14.659118633110262  1.0  0.471  0.518  0.011  0.467  0.533  0.467  0.533
1  2.5  1.75  0.01  0.01  [-0.05772443]  14.659118633061926  14.659118633061926  1.0  0.471  0.518  0.011  0.467  0.533  0.467  0.533
1  2.5  1.75  0.01  0.01  [-0.05777309]  14.659118635511904  14.659118635511904  1.0  0.471  0.518  0.011  0.467  0.533  0.467  0.533
1  2.5  1.75  0.01  0.01  [-0.05763787]  14.659118639713009  14.659118639713009  1.0  0.471  0.518  0.011  0.467  0.533  0.467  0.533
1  2.5  1.75  0.01  0.01  [-0.05771517]  14.65911863309937  14.65911863309937  1.0  0.471  0.518  0.011  0.467  0.533  0.467  0.533
1  2.5  1.75  0.01  0.01  [-0.05773977]  14.659118633352682  14.659118633352682  1.0  0.471  0.518  0.011  0.467  0.533  0.467  0.533
1  2.5  1.75  0.01  0.01  [-0.05773666]  14.659118633258029  14.659118633258029  1.0  0.471  0.518  0.011  0.467  0.533  0.467  0.533
1  2.5  1.75  0.01  0.01  [-0.05771696]  14.659118633079562  14.659118633079562  1.0  0.471  0.518  0.011  0.467  0.533  0.467  0.533
1  2.5  1.75  0.01  0.01  [-0.05772151]  14.659118633058029  14.659118633058029  1.0  0.471  0.518  0.011  0.467  0.533  0.467  0.533
1  2.5  1.75  0.01  0.01  [-0.05767947]  14.659118634756164  14.659118634756164  1.0  0.471  0.518  0.011  0.467  0.533  0.467  0.533
1  2.5  1.75  0.01  0.01  [-0.05770832]  14.659118633231477  14.659118633231477  1.0  0.471  0.518  0.011  0.467  0.533  0.467  0.533
1  2.5  1.75  0.01  0.01  [-0.05770952]  14.659118633203825  14.659118633203825  1.0  0.471  0.518  0.011  0.467  0.533  0.467  0.533
1  2.5  1.75  0.01  0.01  [-0.05772034]  14.659118633057204  14.659118633057204  1.0  0.471  0.518  0.011  0.467  0.533  0.467  0.533
1  2.5  1.75  0.01  0.01  [-0.05770554]  14.659118633312248  14.659118633312248  1.0  0.471  0.518  0.011  0.467  0.533  0.467  0.533
1  2.5  1.75  0.01  0.01  [-0.05772166]  14.659118633054788  14.659118633054788  1.0  0.471  0.518  0.011  0.467  0.533  0.467  0.533
1  2.5  1.75  0.01  0.01  [-0.05775949]  14.65911863437958  14.65911863437958  1.0  0.471  0.518  0.011  0.467  0.533  0.467  0.533
1  2.5  1.75  0.01  0.01  [-0.05772273]  14.659118633057156  14.659118633057156  1.0  0.471  0.518  0.011  0.467  0.533  0.467  0.533
1  2.5  1.75  0.01  0.01  [-0.05777316]  14.65911863551918  14.65911863551918  1.0  0.471  0.518  0.011  0.467  0.533  0.467  0.533
1  2.5  1.75  0.01  0.01  [-0.05773217]  14.659118633153879  14.659118633153879  1.0  0.471  0.518  0.011  0.467  0.533  0.467  0.533
1  2.5  1.75  0.01  0.01  [-0.05772834]  14.65911863309212  14.65911863309212  1.0  0.471  0.518  0.011  0.467  0.533  0.467  0.533
1  2.5  1.75  0.01  0.01  [-0.05772221]  14.659118633055135  14.659118633055135  1.0  0.471  0.518  0.011  0.467  0.533  0.467  0.533
1  2.5  1.75  0.01  0.01  [-0.05766897]  14.659118635697657  14.659118635697657  1.0  0.471  0.518  0.011  0.467  0.533  0.467  0.533
