0  3.5  1.75  0.01  0.01  0.6719363714363495  0.10848267024914865  0.9938395130111755  14.064086588275982  14.064086588275982  1.0  0.782  0.155  0.063  0.833  0.167  0.833  0.167  True
0  3.5  1.75  0.01  0.01  0.6379533883530568  0.1538499316785178  0.570626354377578  13.811714871259166  13.811714871259166  1.0  0.773  0.161  0.066  0.844  0.156  0.844  0.156  True
0  3.5  1.75  0.01  0.01  0.7043727766341037  -0.041429454024824564  0.8535509987544839  13.841525323737331  13.841525323737331  1.0  0.779  0.16  0.062  0.844  0.156  0.844  0.156  True
0  3.5  1.75  0.01  0.01  0.6761752585624221  -0.0678029806041664  0.39064209746338874  13.915496284610192  13.915496284610192  1.0  0.764  0.171  0.065  0.844  0.156  0.844  0.156  True
0  3.5  1.75  0.01  0.01  0.6549446997806574  -0.003516036349123383  0.43078195770318795  13.936116689594346  13.936116689594346  1.0  0.764  0.17  0.066  0.856  0.144  0.856  0.144  True
0  3.5  1.75  0.01  0.01  0.6151469792352171  0.19195802918040464  0.49039988049578415  13.973057151991917  13.973057151991917  1.0  0.769  0.164  0.068  0.867  0.133  0.867  0.133  True
0  3.5  1.75  0.01  0.01  0.4998964385510951  0.4012937859612401  0.8733247599293652  13.867268411156196  13.867268411156196  1.0  0.745  0.18  0.075  0.811  0.189  0.811  0.189  True
0  3.5  1.75  0.01  0.01  0.6216510274501017  0.014427251476788642  0.4507272408898644  13.956809708286508  13.956809708286508  1.0  0.751  0.179  0.07  0.833  0.167  0.833  0.167  True
0  3.5  1.75  0.01  0.01  0.6801687966751273  0.03206415728466851  0.5504794432046253  13.834425882967043  13.834425882967043  1.0  0.777  0.16  0.063  0.856  0.144  0.856  0.144  True
0  3.5  1.75  0.01  0.01  0.5153399031659283  0.3643008508150519  0.3602609364292925  14.013532104863161  14.013532104863161  1.0  0.747  0.179  0.075  0.844  0.156  0.844  0.156  True
0  3.5  1.75  0.01  0.01  0.574212323097956  0.11084049359513679  0.5506197417208004  13.964899868899435  13.964899868899435  1.0  0.743  0.184  0.073  0.822  0.178  0.822  0.178  True
0  3.5  1.75  0.01  0.01  0.6886156888998773  0.1431203472382037  0.570046697020835  13.806476772641508  13.806476772641508  1.0  0.792  0.147  0.061  0.878  0.122  0.878  0.122  True
0  3.5  1.75  0.01  0.01  0.6481857170174443  0.05441439417767688  0.46049862681568005  13.874573536928533  13.874573536928533  1.0  0.766  0.167  0.066  0.844  0.156  0.844  0.156  True
0  3.5  1.75  0.01  0.01  0.5440768750036794  0.13464982237545023  0.3803535283331437  14.020912498561247  14.020912498561247  1.0  0.732  0.192  0.076  0.822  0.178  0.822  0.178  True
0  3.5  1.75  0.01  0.01  0.6750270206064899  0.16463232007280554  0.570312774842868  13.78024052029345  13.78024052029345  1.0  0.789  0.149  0.062  0.867  0.133  0.867  0.133  True
0  3.5  1.75  0.01  0.01  0.6749514151191732  -0.13272328992277227  0.4403479190114173  13.961998740672218  13.961998740672218  1.0  0.757  0.177  0.066  0.844  0.156  0.844  0.156  True
0  3.5  1.75  0.01  0.01  0.5081679036043765  0.4749268341572144  0.5902336742503143  13.87555255298196  13.87555255298196  1.0  0.756  0.17  0.073  0.833  0.167  0.833  0.167  True
0  3.5  1.75  0.01  0.01  0.7049039647244131  0.036253507592658434  0.863818530283926  13.809953992786525  13.809953992786525  1.0  0.787  0.152  0.061  0.856  0.144  0.856  0.144  True
0  3.5  1.75  0.01  0.01  0.6138686504788284  -0.06017149947540756  0.5306825469224616  13.927935711120941  13.927935711120941  1.0  0.74  0.189  0.071  0.811  0.189  0.811  0.189  True
0  3.5  1.75  0.01  0.01  0.5566993412574637  0.4547440156587579  0.5903220194781393  13.844229591684408  13.844229591684408  1.0  0.774  0.158  0.069  0.856  0.144  0.856  0.144  True
0  3.5  1.75  0.01  0.01  0.5700559135232263  0.2749584759888277  0.6000004716359494  13.886945497284927  13.886945497284927  1.0  0.759  0.17  0.071  0.833  0.167  0.833  0.167  True
0  3.5  1.75  0.01  0.01  0.569368468754482  0.08677760114140827  0.4508996069909109  14.00822849553163  14.00822849553163  1.0  0.738  0.188  0.074  0.822  0.178  0.822  0.178  True
0  3.5  1.75  0.01  0.01  0.6558074338936877  0.04337872161165707  0.4302933693323293  13.9927853487077  13.9927853487077  1.0  0.768  0.166  0.066  0.867  0.133  0.867  0.133  True
0  3.5  1.75  0.01  0.01  0.5247759651890989  0.31502120498146  0.8035987716395959  13.844727018865038  13.844727018865038  1.0  0.746  0.179  0.074  0.811  0.189  0.811  0.189  True
0  3.5  1.75  0.01  0.01  0.6774867883773745  0.20198892890642822  0.5703871204135893  13.751345643831058  13.751345643831058  1.0  0.794  0.145  0.061  0.867  0.133  0.867  0.133  True
0  3.5  1.75  0.01  0.01  0.7221691458773754  -0.1894786853088674  0.5108242508774858  13.886305661127835  13.886305661127835  1.0  0.769  0.169  0.062  0.844  0.156  0.844  0.156  True
0  3.5  1.75  0.01  0.01  0.573425024779789  0.291245286728591  0.5007206044331325  13.971543885405973  13.971543885405973  1.0  0.763  0.167  0.07  0.856  0.144  0.856  0.144  True
0  3.5  1.75  0.01  0.01  0.6709220783370087  -0.13962344839015822  0.4404927724415914  13.929237520489012  13.929237520489012  1.0  0.754  0.179  0.067  0.833  0.167  0.833  0.167  True
0  3.5  1.75  0.01  0.01  0.6059505906261535  0.22467634890772187  0.48038355600905547  13.906692969592045  13.906692969592045  1.0  0.768  0.164  0.068  0.856  0.144  0.856  0.144  True
0  3.5  1.75  0.01  0.01  0.7023847581406664  0.21660431321942505  0.9932796749959768  13.994781672551492  13.994781672551492  1.0  0.805  0.137  0.058  0.867  0.133  0.867  0.133  True
1  3.5  1.75  0.01  0.01  0.32903628591600254  0.16094592160395363  0.8275084107138283  14.104514381735676  14.104514381735676  1.0  0.636  0.269  0.095  0.701  0.299  0.701  0.299  True
1  3.5  1.75  0.01  0.01  0.44886845939032954  -0.3085434108706355  0.4334980076649367  14.237585996084379  14.237585996084379  1.0  0.632  0.279  0.09  0.708  0.292  0.708  0.292  True
1  3.5  1.75  0.01  0.01  0.3432359131888876  0.07451398490172384  0.48366505495147083  14.244546674713071  14.244546674713071  1.0  0.631  0.274  0.095  0.708  0.292  0.708  0.292  True
1  3.5  1.75  0.01  0.01  0.33605871696814515  0.13075655650047296  0.44340571262003503  14.2371286091903  14.2371286091903  1.0  0.635  0.27  0.095  0.715  0.285  0.715  0.285  True
1  3.5  1.75  0.01  0.01  0.43020413892153586  -0.10847316005989771  0.9571809868663617  14.105981286146735  14.105981286146735  1.0  0.649  0.261  0.09  0.701  0.299  0.701  0.299  True
1  3.5  1.75  0.01  0.01  0.4045170790059673  -0.13288854300191522  0.4537375498054225  14.202672365161789  14.202672365161789  1.0  0.634  0.274  0.092  0.708  0.292  0.708  0.292  True
1  3.5  1.75  0.01  0.01  0.40839746307156843  -0.1296915905715464  0.3834085476268054  14.203880090172825  14.203880090172825  1.0  0.636  0.272  0.092  0.715  0.285  0.715  0.285  True
1  3.5  1.75  0.01  0.01  0.4406416432221075  -0.005598153061664722  0.8675045725373857  14.004286867802053  14.004286867802053  1.0  0.668  0.245  0.088  0.722  0.278  0.722  0.278  True
1  3.5  1.75  0.01  0.01  0.3570113437243818  -0.019766788326338124  0.36342330175059206  14.264099763417486  14.264099763417486  1.0  0.626  0.28  0.095  0.708  0.292  0.708  0.292  True
1  3.5  1.75  0.01  0.01  0.3369045336336207  0.09776251270428912  0.4736592714446002  14.225858983678648  14.225858983678648  1.0  0.632  0.273  0.095  0.708  0.292  0.708  0.292  True
1  3.5  1.75  0.01  0.01  0.4257661282816562  -0.16895259102954302  0.4636361865850743  14.218391477459619  14.218391477459619  1.0  0.639  0.27  0.091  0.715  0.285  0.715  0.285  True
1  3.5  1.75  0.01  0.01  0.37176041182644637  -0.026273014169979833  0.4533530491867881  14.225042809522604  14.225042809522604  1.0  0.632  0.275  0.094  0.708  0.292  0.708  0.292  True
1  3.5  1.75  0.01  0.01  0.10272162977495014  0.4849990248214404  0.46364677909098284  14.265043494941438  14.265043494941438  1.0  0.567  0.329  0.104  0.722  0.278  0.722  0.278  True
1  3.5  1.75  0.01  0.01  0.32546600746622434  0.22125382290025986  0.4239915004963749  14.231747922571616  14.231747922571616  1.0  0.642  0.263  0.094  0.722  0.278  0.722  0.278  True
1  3.5  1.75  0.01  0.01  0.2853780356815737  0.29887621515676854  0.5036021662174988  14.2169052273193  14.2169052273193  1.0  0.633  0.27  0.096  0.708  0.292  0.708  0.292  True
1  3.5  1.75  0.01  0.01  0.3384290584591144  0.17245417973346394  0.47332591081502384  14.240076402024167  14.240076402024167  1.0  0.642  0.264  0.094  0.722  0.278  0.722  0.278  True
1  3.5  1.75  0.01  0.01  0.4053558150359233  0.011402732542079078  0.4733781449188525  14.164312405956254  14.164312405956254  1.0  0.653  0.256  0.09  0.729  0.271  0.729  0.271  True
1  3.5  1.75  0.01  0.01  0.3465309313533613  0.09269798023476758  0.3930073427099682  14.219033119444058  14.219033119444058  1.0  0.635  0.27  0.094  0.715  0.285  0.715  0.285  True
1  3.5  1.75  0.01  0.01  0.45492927048436455  -0.2749939352859131  0.8270029013257965  14.067753627176618  14.067753627176618  1.0  0.64  0.271  0.089  0.715  0.285  0.715  0.285  True
1  3.5  1.75  0.01  0.01  0.3568032672598242  -0.0699230916282959  0.47372645362727256  14.262738094692976  14.262738094692976  1.0  0.619  0.286  0.095  0.694  0.306  0.694  0.306  True
1  3.5  1.75  0.01  0.01  0.3215472621000166  0.21190610804777002  0.4932585048712618  14.211693295543414  14.211693295543414  1.0  0.639  0.266  0.095  0.715  0.285  0.715  0.285  True
1  3.5  1.75  0.01  0.01  0.3450063037485349  0.1712707755347363  0.4935681636992786  14.20621933473583  14.20621933473583  1.0  0.645  0.261  0.093  0.722  0.278  0.722  0.278  True
1  3.5  1.75  0.01  0.01  0.46544179594962004  -0.11332124139481195  0.8671948058891128  14.041226676488101  14.041226676488101  1.0  0.666  0.247  0.086  0.722  0.278  0.722  0.278  True
1  3.5  1.75  0.01  0.01  0.4270640368499299  -0.2334584721617433  0.4632844239892912  14.246072309822292  14.246072309822292  1.0  0.632  0.277  0.091  0.708  0.292  0.708  0.292  True
1  3.5  1.75  0.01  0.01  0.41954180581088707  -0.005924984479382098  0.8677848778545759  14.04022103970318  14.04022103970318  1.0  0.658  0.253  0.089  0.715  0.285  0.715  0.285  True
1  3.5  1.75  0.01  0.01  0.42012879837443495  -0.11151545097615218  0.9126512372454699  14.121758082999962  14.121758082999962  1.0  0.645  0.265  0.091  0.701  0.299  0.701  0.299  True
1  3.5  1.75  0.01  0.01  0.34967332440654086  0.1538276368322916  0.47314823031302533  14.197898848685806  14.197898848685806  1.0  0.645  0.262  0.093  0.722  0.278  0.722  0.278  True
1  3.5  1.75  0.01  0.01  0.4456131059680897  -0.1613006413578899  0.8376442350115971  14.0825811768776  14.0825811768776  1.0  0.65  0.261  0.089  0.708  0.292  0.708  0.292  True
1  3.5  1.75  0.01  0.01  0.4324471412239551  -0.12812861352197732  0.47359761673857054  14.18188371852907  14.18188371852907  1.0  0.648  0.262  0.09  0.722  0.278  0.722  0.278  True
1  3.5  1.75  0.01  0.01  0.3863960488188759  -0.0050001209446512394  0.4535820176773817  14.210820299247494  14.210820299247494  1.0  0.641  0.266  0.092  0.722  0.278  0.722  0.278  True
