0  3.5  1.75  0.01  0.01  0.30799002771307693  -0.003329750967693335  0.5201972014388603  14.339315973297456  14.339315973297456  1.0  0.604  0.298  0.098  0.675  0.325  0.675  0.325  True
0  3.5  1.75  0.01  0.01  0.3123578823538019  0.03596673189606958  0.5506584190146876  14.272187039990632  14.272187039990632  1.0  0.611  0.291  0.098  0.684  0.316  0.684  0.316  True
0  3.5  1.75  0.01  0.01  0.2259725942883023  0.11172958150739028  0.5404807718858973  14.343638179558049  14.343638179558049  1.0  0.577  0.32  0.103  0.649  0.351  0.649  0.351  True
0  3.5  1.75  0.01  0.01  0.31635435496535913  0.012638689612455796  0.4505865686941534  14.301242325987683  14.301242325987683  1.0  0.609  0.293  0.098  0.684  0.316  0.684  0.316  True
0  3.5  1.75  0.01  0.01  0.37050513602260515  -0.19851443946027114  0.4805804278157557  14.293458486406399  14.293458486406399  1.0  0.608  0.297  0.095  0.684  0.316  0.684  0.316  True
0  3.5  1.75  0.01  0.01  0.32162728915858346  -0.08683809507402329  0.44054196423103786  14.373825455448163  14.373825455448163  1.0  0.598  0.304  0.098  0.675  0.325  0.675  0.325  True
0  3.5  1.75  0.01  0.01  0.31380749075927017  0.08253428726944663  0.5006337455791872  14.30994398476496  14.30994398476496  1.0  0.618  0.285  0.097  0.693  0.307  0.693  0.307  True
0  3.5  1.75  0.01  0.01  0.2830566773367736  0.13923741164328118  0.5204726232801953  14.27786075918271  14.27786075918271  1.0  0.61  0.291  0.099  0.684  0.316  0.684  0.316  True
0  3.5  1.75  0.01  0.01  0.2430340304636613  0.21089450499847356  0.40035246902187593  14.307120428295496  14.307120428295496  1.0  0.6  0.3  0.1  0.675  0.325  0.675  0.325  True
0  3.5  1.75  0.01  0.01  0.3868531312125162  -0.23871364174950505  0.6006273452515881  14.29836965474458  14.29836965474458  1.0  0.61  0.295  0.094  0.675  0.325  0.675  0.325  True
0  3.5  1.75  0.01  0.01  0.2976494056146297  0.025386466568679822  0.45025891671075896  14.285953246076136  14.285953246076136  1.0  0.603  0.299  0.099  0.675  0.325  0.675  0.325  True
0  3.5  1.75  0.01  0.01  0.38299309180473484  -0.1452831333507945  0.5505077914576822  14.286445659448432  14.286445659448432  1.0  0.621  0.285  0.094  0.693  0.307  0.693  0.307  True
0  3.5  1.75  0.01  0.01  0.2882461353975254  0.0472973762067007  0.4604281135895567  14.329939040262003  14.329939040262003  1.0  0.601  0.3  0.099  0.675  0.325  0.675  0.325  True
0  3.5  1.75  0.01  0.01  0.37636217506903147  -0.23312906050190807  0.4002684129230482  14.328196003620585  14.328196003620585  1.0  0.606  0.298  0.095  0.684  0.316  0.684  0.316  True
0  3.5  1.75  0.01  0.01  0.06379005716494143  0.48499888453253565  0.4537712160923828  14.343329642584939  14.343329642584939  1.0  0.547  0.347  0.106  0.675  0.325  0.675  0.325  True
0  3.5  1.75  0.01  0.01  0.3315598972855989  0.005520156227129241  0.6603448289186029  14.284337174463921  14.284337174463921  1.0  0.617  0.287  0.096  0.684  0.316  0.684  0.316  True
0  3.5  1.75  0.01  0.01  0.27111181787336436  0.15711327630574246  0.43095251420564956  14.329199384970496  14.329199384970496  1.0  0.607  0.294  0.099  0.684  0.316  0.684  0.316  True
0  3.5  1.75  0.01  0.01  0.32348051467650807  -0.004951223657053234  0.5307043332757366  14.275602346603707  14.275602346603707  1.0  0.612  0.291  0.097  0.684  0.316  0.684  0.316  True
0  3.5  1.75  0.01  0.01  0.19484234913879284  0.4149799059255317  0.5809975359811018  14.264664612140987  14.264664612140987  1.0  0.603  0.296  0.101  0.684  0.316  0.684  0.316  True
0  3.5  1.75  0.01  0.01  0.3564534859595563  -0.18233098949252013  0.510628256144848  14.288288692075119  14.288288692075119  1.0  0.603  0.3  0.096  0.675  0.325  0.675  0.325  True
0  3.5  1.75  0.01  0.01  0.2605223877889894  0.2341572937995671  0.5406135942408621  14.255394587995765  14.255394587995765  1.0  0.611  0.29  0.099  0.684  0.316  0.684  0.316  True
0  3.5  1.75  0.01  0.01  0.47553823164460374  -0.3445936891079687  0.3608382410939674  14.250579943079435  14.250579943079435  1.0  0.641  0.272  0.088  0.719  0.281  0.719  0.281  True
0  3.5  1.75  0.01  0.01  0.3923534885357902  -0.12466840895213034  0.5407527999164938  14.230100599679483  14.230100599679483  1.0  0.63  0.278  0.093  0.702  0.298  0.702  0.298  True
0  3.5  1.75  0.01  0.01  0.22599246757279817  0.1648930104164555  0.49078712600957  14.364272987095843  14.364272987095843  1.0  0.584  0.314  0.102  0.658  0.342  0.658  0.342  True
0  3.5  1.75  0.01  0.01  0.3020753715937642  0.017631857240016043  0.5002141623890124  14.308387174911754  14.308387174911754  1.0  0.603  0.298  0.099  0.675  0.325  0.675  0.325  True
0  3.5  1.75  0.01  0.01  0.26180181109839906  0.08786581788673863  0.4704365265147138  14.330320372476109  14.330320372476109  1.0  0.593  0.307  0.101  0.667  0.333  0.667  0.333  True
0  3.5  1.75  0.01  0.01  0.33920011219558255  -0.10231116571042068  0.38030812156322846  14.352581512321905  14.352581512321905  1.0  0.606  0.297  0.097  0.684  0.316  0.684  0.316  True
0  3.5  1.75  0.01  0.01  0.34841167174444565  -0.1092709059119259  0.5106068084908645  14.291725916559859  14.291725916559859  1.0  0.609  0.295  0.096  0.684  0.316  0.684  0.316  True
0  3.5  1.75  0.01  0.01  0.36615489847632227  -0.3148506141132459  0.40076965120230995  14.365038280369696  14.365038280369696  1.0  0.59  0.313  0.096  0.667  0.333  0.667  0.333  True
0  3.5  1.75  0.01  0.01  0.2167546206166236  0.5349998199689431  0.6101163526591233  14.315238267728187  14.315238267728187  1.0  0.631  0.272  0.097  0.693  0.307  0.693  0.307  True
1  3.5  1.75  0.01  0.01  0.6879709415075992  -0.14104860510228434  0.4635587001428054  13.872488388549334  13.872488388549334  1.0  0.761  0.174  0.065  0.842  0.158  0.842  0.158  True
1  3.5  1.75  0.01  0.01  0.6271594755455447  0.03973718524638109  0.4839117268634084  13.86627764797732  13.86627764797732  1.0  0.757  0.175  0.069  0.833  0.167  0.833  0.167  True
1  3.5  1.75  0.01  0.01  0.64320813025065  -0.037454807420081004  0.49342747990218166  13.909993633435  13.909993633435  1.0  0.754  0.178  0.068  0.833  0.167  0.833  0.167  True
1  3.5  1.75  0.01  0.01  0.6666114162218597  0.2950482372080083  1.0024731442992358  13.579640146410183  13.579640146410183  1.0  0.8  0.14  0.06  0.842  0.158  0.842  0.158  True
1  3.5  1.75  0.01  0.01  0.6791832476706914  -0.01077034099480862  0.4832121269478116  13.827660505318097  13.827660505318097  1.0  0.772  0.164  0.064  0.85  0.15  0.85  0.15  True
1  3.5  1.75  0.01  0.01  0.8318422415556443  -0.11110011539378603  0.9304608539793986  13.570871547217333  13.570871547217333  1.0  0.818  0.132  0.05  0.858  0.142  0.858  0.142  True
1  3.5  1.75  0.01  0.01  0.6433700755784326  0.004616234109041349  0.4733143511387271  13.885546335600663  13.885546335600663  1.0  0.759  0.174  0.067  0.842  0.158  0.842  0.158  True
1  3.5  1.75  0.01  0.01  0.738829910914488  -0.12832972807902263  0.47348636642466063  13.776437493367727  13.776437493367727  1.0  0.782  0.158  0.06  0.858  0.142  0.858  0.142  True
1  3.5  1.75  0.01  0.01  0.6236910599409133  0.03189970274140424  0.47334698762387356  13.880987974716883  13.880987974716883  1.0  0.754  0.177  0.069  0.833  0.167  0.833  0.167  True
1  3.5  1.75  0.01  0.01  0.6505371285871422  -0.008066973684112678  0.48380018289181753  13.878405562607801  13.878405562607801  1.0  0.761  0.172  0.067  0.842  0.158  0.842  0.158  True
1  3.5  1.75  0.01  0.01  0.7046040833047148  0.22034538749244031  1.0025100427750602  13.613965548767188  13.613965548767188  1.0  0.806  0.136  0.058  0.858  0.142  0.858  0.142  True
1  3.5  1.75  0.01  0.01  0.605152667431361  0.04728422850035591  0.4832193215909778  13.937533275087942  13.937533275087942  1.0  0.749  0.181  0.071  0.833  0.167  0.833  0.167  True
1  3.5  1.75  0.01  0.01  0.6639735162432796  0.01010988932130637  0.473672913658009  13.846655750586562  13.846655750586562  1.0  0.768  0.166  0.065  0.85  0.15  0.85  0.15  True
1  3.5  1.75  0.01  0.01  0.6404602779433536  0.0014618201199569094  0.4733547100474708  13.857345860459986  13.857345860459986  1.0  0.758  0.175  0.068  0.833  0.167  0.833  0.167  True
1  3.5  1.75  0.01  0.01  0.7586187815493698  -0.014989008805967641  0.9626074907774697  13.64539553633251  13.64539553633251  1.0  0.802  0.142  0.056  0.85  0.15  0.85  0.15  True
1  3.5  1.75  0.01  0.01  0.7000255103897799  0.12105401280971217  0.9925219485423218  13.645159194847274  13.645159194847274  1.0  0.794  0.146  0.06  0.842  0.158  0.842  0.158  True
1  3.5  1.75  0.01  0.01  0.7748919250683046  -0.06138926145581766  0.9576227765989963  13.619721541235235  13.619721541235235  1.0  0.803  0.142  0.055  0.842  0.158  0.842  0.158  True
1  3.5  1.75  0.01  0.01  0.7674320616842754  -0.017547719858136766  0.9524408913650325  13.623414702092013  13.623414702092013  1.0  0.804  0.141  0.055  0.85  0.15  0.85  0.15  True
1  3.5  1.75  0.01  0.01  0.7023782901049341  -0.2838818209481827  0.45342490732463525  13.93454602293407  13.93454602293407  1.0  0.751  0.184  0.065  0.833  0.167  0.833  0.167  True
1  3.5  1.75  0.01  0.01  0.721920208322191  -0.013745833678957039  0.9423995944316274  13.677704453811335  13.677704453811335  1.0  0.789  0.152  0.06  0.833  0.167  0.833  0.167  True
1  3.5  1.75  0.01  0.01  0.07573689320986735  0.8349992419753396  0.533892993675058  14.123644713851501  14.123644713851501  1.0  0.604  0.296  0.1  0.833  0.167  0.833  0.167  True
1  3.5  1.75  0.01  0.01  0.6114802785118432  0.3126789963643688  1.002217492821506  13.676290892780537  13.676290892780537  1.0  0.78  0.154  0.066  0.833  0.167  0.833  0.167  True
1  3.5  1.75  0.01  0.01  0.880719427422358  -0.5649771219343067  0.4232647322535112  13.778007051935896  13.778007051935896  1.0  0.787  0.163  0.05  0.867  0.133  0.867  0.133  True
1  3.5  1.75  0.01  0.01  0.34809516741544877  0.52499978391267  0.4800008665398643  14.000590004660141  14.000590004660141  1.0  0.692  0.22  0.087  0.833  0.167  0.833  0.167  True
1  3.5  1.75  0.01  0.01  0.30505917478647876  0.9949968380472323  1.122066443504522  13.689487301130903  13.689487301130903  1.0  0.732  0.187  0.081  0.825  0.175  0.825  0.175  True
1  3.5  1.75  0.01  0.01  0.7859887944227382  -0.40499967745647325  0.8170161048926832  13.73907984054121  13.73907984054121  1.0  0.77  0.172  0.058  0.825  0.175  0.825  0.175  True
1  3.5  1.75  0.01  0.01  0.6383977257653215  0.0190673001406681  0.4733135476061746  13.884527180401196  13.884527180401196  1.0  0.759  0.173  0.068  0.842  0.158  0.842  0.158  True
1  3.5  1.75  0.01  0.01  0.6744851959516576  0.23988885072117838  1.0122866421151353  13.60971431059553  13.60971431059553  1.0  0.797  0.143  0.061  0.842  0.158  0.842  0.158  True
1  3.5  1.75  0.01  0.01  0.570351099044361  0.3549087930400198  0.6542867196261201  13.771946698759782  13.771946698759782  1.0  0.768  0.162  0.069  0.85  0.15  0.85  0.15  True
1  3.5  1.75  0.01  0.01  0.4440558588313408  0.8586243527952309  1.112046232162205  13.656339967391379  13.656339967391379  1.0  0.774  0.155  0.071  0.833  0.167  0.833  0.167  True
