0  5  2.5  0.01  0.01  0.23287955827697843  -0.0853096738988942  0.5224755361321144  19.357109447234656  14.33646920651855  1.0  0.581  0.415  0.005  0.446  0.554  0.625  0.375
0  5  2.5  0.01  0.01  0.24342928210133408  -0.18411882911913754  0.5060227531856284  18.519886825107918  14.545273880674072  1.0  0.576  0.419  0.005  0.45  0.55  0.562  0.438
0  5  2.5  0.01  0.01  0.11371679798377018  0.04743488029889273  0.8757860755317685  23.026370465897912  23.577607758644866  1.0  0.548  0.447  0.005  0.46  0.54  0.438  0.562
0  5  2.5  0.01  0.01  0.11015384146277205  -0.11026578963994478  0.5426204774072133  19.400387254326176  14.191892189402674  1.0  0.53  0.465  0.005  0.475  0.525  0.25  0.75
0  5  2.5  0.01  0.01  0.2039306638038587  -0.17024807339529288  0.4340208847020417  17.778488846012046  14.36369930026958  1.0  0.561  0.434  0.005  0.46  0.54  0.438  0.562
0  5  2.5  0.01  0.01  0.2940177247182837  -0.18407247015733097  1.2540150470021743  31.361037599368537  29.618077919669226  1.0  0.595  0.4  0.005  0.455  0.545  0.5  0.5
0  5  2.5  0.01  0.01  0.21442731147301722  0.07634663604431136  1.5300502894843866  37.49730037602609  45.36184976867757  1.0  0.59  0.405  0.005  0.455  0.545  0.5  0.5
0  5  2.5  0.01  0.01  0.07538089079770685  -0.0011182534381980747  1.6193278754766  43.17213587886925  37.183122563982835  1.0  0.527  0.467  0.005  0.455  0.545  0.5  0.5
0  5  2.5  0.01  0.01  0.23418542353228744  -0.16899213644949254  0.6701540370980968  19.749876066310186  14.228816406550408  1.0  0.573  0.422  0.005  0.455  0.545  0.5  0.5
0  5  2.5  0.01  0.01  0.19054003053613555  -0.09462708567130794  0.4442659627216896  17.818051033506144  14.252025765111851  1.0  0.564  0.431  0.005  0.455  0.545  0.5  0.5
0  5  2.5  0.01  0.01  0.18659902368758846  -0.15182802977061166  0.6402016293007193  19.037784965993595  21.719680825597848  1.0  0.557  0.439  0.005  0.465  0.535  0.375  0.625
0  5  2.5  0.01  0.01  0.22599909944252689  -0.029705361188651885  0.8283681322243084  22.831909177945015  16.316922080914626  1.0  0.584  0.411  0.005  0.446  0.554  0.625  0.375
0  5  2.5  0.01  0.01  0.15323557598849874  0.12370228665498278  0.8560209405479925  23.053294949569416  16.37096344816493  1.0  0.57  0.425  0.005  0.446  0.554  0.625  0.375
0  5  2.5  0.01  0.01  0.1405123127848178  -0.007303637155538167  0.46383130783043275  17.88312451637684  14.529342099590732  1.0  0.552  0.443  0.005  0.46  0.54  0.438  0.562
0  5  2.5  0.01  0.01  0.23162814223843614  0.05276311266514544  0.9261925271108059  24.13445262488083  22.100635857343654  1.0  0.594  0.401  0.005  0.446  0.554  0.625  0.375
0  5  2.5  0.01  0.01  0.19499163072110948  -0.09277205983129236  1.3553111370546325  31.803556157878923  37.86908249847039  1.0  0.566  0.429  0.005  0.46  0.54  0.438  0.562
0  5  2.5  0.01  0.01  0.26188342670403075  -0.19781268237733887  1.0681076768800468  27.210873382420804  37.99538131106769  1.0  0.581  0.414  0.005  0.455  0.545  0.5  0.5
0  5  2.5  0.01  0.01  0.23668118136301106  0.10778699036459116  1.4549144282949182  34.22671622747116  34.198123429949035  1.0  0.602  0.394  0.005  0.446  0.554  0.625  0.375
0  5  2.5  0.01  0.01  0.08551282483749577  0.12447196073849803  0.4526365956085563  17.62615175671293  17.0029156954555  1.0  0.543  0.452  0.005  0.46  0.54  0.438  0.562
0  5  2.5  0.01  0.01  0.12644948353410476  0.15651516935267645  0.5541247668965528  19.354182743293624  14.832901359794329  1.0  0.564  0.431  0.005  0.446  0.554  0.625  0.375
0  5  2.5  0.01  0.01  0.23732615480326685  -0.11873556297804165  0.49027981469143167  18.39248219152803  14.685113876942427  1.0  0.579  0.416  0.005  0.446  0.554  0.625  0.375
0  5  2.5  0.01  0.01  0.13140452543488823  -0.1695772175428173  1.4692181576479117  35.73144871974019  24.912194037912826  1.0  0.533  0.462  0.005  0.475  0.525  0.25  0.75
0  5  2.5  0.01  0.01  0.1161680023722617  0.09885636731419811  0.4732349676190593  17.929842737819637  14.606591282330516  1.0  0.554  0.441  0.005  0.455  0.545  0.5  0.5
0  5  2.5  0.01  0.01  0.22008358211134488  -0.10630355265048413  0.5669724565847749  19.382106442447725  14.966668308184472  1.0  0.574  0.422  0.005  0.45  0.55  0.562  0.438
0  5  2.5  0.01  0.01  0.16088909339488003  0.04494617781079352  0.4474887930210992  17.753702976969322  14.980246513055313  1.0  0.565  0.43  0.005  0.45  0.55  0.562  0.438
0  5  2.5  0.01  0.01  0.06991833778968985  0.12344927103646414  1.2430240201756397  30.0357414928057  40.431412489157125  1.0  0.537  0.458  0.005  0.46  0.54  0.438  0.562
0  5  2.5  0.01  0.01  0.0558038349485013  0.1936000396451552  0.39308750439034706  17.62456715964415  14.504586707884123  1.0  0.539  0.456  0.005  0.46  0.54  0.438  0.562
0  5  2.5  0.01  0.01  0.12600765298516223  0.14120240843304244  0.782783048175639  20.391831032699866  17.775908098386395  1.0  0.561  0.434  0.005  0.45  0.55  0.562  0.438
0  5  2.5  0.01  0.01  0.27036271777909004  -0.16960054890662996  0.7375856173537835  20.138564461696348  14.770376400578005  1.0  0.587  0.408  0.005  0.45  0.55  0.562  0.438
0  5  2.5  0.01  0.01  0.13955207418772975  -0.07927289219963712  0.6991940894068678  19.26525441542772  22.13174880662108  1.0  0.545  0.45  0.005  0.47  0.53  0.312  0.688
1  5  2.5  0.01  0.01  0.234163867654614  0.0439115629979448  1.2049677960356173  27.009287088534567  26.308018242561374  1.0  0.594  0.401  0.005  0.448  0.552  0.417  0.583
1  5  2.5  0.01  0.01  0.18833038171081481  0.019163033211834823  0.8904078750107363  22.54786810913309  13.998100181705617  1.0  0.574  0.421  0.005  0.453  0.547  0.333  0.667
1  5  2.5  0.01  0.01  0.3034546804130278  0.07230921154763137  1.5737958892726391  34.5392363551693  30.10717046015017  1.0  0.623  0.372  0.004  0.448  0.552  0.417  0.583
1  5  2.5  0.01  0.01  0.21547915600585898  -0.10377136687185394  0.40667408284187484  15.315178336295693  20.984919182836492  1.0  0.573  0.422  0.005  0.453  0.547  0.333  0.667
1  5  2.5  0.01  0.01  0.20310178887535546  -0.0639246149021794  0.37195536433258825  15.714200209124238  14.165278078712916  1.0  0.572  0.423  0.005  0.451  0.549  0.375  0.625
1  5  2.5  0.01  0.01  0.31546174299795365  -0.1306890002845659  0.5499035793127165  17.400004324932034  14.61544099248747  1.0  0.609  0.387  0.004  0.43  0.57  0.667  0.333
1  5  2.5  0.01  0.01  0.15859234594684912  0.13246551640734017  0.5276089904006368  16.556387138726624  14.472468193664122  1.0  0.573  0.422  0.005  0.448  0.552  0.417  0.583
1  5  2.5  0.01  0.01  0.32975423605263626  -0.04038282765525608  1.4949293582290306  32.029330002613285  19.75635736352768  1.0  0.623  0.373  0.004  0.445  0.555  0.458  0.542
1  5  2.5  0.01  0.01  0.2292870713691494  0.04520965535479582  0.8748896695148575  21.693932387547907  24.659446915313197  1.0  0.593  0.402  0.005  0.445  0.555  0.458  0.542
1  5  2.5  0.01  0.01  0.13481134098313097  0.079742034984576  0.4673086531248623  15.90303571058084  15.629560970873762  1.0  0.559  0.436  0.005  0.456  0.544  0.292  0.708
1  5  2.5  0.01  0.01  0.17220506080242332  0.0719060731318763  0.8736418816268027  22.06237096622822  19.37697508558715  1.0  0.573  0.422  0.005  0.451  0.549  0.375  0.625
1  5  2.5  0.01  0.01  0.40289812233375244  -0.19322410129288256  1.5271575426965724  32.369907088566876  30.897539391432492  1.0  0.635  0.36  0.004  0.453  0.547  0.333  0.667
1  5  2.5  0.01  0.01  0.16797207734000494  0.08554265321013321  0.6314855015243949  17.89771725489353  19.490672880761256  1.0  0.573  0.422  0.005  0.448  0.552  0.417  0.583
1  5  2.5  0.01  0.01  0.2682960131329253  0.04646828187428831  1.343115196329631  29.481324516490716  29.66767340357694  1.0  0.608  0.387  0.005  0.445  0.555  0.458  0.542
1  5  2.5  0.01  0.01  0.2586428817627467  0.09970575706315665  1.4730194295485606  30.684737631294116  35.86629368218991  1.0  0.609  0.386  0.005  0.451  0.549  0.375  0.625
1  5  2.5  0.01  0.01  0.23034494190861826  -0.05498187341587621  0.7433200214112838  20.19930562125231  15.027582833168287  1.0  0.584  0.412  0.005  0.448  0.552  0.417  0.583
1  5  2.5  0.01  0.01  0.26793053487730556  -0.07384136237848865  1.1246536772774864  26.785274798686896  14.196036338723152  1.0  0.596  0.399  0.005  0.445  0.555  0.458  0.542
1  5  2.5  0.01  0.01  0.1535081118015595  0.06853782769971395  0.537221990216214  16.857285606623552  14.727118880046314  1.0  0.565  0.43  0.005  0.453  0.547  0.333  0.667
1  5  2.5  0.01  0.01  0.1961465779258161  0.04320457223161775  0.5485646534385253  17.02310839756533  20.01537553772229  1.0  0.579  0.416  0.005  0.445  0.555  0.458  0.542
1  5  2.5  0.01  0.01  0.2672309786599043  -0.0965365786336867  0.7866992175660953  20.34385499589131  20.055099741795825  1.0  0.593  0.402  0.005  0.448  0.552  0.417  0.583
1  5  2.5  0.01  0.01  0.4252971258376303  -0.1551660277233753  1.2239110820492851  28.06882408550632  19.513968276544855  1.0  0.647  0.349  0.004  0.436  0.564  0.583  0.417
1  5  2.5  0.01  0.01  0.26356861282021893  -0.09588852145577641  0.8737412216388726  22.345358071127205  15.358101275206886  1.0  0.592  0.404  0.005  0.448  0.552  0.417  0.583
1  5  2.5  0.01  0.01  0.20919028086245042  0.009418432908427699  1.0855145906994146  25.227444280873506  29.522521905719184  1.0  0.581  0.414  0.005  0.445  0.555  0.458  0.542
1  5  2.5  0.01  0.01  0.16457572076584348  -0.016282288413448587  1.0889969579272056  25.20141681698392  29.92396318571215  1.0  0.561  0.434  0.005  0.462  0.538  0.208  0.792
1  5  2.5  0.01  0.01  0.24953342418800542  -0.08207972153033963  0.5700457184162155  17.946467569873374  14.648101658641808  1.0  0.588  0.407  0.005  0.442  0.558  0.5  0.5
1  5  2.5  0.01  0.01  0.3029647605421604  0.10646266858313974  1.620234509379561  35.54727823982663  34.79103434671176  1.0  0.627  0.369  0.004  0.445  0.555  0.458  0.542
1  5  2.5  0.01  0.01  0.3485298016602582  -0.024284926248045735  1.3229517420907213  29.463215930189964  25.047368062788497  1.0  0.632  0.364  0.004  0.445  0.555  0.458  0.542
1  5  2.5  0.01  0.01  0.22918634740388422  -0.05361077362368688  0.5278746195223314  16.491168736425838  15.579452457996657  1.0  0.583  0.412  0.005  0.448  0.552  0.417  0.583
1  5  2.5  0.01  0.01  0.18960383672974643  0.16577126183168672  0.5724345556108602  17.96429586939962  14.571650926478304  1.0  0.589  0.406  0.005  0.433  0.567  0.625  0.375
1  5  2.5  0.01  0.01  0.28092368585342864  0.02686671529511439  0.7414252435273511  19.832881314855534  20.103651355575924  1.0  0.611  0.385  0.005  0.427  0.573  0.708  0.292
---------------------------------------------------------------------------------------------------------------------------------- the following is the pure-gender condition
0  5  2.25  0.01  0.01  0.8927030876872096  -0.12500249707254896  0.47066383293038466  14.467893327379542  14.854976082073495  1.0  0.842  0.154  0.004  0.891  0.109  0.867  0.133
0  5  2.25  0.01  0.01  0.8616869530555525  0.004267406124487616  0.45113648629563385  14.504911876040172  14.905009172887508  1.0  0.843  0.153  0.004  0.891  0.109  0.867  0.133
0  5  2.25  0.01  0.01  0.9169642641524063  -0.057645208050712465  0.7009023392969836  14.361995072178162  14.659054514452198  1.0  0.853  0.143  0.004  0.891  0.109  0.867  0.133
0  5  2.25  0.01  0.01  1.0492241531437696  -0.11970318698137157  1.2125762566101617  14.035221313436598  14.314471925806727  1.0  0.88  0.118  0.002  0.891  0.109  0.867  0.133
0  5  2.25  0.01  0.01  0.8793399704567854  -0.09547704869527607  0.47236172890469447  14.499146296837656  14.778703708374668  1.0  0.841  0.155  0.004  0.891  0.109  0.867  0.133
0  5  2.25  0.01  0.01  0.8738317498501187  -0.07108277385084999  0.4414322673269532  14.501640782782397  14.876735961860225  1.0  0.841  0.155  0.004  0.891  0.109  0.867  0.133
0  5  2.25  0.01  0.01  0.9688829440235801  -0.10025286062760475  0.7273567577592497  14.293587954599184  14.776456965957903  1.0  0.863  0.134  0.003  0.913  0.087  0.8  0.2
0  5  2.25  0.01  0.01  0.8536078347285858  -0.06247527194900343  0.7454057248792121  14.473921693703339  14.203997961561777  1.0  0.837  0.159  0.004  0.87  0.13  0.933  0.067
0  5  2.25  0.01  0.01  0.9028478112131921  -0.052415099588696695  0.8149955584072853  14.320131787233839  14.501857476213448  1.0  0.85  0.146  0.004  0.87  0.13  0.933  0.067
0  5  2.25  0.01  0.01  0.8029875675354798  0.17681409149707022  0.4261950942729676  14.617609640408933  14.79179106322393  1.0  0.838  0.157  0.005  0.891  0.109  0.867  0.133
0  5  2.25  0.01  0.01  0.8694651286953609  -0.19906208003277498  0.535539812136308  14.496077500726312  14.54245453433511  1.0  0.832  0.164  0.004  0.87  0.13  0.933  0.067
0  5  2.25  0.01  0.01  0.9349281564639542  -0.044182663620132956  0.7073758213791055  14.29738293297921  14.861039668934586  1.0  0.859  0.138  0.003  0.891  0.109  0.867  0.133
0  5  2.25  0.01  0.01  1.1738244682716965  -0.1626840473953508  1.3465947417758766  13.81957461234491  14.646753579910932  1.0  0.902  0.097  0.001  0.913  0.087  0.8  0.2
0  5  2.25  0.01  0.01  0.9179809128397248  -0.02985407523002062  0.9185333397782104  14.27463411280832  14.395648067422488  1.0  0.855  0.141  0.004  0.87  0.13  0.933  0.067
0  5  2.25  0.01  0.01  1.038065210671865  -0.15753141777795876  1.0627868080839658  14.074077488927513  14.545197460963003  1.0  0.875  0.122  0.002  0.891  0.109  0.867  0.133
0  5  2.25  0.01  0.01  1.182156872234971  0.18399927748817307  1.642583600696185  13.687854215421233  14.610189230694521  1.0  0.919  0.08  0.001  0.913  0.087  0.8  0.2
0  5  2.25  0.01  0.01  0.88187358748527  0.04759691970744301  0.3836795846049434  14.496737057277452  15.162865106034761  1.0  0.851  0.145  0.004  0.913  0.087  0.8  0.2
0  5  2.25  0.01  0.01  0.9610717832362644  -0.1199333044597514  1.0843287004300048  14.203976122899682  14.115854774232764  1.0  0.86  0.137  0.003  0.87  0.13  0.933  0.067
0  5  2.25  0.01  0.01  1.0537712141438944  -0.17726460395010935  1.1710088053616237  14.055673634010198  14.307814282012249  1.0  0.878  0.12  0.002  0.891  0.109  0.867  0.133
0  5  2.25  0.01  0.01  0.9139531638083314  -0.009833726451224045  0.39926003619341494  14.419933466853655  15.316032405587917  1.0  0.856  0.141  0.004  0.913  0.087  0.8  0.2
0  5  2.25  0.01  0.01  0.9135564707015854  -0.0479114261137798  0.7539865781753152  14.360528650026538  14.533658983284907  1.0  0.853  0.143  0.004  0.891  0.109  0.867  0.133
0  5  2.25  0.01  0.01  0.9044730939948973  -0.068657656623544  0.41063084838779673  14.478935323258593  15.038015878902302  1.0  0.849  0.147  0.004  0.913  0.087  0.8  0.2
0  5  2.25  0.01  0.01  0.8886512116295558  0.10283434984982165  0.5297295950504988  14.45007903963179  14.984323648239828  1.0  0.856  0.14  0.004  0.913  0.087  0.8  0.2
0  5  2.25  0.01  0.01  1.0071661918762775  0.10915364189650012  1.364701637049386  14.04105710331886  14.101336867684283  1.0  0.884  0.114  0.003  0.891  0.109  0.867  0.133
0  5  2.25  0.01  0.01  0.9811301037427004  -0.16698393897605557  0.4040641620765795  14.35039197836497  15.401489815657774  1.0  0.862  0.135  0.003  0.935  0.065  0.733  0.267
0  5  2.25  0.01  0.01  1.2022361019923598  0.1685607182930191  1.5625168383129608  13.668383742022968  14.887153248987536  1.0  0.921  0.077  0.001  0.935  0.065  0.733  0.267
0  5  2.25  0.01  0.01  0.9151784839357737  -0.07287266922418587  0.47471569946121644  14.443393339181064  14.983920022785565  1.0  0.852  0.144  0.004  0.913  0.087  0.8  0.2
0  5  2.25  0.01  0.01  0.8998892637663222  0.026173518948820446  0.6881630582961329  14.370477646489867  14.74538154929034  1.0  0.855  0.142  0.004  0.891  0.109  0.867  0.133
0  5  2.25  0.01  0.01  0.9947909952261637  -3.588327471065744e-05  0.8999941249432466  14.177261935405484  14.792077233226694  1.0  0.875  0.122  0.003  0.913  0.087  0.8  0.2
0  5  2.25  0.01  0.01  0.9966236317516111  0.14776285844162962  1.2724937629160604  14.056773725470148  14.325889464569396  1.0  0.884  0.114  0.003  0.891  0.109  0.867  0.133
1  5  2.25  0.01  0.01  0.5075637797169879  -0.002843174046463115  1.5635409755104182  14.735764537334195  14.7651099607582  1.0  0.725  0.266  0.009  0.692  0.308  0.708  0.292
1  5  2.25  0.01  0.01  0.4079810272082592  0.18155928778870434  1.0805912884839644  14.905523091409357  15.013064485504877  1.0  0.7  0.289  0.011  0.692  0.308  0.708  0.292
1  5  2.25  0.01  0.01  0.35387320817301154  0.12147305590482155  0.6715706940469189  15.178358470537477  14.892329120631095  1.0  0.671  0.317  0.012  0.681  0.319  0.75  0.25
1  5  2.25  0.01  0.01  0.38920051831757335  0.10842203552453239  0.7941252602579587  15.095517770000711  14.90579425008413  1.0  0.686  0.303  0.011  0.692  0.308  0.708  0.292
1  5  2.25  0.01  0.01  0.40178706596494423  -0.15721116144684402  0.7094125908356379  15.096924951124338  14.99979677969867  1.0  0.667  0.322  0.011  0.67  0.33  0.792  0.208
1  5  2.25  0.01  0.01  0.35598446435546827  0.09579271101159781  0.6584767693715754  15.185420054343394  14.886940153688107  1.0  0.671  0.318  0.012  0.681  0.319  0.75  0.25
1  5  2.25  0.01  0.01  0.41640156244000637  0.15939270179224496  0.5657150732371856  15.116009749508864  15.405839391453547  1.0  0.702  0.288  0.011  0.714  0.286  0.625  0.375
1  5  2.25  0.01  0.01  0.555264778438638  -0.05367651448286456  1.5833683075779221  14.684101544592147  14.937861901253209  1.0  0.739  0.252  0.009  0.703  0.297  0.667  0.333
1  5  2.25  0.01  0.01  0.4884187178370786  -0.06403907597594749  1.0373887765460228  14.882569377645956  15.096403314176245  1.0  0.712  0.278  0.01  0.703  0.297  0.667  0.333
1  5  2.25  0.01  0.01  0.4770984490596659  -0.07891245569846005  1.152339104864915  14.871336947864016  14.891621381986354  1.0  0.706  0.284  0.01  0.692  0.308  0.708  0.292
1  5  2.25  0.01  0.01  0.437365629843085  -0.09673480330137273  0.7149902818621708  15.06117594074609  15.132080720063735  1.0  0.687  0.302  0.011  0.692  0.308  0.708  0.292
1  5  2.25  0.01  0.01  0.3843970816428371  -0.0785120263707507  0.4658374127385985  15.228810113061977  15.100410320663295  1.0  0.666  0.322  0.011  0.681  0.319  0.75  0.25
1  5  2.25  0.01  0.01  0.37272868115964447  0.1513017244134311  0.6442485217917338  15.150123012025835  15.073084855558463  1.0  0.682  0.306  0.011  0.692  0.308  0.708  0.292
1  5  2.25  0.01  0.01  0.5328332536984187  -0.1972764326609341  0.9848615701206164  14.900094470525893  15.107270180876109  1.0  0.718  0.273  0.009  0.714  0.286  0.625  0.375
1  5  2.25  0.01  0.01  0.41472223744140563  -0.1316165880702871  0.9931109980761978  14.994703582829791  14.75577914490716  1.0  0.675  0.314  0.011  0.67  0.33  0.792  0.208
1  5  2.25  0.01  0.01  0.41793507282758374  -0.13236033922125823  0.752606783922961  15.08809582817872  14.936572508998673  1.0  0.676  0.313  0.011  0.681  0.319  0.75  0.25
1  5  2.25  0.01  0.01  0.46126693278585906  -0.07837486538677446  0.45081031895531415  15.119135125030995  15.557871915485341  1.0  0.699  0.29  0.01  0.714  0.286  0.625  0.375
1  5  2.25  0.01  0.01  0.36347160880408735  0.18448097129555163  0.7758555420726392  15.03662289399951  15.210823273571203  1.0  0.681  0.307  0.011  0.681  0.319  0.75  0.25
1  5  2.25  0.01  0.01  0.3869864056840585  0.12870727826276102  0.5907583816437707  15.082450936141655  15.44727171076468  1.0  0.687  0.302  0.011  0.692  0.308  0.708  0.292
1  5  2.25  0.01  0.01  0.33260069357652466  0.19943979196815304  0.638397600862756  15.217798218016753  14.865171677524136  1.0  0.669  0.319  0.012  0.681  0.319  0.75  0.25
1  5  2.25  0.01  0.01  0.45081844853572073  0.16244740910727307  1.3581643165054242  14.76718156876764  14.97725447279396  1.0  0.716  0.274  0.01  0.692  0.308  0.708  0.292
1  5  2.25  0.01  0.01  0.4506864965372736  -0.07138954475148959  0.9333941830813959  14.96278421051079  15.013817859778513  1.0  0.696  0.294  0.01  0.692  0.308  0.708  0.292
1  5  2.25  0.01  0.01  0.5118781599247473  -0.04858599090268956  1.0456907522068053  14.862745303210298  15.165948117581133  1.0  0.722  0.268  0.009  0.714  0.286  0.625  0.375
1  5  2.25  0.01  0.01  0.3720512562553996  0.09928054090829852  0.6825301842661676  15.084079626209451  15.210640403374583  1.0  0.678  0.311  0.011  0.681  0.319  0.75  0.25
1  5  2.25  0.01  0.01  0.41386659468236003  -0.04813347906409565  0.3841754145157848  15.251529529954851  15.218923941687732  1.0  0.682  0.307  0.011  0.703  0.297  0.667  0.333
1  5  2.25  0.01  0.01  0.4468938298502444  -0.007999793209005013  0.7418341047330729  15.024101361335395  15.248329671622324  1.0  0.7  0.29  0.01  0.703  0.297  0.667  0.333
1  5  2.25  0.01  0.01  0.3634089380361082  0.18848333885716156  0.5097263005653315  15.159579873158856  15.384979294863902  1.0  0.682  0.307  0.011  0.692  0.308  0.708  0.292
1  5  2.25  0.01  0.01  0.41463468450515817  0.11112134845177213  0.39834029399897875  15.182714987682072  15.53209445126548  1.0  0.697  0.293  0.011  0.714  0.286  0.625  0.375
1  5  2.25  0.01  0.01  0.3391241576968704  0.03893089843818376  0.8018979287144656  15.10183737681991  14.860305929688385  1.0  0.658  0.33  0.012  0.659  0.341  0.833  0.167
1  5  2.25  0.01  0.01  0.3628970040691784  -0.016564593243034997  0.6907620428983545  15.160015082943863  14.859515473330218  1.0  0.663  0.326  0.012  0.67  0.33  0.792  0.208
--------------------------------------------------------------------------------------------------------------------------------------back to all gender dataset
