0  5  2.5  0.01  0.01  -0.15407005488422443  -0.09263132297561785  0.6486676976182084  15.055381299082422  15.055381299082422  1.0  0.428  0.568  0.005  0.428  0.572  0.428  0.572
0  5  2.5  0.01  0.01  -0.1774968346782543  -0.04555956937065875  0.9597522252584954  15.031445962505963  15.031445962505963  1.0  0.422  0.573  0.005  0.428  0.572  0.428  0.572
0  5  2.5  0.01  0.01  -0.31454066141936105  -0.06903190780598997  2.4740899257212083  30.274086877130422  30.274086877130422  1.0  0.368  0.627  0.004  0.428  0.572  0.428  0.572
0  5  2.5  0.01  0.01  -0.3041611211960999  -0.08655204182119336  2.683748573938918  35.711526211278176  35.711526211278176  1.0  0.37  0.625  0.004  0.428  0.572  0.428  0.572
0  5  2.5  0.01  0.01  -0.28127971651578515  0.1888315301701176  1.5765582528465958  17.595290714600246  17.595290714600246  1.0  0.406  0.59  0.005  0.428  0.572  0.428  0.572
0  5  2.5  0.01  0.01  -0.19217793401931998  -0.034445782682775705  1.072736217796136  15.215686748865485  15.215686748865485  1.0  0.419  0.577  0.005  0.428  0.572  0.428  0.572
0  5  2.5  0.01  0.01  -0.18972820742608903  -0.16156625989242884  1.6200988357180601  18.115434951000786  18.115434951000786  1.0  0.407  0.588  0.005  0.428  0.572  0.428  0.572
0  5  2.5  0.01  0.01  -0.201883303228425  0.1226402305220089  0.5675009145178745  15.079571593272723  15.079571593272723  1.0  0.43  0.566  0.005  0.428  0.572  0.428  0.572
0  5  2.5  0.01  0.01  -0.3368888447759349  0.05618638107656926  2.6268743199813316  34.47309964451852  34.47309964451852  1.0  0.372  0.623  0.004  0.428  0.572  0.428  0.572
0  5  2.5  0.01  0.01  -0.21116476751254676  0.09566855347430919  0.8481765473846546  15.00311670420555  15.00311670420555  1.0  0.424  0.571  0.005  0.428  0.572  0.428  0.572
0  5  2.5  0.01  0.01  -0.1834754336639501  -0.12046478880210426  1.4589461780074173  16.635587909269237  16.635587909269237  1.0  0.413  0.582  0.005  0.428  0.572  0.428  0.572
0  5  2.5  0.01  0.01  -0.30045656128326315  0.14273016861869536  2.096364870168762  23.566208331497723  23.566208331497723  1.0  0.394  0.602  0.005  0.428  0.572  0.428  0.572
0  5  2.5  0.01  0.01  -0.1844345782205046  -0.03411802193413557  0.9925579002788607  15.051917209914322  15.051917209914322  1.0  0.422  0.574  0.005  0.428  0.572  0.428  0.572
0  5  2.5  0.01  0.01  -0.15747448537943368  -0.0999098277693245  0.7891091062982172  15.017471619953689  15.017471619953689  1.0  0.425  0.57  0.005  0.428  0.572  0.428  0.572
0  5  2.5  0.01  0.01  -0.2260274966205716  0.17766541089701948  0.7487834339767817  15.015871080149823  15.015871080149823  1.0  0.426  0.569  0.005  0.428  0.572  0.428  0.572
0  5  2.5  0.01  0.01  -0.2035265479337844  -0.019816522866507424  1.3008397824653795  15.898951278569209  15.898951278569209  1.0  0.415  0.58  0.005  0.428  0.572  0.428  0.572
0  5  2.5  0.01  0.01  -0.15984284494118478  -0.045511268584425835  0.5383870666327845  15.097495857025164  15.097495857025164  1.0  0.429  0.566  0.005  0.428  0.572  0.428  0.572
0  5  2.5  0.01  0.01  -0.16891205956599287  -0.01772222750386479  0.5837156385815754  15.077207576847073  15.077207576847073  1.0  0.429  0.566  0.005  0.428  0.572  0.428  0.572
0  5  2.5  0.01  0.01  -0.17715948049533548  -0.0077499334049122015  0.7298853777912394  15.026096953830733  15.026096953830733  1.0  0.426  0.569  0.005  0.428  0.572  0.428  0.572
0  5  2.5  0.01  0.01  -0.16194745590314819  -0.03187118828731342  0.45994441391786356  15.133151390300462  15.133151390300462  1.0  0.43  0.565  0.005  0.428  0.572  0.428  0.572
0  5  2.5  0.01  0.01  -0.17455348152274971  -0.030783433911288544  0.7716376634497712  15.01705023535314  15.01705023535314  1.0  0.425  0.57  0.005  0.428  0.572  0.428  0.572
0  5  2.5  0.01  0.01  -0.2070826443037336  -0.009840481206040919  1.3085411062606218  15.912858128714749  15.912858128714749  1.0  0.415  0.58  0.005  0.428  0.572  0.428  0.572
0  5  2.5  0.01  0.01  -0.2042209124702583  0.11332846245197453  0.6678830891146157  15.041444559715954  15.041444559715954  1.0  0.428  0.568  0.005  0.428  0.572  0.428  0.572
0  5  2.5  0.01  0.01  -0.18382173805116997  0.0465829013999953  0.5426859878695709  15.0918242361342  15.0918242361342  1.0  0.43  0.565  0.005  0.428  0.572  0.428  0.572
0  5  2.5  0.01  0.01  -0.15575716598175005  -0.08195685820171149  0.6260199651417003  15.063612279445762  15.063612279445762  1.0  0.428  0.567  0.005  0.428  0.572  0.428  0.572
0  5  2.5  0.01  0.01  -0.19587994083584806  0.02793272502292682  0.9046739852412123  15.009169400139006  15.009169400139006  1.0  0.423  0.572  0.005  0.428  0.572  0.428  0.572
0  5  2.5  0.01  0.01  -0.17162143346414602  -0.0042844824614861055  0.5353242697558027  15.096754221810844  15.096754221810844  1.0  0.43  0.566  0.005  0.428  0.572  0.428  0.572
0  5  2.5  0.01  0.01  -0.13758410290132617  -0.11818329491254397  0.3709818260310121  15.181868434277545  15.181868434277545  1.0  0.431  0.564  0.005  0.428  0.572  0.428  0.572
0  5  2.5  0.01  0.01  -0.20304058845283904  -0.1826136132616621  1.9721342480669684  21.563100078618287  21.563100078618287  1.0  0.4  0.595  0.005  0.428  0.572  0.428  0.572
0  5  2.5  0.01  0.01  -0.12949627437329914  -0.16555749152933333  0.48294473627469403  15.12967586333812  15.12967586333812  1.0  0.429  0.566  0.005  0.428  0.572  0.428  0.572
1  5  2.5  0.01  0.01  -0.0041665770490624315  -0.03970792703199785  2.3897474698035177  32.133586358225315  32.133586358225315  1.0  0.492  0.503  0.005  0.496  0.504  0.496  0.504
1  5  2.5  0.01  0.01  -0.09241798781014868  0.19513177629827333  1.7485573484482542  20.61682652912385  20.61682652912385  1.0  0.481  0.514  0.005  0.496  0.504  0.496  0.504
1  5  2.5  0.01  0.01  -0.020606096545231108  -0.017873089442492163  2.006780264716205  25.36638597820536  25.36638597820536  1.0  0.487  0.508  0.005  0.496  0.504  0.496  0.504
1  5  2.5  0.01  0.01  0.01919271521294051  -0.11338006071824869  0.7054786551668998  14.847566667644921  14.847566667644921  1.0  0.494  0.501  0.005  0.496  0.504  0.496  0.504
1  5  2.5  0.01  0.01  0.027109306636020045  -0.14046616686731947  1.1701765068515162  15.217470583165225  15.217470583165225  1.0  0.494  0.501  0.005  0.496  0.504  0.496  0.504
1  5  2.5  0.01  0.01  0.03258009254042036  -0.14949158898021211  1.9641278576988157  24.676037586795243  24.676037586795243  1.0  0.495  0.499  0.005  0.496  0.504  0.496  0.504
1  5  2.5  0.01  0.01  -0.05150804089042247  0.1547864403471107  0.6466277735798812  14.85916664991297  14.85916664991297  1.0  0.492  0.503  0.005  0.496  0.504  0.496  0.504
1  5  2.5  0.01  0.01  0.05511566728571209  -0.18655741314752117  1.4380136552209988  16.752715752072383  16.752715752072383  1.0  0.5  0.494  0.005  0.496  0.504  0.496  0.504
1  5  2.5  0.01  0.01  0.017278317128007828  -0.15878389882845592  2.176882511974007  28.728343657277904  28.728343657277904  1.0  0.488  0.507  0.005  0.496  0.504  0.496  0.504
1  5  2.5  0.01  0.01  -0.0158667511279868  0.014874829215945962  1.2047849543977578  15.371995400507522  15.371995400507522  1.0  0.492  0.503  0.005  0.496  0.504  0.496  0.504
1  5  2.5  0.01  0.01  0.012938131644599631  -0.08963671248723865  0.4751611861419845  14.923203252111398  14.923203252111398  1.0  0.494  0.501  0.005  0.496  0.504  0.496  0.504
1  5  2.5  0.01  0.01  0.020992385522693523  -0.13183760109903975  1.7210686434235354  20.265723384957674  20.265723384957674  1.0  0.493  0.502  0.005  0.496  0.504  0.496  0.504
1  5  2.5  0.01  0.01  0.007830134700105278  -0.08313691136622331  1.0307233304522703  15.042905197447123  15.042905197447123  1.0  0.493  0.502  0.005  0.496  0.504  0.496  0.504
1  5  2.5  0.01  0.01  -0.06429135348737612  0.1602461320104719  1.0441123598499744  15.050271669810469  15.050271669810469  1.0  0.488  0.507  0.005  0.496  0.504  0.496  0.504
1  5  2.5  0.01  0.01  0.02740237974676102  -0.14371496844958012  0.6997413069180078  14.849879838610455  14.849879838610455  1.0  0.494  0.501  0.005  0.496  0.504  0.496  0.504
1  5  2.5  0.01  0.01  0.03524708053338957  -0.11206153431681286  2.589527913976125  35.84247341528137  35.84247341528137  1.0  0.501  0.494  0.005  0.496  0.504  0.496  0.504
1  5  2.5  0.01  0.01  -0.0053373240563341015  -0.023809849090003554  0.5480861599554632  14.892299331565434  14.892299331565434  1.0  0.493  0.502  0.005  0.496  0.504  0.496  0.504
1  5  2.5  0.01  0.01  -0.03236129953465663  0.07702714430072377  0.6421426062241488  14.860276128526223  14.860276128526223  1.0  0.493  0.502  0.005  0.496  0.504  0.496  0.504
1  5  2.5  0.01  0.01  -0.023435254973397195  0.040431131681514326  0.9305866712755713  14.8819277533782  14.8819277533782  1.0  0.492  0.503  0.005  0.496  0.504  0.496  0.504
1  5  2.5  0.01  0.01  0.03891631606820548  -0.17097974904112678  1.4276974125430064  16.500967849025535  16.500967849025535  1.0  0.496  0.499  0.005  0.496  0.504  0.496  0.504
1  5  2.5  0.01  0.01  -0.019734211780743135  0.00688680753707388  1.111094092523588  15.110996365851465  15.110996365851465  1.0  0.491  0.504  0.005  0.496  0.504  0.496  0.504
1  5  2.5  0.01  0.01  -0.030795237857725286  0.0760978044283272  0.43757097668378014  14.93810401471452  14.93810401471452  1.0  0.493  0.502  0.005  0.496  0.504  0.496  0.504
1  5  2.5  0.01  0.01  -0.02635017423409785  0.057178268107176355  0.5476611561372587  14.892212548744345  14.892212548744345  1.0  0.493  0.502  0.005  0.496  0.504  0.496  0.504
1  5  2.5  0.01  0.01  0.042433428712545386  -0.19116196861362572  1.1445914277980525  15.158277096576404  15.158277096576404  1.0  0.495  0.5  0.005  0.496  0.504  0.496  0.504
1  5  2.5  0.01  0.01  -0.06010374673527581  0.14805339599020456  1.2105813052352905  15.386386442969465  15.386386442969465  1.0  0.488  0.506  0.005  0.496  0.504  0.496  0.504
1  5  2.5  0.01  0.01  -0.02339169430760813  0.03884001972391382  0.9064052751702011  14.85928034541543  14.85928034541543  1.0  0.492  0.503  0.005  0.496  0.504  0.496  0.504
1  5  2.5  0.01  0.01  0.005487550583890095  -0.05940415600779639  0.6559706793652542  14.857958304006315  14.857958304006315  1.0  0.494  0.501  0.005  0.496  0.504  0.496  0.504
1  5  2.5  0.01  0.01  -0.07281067869434274  0.18774724640625484  1.0055422316490952  15.030533571504677  15.030533571504677  1.0  0.487  0.508  0.005  0.496  0.504  0.496  0.504
1  5  2.5  0.01  0.01  0.04053425704788775  -0.18556560887615628  0.9932300832988343  15.027438253077829  15.027438253077829  1.0  0.495  0.5  0.005  0.496  0.504  0.496  0.504
1  5  2.5  0.01  0.01  -0.06484359001057678  0.1002562941890171  2.015924794216324  25.482591167209883  25.482591167209883  1.0  0.482  0.513  0.005  0.496  0.504  0.496  0.504
0  5  2.5  0.01  0.01  -0.16986871420641014  0.4906725133086206  15.117402059999156  15.117402059999156  1.0  0.43  0.565  0.005  0.428  0.572  0.428  0.572
0  5  2.5  0.01  0.01  -0.16666870844649287  0.4126909131865899  15.154631173954538  15.154631173954538  1.0  0.431  0.564  0.005  0.428  0.572  0.428  0.572
0  5  2.5  0.01  0.01  -0.3351887865627729  2.535706315372828  31.742802559918477  31.742802559918477  1.0  0.367  0.628  0.004  0.428  0.572  0.428  0.572
0  5  2.5  0.01  0.01  -0.265160688984358  1.9553001687842309  21.36778385844619  21.36778385844619  1.0  0.393  0.602  0.005  0.428  0.572  0.428  0.572
0  5  2.5  0.01  0.01  -0.25297777809318756  1.747613672740811  18.92682911199992  18.92682911199992  1.0  0.398  0.597  0.005  0.428  0.572  0.428  0.572
0  5  2.5  0.01  0.01  -0.2509278591561902  1.721809224649717  18.79152133970858  18.79152133970858  1.0  0.399  0.596  0.005  0.428  0.572  0.428  0.572
0  5  2.5  0.01  0.01  -0.22155490194528168  1.5569906852190998  17.524775790764235  17.524775790764235  1.0  0.41  0.585  0.005  0.428  0.572  0.428  0.572
0  5  2.5  0.01  0.01  -0.18554213956915835  0.85524039685622  15.00618454604324  15.00618454604324  1.0  0.424  0.571  0.005  0.428  0.572  0.428  0.572
0  5  2.5  0.01  0.01  -0.17219481489017166  0.5489125932275585  15.090963448064404  15.090963448064404  1.0  0.429  0.566  0.005  0.428  0.572  0.428  0.572
0  5  2.5  0.01  0.01  -0.22484346711676165  1.4797996333607757  16.83203492225721  16.83203492225721  1.0  0.409  0.586  0.005  0.428  0.572  0.428  0.572
0  5  2.5  0.01  0.01  -0.30679865927854505  2.3859405684030928  28.275188578911774  28.275188578911774  1.0  0.378  0.618  0.004  0.428  0.572  0.428  0.572
0  5  2.5  0.01  0.01  -0.19194366072368993  0.9820575842756051  15.042407450233814  15.042407450233814  1.0  0.422  0.574  0.005  0.428  0.572  0.428  0.572
0  5  2.5  0.01  0.01  -0.20816493225654972  1.2793524604145623  15.866901099405542  15.866901099405542  1.0  0.415  0.58  0.005  0.428  0.572  0.428  0.572
0  5  2.5  0.01  0.01  -0.17618817602843612  0.6425089739692708  15.053298629331696  15.053298629331696  1.0  0.428  0.567  0.005  0.428  0.572  0.428  0.572
0  5  2.5  0.01  0.01  -0.1670238282501548  0.4163798650158183  15.153140929260077  15.153140929260077  1.0  0.431  0.564  0.005  0.428  0.572  0.428  0.572
0  5  2.5  0.01  0.01  -0.1798697312055565  0.7296031501498549  15.025677017695557  15.025677017695557  1.0  0.426  0.569  0.005  0.428  0.572  0.428  0.572
0  5  2.5  0.01  0.01  -0.16878044877873177  0.47558111101174017  15.124152429439164  15.124152429439164  1.0  0.431  0.564  0.005  0.428  0.572  0.428  0.572
0  5  2.5  0.01  0.01  -0.19238793015845412  0.9914279630678149  15.050595234355235  15.050595234355235  1.0  0.421  0.574  0.005  0.428  0.572  0.428  0.572
0  5  2.5  0.01  0.01  -0.17188013970614896  0.5410046752632103  15.093937139813152  15.093937139813152  1.0  0.429  0.566  0.005  0.428  0.572  0.428  0.572
0  5  2.5  0.01  0.01  -0.20037529061162085  1.0696687357236616  15.211714500745623  15.211714500745623  1.0  0.418  0.577  0.005  0.428  0.572  0.428  0.572
0  5  2.5  0.01  0.01  -0.20702433964245098  1.260742785476011  15.642022622654148  15.642022622654148  1.0  0.416  0.579  0.005  0.428  0.572  0.428  0.572
0  5  2.5  0.01  0.01  -0.22521266381113875  1.485885860101998  16.87400585523844  16.87400585523844  1.0  0.409  0.586  0.005  0.428  0.572  0.428  0.572
0  5  2.5  0.01  0.01  -0.17411886697283846  0.5924540649657296  15.072558942226172  15.072558942226172  1.0  0.429  0.567  0.005  0.428  0.572  0.428  0.572
0  5  2.5  0.01  0.01  -0.1879290525850768  0.9002228453486789  15.009951416565206  15.009951416565206  1.0  0.423  0.572  0.005  0.428  0.572  0.428  0.572
0  5  2.5  0.01  0.01  -0.34802517509559744  2.45225980360029  29.835532204358714  29.835532204358714  1.0  0.362  0.633  0.004  0.428  0.572  0.428  0.572
0  5  2.5  0.01  0.01  -0.18205276141809312  0.7756976325221632  15.01491160558721  15.01491160558721  1.0  0.425  0.57  0.005  0.428  0.572  0.428  0.572
0  5  2.5  0.01  0.01  -0.16711108526012045  0.4222381738416133  15.149682130651447  15.149682130651447  1.0  0.431  0.564  0.005  0.428  0.572  0.428  0.572
0  5  2.5  0.01  0.01  -0.20402109306571453  1.2078001466885964  15.50681752174339  15.50681752174339  1.0  0.417  0.578  0.005  0.428  0.572  0.428  0.572
0  5  2.5  0.01  0.01  -0.1903624591405254  0.9494764488076464  15.024047480511477  15.024047480511477  1.0  0.422  0.573  0.005  0.428  0.572  0.428  0.572
0  5  2.5  0.01  0.01  -0.21445461319254636  1.446437517662458  16.477023290746743  16.477023290746743  1.0  0.413  0.582  0.005  0.428  0.572  0.428  0.572
1  5  2.5  0.01  0.01  -0.016829754287375622  1.1762188535596698  15.21823493822145  15.21823493822145  1.0  0.491  0.504  0.005  0.496  0.504  0.496  0.504
1  5  2.5  0.01  0.01  -0.026098013059619677  2.418738246359908  32.486451149235656  32.486451149235656  1.0  0.487  0.508  0.005  0.496  0.504  0.496  0.504
1  5  2.5  0.01  0.01  -0.057529181398845886  2.0899020578263507  27.07755703729783  27.07755703729783  1.0  0.475  0.52  0.005  0.496  0.504  0.496  0.504
1  5  2.5  0.01  0.01  -0.010788058882986297  0.6302461325275747  14.864728196592466  14.864728196592466  1.0  0.493  0.502  0.005  0.496  0.504  0.496  0.504
1  5  2.5  0.01  0.01  -2.518739530142032e-05  2.6292329547185354  36.28077151192303  36.28077151192303  1.0  0.497  0.497  0.005  0.496  0.504  0.496  0.504
1  5  2.5  0.01  0.01  -0.010519559608767819  0.5385404699683742  14.895861070394156  14.895861070394156  1.0  0.493  0.502  0.005  0.496  0.504  0.496  0.504
1  5  2.5  0.01  0.01  -0.01744977093539867  1.2900424022579615  15.704524757482643  15.704524757482643  1.0  0.49  0.504  0.005  0.496  0.504  0.496  0.504
1  5  2.5  0.01  0.01  -0.011804602378403084  0.9381348525639085  14.884464509078597  14.884464509078597  1.0  0.493  0.502  0.005  0.496  0.504  0.496  0.504
1  5  2.5  0.01  0.01  -0.017691471118246694  1.336226292015546  15.858892271826674  15.858892271826674  1.0  0.49  0.505  0.005  0.496  0.504  0.496  0.504
1  5  2.5  0.01  0.01  -0.01392763151205606  1.5323957089839237  17.50447672359751  17.50447672359751  1.0  0.492  0.503  0.005  0.496  0.504  0.496  0.504
1  5  2.5  0.01  0.01  -0.015386332166931912  1.7931047628888477  21.52705346886362  21.52705346886362  1.0  0.491  0.504  0.005  0.496  0.504  0.496  0.504
1  5  2.5  0.01  0.01  -0.010362660079389662  0.505025911691821  14.90914559415997  14.90914559415997  1.0  0.493  0.502  0.005  0.496  0.504  0.496  0.504
1  5  2.5  0.01  0.01  -0.011463991128270144  0.8505987504374185  14.842822710945743  14.842822710945743  1.0  0.493  0.502  0.005  0.496  0.504  0.496  0.504
1  5  2.5  0.01  0.01  -0.024044622708781275  1.5552647100776438  18.245627017594106  18.245627017594106  1.0  0.488  0.507  0.005  0.496  0.504  0.496  0.504
1  5  2.5  0.01  0.01  -0.010363819252070139  0.4104586927858301  14.95086317926393  14.95086317926393  1.0  0.493  0.502  0.005  0.496  0.504  0.496  0.504
1  5  2.5  0.01  0.01  -0.019530090250603704  2.4281415117370706  32.669793208394154  32.669793208394154  1.0  0.49  0.505  0.005  0.496  0.504  0.496  0.504
1  5  2.5  0.01  0.01  -0.010135887718694829  0.38921434284556167  14.960315701913496  14.960315701913496  1.0  0.493  0.501  0.005  0.496  0.504  0.496  0.504
1  5  2.5  0.01  0.01  -0.01051003773961353  0.5311815251050135  14.898845304934921  14.898845304934921  1.0  0.493  0.502  0.005  0.496  0.504  0.496  0.504
1  5  2.5  0.01  0.01  -0.016635809645170807  1.1783167210212255  15.243594270189119  15.243594270189119  1.0  0.491  0.504  0.005  0.496  0.504  0.496  0.504
1  5  2.5  0.01  0.01  -0.010179465311837499  0.37773789445264694  14.966128181603771  14.966128181603771  1.0  0.493  0.502  0.005  0.496  0.504  0.496  0.504
1  5  2.5  0.01  0.01  -0.011670516260367025  0.9511086591044855  14.905001453768916  14.905001453768916  1.0  0.493  0.502  0.005  0.496  0.504  0.496  0.504
1  5  2.5  0.01  0.01  -0.010547380050238564  0.5460048913083825  14.893110196882022  14.893110196882022  1.0  0.493  0.502  0.005  0.496  0.504  0.496  0.504
1  5  2.5  0.01  0.01  -0.01170032642377242  0.9224416233620273  14.873952914193561  14.873952914193561  1.0  0.493  0.502  0.005  0.496  0.504  0.496  0.504
1  5  2.5  0.01  0.01  -0.052561954386884976  2.126174472804803  27.730369946730924  27.730369946730924  1.0  0.477  0.518  0.005  0.496  0.504  0.496  0.504
1  5  2.5  0.01  0.01  -0.01085253117312693  0.6645200395912119  14.854774532980557  14.854774532980557  1.0  0.493  0.502  0.005  0.496  0.504  0.496  0.504
1  5  2.5  0.01  0.01  -0.01169214777554831  0.9178238775071955  14.867012761712017  14.867012761712017  1.0  0.493  0.502  0.005  0.496  0.504  0.496  0.504
1  5  2.5  0.01  0.01  -0.019652894364833154  1.6606335096325229  19.480595785477664  19.480595785477664  1.0  0.49  0.505  0.005  0.496  0.504  0.496  0.504
1  5  2.5  0.01  0.01  -0.011373836237772291  0.7546886141530504  14.837775511923942  14.837775511923942  1.0  0.493  0.502  0.005  0.496  0.504  0.496  0.504
1  5  2.5  0.01  0.01  -0.010288472863913404  0.4515299199104931  14.932136417958672  14.932136417958672  1.0  0.493  0.502  0.005  0.496  0.504  0.496  0.504
1  5  2.5  0.01  0.01  -0.010186657195477896  0.4255773497327879  14.94377489150895  14.94377489150895  1.0  0.493  0.502  0.005  0.496  0.504  0.496  0.504
