0  3.5  1.75  0.01  0.01  0.5538146126095587  0.0226416634250413  0.9323340561834107  14.417010620195075  14.417010620195075  1.0  0.778  0.216  0.006  0.792  0.208  0.792  0.208  True
0  3.5  1.75  0.01  0.01  0.6599651080366638  -0.19233974753034927  1.0423538499437344  14.374762039796082  14.374762039796082  1.0  0.796  0.199  0.005  0.808  0.192  0.808  0.192  True
0  3.5  1.75  0.01  0.01  0.5124267090605481  0.0772583680797353  0.9184783220914514  14.476840242752276  14.476840242752276  1.0  0.768  0.225  0.007  0.783  0.217  0.783  0.217  True
0  3.5  1.75  0.01  0.01  0.6212564815720771  -0.1517308164409041  1.0424323991207316  14.39574987722112  14.39574987722112  1.0  0.786  0.209  0.005  0.792  0.208  0.792  0.208  True
0  3.5  1.75  0.01  0.01  0.5822891177367009  0.0001340268711192467  1.0625495000631515  14.387453461989592  14.387453461989592  1.0  0.787  0.207  0.006  0.792  0.208  0.792  0.208  True
0  3.5  1.75  0.01  0.01  0.6038964427972988  -0.10585251637454769  0.995358366216574  14.390945368367683  14.390945368367683  1.0  0.783  0.211  0.006  0.792  0.208  0.792  0.208  True
0  3.5  1.75  0.01  0.01  0.6015113130909753  -0.17960680496042103  1.042335962044785  14.41281526509788  14.41281526509788  1.0  0.774  0.22  0.006  0.775  0.225  0.775  0.225  True
0  3.5  1.75  0.01  0.01  0.5391457382771223  0.031223558345983518  1.0626133854406274  14.43548839419892  14.43548839419892  1.0  0.773  0.22  0.007  0.775  0.225  0.775  0.225  True
0  3.5  1.75  0.01  0.01  0.5156177559484891  0.19011387778349434  1.0925389032249222  14.411798794149975  14.411798794149975  1.0  0.781  0.212  0.007  0.783  0.217  0.783  0.217  True
0  3.5  1.75  0.01  0.01  0.5560319156428855  0.05602856563670027  1.0726110892138683  14.382613508156004  14.382613508156004  1.0  0.783  0.211  0.006  0.783  0.217  0.783  0.217  True
0  3.5  1.75  0.01  0.01  0.575154490125366  -0.03587896555356376  1.0728270820405537  14.426900945878964  14.426900945878964  1.0  0.78  0.214  0.006  0.783  0.217  0.783  0.217  True
0  3.5  1.75  0.01  0.01  0.666811579276831  -0.20804427799739914  1.0624228577338257  14.38572995375401  14.38572995375401  1.0  0.796  0.199  0.005  0.808  0.192  0.808  0.192  True
0  3.5  1.75  0.01  0.01  0.6391127556906091  -0.18473205612957055  1.052477474419658  14.406660009706174  14.406660009706174  1.0  0.789  0.206  0.005  0.8  0.2  0.8  0.2  True
0  3.5  1.75  0.01  0.01  0.6303335001049489  -0.2363150688856375  0.9420292351911919  14.401224584527567  14.401224584527567  1.0  0.779  0.216  0.005  0.792  0.208  0.792  0.208  True
0  3.5  1.75  0.01  0.01  0.6882695403049192  -0.25895186160072475  1.0324836932025532  14.378722134833925  14.378722134833925  1.0  0.798  0.197  0.005  0.817  0.183  0.817  0.183  True
0  3.5  1.75  0.01  0.01  0.5547443379506518  0.08499992666686756  1.072922949891316  14.401247353855451  14.401247353855451  1.0  0.785  0.209  0.006  0.792  0.208  0.792  0.208  True
0  3.5  1.75  0.01  0.01  0.6119911062397816  -0.17474112039637318  1.0328841939681928  14.400574912297406  14.400574912297406  1.0  0.78  0.215  0.006  0.783  0.217  0.783  0.217  True
0  3.5  1.75  0.01  0.01  0.5593930927430288  -0.021628199259608155  1.0620827601768303  14.40533819569086  14.40533819569086  1.0  0.776  0.218  0.006  0.775  0.225  0.775  0.225  True
0  3.5  1.75  0.01  0.01  0.5994841254516785  -0.3049980399754859  0.991000623119507  14.423981435500924  14.423981435500924  1.0  0.76  0.234  0.006  0.767  0.233  0.767  0.233  True
0  3.5  1.75  0.01  0.01  0.5627823021268388  0.018908291572577656  1.06236075401807  14.39630559868225  14.39630559868225  1.0  0.782  0.212  0.006  0.783  0.217  0.783  0.217  True
0  3.5  1.75  0.01  0.01  0.5283103432912954  0.142995595746774  1.0926931301698373  14.418453127692267  14.418453127692267  1.0  0.781  0.213  0.007  0.783  0.217  0.783  0.217  True
0  3.5  1.75  0.01  0.01  0.6407241462097001  -0.194656514688555  1.0329395792258749  14.397943799803905  14.397943799803905  1.0  0.789  0.206  0.005  0.8  0.2  0.8  0.2  True
0  3.5  1.75  0.01  0.01  0.5294000356774098  0.04991275681411056  1.0720257484222  14.396134088486352  14.396134088486352  1.0  0.771  0.222  0.007  0.767  0.233  0.767  0.233  True
0  3.5  1.75  0.01  0.01  0.4528371303247034  0.2549995217160416  1.0921239818386765  14.419508758096526  14.419508758096526  1.0  0.762  0.231  0.008  0.8  0.2  0.8  0.2  True
0  3.5  1.75  0.01  0.01  0.47533046017492603  0.3449993194146682  1.1120171511184613  14.374846299335399  14.374846299335399  1.0  0.781  0.212  0.007  0.792  0.208  0.792  0.208  True
0  3.5  1.75  0.01  0.01  0.6809620242725729  -0.5139405338816995  0.9812755592819556  14.419271134340734  14.419271134340734  1.0  0.767  0.229  0.005  0.767  0.233  0.767  0.233  True
0  3.5  1.75  0.01  0.01  0.4380654795123059  0.31500127035546666  1.6480175021924113  14.88482960662927  14.88482960662927  1.0  0.763  0.229  0.008  0.783  0.217  0.783  0.217  True
0  3.5  1.75  0.01  0.01  -0.0017756518191821636  -0.16476404316764856  1.5979999789977606  15.50231989579554  15.50231989579554  1.0  0.47  0.517  0.013  0.792  0.208  0.792  0.208  True
0  3.5  1.75  0.01  0.01  0.54778262283609  -0.015008677181902155  1.0329513266722816  14.38164481673144  14.38164481673144  1.0  0.771  0.223  0.006  0.767  0.233  0.767  0.233  True
0  3.5  1.75  0.01  0.01  0.12175788867691709  0.7249999796234081  1.1310000085441956  14.534334439843736  14.534334439843736  1.0  0.661  0.327  0.011  0.792  0.208  0.792  0.208  True
1  3.5  1.75  0.01  0.01  0.48585981705844783  -0.1941127995360007  1.5763027420799458  14.61002277282464  14.61002277282464  1.0  0.724  0.268  0.008  0.725  0.275  0.725  0.275  True
1  3.5  1.75  0.01  0.01  0.4026203463142886  0.11122285755669997  1.324290579181759  14.655691075198295  14.655691075198295  1.0  0.723  0.268  0.009  0.733  0.267  0.733  0.267  True
1  3.5  1.75  0.01  0.01  0.47053209221241543  -0.08256897231051155  1.566515322178442  14.581805659074368  14.581805659074368  1.0  0.731  0.261  0.008  0.733  0.267  0.733  0.267  True
1  3.5  1.75  0.01  0.01  0.45542969617459983  -0.16264189666268347  1.3344865986291377  14.675254394734493  14.675254394734493  1.0  0.714  0.278  0.008  0.725  0.275  0.725  0.275  True
1  3.5  1.75  0.01  0.01  0.6012288323214217  -0.5811259961150261  1.3348623641790627  14.585237949134754  14.585237949134754  1.0  0.725  0.269  0.006  0.733  0.267  0.733  0.267  True
1  3.5  1.75  0.01  0.01  0.4836710420514083  -0.12927548407574596  1.5764641718113444  14.595362214694168  14.595362214694168  1.0  0.731  0.262  0.008  0.733  0.267  0.733  0.267  True
1  3.5  1.75  0.01  0.01  0.44693260880105945  0.008589264806944757  1.5966087158063327  14.588079378411713  14.588079378411713  1.0  0.731  0.261  0.008  0.733  0.267  0.733  0.267  True
1  3.5  1.75  0.01  0.01  0.4465080236383996  0.028836012532854463  1.334292033470512  14.597746545094072  14.597746545094072  1.0  0.733  0.259  0.008  0.742  0.258  0.742  0.258  True
1  3.5  1.75  0.01  0.01  0.4238371268582859  0.041879703493309606  1.3346092213903986  14.637759976721469  14.637759976721469  1.0  0.724  0.267  0.008  0.733  0.267  0.733  0.267  True
1  3.5  1.75  0.01  0.01  0.3965566704738661  0.1346774705651722  1.3244201169147647  14.66083649211159  14.66083649211159  1.0  0.722  0.269  0.009  0.733  0.267  0.733  0.267  True
1  3.5  1.75  0.01  0.01  0.4560426569003678  -0.07722377730373052  1.33436719308711  14.633735111697487  14.633735111697487  1.0  0.724  0.268  0.008  0.733  0.267  0.733  0.267  True
1  3.5  1.75  0.01  0.01  0.5168159097645009  -0.26087012411624044  1.4242550347139873  14.639963845591971  14.639963845591971  1.0  0.729  0.263  0.007  0.733  0.267  0.733  0.267  True
1  3.5  1.75  0.01  0.01  0.5235789032571811  -0.17389861206117457  1.6066961099474815  14.545689872597622  14.545689872597622  1.0  0.743  0.25  0.007  0.742  0.258  0.742  0.258  True
1  3.5  1.75  0.01  0.01  0.384572588819433  0.2000288029630944  1.6067485871442804  14.585576361727778  14.585576361727778  1.0  0.725  0.266  0.009  0.725  0.275  0.725  0.275  True
1  3.5  1.75  0.01  0.01  0.42004753037104003  0.1070343724029719  1.596515743869098  14.57944673672709  14.57944673672709  1.0  0.731  0.261  0.008  0.733  0.267  0.733  0.267  True
1  3.5  1.75  0.01  0.01  0.48255996903265436  -0.16223845309352236  1.5667472876406885  14.584884390220914  14.584884390220914  1.0  0.726  0.266  0.008  0.725  0.275  0.725  0.275  True
1  3.5  1.75  0.01  0.01  0.3483791258848272  0.33373065784417266  1.324756096692226  14.663484731711808  14.663484731711808  1.0  0.724  0.267  0.009  0.733  0.267  0.733  0.267  True
1  3.5  1.75  0.01  0.01  0.4686198897680942  -0.06932778344588864  1.344469743410246  14.621943126789768  14.621943126789768  1.0  0.731  0.261  0.008  0.742  0.258  0.742  0.258  True
1  3.5  1.75  0.01  0.01  0.44279220926131174  -0.03886205838728177  1.576220465130923  14.60279173926619  14.60279173926619  1.0  0.723  0.269  0.008  0.725  0.275  0.725  0.275  True
1  3.5  1.75  0.01  0.01  0.5480333914031379  -0.3854125360653453  1.3440399588085297  14.588297292606974  14.588297292606974  1.0  0.727  0.267  0.007  0.733  0.267  0.733  0.267  True
1  3.5  1.75  0.01  0.01  0.2866155814125284  -0.24499973914167855  1.576583145294044  14.631300437822672  14.631300437822672  1.0  0.619  0.37  0.011  0.742  0.258  0.742  0.258  True
1  3.5  1.75  0.01  0.01  0.5241890789486809  -0.240604626570397  1.3641302488310338  14.580887382778025  14.580887382778025  1.0  0.735  0.258  0.007  0.742  0.258  0.742  0.258  True
1  3.5  1.75  0.01  0.01  0.5467441680247587  -0.36480050321083746  1.33482427603835  14.605899055888536  14.605899055888536  1.0  0.73  0.263  0.007  0.742  0.258  0.742  0.258  True
1  3.5  1.75  0.01  0.01  0.47163275360792106  -0.1236339830273189  1.5665910693946496  14.581088813325941  14.581088813325941  1.0  0.726  0.266  0.008  0.725  0.275  0.725  0.275  True
1  3.5  1.75  0.01  0.01  0.5843713254145393  -0.5317153846303218  1.3247369402046478  14.589621682611925  14.589621682611925  1.0  0.724  0.269  0.006  0.733  0.267  0.733  0.267  True
1  3.5  1.75  0.01  0.01  0.4422895216392092  0.03442985982382479  1.5966807954706521  14.58647048819671  14.58647048819671  1.0  0.731  0.26  0.008  0.733  0.267  0.733  0.267  True
1  3.5  1.75  0.01  0.01  0.40140748866418374  0.05016577173465972  1.354130537176416  14.691311164403407  14.691311164403407  1.0  0.715  0.276  0.009  0.725  0.275  0.725  0.275  True
1  3.5  1.75  0.01  0.01  0.5778757588065853  -0.48749240910480807  1.3545491558460823  14.592619614571861  14.592619614571861  1.0  0.727  0.267  0.006  0.733  0.267  0.733  0.267  True
1  3.5  1.75  0.01  0.01  0.5041029092912934  -0.21499381716437005  1.5667484031340748  14.591232446260596  14.591232446260596  1.0  0.73  0.263  0.007  0.733  0.267  0.733  0.267  True
1  3.5  1.75  0.01  0.01  0.20029010980070444  0.34499994574184845  1.334979681415944  14.699732372587789  14.699732372587789  1.0  0.652  0.337  0.011  0.733  0.267  0.733  0.267  True
