0  3.5  1.75  0.01  0.01  0.66698579175361  -0.0229574740371839  0.5403088874457277  13.878807457806655  13.878807457806655  1.0  0.766  0.169  0.065  0.844  0.156  0.844  0.156  True
0  3.5  1.75  0.01  0.01  0.6083947480676036  0.20199503619255835  0.5403810135424273  13.853604055456115  13.853604055456115  1.0  0.767  0.165  0.068  0.844  0.156  0.844  0.156  True
0  3.5  1.75  0.01  0.01  0.7424111073463093  -0.13266409033880053  0.5104681622792291  13.854643123388266  13.854643123388266  1.0  0.783  0.157  0.059  0.867  0.133  0.867  0.133  True
0  3.5  1.75  0.01  0.01  0.6279680118470601  0.032898785901835245  0.4508010427469014  13.917836241574253  13.917836241574253  1.0  0.756  0.175  0.069  0.833  0.167  0.833  0.167  True
0  3.5  1.75  0.01  0.01  0.49967435782155234  0.5849270964633313  0.9039963831052826  13.785716274023565  13.785716274023565  1.0  0.765  0.163  0.072  0.833  0.167  0.833  0.167  True
0  3.5  1.75  0.01  0.01  0.6828285672100924  -0.005068022229591126  0.4608942193458046  13.921921728148218  13.921921728148218  1.0  0.774  0.163  0.064  0.867  0.133  0.867  0.133  True
0  3.5  1.75  0.01  0.01  0.0008988533297016208  0.20500719031156373  0.5709428910405067  14.315998675886274  14.315998675886274  1.0  0.476  0.415  0.109  0.833  0.167  0.833  0.167  True
0  3.5  1.75  0.01  0.01  0.6299654511444548  -0.002827729684355598  0.45075729519075236  13.936764536289202  13.936764536289202  1.0  0.753  0.178  0.069  0.833  0.167  0.833  0.167  True
0  3.5  1.75  0.01  0.01  0.6407039301239099  0.13233125848003754  0.4903939031765109  13.882149836458987  13.882149836458987  1.0  0.772  0.162  0.066  0.856  0.144  0.856  0.144  True
0  3.5  1.75  0.01  0.01  0.7166334336484617  0.20500429685915172  0.8232803131603705  13.65211978456681  13.65211978456681  1.0  0.809  0.134  0.057  0.867  0.133  0.867  0.133  True
0  3.5  1.75  0.01  0.01  0.7189247769937599  -0.06777846083929072  0.48077614073306585  13.837084052966055  13.837084052966055  1.0  0.781  0.158  0.061  0.856  0.144  0.856  0.144  True
0  3.5  1.75  0.01  0.01  0.6561533867156177  0.06482527712839431  0.4603279432152976  13.886648259717395  13.886648259717395  1.0  0.771  0.164  0.065  0.856  0.144  0.856  0.144  True
0  3.5  1.75  0.01  0.01  0.6610001064442175  -0.0076569566242908295  0.46037724951721004  13.889571702306164  13.889571702306164  1.0  0.765  0.169  0.066  0.844  0.156  0.844  0.156  True
0  3.5  1.75  0.01  0.01  0.6798755774148642  -0.12400694999519815  0.530203351703365  13.93525425261189  13.93525425261189  1.0  0.76  0.175  0.065  0.844  0.156  0.844  0.156  True
0  3.5  1.75  0.01  0.01  0.6069466436384345  0.00831395659231917  0.45079639126399657  14.00938341296152  14.00938341296152  1.0  0.745  0.184  0.071  0.833  0.167  0.833  0.167  True
0  3.5  1.75  0.01  0.01  0.6683927725337069  -0.013424508544717627  0.4405365547085638  13.910250923155392  13.910250923155392  1.0  0.768  0.167  0.065  0.856  0.144  0.856  0.144  True
0  3.5  1.75  0.01  0.01  0.5708974836844021  0.324473335837798  0.5409999560816664  13.912479094561483  13.912479094561483  1.0  0.765  0.165  0.07  0.856  0.144  0.856  0.144  True
0  3.5  1.75  0.01  0.01  0.7576961967004505  -0.29431484825378784  0.3306389439079735  13.887555876894949  13.887555876894949  1.0  0.772  0.169  0.06  0.856  0.144  0.856  0.144  True
0  3.5  1.75  0.01  0.01  0.7053433665291368  -0.006568102275709046  0.8034919549385908  13.768105736068105  13.768105736068105  1.0  0.782  0.156  0.061  0.844  0.156  0.844  0.156  True
0  3.5  1.75  0.01  0.01  0.6411325864189568  0.016329032782401665  0.4505963039022089  13.930780609542616  13.930780609542616  1.0  0.76  0.172  0.067  0.844  0.156  0.844  0.156  True
0  3.5  1.75  0.01  0.01  0.6306479100053066  -0.0249995715640748  0.5009789223406865  13.923209731413975  13.923209731413975  1.0  0.751  0.18  0.069  0.822  0.178  0.822  0.178  True
0  3.5  1.75  0.01  0.01  0.688234076124232  -0.04103023199327325  0.5503227487571067  13.822466344756984  13.822466344756984  1.0  0.772  0.164  0.063  0.844  0.156  0.844  0.156  True
0  3.5  1.75  0.01  0.01  0.593065689055092  -0.012333107946647251  0.5307289885208695  13.972623599736544  13.972623599736544  1.0  0.737  0.191  0.073  0.811  0.189  0.811  0.189  True
0  3.5  1.75  0.01  0.01  0.6351848431207944  0.23445637949161435  0.5000840095081549  13.866083972774241  13.866083972774241  1.0  0.781  0.154  0.065  0.867  0.133  0.867  0.133  True
0  3.5  1.75  0.01  0.01  0.6309080718552967  0.17794073696163396  0.4705747398522172  13.854884152341853  13.854884152341853  1.0  0.774  0.16  0.066  0.856  0.144  0.856  0.144  True
0  3.5  1.75  0.01  0.01  0.6078289800438866  0.35257962156953493  0.5108109630361902  13.839226705966716  13.839226705966716  1.0  0.783  0.152  0.066  0.867  0.133  0.867  0.133  True
0  3.5  1.75  0.01  0.01  0.6308217686071359  -0.1504346321967791  0.3604966952479281  14.03876763467895  14.03876763467895  1.0  0.736  0.193  0.071  0.822  0.178  0.822  0.178  True
0  3.5  1.75  0.01  0.01  0.6194018072753233  -0.007803515191448954  0.5204475951221029  13.906856095104201  13.906856095104201  1.0  0.748  0.182  0.07  0.822  0.178  0.822  0.178  True
0  3.5  1.75  0.01  0.01  0.6022227846272932  -0.009258076410959708  0.4606211638403698  13.995766335681393  13.995766335681393  1.0  0.741  0.188  0.072  0.822  0.178  0.822  0.178  True
0  3.5  1.75  0.01  0.01  0.5548721707954751  0.1342161548886021  0.4301157374487843  13.87577723540203  13.87577723540203  1.0  0.737  0.189  0.075  0.811  0.189  0.811  0.189  True
1  3.5  1.75  0.01  0.01  0.4128034599497207  -0.2395322818141477  0.4133298146282786  14.258495715598968  14.258495715598968  1.0  0.623  0.284  0.092  0.701  0.299  0.701  0.299  True
1  3.5  1.75  0.01  0.01  0.4349436019070203  -0.15460841823326843  0.4539233286586907  14.185498988814082  14.185498988814082  1.0  0.646  0.264  0.09  0.722  0.278  0.722  0.278  True
1  3.5  1.75  0.01  0.01  0.33833615318018795  0.046225504843173296  0.4833334065729925  14.240505445574833  14.240505445574833  1.0  0.626  0.279  0.095  0.701  0.299  0.701  0.299  True
1  3.5  1.75  0.01  0.01  0.39456800535868364  -0.09553045756069582  0.4633933669183026  14.213959455831445  14.213959455831445  1.0  0.633  0.274  0.093  0.708  0.292  0.708  0.292  True
1  3.5  1.75  0.01  0.01  0.44030781810725617  -0.2735019392222492  0.4435636110886026  14.226860352519392  14.226860352519392  1.0  0.633  0.277  0.09  0.708  0.292  0.708  0.292  True
1  3.5  1.75  0.01  0.01  0.34033697605318763  0.1388184256651311  0.5131966438615501  14.230484150899088  14.230484150899088  1.0  0.639  0.267  0.094  0.715  0.285  0.715  0.285  True
1  3.5  1.75  0.01  0.01  0.4377859801474685  -0.15220659060749508  0.46353514353332337  14.1755224266279  14.1755224266279  1.0  0.648  0.263  0.089  0.722  0.278  0.722  0.278  True
1  3.5  1.75  0.01  0.01  0.43344723649112826  -0.23345229895223363  0.3835573092783141  14.221450356766198  14.221450356766198  1.0  0.635  0.275  0.091  0.715  0.285  0.715  0.285  True
1  3.5  1.75  0.01  0.01  0.38281849788736566  7.933297141776558e-05  0.8576029782098887  14.091597929989215  14.091597929989215  1.0  0.641  0.267  0.092  0.701  0.299  0.701  0.299  True
1  3.5  1.75  0.01  0.01  0.38839971489485137  0.06247467047303144  0.48352563753885985  14.188026518285053  14.188026518285053  1.0  0.652  0.257  0.091  0.729  0.271  0.729  0.271  True
1  3.5  1.75  0.01  0.01  0.3969541923122758  0.007431082525098864  0.8775959647751651  14.06831682142653  14.06831682142653  1.0  0.649  0.26  0.091  0.708  0.292  0.708  0.292  True
1  3.5  1.75  0.01  0.01  0.3148088196797224  0.18998978232916436  0.48367829019796643  14.210434808130032  14.210434808130032  1.0  0.633  0.271  0.096  0.708  0.292  0.708  0.292  True
1  3.5  1.75  0.01  0.01  0.388329156118114  0.1468489933767645  0.8875336177112831  14.02459703220127  14.02459703220127  1.0  0.663  0.246  0.09  0.722  0.278  0.722  0.278  True
1  3.5  1.75  0.01  0.01  0.3395271357492404  -0.02094605735790284  0.47349612380194445  14.2832453397424  14.2832453397424  1.0  0.617  0.287  0.096  0.694  0.306  0.694  0.306  True
1  3.5  1.75  0.01  0.01  0.35004167496949234  0.08791721631549232  0.45340517949665476  14.219851756856217  14.219851756856217  1.0  0.637  0.269  0.094  0.715  0.285  0.715  0.285  True
1  3.5  1.75  0.01  0.01  0.3078137051364157  0.05185596961382516  0.47348064713175786  14.29157392722981  14.29157392722981  1.0  0.61  0.292  0.098  0.688  0.312  0.688  0.312  True
1  3.5  1.75  0.01  0.01  0.44312886947354735  -0.08438651967243803  0.8477144843510979  14.039880273756292  14.039880273756292  1.0  0.66  0.252  0.088  0.715  0.285  0.715  0.285  True
1  3.5  1.75  0.01  0.01  0.43031859251377835  -0.20425769703794355  0.4636602673608914  14.23236829984925  14.23236829984925  1.0  0.637  0.272  0.091  0.715  0.285  0.715  0.285  True
1  3.5  1.75  0.01  0.01  0.35832031439125067  0.08071906354969474  0.47339788737552746  14.194854548468511  14.194854548468511  1.0  0.64  0.267  0.094  0.715  0.285  0.715  0.285  True
1  3.5  1.75  0.01  0.01  0.389731214285271  -0.08837288693151696  0.6876354566012521  14.129310991478683  14.129310991478683  1.0  0.632  0.275  0.093  0.701  0.299  0.701  0.299  True
1  3.5  1.75  0.01  0.01  0.3211334224202921  0.2108679407079999  0.8873809666388317  14.090370807509366  14.090370807509366  1.0  0.639  0.266  0.095  0.701  0.299  0.701  0.299  True
1  3.5  1.75  0.01  0.01  0.470113978131442  -0.16172760663416325  0.8378530623152814  14.028126883296014  14.028126883296014  1.0  0.662  0.251  0.087  0.715  0.285  0.715  0.285  True
1  3.5  1.75  0.01  0.01  0.3493870271428023  0.15048351247215247  0.4837218974180133  14.207809285585737  14.207809285585737  1.0  0.645  0.262  0.093  0.722  0.278  0.722  0.278  True
1  3.5  1.75  0.01  0.01  0.28138486512770666  0.3439789618181974  0.8676878970868569  14.088758832288976  14.088758832288976  1.0  0.637  0.267  0.096  0.701  0.299  0.701  0.299  True
1  3.5  1.75  0.01  0.01  0.3589990653210343  0.08946430278409911  0.8776354586933108  14.072576201782205  14.072576201782205  1.0  0.641  0.265  0.093  0.701  0.299  0.701  0.299  True
1  3.5  1.75  0.01  0.01  0.4064040424345763  -0.20498915992705605  0.42300055304682044  14.26005716856209  14.26005716856209  1.0  0.626  0.282  0.093  0.701  0.299  0.701  0.299  True
1  3.5  1.75  0.01  0.01  0.30660728113505753  0.21423047418650748  0.49393137421893724  14.23756527675246  14.23756527675246  1.0  0.632  0.272  0.096  0.708  0.292  0.708  0.292  True
1  3.5  1.75  0.01  0.01  0.29409373981508824  0.3349996356381276  0.4930013456442372  14.182948057793912  14.182948057793912  1.0  0.642  0.263  0.095  0.729  0.271  0.729  0.271  True
1  3.5  1.75  0.01  0.01  0.4478141598767746  -0.25188019661346706  0.43373781117793375  14.203122491707937  14.203122491707937  1.0  0.639  0.271  0.089  0.715  0.285  0.715  0.285  True
1  3.5  1.75  0.01  0.01  0.20880017603140727  0.5110993688222589  0.5030633194366593  14.3113235096543  14.3113235096543  1.0  0.624  0.277  0.098  0.701  0.299  0.701  0.299  True
