0  3.5  1.75  0.01  0.01  0.41912697856618575  -0.09107386252489788  1.9317123287843954  15.639531350184745  15.639531350184745  1.0  0.706  0.286  0.009  0.7  0.3  0.7  0.3  True
0  3.5  1.75  0.01  0.01  0.34639367481995864  0.10001283649040507  1.156572657795878  14.708266920252925  14.708266920252925  1.0  0.695  0.296  0.01  0.7  0.3  0.7  0.3  True
0  3.5  1.75  0.01  0.01  0.42139894740954975  -0.3233208853015519  1.1161935007150925  14.769941066074761  14.769941066074761  1.0  0.677  0.314  0.009  0.683  0.317  0.683  0.317  True
0  3.5  1.75  0.01  0.01  0.3529747937030859  -0.05435279424743076  1.1561753222762854  14.75281367428602  14.75281367428602  1.0  0.679  0.312  0.01  0.683  0.317  0.683  0.317  True
0  3.5  1.75  0.01  0.01  0.34358084729362937  0.09456841574478114  1.1663106049419043  14.654178604727804  14.654178604727804  1.0  0.692  0.298  0.01  0.692  0.308  0.692  0.308  True
0  3.5  1.75  0.01  0.01  0.3756009786364198  -0.002946783872204363  1.6492678540626213  14.909210456384859  14.909210456384859  1.0  0.696  0.294  0.009  0.692  0.308  0.692  0.308  True
0  3.5  1.75  0.01  0.01  0.3777468652284284  -0.13313737603237158  1.1466536399494447  14.72236464720238  14.72236464720238  1.0  0.681  0.31  0.009  0.683  0.317  0.683  0.317  True
0  3.5  1.75  0.01  0.01  0.35968654321964777  0.06470303132882399  1.156502143816248  14.690981198493025  14.690981198493025  1.0  0.696  0.294  0.009  0.7  0.3  0.7  0.3  True
0  3.5  1.75  0.01  0.01  0.3555115899294002  -0.04832955695841702  1.2560595416703415  14.715842227559945  14.715842227559945  1.0  0.68  0.31  0.01  0.675  0.325  0.675  0.325  True
0  3.5  1.75  0.01  0.01  0.019008687664579138  0.005000211695894565  1.649996780797197  15.124437099950763  15.124437099950763  1.0  0.506  0.481  0.013  0.692  0.308  0.692  0.308  True
0  3.5  1.75  0.01  0.01  0.35041216639754175  0.024519206088199595  1.166698223865906  14.736226221916313  14.736226221916313  1.0  0.687  0.304  0.01  0.692  0.308  0.692  0.308  True
0  3.5  1.75  0.01  0.01  0.421017858569817  -0.16326567316637086  1.9328016377557318  15.694468670011846  15.694468670011846  1.0  0.698  0.294  0.009  0.692  0.308  0.692  0.308  True
0  3.5  1.75  0.01  0.01  0.27332874188693934  0.33503379947777717  1.6481457673527555  14.92405019924949  14.92405019924949  1.0  0.689  0.301  0.01  0.683  0.317  0.683  0.317  True
0  3.5  1.75  0.01  0.01  0.3778851625831333  -0.07175314448073884  1.1466065876865403  14.703421835565711  14.703421835565711  1.0  0.688  0.302  0.009  0.692  0.308  0.692  0.308  True
0  3.5  1.75  0.01  0.01  0.31934976021393846  0.07092516491840661  0.891254127083206  14.76517622145116  14.76517622145116  1.0  0.677  0.312  0.01  0.692  0.308  0.692  0.308  True
0  3.5  1.75  0.01  0.01  0.43791756169714585  -0.30240215815141314  1.1265257880384676  14.72107284619971  14.72107284619971  1.0  0.688  0.304  0.009  0.692  0.308  0.692  0.308  True
0  3.5  1.75  0.01  0.01  0.32776178983179033  0.15778501161076863  1.9317703028492494  15.572442524310722  15.572442524310722  1.0  0.693  0.297  0.01  0.692  0.308  0.692  0.308  True
0  3.5  1.75  0.01  0.01  0.18886901983749632  0.5149987220360364  1.1960160779810407  14.722644106989467  14.722644106989467  1.0  0.668  0.321  0.011  0.683  0.317  0.683  0.317  True
0  3.5  1.75  0.01  0.01  0.43096156452714596  -0.2435533784800062  1.1363830011463496  14.74467636517856  14.74467636517856  1.0  0.692  0.299  0.009  0.7  0.3  0.7  0.3  True
0  3.5  1.75  0.01  0.01  0.29242758834547344  0.39497427801428886  1.6649628051865157  14.9029888680086  14.9029888680086  1.0  0.705  0.285  0.01  0.708  0.292  0.708  0.292  True
0  3.5  1.75  0.01  0.01  0.3784852235370567  -0.05651286753928956  1.1466181923115784  14.689338498984865  14.689338498984865  1.0  0.69  0.301  0.009  0.692  0.308  0.692  0.308  True
0  3.5  1.75  0.01  0.01  0.394494062978026  -0.19138114633195785  1.1364814915971608  14.720771738985784  14.720771738985784  1.0  0.681  0.31  0.009  0.683  0.317  0.683  0.317  True
0  3.5  1.75  0.01  0.01  0.22533264225335647  0.5049879481563131  1.1760079893334323  14.78358487742077  14.78358487742077  1.0  0.685  0.304  0.011  0.7  0.3  0.7  0.3  True
0  3.5  1.75  0.01  0.01  0.21079774582552507  0.5124610369325553  1.1861530845858752  14.731958873243974  14.731958873243974  1.0  0.679  0.31  0.011  0.683  0.317  0.683  0.317  True
0  3.5  1.75  0.01  0.01  0.28450509990719064  0.21216894335025924  1.176023810273305  14.752189043548833  14.752189043548833  1.0  0.678  0.312  0.01  0.683  0.317  0.683  0.317  True
0  3.5  1.75  0.01  0.01  0.515959166652102  -0.2949990019762028  1.6483096771544186  14.996846771680005  14.996846771680005  1.0  0.725  0.268  0.007  0.692  0.308  0.692  0.308  True
0  3.5  1.75  0.01  0.01  0.39227700034773916  -0.05469729812566887  1.6483330597652375  14.910350094830013  14.910350094830013  1.0  0.698  0.293  0.009  0.692  0.308  0.692  0.308  True
0  3.5  1.75  0.01  0.01  0.31214992583012885  0.15235051401038144  1.156497037562483  14.766358719989466  14.766358719989466  1.0  0.684  0.306  0.01  0.692  0.308  0.692  0.308  True
0  3.5  1.75  0.01  0.01  0.397341197487615  -0.14281400379520964  1.1465308030207286  14.706373617798288  14.706373617798288  1.0  0.689  0.302  0.009  0.692  0.308  0.692  0.308  True
0  3.5  1.75  0.01  0.01  0.33470964741140474  0.08889017255091618  1.1861644814843286  14.729695782232588  14.729695782232588  1.0  0.688  0.302  0.01  0.692  0.308  0.692  0.308  True
1  3.5  1.75  0.01  0.01  0.5674500468079378  0.13244352108849827  0.9711952705360386  14.408645313296603  14.408645313296603  1.0  0.795  0.199  0.006  0.825  0.175  0.825  0.175  True
1  3.5  1.75  0.01  0.01  0.6122012975060019  0.03425579131333792  1.0821866959662034  14.35582911499685  14.35582911499685  1.0  0.802  0.193  0.005  0.825  0.175  0.825  0.175  True
1  3.5  1.75  0.01  0.01  0.5822159342273114  0.1510994471219408  1.1228045209510407  14.375719253519362  14.375719253519362  1.0  0.803  0.192  0.006  0.825  0.175  0.825  0.175  True
1  3.5  1.75  0.01  0.01  0.6159842354606293  0.09473992432162896  1.1312807329952599  14.347736040335382  14.347736040335382  1.0  0.809  0.186  0.005  0.833  0.167  0.833  0.167  True
1  3.5  1.75  0.01  0.01  0.5698598387821963  0.22206873225694063  1.1823867878928087  14.391469749356903  14.391469749356903  1.0  0.805  0.189  0.006  0.825  0.175  0.825  0.175  True
1  3.5  1.75  0.01  0.01  0.6256101247448254  0.03262718628384133  1.1525991588475064  14.34373065678611  14.34373065678611  1.0  0.806  0.188  0.005  0.825  0.175  0.825  0.175  True
1  3.5  1.75  0.01  0.01  0.7162271241201151  -0.19893958039463294  1.4135319124715053  14.374405792361975  14.374405792361975  1.0  0.815  0.181  0.004  0.825  0.175  0.825  0.175  True
1  3.5  1.75  0.01  0.01  0.644744339650956  -0.036919210587581346  1.1624796377415128  14.347843914821143  14.347843914821143  1.0  0.806  0.189  0.005  0.825  0.175  0.825  0.175  True
1  3.5  1.75  0.01  0.01  0.7418660986839436  -0.24338326969424157  1.7875106602996345  14.414893130141412  14.414893130141412  1.0  0.819  0.177  0.004  0.833  0.167  0.833  0.167  True
1  3.5  1.75  0.01  0.01  0.6832797281625205  -0.028399506111439918  1.4137018301254571  14.351352761694269  14.351352761694269  1.0  0.821  0.175  0.004  0.833  0.167  0.833  0.167  True
1  3.5  1.75  0.01  0.01  0.5820756946090622  0.2485669629721923  1.1826599264204283  14.353460839406962  14.353460839406962  1.0  0.813  0.182  0.006  0.833  0.167  0.833  0.167  True
1  3.5  1.75  0.01  0.01  0.6277781880552245  0.08388737649455458  1.1829045282830795  14.343501354892542  14.343501354892542  1.0  0.812  0.183  0.005  0.833  0.167  0.833  0.167  True
1  3.5  1.75  0.01  0.01  0.715976756002939  -0.3022973474705155  1.1324297771433054  14.325207645582761  14.325207645582761  1.0  0.804  0.192  0.004  0.825  0.175  0.825  0.175  True
1  3.5  1.75  0.01  0.01  0.696588585437252  -0.17886147165063923  1.1523699239028686  14.322974791226228  14.322974791226228  1.0  0.81  0.186  0.004  0.833  0.167  0.833  0.167  True
1  3.5  1.75  0.01  0.01  0.698961613767178  -0.24544057464108082  1.1322347406278146  14.336186845548074  14.336186845548074  1.0  0.803  0.192  0.004  0.825  0.175  0.825  0.175  True
1  3.5  1.75  0.01  0.01  0.7296214942243164  -0.3104252470578581  1.1323345224148094  14.319807072237952  14.319807072237952  1.0  0.808  0.188  0.004  0.833  0.167  0.833  0.167  True
1  3.5  1.75  0.01  0.01  0.5529136028806176  0.28287571843330905  1.1524152250171253  14.380963141030454  14.380963141030454  1.0  0.805  0.189  0.006  0.825  0.175  0.825  0.175  True
1  3.5  1.75  0.01  0.01  0.6398840152310893  -0.01737222701557712  1.1723653507068896  14.350679347668498  14.350679347668498  1.0  0.806  0.189  0.005  0.825  0.175  0.825  0.175  True
1  3.5  1.75  0.01  0.01  0.7814245358008218  -0.4849976793796086  1.413997713389451  14.369968342006457  14.369968342006457  1.0  0.807  0.19  0.003  0.825  0.175  0.825  0.175  True
1  3.5  1.75  0.01  0.01  0.6203476283489133  0.03721412264819669  1.1628990055583934  14.357677976819156  14.357677976819156  1.0  0.806  0.189  0.005  0.825  0.175  0.825  0.175  True
1  3.5  1.75  0.01  0.01  0.4916767486994478  0.09496069639520016  0.342805526266274  14.784803829236852  14.784803829236852  1.0  0.76  0.233  0.007  0.825  0.175  0.825  0.175  True
1  3.5  1.75  0.01  0.01  0.6596872531710529  -0.1041202505790293  1.152883805109505  14.344448458313805  14.344448458313805  1.0  0.805  0.19  0.005  0.825  0.175  0.825  0.175  True
1  3.5  1.75  0.01  0.01  0.5664760240137607  0.2424861647315884  1.182082701090626  14.384037731271125  14.384037731271125  1.0  0.806  0.188  0.006  0.825  0.175  0.825  0.175  True
1  3.5  1.75  0.01  0.01  0.6920339934331057  -0.169733083574588  1.1425163865020798  14.322792438191208  14.322792438191208  1.0  0.809  0.186  0.004  0.833  0.167  0.833  0.167  True
1  3.5  1.75  0.01  0.01  0.7087756735017043  -0.3050241570544675  1.1327141669309213  14.358280427479022  14.358280427479022  1.0  0.8  0.195  0.004  0.825  0.175  0.825  0.175  True
1  3.5  1.75  0.01  0.01  0.6229608860619151  0.02338302848824915  1.1724051584094575  14.375537257024037  14.375537257024037  1.0  0.804  0.19  0.005  0.825  0.175  0.825  0.175  True
1  3.5  1.75  0.01  0.01  0.2739371601131986  0.7349974057432207  1.1929988957215056  14.53799596884417  14.53799596884417  1.0  0.737  0.253  0.01  0.825  0.175  0.825  0.175  True
1  3.5  1.75  0.01  0.01  0.6171084231198922  0.2549986096965936  1.1825566598754518  14.400410125427015  14.400410125427015  1.0  0.825  0.17  0.005  0.825  0.175  0.825  0.175  True
1  3.5  1.75  0.01  0.01  0.616861537518258  0.1649503084539912  1.168000176824181  14.355787133978419  14.355787133978419  1.0  0.816  0.178  0.005  0.833  0.167  0.833  0.167  True
1  3.5  1.75  0.01  0.01  0.809389923344467  -0.744994584045729  1.062994606262738  14.345988125595172  14.345988125595172  1.0  0.785  0.212  0.003  0.825  0.175  0.825  0.175  True
