0  3.5  1.75  0.01  0.01  0.5682194202462278  -0.0653515309399965  0.9942786925175154  14.38697073947172  14.38697073947172  1.0  0.774  0.22  0.006  0.786  0.214  0.786  0.214  True
0  3.5  1.75  0.01  0.01  0.5566004726341244  -0.00020398704720235111  1.2045210226243848  14.38216838586698  14.38216838586698  1.0  0.777  0.217  0.006  0.774  0.226  0.774  0.226  True
0  3.5  1.75  0.01  0.01  0.5189549703443375  0.11203395192735613  1.0444410456242037  14.425407662348118  14.425407662348118  1.0  0.774  0.219  0.007  0.786  0.214  0.786  0.214  True
0  3.5  1.75  0.01  0.01  0.5335313436872329  0.05551459384128441  1.1943351319943234  14.404226167966767  14.404226167966767  1.0  0.774  0.219  0.007  0.774  0.226  0.774  0.226  True
0  3.5  1.75  0.01  0.01  0.55200355088543  0.23260744838709807  1.224409971524578  14.392496652312074  14.392496652312074  1.0  0.8  0.194  0.006  0.81  0.19  0.81  0.19  True
0  3.5  1.75  0.01  0.01  0.6382942767619499  -0.19802523639815933  1.1844784313311598  14.333891116909808  14.333891116909808  1.0  0.787  0.208  0.005  0.786  0.214  0.786  0.214  True
0  3.5  1.75  0.01  0.01  0.6156345031155306  -0.1623176626892706  1.1945011120362998  14.385439280301338  14.385439280301338  1.0  0.782  0.212  0.006  0.786  0.214  0.786  0.214  True
0  3.5  1.75  0.01  0.01  0.511999589951869  0.17752166984599294  1.2147419086848492  14.374878533957602  14.374878533957602  1.0  0.779  0.215  0.007  0.774  0.226  0.774  0.226  True
0  3.5  1.75  0.01  0.01  0.5315669300738426  0.2440261351447861  1.2043763946959871  14.37434079194704  14.37434079194704  1.0  0.793  0.201  0.006  0.798  0.202  0.798  0.202  True
0  3.5  1.75  0.01  0.01  0.6330148100757422  -0.18834968094633658  1.174614751179672  14.337095141177429  14.337095141177429  1.0  0.786  0.209  0.005  0.786  0.214  0.786  0.214  True
0  3.5  1.75  0.01  0.01  0.6282621477048411  -0.05788672125447167  1.1947868086222189  14.296185599490721  14.296185599490721  1.0  0.798  0.197  0.005  0.798  0.202  0.798  0.202  True
0  3.5  1.75  0.01  0.01  0.7377511227071808  -0.6849822575073015  1.1440354291477528  14.342272919804191  14.342272919804191  1.0  0.767  0.229  0.004  0.774  0.226  0.774  0.226  True
0  3.5  1.75  0.01  0.01  0.5390959812979912  0.2519924784774884  1.2047805518033692  14.327593673650762  14.327593673650762  1.0  0.797  0.197  0.006  0.798  0.202  0.798  0.202  True
0  3.5  1.75  0.01  0.01  0.6861833281419725  -0.3863502418308808  1.1746045458062533  14.300698881819775  14.300698881819775  1.0  0.783  0.212  0.005  0.774  0.226  0.774  0.226  True
0  3.5  1.75  0.01  0.01  0.02396885394060707  0.16500030408876443  1.1846712048649775  14.622127001710153  14.622127001710153  1.0  0.531  0.456  0.013  0.774  0.226  0.774  0.226  True
0  3.5  1.75  0.01  0.01  0.6793562451033868  -0.30068690326016223  1.1745492722603823  14.337988051449148  14.337988051449148  1.0  0.791  0.205  0.005  0.798  0.202  0.798  0.202  True
0  3.5  1.75  0.01  0.01  0.5346920140132385  0.014960871406229533  1.1949732648544753  14.357208594835155  14.357208594835155  1.0  0.769  0.224  0.007  0.762  0.238  0.762  0.238  True
0  3.5  1.75  0.01  0.01  0.6103623165124579  -0.2631526211578006  1.1845545219587952  14.314675553579537  14.314675553579537  1.0  0.769  0.226  0.006  0.75  0.25  0.75  0.25  True
0  3.5  1.75  0.01  0.01  0.625815839234784  -0.06974194096629041  1.2244192314825297  14.337663772556274  14.337663772556274  1.0  0.796  0.199  0.005  0.798  0.202  0.798  0.202  True
0  3.5  1.75  0.01  0.01  0.607210232816477  -0.11704594709782842  1.2042428711314805  14.382690053424916  14.382690053424916  1.0  0.783  0.211  0.006  0.786  0.214  0.786  0.214  True
0  3.5  1.75  0.01  0.01  0.6790690625657743  -0.3987849644176472  1.194081064984229  14.296511687623788  14.296511687623788  1.0  0.779  0.216  0.005  0.762  0.238  0.762  0.238  True
0  3.5  1.75  0.01  0.01  0.6069505407517493  0.08499562408228767  1.2140061411224354  14.409851528716683  14.409851528716683  1.0  0.805  0.19  0.005  0.786  0.214  0.786  0.214  True
0  3.5  1.75  0.01  0.01  0.4568509926680363  0.39499639007987086  1.2040155188789863  14.420596812937474  14.420596812937474  1.0  0.779  0.214  0.007  0.786  0.214  0.786  0.214  True
0  3.5  1.75  0.01  0.01  0.6767188570542289  -0.22502820645895438  1.2145685986631203  14.358759966180353  14.358759966180353  1.0  0.797  0.198  0.005  0.81  0.19  0.81  0.19  True
0  3.5  1.75  0.01  0.01  0.4299049401052074  0.4449930202977884  1.2249957843938883  14.443754295147539  14.443754295147539  1.0  0.773  0.219  0.008  0.786  0.214  0.786  0.214  True
0  3.5  1.75  0.01  0.01  0.6515113173256413  -0.06499984682800584  1.5650011009495475  14.643791705825768  14.643791705825768  1.0  0.806  0.189  0.005  0.786  0.214  0.786  0.214  True
0  3.5  1.75  0.01  0.01  0.66696290894083  -0.22993869001893658  1.1945639467889109  14.325235533383234  14.325235533383234  1.0  0.794  0.201  0.005  0.798  0.202  0.798  0.202  True
0  3.5  1.75  0.01  0.01  0.4262468240112153  0.5421769704280616  1.214934194998579  14.434696679087919  14.434696679087919  1.0  0.782  0.21  0.008  0.786  0.214  0.786  0.214  True
0  3.5  1.75  0.01  0.01  0.426255371660251  0.49472207581098493  1.3044586313151574  14.461830299413759  14.461830299413759  1.0  0.777  0.215  0.008  0.774  0.226  0.774  0.226  True
0  3.5  1.75  0.01  0.01  0.4907128990663133  0.24567742831661493  1.21435487134601  14.387968658389566  14.387968658389566  1.0  0.778  0.215  0.007  0.774  0.226  0.774  0.226  True
1  3.5  1.75  0.01  0.01  0.47261641068532934  -0.08562503328897755  1.122107830564435  14.65465801832488  14.65465801832488  1.0  0.731  0.262  0.008  0.744  0.256  0.744  0.256  True
1  3.5  1.75  0.01  0.01  0.43418191377821236  0.10361898597250152  1.1664305967874746  14.668666790169365  14.668666790169365  1.0  0.736  0.256  0.008  0.75  0.25  0.75  0.25  True
1  3.5  1.75  0.01  0.01  0.4584455554072593  0.014608534850535565  1.132730289879884  14.641602742721457  14.641602742721457  1.0  0.736  0.256  0.008  0.75  0.25  0.75  0.25  True
1  3.5  1.75  0.01  0.01  0.4596680198778088  -0.08165701337618858  1.1324162109354157  14.664086521640153  14.664086521640153  1.0  0.726  0.266  0.008  0.737  0.263  0.737  0.263  True
1  3.5  1.75  0.01  0.01  0.4579862289884945  -0.08465289552411785  1.1224983628930898  14.664455173417496  14.664455173417496  1.0  0.725  0.267  0.008  0.737  0.263  0.737  0.263  True
1  3.5  1.75  0.01  0.01  0.5429802914003015  -0.33324338829880484  1.1024212033759784  14.668653114003414  14.668653114003414  1.0  0.732  0.261  0.007  0.75  0.25  0.75  0.25  True
1  3.5  1.75  0.01  0.01  0.3846351237687591  0.20865582610545363  1.1627434458878134  14.676024871110352  14.676024871110352  1.0  0.727  0.265  0.009  0.737  0.263  0.737  0.263  True
1  3.5  1.75  0.01  0.01  0.4526454636115146  -0.010740896805853852  1.132617614269761  14.649581052672339  14.649581052672339  1.0  0.731  0.261  0.008  0.744  0.256  0.744  0.256  True
1  3.5  1.75  0.01  0.01  0.47559913004082466  -0.12842693338946506  1.1328300746959092  14.699619286652682  14.699619286652682  1.0  0.727  0.265  0.008  0.744  0.256  0.744  0.256  True
1  3.5  1.75  0.01  0.01  0.4347737568628619  0.01789754894679782  0.9928285365970787  14.696878996781697  14.696878996781697  1.0  0.727  0.265  0.008  0.75  0.25  0.75  0.25  True
1  3.5  1.75  0.01  0.01  0.47139869123337924  -0.04150026208541436  1.1323161204610865  14.647049279856743  14.647049279856743  1.0  0.736  0.256  0.008  0.75  0.25  0.75  0.25  True
1  3.5  1.75  0.01  0.01  0.34106665917276685  0.42059656205348694  1.1825226183237523  14.69745955782787  14.69745955782787  1.0  0.731  0.259  0.009  0.744  0.256  0.744  0.256  True
1  3.5  1.75  0.01  0.01  0.4205222518121401  0.20081667077222304  1.152490913395185  14.643342635907958  14.643342635907958  1.0  0.742  0.25  0.008  0.756  0.244  0.756  0.244  True
1  3.5  1.75  0.01  0.01  0.46622484758938676  -0.007127465362548322  1.152341823566404  14.642169674727334  14.642169674727334  1.0  0.737  0.255  0.008  0.75  0.25  0.75  0.25  True
1  3.5  1.75  0.01  0.01  0.3520141992097266  0.3618869527913371  1.172154704516073  14.705234937603478  14.705234937603478  1.0  0.729  0.261  0.009  0.744  0.256  0.744  0.256  True
1  3.5  1.75  0.01  0.01  0.5654656158466793  -0.3571718991534939  1.1023809974206145  14.643789564989188  14.643789564989188  1.0  0.738  0.255  0.006  0.756  0.244  0.756  0.244  True
1  3.5  1.75  0.01  0.01  0.3758084021460244  0.25212414004574324  1.1427252315987046  14.712934692549839  14.712934692549839  1.0  0.727  0.264  0.009  0.744  0.256  0.744  0.256  True
1  3.5  1.75  0.01  0.01  0.5364019454432449  -0.30987869149857583  1.1024673892550034  14.67177775988289  14.67177775988289  1.0  0.732  0.261  0.007  0.75  0.25  0.75  0.25  True
1  3.5  1.75  0.01  0.01  0.48599051959321027  -0.2583609974312179  0.8983235117086136  14.721939144632264  14.721939144632264  1.0  0.715  0.277  0.008  0.744  0.256  0.744  0.256  True
1  3.5  1.75  0.01  0.01  0.4332008811511776  0.11499591901140796  1.1520000215795756  14.679191223627512  14.679191223627512  1.0  0.737  0.255  0.008  0.744  0.256  0.744  0.256  True
1  3.5  1.75  0.01  0.01  0.4272778526589984  0.15463989808353476  1.1926692630515565  14.651189980994268  14.651189980994268  1.0  0.739  0.253  0.008  0.75  0.25  0.75  0.25  True
1  3.5  1.75  0.01  0.01  0.1330505633265075  0.6549990117303472  1.192998389655976  14.744706398440858  14.744706398440858  1.0  0.658  0.331  0.012  0.744  0.256  0.744  0.256  True
1  3.5  1.75  0.01  0.01  0.43896819165348044  0.14500413942830326  1.597009789614783  14.807290336175571  14.807290336175571  1.0  0.744  0.248  0.008  0.75  0.25  0.75  0.25  True
1  3.5  1.75  0.01  0.01  0.0327488814156006  0.694997548098788  1.551021722575575  15.050604531196136  15.050604531196136  1.0  0.61  0.378  0.012  0.75  0.25  0.75  0.25  True
1  3.5  1.75  0.01  0.01  0.4333494975432684  0.09499721250454721  1.1529974741788136  14.650848233524657  14.650848233524657  1.0  0.735  0.257  0.008  0.744  0.256  0.744  0.256  True
1  3.5  1.75  0.01  0.01  0.4851250420754636  -0.008098587900667947  1.415011215132593  14.743735314992547  14.743735314992547  1.0  0.746  0.247  0.007  0.75  0.25  0.75  0.25  True
1  3.5  1.75  0.01  0.01  0.40939718319025764  0.5049995810943915  1.1913131049644046  14.717117970448184  14.717117970448184  1.0  0.771  0.221  0.008  0.75  0.25  0.75  0.25  True
1  3.5  1.75  0.01  0.01  0.43918914683387844  -0.003953762836827957  1.1428740501013381  14.662783013252282  14.662783013252282  1.0  0.726  0.265  0.008  0.737  0.263  0.737  0.263  True
1  3.5  1.75  0.01  0.01  0.3358286724167203  0.40499982608547297  1.7149894858073387  14.930798382877082  14.930798382877082  1.0  0.727  0.264  0.009  0.737  0.263  0.737  0.263  True
1  3.5  1.75  0.01  0.01  -0.05885726772116154  0.8849986792315239  1.6529987780571174  15.048885948123171  15.048885948123171  1.0  0.588  0.4  0.012  0.744  0.256  0.744  0.256  True
