0  3.5  1.75  0.01  0.01  0.640721495515864  0.14156455293552983  0.5702362168908957  13.859903951181728  13.859903951181728  1.0  0.773  0.161  0.066  0.856  0.144  0.856  0.144  True
0  3.5  1.75  0.01  0.01  0.6248959120457629  0.04985843295911828  0.3404169840103579  13.992884760223365  13.992884760223365  1.0  0.757  0.174  0.069  0.856  0.144  0.856  0.144  True
0  3.5  1.75  0.01  0.01  0.6684664322958451  0.18601269685051391  0.5502454736970718  13.791373359425817  13.791373359425817  1.0  0.789  0.149  0.062  0.867  0.133  0.867  0.133  True
0  3.5  1.75  0.01  0.01  0.5982628126570324  0.15092851574626853  0.5607750934840349  13.899451581563344  13.899451581563344  1.0  0.757  0.173  0.07  0.833  0.167  0.833  0.167  True
0  3.5  1.75  0.01  0.01  0.6490897901620132  -0.011751561729875851  0.4607804641762373  13.942360084430058  13.942360084430058  1.0  0.76  0.173  0.067  0.844  0.156  0.844  0.156  True
0  3.5  1.75  0.01  0.01  0.6778602764433284  0.03322258755088441  0.4605632035437009  13.894085725554579  13.894085725554579  1.0  0.776  0.161  0.064  0.867  0.133  0.867  0.133  True
0  3.5  1.75  0.01  0.01  0.6068205900050845  -0.033159091717314196  0.30063629510624046  13.985747201403436  13.985747201403436  1.0  0.74  0.188  0.072  0.833  0.167  0.833  0.167  True
0  3.5  1.75  0.01  0.01  0.6059206407722992  -0.02310203142817214  0.5504425752458552  13.985750397708896  13.985750397708896  1.0  0.741  0.187  0.072  0.822  0.178  0.822  0.178  True
0  3.5  1.75  0.01  0.01  0.6933967506911529  0.05499936174652816  0.5800114513007294  13.813073813701228  13.813073813701228  1.0  0.784  0.154  0.062  0.856  0.144  0.856  0.144  True
0  3.5  1.75  0.01  0.01  0.7161516534585592  -0.06109924478145877  0.4203284932169744  13.850012718596979  13.850012718596979  1.0  0.781  0.158  0.061  0.867  0.133  0.867  0.133  True
0  3.5  1.75  0.01  0.01  0.5621245975056515  -0.022794131269694387  0.4403427961145006  14.033175242707319  14.033175242707319  1.0  0.722  0.202  0.076  0.8  0.2  0.8  0.2  True
0  3.5  1.75  0.01  0.01  0.7271980522683352  -0.06791151586628874  0.5408382229690493  13.826393105008849  13.826393105008849  1.0  0.784  0.156  0.06  0.867  0.133  0.867  0.133  True
0  3.5  1.75  0.01  0.01  0.6449972176482921  -0.04476517289784264  0.4506787309500267  13.929307749786673  13.929307749786673  1.0  0.755  0.177  0.068  0.833  0.167  0.833  0.167  True
0  3.5  1.75  0.01  0.01  0.5543955411858972  0.28245865341968257  0.37025975683378864  13.934985793121696  13.934985793121696  1.0  0.754  0.174  0.072  0.844  0.156  0.844  0.156  True
0  3.5  1.75  0.01  0.01  0.7209032618730612  -0.04487298085187996  0.4503664610672884  13.776274306841298  13.776274306841298  1.0  0.785  0.155  0.06  0.856  0.144  0.856  0.144  True
0  3.5  1.75  0.01  0.01  0.6993446494659938  8.320742115314473e-05  0.5400257642378421  13.810198249023072  13.810198249023072  1.0  0.781  0.157  0.062  0.856  0.144  0.856  0.144  True
0  3.5  1.75  0.01  0.01  0.6110468492210734  0.07927795936180856  0.570595356651426  13.92403141888304  13.92403141888304  1.0  0.755  0.176  0.07  0.833  0.167  0.833  0.167  True
0  3.5  1.75  0.01  0.01  0.7641467303817175  -0.2102935831721003  0.5204575666128002  13.839493229357494  13.839493229357494  1.0  0.783  0.159  0.058  0.867  0.133  0.867  0.133  True
0  3.5  1.75  0.01  0.01  0.6036241343160968  0.19457874690921292  0.48020661423075195  13.887962565552  13.887962565552  1.0  0.764  0.167  0.069  0.844  0.156  0.844  0.156  True
0  3.5  1.75  0.01  0.01  0.6357670438291929  -0.010325316675447473  0.5403933674357394  13.92050127393233  13.92050127393233  1.0  0.755  0.177  0.068  0.833  0.167  0.833  0.167  True
0  3.5  1.75  0.01  0.01  0.7460547235433477  -0.5997614309005348  0.003004818854357551  14.052259080103896  14.052259080103896  1.0  0.729  0.207  0.064  0.856  0.144  0.856  0.144  True
0  3.5  1.75  0.01  0.01  0.6896517393263216  -0.08796748036972468  0.5401776910208482  13.849526936490635  13.849526936490635  1.0  0.767  0.169  0.064  0.833  0.167  0.833  0.167  True
0  3.5  1.75  0.01  0.01  0.7361744869057345  -0.3023064133870712  0.4800791811295122  13.868341853187864  13.868341853187864  1.0  0.762  0.176  0.062  0.833  0.167  0.833  0.167  True
0  3.5  1.75  0.01  0.01  0.5631861005338857  0.3730092579922921  0.5600770135440026  13.915500951601938  13.915500951601938  1.0  0.767  0.163  0.07  0.856  0.144  0.856  0.144  True
0  3.5  1.75  0.01  0.01  0.7055732423173164  -0.17318384763857575  0.3504470193305787  13.896191750028079  13.896191750028079  1.0  0.765  0.172  0.063  0.856  0.144  0.856  0.144  True
0  3.5  1.75  0.01  0.01  0.7067615062449513  -0.15036053615369255  0.4202629871931753  13.872923936126456  13.872923936126456  1.0  0.767  0.17  0.063  0.844  0.156  0.844  0.156  True
0  3.5  1.75  0.01  0.01  0.5624132325843463  0.05499967127577744  0.23099972520619508  13.973263957559187  13.973263957559187  1.0  0.731  0.194  0.075  0.833  0.167  0.833  0.167  True
0  3.5  1.75  0.01  0.01  0.4894272476039008  0.8607032315872545  0.9324842226873985  13.86272500734912  13.86272500734912  1.0  0.791  0.142  0.067  0.878  0.122  0.878  0.122  True
0  3.5  1.75  0.01  0.01  0.6189591003530263  0.01615358830530951  0.5603451356272898  13.897283975836816  13.897283975836816  1.0  0.751  0.179  0.07  0.822  0.178  0.822  0.178  True
0  3.5  1.75  0.01  0.01  0.5888822065136243  0.31072854491098234  0.5706860109966744  13.811628346527232  13.811628346527232  1.0  0.771  0.161  0.068  0.844  0.156  0.844  0.156  True
1  3.5  1.75  0.01  0.01  0.4550733990558502  -0.1225981653856332  0.8375216299223062  14.028227198952894  14.028227198952894  1.0  0.66  0.252  0.088  0.715  0.285  0.715  0.285  True
1  3.5  1.75  0.01  0.01  0.28052453954509615  0.18162087130466345  0.4331098042719074  14.30185279200095  14.30185279200095  1.0  0.615  0.287  0.098  0.694  0.306  0.694  0.306  True
1  3.5  1.75  0.01  0.01  0.39659540485812683  -0.06567319375867087  0.4330373473628133  14.19859344668196  14.19859344668196  1.0  0.638  0.27  0.092  0.715  0.285  0.715  0.285  True
1  3.5  1.75  0.01  0.01  0.41320857586793064  0.013497420945263683  0.8675981016157738  14.044045481493738  14.044045481493738  1.0  0.657  0.253  0.09  0.715  0.285  0.715  0.285  True
1  3.5  1.75  0.01  0.01  0.3408257916940739  0.0703394752984183  0.4334825295810908  14.233737225737432  14.233737225737432  1.0  0.63  0.275  0.095  0.708  0.292  0.708  0.292  True
1  3.5  1.75  0.01  0.01  0.3759683258839358  -0.06056023086459462  0.4635007139155161  14.255483494598828  14.255483494598828  1.0  0.63  0.277  0.094  0.708  0.292  0.708  0.292  True
1  3.5  1.75  0.01  0.01  0.3292037151868973  0.18930201174127487  0.4538448800573106  14.174565021104527  14.174565021104527  1.0  0.64  0.265  0.094  0.715  0.285  0.715  0.285  True
1  3.5  1.75  0.01  0.01  0.4374440795393051  -0.13438068014920024  0.8475434924891092  14.074524240341349  14.074524240341349  1.0  0.65  0.26  0.089  0.708  0.292  0.708  0.292  True
1  3.5  1.75  0.01  0.01  0.3652604932299276  -0.009091565668097814  0.4733054092052868  14.239782274650347  14.239782274650347  1.0  0.631  0.275  0.094  0.708  0.292  0.708  0.292  True
1  3.5  1.75  0.01  0.01  0.4523313277031308  -0.08492144636522685  0.8570813612285618  14.042364318113446  14.042364318113446  1.0  0.664  0.249  0.087  0.722  0.278  0.722  0.278  True
1  3.5  1.75  0.01  0.01  0.3996730844401061  -0.08029994841620289  0.4634412288057444  14.211095515395577  14.211095515395577  1.0  0.639  0.27  0.092  0.715  0.285  0.715  0.285  True
1  3.5  1.75  0.01  0.01  0.4283734224087288  -0.02534113629500953  0.7721386253893004  14.041729758698844  14.041729758698844  1.0  0.659  0.252  0.089  0.722  0.278  0.722  0.278  True
1  3.5  1.75  0.01  0.01  0.38260647817438015  -0.07579837138218617  0.4536495631650649  14.244162782519535  14.244162782519535  1.0  0.63  0.277  0.093  0.708  0.292  0.708  0.292  True
1  3.5  1.75  0.01  0.01  0.408235189276245  -0.21886338214062498  0.4536597793796858  14.266237456947035  14.266237456947035  1.0  0.624  0.284  0.093  0.701  0.299  0.701  0.299  True
1  3.5  1.75  0.01  0.01  0.3553554119085019  0.08132811132161025  0.48353823218010816  14.220209227156808  14.220209227156808  1.0  0.638  0.268  0.094  0.715  0.285  0.715  0.285  True
1  3.5  1.75  0.01  0.01  0.3398972685184357  0.03887159323015073  0.3603752249900449  14.271955667282125  14.271955667282125  1.0  0.625  0.279  0.095  0.708  0.292  0.708  0.292  True
1  3.5  1.75  0.01  0.01  0.4145756172479359  -0.23065084630480961  0.46349136219189335  14.25340051662649  14.25340051662649  1.0  0.626  0.282  0.092  0.701  0.299  0.701  0.299  True
1  3.5  1.75  0.01  0.01  0.14069150670064928  0.39497654098100865  0.9279999909049315  14.131844487949849  14.131844487949849  1.0  0.573  0.323  0.104  0.701  0.299  0.701  0.299  True
1  3.5  1.75  0.01  0.01  0.40623890151651487  -0.0984344034354302  0.4937624272271119  14.22700796540294  14.22700796540294  1.0  0.639  0.269  0.092  0.715  0.285  0.715  0.285  True
1  3.5  1.75  0.01  0.01  0.3838884637627036  0.004998965476103271  0.47357929056604664  14.207595285179082  14.207595285179082  1.0  0.642  0.266  0.092  0.715  0.285  0.715  0.285  True
1  3.5  1.75  0.01  0.01  0.3962576457475526  0.07193706382941356  0.8873670267245373  14.046891136619816  14.046891136619816  1.0  0.657  0.253  0.09  0.715  0.285  0.715  0.285  True
1  3.5  1.75  0.01  0.01  0.3061901065879379  0.07284958292909398  0.3135614269565274  14.288891668758575  14.288891668758575  1.0  0.612  0.29  0.098  0.694  0.306  0.694  0.306  True
1  3.5  1.75  0.01  0.01  0.35753701028193596  0.12391287578958865  0.4734920535972245  14.200750778993697  14.200750778993697  1.0  0.645  0.262  0.093  0.722  0.278  0.722  0.278  True
1  3.5  1.75  0.01  0.01  0.386917562584333  -0.15498398618391368  0.5030096532460492  14.275401029382774  14.275401029382774  1.0  0.623  0.284  0.094  0.694  0.306  0.694  0.306  True
1  3.5  1.75  0.01  0.01  0.03351500036793548  0.04514541343082875  0.48399993123240526  14.336052419847684  14.336052419847684  1.0  0.469  0.421  0.11  0.722  0.278  0.722  0.278  True
1  3.5  1.75  0.01  0.01  0.4521185573630283  -0.2115478127481495  0.45335000891454025  14.186624854738376  14.186624854738376  1.0  0.647  0.265  0.089  0.722  0.278  0.722  0.278  True
1  3.5  1.75  0.01  0.01  0.4756142734728638  -0.13952121896053726  0.8778484062593164  14.040957696078728  14.040957696078728  1.0  0.667  0.247  0.086  0.722  0.278  0.722  0.278  True
1  3.5  1.75  0.01  0.01  0.3650299071685485  0.061395544134573266  0.8676888272599554  14.088680539001302  14.088680539001302  1.0  0.64  0.266  0.093  0.701  0.299  0.701  0.299  True
1  3.5  1.75  0.01  0.01  0.4280331034246089  -0.14950537291188146  0.2635215072937173  14.21319258934894  14.21319258934894  1.0  0.643  0.267  0.09  0.729  0.271  0.729  0.271  True
1  3.5  1.75  0.01  0.01  0.46947344866728835  -0.2945042770600065  0.8075649179312878  14.09918643796647  14.09918643796647  1.0  0.644  0.268  0.088  0.701  0.299  0.701  0.299  True
