5  2.5  0.01  0.01  0.0034579239699574216  -0.11003798892021233  0.6006681411479099  -0.12400379962894587  -0.14036963389886736  14.978224156516177  14.978224156516177  1.0  0.488  0.507  0.005  0.49  0.51  0.49  0.51  1.0  0.434  0.561  0.005  0.436  0.564  0.436  0.564
5  2.5  0.01  0.01  -0.0843835065036373  0.19688187113724526  0.8894514905739022  -0.1607887320865752  -0.03664438108091689  14.931924584034025  14.931924584034025  1.0  0.484  0.511  0.005  0.49  0.51  0.49  0.51  1.0  0.43  0.565  0.005  0.436  0.564  0.436  0.564
5  2.5  0.01  0.01  -0.01980664895747648  -0.0557637046929135  1.091374324111622  -0.21946570050013361  0.13754453675740902  15.157379897533541  15.157379897533541  1.0  0.484  0.511  0.005  0.49  0.51  0.49  0.51  1.0  0.425  0.57  0.005  0.436  0.564  0.436  0.564
5  2.5  0.01  0.01  0.024065394773031403  -0.1771163812502251  0.9558103239259319  -0.2013929596653937  0.0974718570015985  14.969018694294  14.969018694294  1.0  0.489  0.506  0.005  0.49  0.51  0.49  0.51  1.0  0.428  0.567  0.005  0.436  0.564  0.436  0.564
5  2.5  0.01  0.01  0.003356942992938298  -0.11437338520583262  0.661377387877002  -0.17645348318647772  0.06255049263881007  14.952698230751626  14.952698230751626  1.0  0.488  0.507  0.005  0.49  0.51  0.49  0.51  1.0  0.434  0.562  0.005  0.436  0.564  0.436  0.564
5  2.5  0.01  0.01  -0.0019324291008102207  -0.08970118807238366  0.8881453288396949  -0.22394599059151532  0.1999201359248281  14.930411178236634  14.930411178236634  1.0  0.488  0.507  0.005  0.49  0.51  0.49  0.51  1.0  0.429  0.566  0.005  0.436  0.564  0.436  0.564
5  2.5  0.01  0.01  -0.00343415096564901  -0.09914579255263965  1.1903110068583165  -0.23169376401627667  0.15509209086312897  15.361197184283196  15.361197184283196  1.0  0.486  0.509  0.005  0.49  0.51  0.49  0.51  1.0  0.422  0.573  0.005  0.436  0.564  0.436  0.564
5  2.5  0.01  0.01  -0.07198358252468541  0.18022324916200866  0.5609186129851073  -0.16953603661136712  0.050037975681534175  14.988000742469193  14.988000742469193  1.0  0.487  0.508  0.005  0.49  0.51  0.49  0.51  1.0  0.435  0.56  0.005  0.436  0.564  0.436  0.564
5  2.5  0.01  0.01  -0.07001508593781393  0.11274163170604184  1.0778586598324043  -0.2248389112660191  0.15567990818115812  15.146992646058905  15.146992646058905  1.0  0.481  0.514  0.005  0.49  0.51  0.49  0.51  1.0  0.425  0.571  0.005  0.436  0.564  0.436  0.564
5  2.5  0.01  0.01  0.021166519035008192  -0.18436469739707567  0.4479497414744445  -0.1294432641224621  -0.10258978079697828  15.04178056415363  15.04178056415363  1.0  0.488  0.507  0.005  0.49  0.51  0.49  0.51  1.0  0.436  0.559  0.005  0.436  0.564  0.436  0.564
5  2.5  0.01  0.01  -0.0671077146731499  0.14116542331475673  0.8831996039792326  -0.18400877029442222  0.05439476281813266  14.928920138756094  14.928920138756094  1.0  0.485  0.51  0.005  0.49  0.51  0.49  0.51  1.0  0.43  0.566  0.005  0.436  0.564  0.436  0.564
5  2.5  0.01  0.01  -0.05057125585841086  0.07777994104181152  0.9155565288601697  -0.1348042107161365  -0.13638645710441855  14.944022623193716  14.944022623193716  1.0  0.485  0.51  0.005  0.49  0.51  0.49  0.51  1.0  0.43  0.565  0.005  0.436  0.564  0.436  0.564
5  2.5  0.01  0.01  -0.02617818008982292  -0.030214573774138914  1.3314089274691683  -0.13387937032912187  -0.19905050302996635  15.914349844647273  15.914349844647273  1.0  0.484  0.511  0.005  0.49  0.51  0.49  0.51  1.0  0.425  0.57  0.005  0.436  0.564  0.436  0.564
5  2.5  0.01  0.01  -0.05291442647281056  0.10456315886572515  0.6918086211857238  -0.1957265100601723  0.13092848733389356  14.94163563540625  14.94163563540625  1.0  0.486  0.509  0.005  0.49  0.51  0.49  0.51  1.0  0.433  0.562  0.005  0.436  0.564  0.436  0.564
5  2.5  0.01  0.01  -0.03877999160743905  0.0532378042929178  0.6154089461115517  -0.15948841124069682  0.001516795989226688  14.967466739229184  14.967466739229184  1.0  0.487  0.508  0.005  0.49  0.51  0.49  0.51  1.0  0.434  0.561  0.005  0.436  0.564  0.436  0.564
5  2.5  0.01  0.01  -0.0740089586062671  0.12480949455538354  1.582787262754122  -0.2099940005966523  -0.00927834817298287  18.032201670691343  18.032201670691343  1.0  0.48  0.515  0.005  0.49  0.51  0.49  0.51  1.0  0.414  0.582  0.005  0.436  0.564  0.436  0.564
5  2.5  0.01  0.01  0.026159120524935412  -0.19447912854454497  0.8010876094235146  -0.20851078821211116  0.1610187837111285  14.925838490998858  14.925838490998858  1.0  0.489  0.506  0.005  0.49  0.51  0.49  0.51  1.0  0.431  0.564  0.005  0.436  0.564  0.436  0.564
5  2.5  0.01  0.01  -0.01564294408965543  -0.042217914756876335  0.7821926339311046  -0.20508536630245647  0.1484587651663415  14.924436917046911  14.924436917046911  1.0  0.487  0.508  0.005  0.49  0.51  0.49  0.51  1.0  0.431  0.564  0.005  0.436  0.564  0.436  0.564
5  2.5  0.01  0.01  -0.008341048802559524  -0.055855431684260826  1.4543387469516333  -0.19668849326145807  -0.004351132818196879  16.6679456266596  16.6679456266596  1.0  0.488  0.507  0.005  0.49  0.51  0.49  0.51  1.0  0.42  0.575  0.005  0.436  0.564  0.436  0.564
5  2.5  0.01  0.01  0.027727244597935827  -0.16781232211795785  1.5289668966252803  -0.1580497787939783  -0.15253959126865133  17.474653299333315  17.474653299333315  1.0  0.492  0.503  0.005  0.49  0.51  0.49  0.51  1.0  0.42  0.575  0.005  0.436  0.564  0.436  0.564
5  2.5  0.01  0.01  -0.013525708800978054  -0.041181379290482184  0.38667190092080117  -0.14904612334791836  -0.00640768503724734  15.067026120276694  15.067026120276694  1.0  0.488  0.507  0.005  0.49  0.51  0.49  0.51  1.0  0.437  0.558  0.005  0.436  0.564  0.436  0.564
5  2.5  0.01  0.01  0.01366496978528569  -0.15106272348452957  0.4552890377858429  -0.1132168808628884  -0.1713927415610646  15.039578209842908  15.039578209842908  1.0  0.488  0.507  0.005  0.49  0.51  0.49  0.51  1.0  0.436  0.559  0.005  0.436  0.564  0.436  0.564
5  2.5  0.01  0.01  -0.015110283293111234  -0.04207725132590259  0.7576785215946849  -0.16257451592088903  -0.007189000901011322  14.930393795088019  14.930393795088019  1.0  0.487  0.507  0.005  0.49  0.51  0.49  0.51  1.0  0.432  0.563  0.005  0.436  0.564  0.436  0.564
5  2.5  0.01  0.01  -0.07692336693428992  0.16980206159505973  0.9417888879432976  -0.21383318241682595  0.15341758130487132  14.95437652602908  14.95437652602908  1.0  0.484  0.511  0.005  0.49  0.51  0.49  0.51  1.0  0.428  0.567  0.005  0.436  0.564  0.436  0.564
5  2.5  0.01  0.01  -0.02223822689317399  -0.02026232683101009  0.9591806854028351  -0.19592527988750083  0.07839568500314242  14.968480029492621  14.968480029492621  1.0  0.487  0.508  0.005  0.49  0.51  0.49  0.51  1.0  0.428  0.567  0.005  0.436  0.564  0.436  0.564
5  2.5  0.01  0.01  -0.029997865478682748  -0.019070192597029356  1.4272236440225923  -0.24771845730528688  0.17172903461332434  16.432498005419955  16.432498005419955  1.0  0.484  0.511  0.005  0.49  0.51  0.49  0.51  1.0  0.417  0.579  0.005  0.436  0.564  0.436  0.564
5  2.5  0.01  0.01  -0.07596507234406379  0.19639789428234872  0.48012494523160054  -0.11401791144490177  -0.1730702470702028  15.027591976896463  15.027591976896463  1.0  0.487  0.508  0.005  0.49  0.51  0.49  0.51  1.0  0.435  0.56  0.005  0.436  0.564  0.436  0.564
5  2.5  0.01  0.01  -0.044531895341903154  0.052295585688077684  1.4641150649654369  -0.19551975119988643  -0.020682022809494743  16.76953627553033  16.76953627553033  1.0  0.485  0.51  0.005  0.49  0.51  0.49  0.51  1.0  0.418  0.577  0.005  0.436  0.564  0.436  0.564
5  2.5  0.01  0.01  -0.03648046902283214  0.03211696458824781  0.9500883721278259  -0.13077609904118104  -0.15718911557549628  14.970843583866843  14.970843583866843  1.0  0.486  0.509  0.005  0.49  0.51  0.49  0.51  1.0  0.43  0.565  0.005  0.436  0.564  0.436  0.564
5  2.5  0.01  0.01  0.00930176267569741  -0.13153988432462493  0.8375859512400256  -0.18412524872661118  0.06293751198373593  14.925306874437162  14.925306874437162  1.0  0.488  0.507  0.005  0.49  0.51  0.49  0.51  1.0  0.431  0.565  0.005  0.436  0.564  0.436  0.564
