0  3.5  1.75  0.01  0.01  0.5391417278812407  0.07339817937408946  0.48009881332472576  14.015896362944973  14.015896362944973  1.0  0.723  0.2  0.077  0.8  0.2  0.8  0.2  True
0  3.5  1.75  0.01  0.01  0.5845529671382059  -0.06116883788205315  0.4707763089803715  13.979777257304146  13.979777257304146  1.0  0.727  0.199  0.074  0.808  0.192  0.808  0.192  True
0  3.5  1.75  0.01  0.01  0.6068422388284823  -0.024048551784784253  0.540371612691234  13.941854510107863  13.941854510107863  1.0  0.741  0.187  0.072  0.817  0.183  0.817  0.183  True
0  3.5  1.75  0.01  0.01  0.6747874575337608  0.0210135377101082  0.9881159088650908  14.08279638476424  14.08279638476424  1.0  0.774  0.162  0.064  0.808  0.192  0.808  0.192  True
0  3.5  1.75  0.01  0.01  0.5796646458896816  -0.02440006371923105  0.5103447651746563  14.028133361728521  14.028133361728521  1.0  0.73  0.196  0.074  0.808  0.192  0.808  0.192  True
0  3.5  1.75  0.01  0.01  0.5780435143023235  -0.08084405071429965  0.5506650295057636  14.027936024202033  14.027936024202033  1.0  0.722  0.203  0.075  0.8  0.2  0.8  0.2  True
0  3.5  1.75  0.01  0.01  0.5928441014123429  0.1325356725954605  0.8031388398780972  13.895316459376309  13.895316459376309  1.0  0.753  0.176  0.071  0.817  0.183  0.817  0.183  True
0  3.5  1.75  0.01  0.01  0.5968237521028215  0.012427081007050388  0.5402125097928832  13.904750842623551  13.904750842623551  1.0  0.741  0.187  0.072  0.808  0.192  0.808  0.192  True
0  3.5  1.75  0.01  0.01  0.6828402896266423  -0.019220997520440243  0.7507501826619484  14.010742528778446  14.010742528778446  1.0  0.772  0.164  0.064  0.825  0.175  0.825  0.175  True
0  3.5  1.75  0.01  0.01  0.5314976281503732  0.20121092288363301  0.5706805392969173  13.95265587795703  13.95265587795703  1.0  0.735  0.189  0.076  0.808  0.192  0.808  0.192  True
0  3.5  1.75  0.01  0.01  0.5993840114086044  0.03934740684292806  0.5501457508656102  13.90782060486092  13.90782060486092  1.0  0.745  0.183  0.071  0.817  0.183  0.817  0.183  True
0  3.5  1.75  0.01  0.01  0.65275848584284  -0.2043845695569559  0.4100720693746122  14.01552517107303  14.01552517107303  1.0  0.74  0.191  0.069  0.825  0.175  0.825  0.175  True
0  3.5  1.75  0.01  0.01  0.6508857046669895  -0.0585250014486499  0.8023387454362497  13.887170389059085  13.887170389059085  1.0  0.755  0.177  0.068  0.808  0.192  0.808  0.192  True
0  3.5  1.75  0.01  0.01  0.12511410866581724  0.6949989671837227  0.5280082581427701  14.127855127454096  14.127855127454096  1.0  0.608  0.292  0.1  0.808  0.192  0.808  0.192  True
0  3.5  1.75  0.01  0.01  0.5607290470780286  0.11152098125089124  0.8132999258710992  13.931274865097402  13.931274865097402  1.0  0.737  0.189  0.074  0.8  0.2  0.8  0.2  True
0  3.5  1.75  0.01  0.01  0.5454840997581247  -0.02817179686378027  0.16001994603665146  14.098937154896014  14.098937154896014  1.0  0.714  0.209  0.078  0.817  0.183  0.817  0.183  True
0  3.5  1.75  0.01  0.01  0.5633008263931449  0.032390250462458844  0.5802795283909612  13.985768078466242  13.985768078466242  1.0  0.729  0.196  0.075  0.8  0.2  0.8  0.2  True
0  3.5  1.75  0.01  0.01  0.6694756204714034  -0.3849845491584528  0.4400228219868213  14.020564332872743  14.020564332872743  1.0  0.725  0.206  0.069  0.808  0.192  0.808  0.192  True
0  3.5  1.75  0.01  0.01  0.6445700039670399  -0.05711425529723084  0.5508172599967416  13.89491669702536  13.89491669702536  1.0  0.753  0.179  0.068  0.825  0.175  0.825  0.175  True
0  3.5  1.75  0.01  0.01  0.6450362470627589  0.026382036873377986  0.5505073778492547  13.863241351732718  13.863241351732718  1.0  0.763  0.17  0.067  0.833  0.167  0.833  0.167  True
0  3.5  1.75  0.01  0.01  0.6379471711824344  -0.030075462385704268  0.5504144027555431  13.883449666359018  13.883449666359018  1.0  0.753  0.178  0.068  0.825  0.175  0.825  0.175  True
0  3.5  1.75  0.01  0.01  0.5667828980061924  0.12174973705616546  0.4251182269424649  13.981340120573888  13.981340120573888  1.0  0.741  0.186  0.074  0.825  0.175  0.825  0.175  True
0  3.5  1.75  0.01  0.01  0.49233787832931675  0.28016273973027406  0.5709183490458235  13.979781995784633  13.979781995784633  1.0  0.727  0.194  0.078  0.8  0.2  0.8  0.2  True
0  3.5  1.75  0.01  0.01  0.5805403343777981  -0.04863051018605616  0.5606253682387644  13.979013966458648  13.979013966458648  1.0  0.727  0.199  0.075  0.8  0.2  0.8  0.2  True
0  3.5  1.75  0.01  0.01  0.6133633525406295  -0.09351269624087835  0.4806753248699364  14.002243645814012  14.002243645814012  1.0  0.736  0.192  0.072  0.817  0.183  0.817  0.183  True
0  3.5  1.75  0.01  0.01  0.6081862003206565  -0.03153768894336386  0.5905909861913772  13.9346652577438  13.9346652577438  1.0  0.741  0.188  0.072  0.808  0.192  0.808  0.192  True
0  3.5  1.75  0.01  0.01  0.7025243828196918  -0.2523736532245777  0.8636761974202679  13.950984391715297  13.950984391715297  1.0  0.754  0.181  0.065  0.817  0.183  0.817  0.183  True
0  3.5  1.75  0.01  0.01  0.5863413076072119  -0.015056556036564452  0.47008394525444386  13.990875375713186  13.990875375713186  1.0  0.733  0.194  0.074  0.808  0.192  0.808  0.192  True
0  3.5  1.75  0.01  0.01  0.6192528719044055  -0.09661295575732495  0.540463274976586  13.934852464501912  13.934852464501912  1.0  0.737  0.191  0.071  0.808  0.192  0.808  0.192  True
0  3.5  1.75  0.01  0.01  0.6844413310586972  -0.24500524419902792  0.5409701802269267  13.921993925923015  13.921993925923015  1.0  0.747  0.187  0.067  0.817  0.183  0.817  0.183  True
1  3.5  1.75  0.01  0.01  0.4823426857557144  -0.02775375385267031  0.9475905778103634  13.951180461002695  13.951180461002695  1.0  0.685  0.231  0.084  0.737  0.263  0.737  0.263  True
1  3.5  1.75  0.01  0.01  0.4259887040080647  0.046431717862931786  0.9423687883809124  14.018522594521595  14.018522594521595  1.0  0.668  0.243  0.088  0.728  0.272  0.728  0.272  True
1  3.5  1.75  0.01  0.01  0.3245258586506141  0.07871001513915403  0.4634318754305716  14.268362951206754  14.268362951206754  1.0  0.623  0.281  0.096  0.702  0.298  0.702  0.298  True
1  3.5  1.75  0.01  0.01  0.34206428239693815  0.1381491517918905  0.4739997287659036  14.23948277930184  14.23948277930184  1.0  0.64  0.266  0.094  0.711  0.289  0.711  0.289  True
1  3.5  1.75  0.01  0.01  0.3335480787411247  0.029630246588998335  0.4333086877831536  14.290465930104082  14.290465930104082  1.0  0.621  0.283  0.096  0.702  0.298  0.702  0.298  True
1  3.5  1.75  0.01  0.01  0.450677598615829  -0.18993005209985758  0.45339744230021756  14.229971460704872  14.229971460704872  1.0  0.649  0.263  0.089  0.728  0.272  0.728  0.272  True
1  3.5  1.75  0.01  0.01  0.3917525593813156  0.039834901367332295  0.9474054645377514  14.059340756285366  14.059340756285366  1.0  0.651  0.258  0.091  0.711  0.289  0.711  0.289  True
1  3.5  1.75  0.01  0.01  0.31047124515875746  0.38789811662512597  1.0173412202928458  13.980675598333331  13.980675598333331  1.0  0.658  0.249  0.093  0.719  0.281  0.719  0.281  True
1  3.5  1.75  0.01  0.01  0.4778200598446062  -0.16456653912308902  0.43359009971498436  14.166642503000013  14.166642503000013  1.0  0.666  0.248  0.086  0.746  0.254  0.746  0.254  True
1  3.5  1.75  0.01  0.01  0.1953279565512479  0.46540329276292347  1.037462640858621  14.041654381624522  14.041654381624522  1.0  0.612  0.288  0.1  0.675  0.325  0.675  0.325  True
1  3.5  1.75  0.01  0.01  0.324885237765022  0.09693698253362396  0.48383414250144485  14.239091005482495  14.239091005482495  1.0  0.626  0.278  0.096  0.702  0.298  0.702  0.298  True
1  3.5  1.75  0.01  0.01  0.41421618769259455  -0.2049724637650791  0.443072049195798  14.293417972930612  14.293417972930612  1.0  0.629  0.279  0.092  0.711  0.289  0.711  0.289  True
1  3.5  1.75  0.01  0.01  0.37574451594617353  0.1762792999396134  0.9803676341165998  13.984724765680008  13.984724765680008  1.0  0.661  0.248  0.091  0.719  0.281  0.719  0.281  True
1  3.5  1.75  0.01  0.01  0.42849742084462217  -0.023716176780773066  0.927858808801558  14.042798609246889  14.042798609246889  1.0  0.661  0.251  0.089  0.719  0.281  0.719  0.281  True
1  3.5  1.75  0.01  0.01  0.3240542985297761  0.2715840756127579  0.9776959693659836  14.018576894607596  14.018576894607596  1.0  0.648  0.258  0.094  0.711  0.289  0.711  0.289  True
1  3.5  1.75  0.01  0.01  0.3068497602756307  0.136060923638322  0.4534470453885453  14.269834839721177  14.269834839721177  1.0  0.622  0.281  0.097  0.702  0.298  0.702  0.298  True
1  3.5  1.75  0.01  0.01  0.31578412657309896  0.025435593766983858  0.9128934924278646  14.142993594976472  14.142993594976472  1.0  0.612  0.291  0.097  0.675  0.325  0.675  0.325  True
1  3.5  1.75  0.01  0.01  0.42637676964354976  -0.0027036707320930034  0.9574299890854082  14.027425637894812  14.027425637894812  1.0  0.662  0.249  0.089  0.719  0.281  0.719  0.281  True
1  3.5  1.75  0.01  0.01  0.4271696636582898  -0.18394304136899925  0.8473562446988626  14.12873940075142  14.12873940075142  1.0  0.639  0.271  0.091  0.702  0.298  0.702  0.298  True
1  3.5  1.75  0.01  0.01  0.42503941310501925  -0.09016468536520822  0.45388468337692245  14.204408370297756  14.204408370297756  1.0  0.65  0.261  0.09  0.728  0.272  0.728  0.272  True
1  3.5  1.75  0.01  0.01  0.34478230260189857  0.1465702471177097  0.4735955126027659  14.191870762446714  14.191870762446714  1.0  0.642  0.264  0.094  0.719  0.281  0.719  0.281  True
1  3.5  1.75  0.01  0.01  0.2079242329480937  0.7348852779420832  1.0679303855612237  13.962113088394194  13.962113088394194  1.0  0.654  0.252  0.094  0.719  0.281  0.719  0.281  True
1  3.5  1.75  0.01  0.01  0.40049448528714104  -0.10281305791790349  0.8674076814131544  14.052609587235212  14.052609587235212  1.0  0.636  0.272  0.092  0.693  0.307  0.693  0.307  True
1  3.5  1.75  0.01  0.01  0.4071686172618616  0.03639932381874374  0.45374059712649034  14.168101044251678  14.168101044251678  1.0  0.658  0.252  0.09  0.737  0.263  0.737  0.263  True
1  3.5  1.75  0.01  0.01  0.39714997746141856  0.0020186670092974717  0.9376391096390072  14.09373600484019  14.09373600484019  1.0  0.648  0.261  0.091  0.711  0.289  0.711  0.289  True
1  3.5  1.75  0.01  0.01  0.19308781095632532  0.7949040959458515  1.072233065404769  13.920165345816548  13.920165345816548  1.0  0.655  0.251  0.094  0.719  0.281  0.719  0.281  True
1  3.5  1.75  0.01  0.01  0.3806688052572732  0.2750114833416387  0.9979957246542491  13.957074749513065  13.957074749513065  1.0  0.677  0.235  0.089  0.728  0.272  0.728  0.272  True
1  3.5  1.75  0.01  0.01  0.1782391049409798  0.32711653976776073  0.4831647576766195  14.330565792609681  14.330565792609681  1.0  0.584  0.313  0.103  0.658  0.342  0.658  0.342  True
1  3.5  1.75  0.01  0.01  0.029533411797443343  0.025000004038605625  0.44300103937209045  14.39080361616657  14.39080361616657  1.0  0.464  0.426  0.11  0.728  0.272  0.728  0.272  True
1  3.5  1.75  0.01  0.01  0.23526236382275173  0.5049970850013373  0.503006857246974  14.232868035963843  14.232868035963843  1.0  0.636  0.267  0.097  0.728  0.272  0.728  0.272  True
