5  2.5  0.01  0.01  -0.13623328489980063  -0.06655430483357214  1.0123069021257836  -0.06470577571261557  -0.06623741064734076  15.057514800827054  15.057514800827054  1.0  0.436  0.559  0.005  0.447  0.553  0.447  0.553  1.0  0.465  0.53  0.005  0.47  0.53  0.47  0.53
5  2.5  0.01  0.01  -0.08936072226747449  -0.18035023507758471  0.5923638849105075  -0.11870692369132163  0.16650073849619246  14.980429253347689  14.980429253347689  1.0  0.444  0.551  0.005  0.447  0.553  0.447  0.553  1.0  0.467  0.528  0.005  0.47  0.53  0.47  0.53
5  2.5  0.01  0.01  -0.15906766410776033  0.11206488476509507  0.5007487967964868  -0.03167396451245684  -0.1694512731226975  15.01865631030917  15.01865631030917  1.0  0.445  0.55  0.005  0.447  0.553  0.447  0.553  1.0  0.468  0.527  0.005  0.47  0.53  0.47  0.53
5  2.5  0.01  0.01  -0.12493702133355704  -0.03332747351155105  0.5210674882331389  -0.11701636363476813  0.16624051232331782  15.005874970490229  15.005874970490229  1.0  0.445  0.55  0.005  0.447  0.553  0.447  0.553  1.0  0.468  0.527  0.005  0.47  0.53  0.47  0.53
5  2.5  0.01  0.01  -0.10638006277020313  -0.18472266665712694  1.0357479056431325  -0.10789311582885097  0.07580637457711759  15.077654334035719  15.077654334035719  1.0  0.437  0.558  0.005  0.447  0.553  0.447  0.553  1.0  0.463  0.532  0.005  0.47  0.53  0.47  0.53
5  2.5  0.01  0.01  -0.1024126893530124  -0.14084666893596973  0.6821885603429086  -0.10090453802321943  0.08832357405906  14.950298861565198  14.950298861565198  1.0  0.443  0.552  0.005  0.447  0.553  0.447  0.553  1.0  0.466  0.529  0.005  0.47  0.53  0.47  0.53
5  2.5  0.01  0.01  -0.10588215397623846  -0.18050770647762857  1.0260331957259505  -0.047516006778047744  -0.13203368211878375  15.078295618437895  15.078295618437895  1.0  0.438  0.557  0.005  0.447  0.553  0.447  0.553  1.0  0.466  0.529  0.005  0.47  0.53  0.47  0.53
5  2.5  0.01  0.01  -0.0954224263718033  -0.18242215057967456  0.8388692593768625  -0.06659032628861637  -0.0463210177434171  14.931650112219563  14.931650112219563  1.0  0.442  0.553  0.005  0.447  0.553  0.447  0.553  1.0  0.466  0.529  0.005  0.47  0.53  0.47  0.53
5  2.5  0.01  0.01  -0.13026224763276176  0.00281743391395467  0.46769846966567946  -0.05349286653052475  -0.08418759384917594  15.03183184115377  15.03183184115377  1.0  0.446  0.549  0.005  0.447  0.553  0.447  0.553  1.0  0.468  0.527  0.005  0.47  0.53  0.47  0.53
5  2.5  0.01  0.01  -0.12470533021202805  -0.018358620408176485  0.42985978340904457  -0.11171732851219188  0.16424250048892702  15.047089741009914  15.047089741009914  1.0  0.446  0.549  0.005  0.447  0.553  0.447  0.553  1.0  0.469  0.526  0.005  0.47  0.53  0.47  0.53
5  2.5  0.01  0.01  -0.16760131245798618  0.13033720619424105  0.5821068120151595  -0.04732706554728533  -0.1076751171255746  14.983156331766901  14.983156331766901  1.0  0.444  0.551  0.005  0.447  0.553  0.447  0.553  1.0  0.468  0.527  0.005  0.47  0.53  0.47  0.53
5  2.5  0.01  0.01  -0.13879781917854744  -0.08431049774690291  1.414306616622063  -0.05374190781963729  -0.1442916224352987  16.369144147598313  16.369144147598313  1.0  0.434  0.561  0.005  0.447  0.553  0.447  0.553  1.0  0.462  0.533  0.005  0.47  0.53  0.47  0.53
5  2.5  0.01  0.01  -0.2154923313990725  0.17894021467787236  1.4618176900236695  -0.1322269615838659  0.10256302729737643  16.75143363188871  16.75143363188871  1.0  0.43  0.565  0.005  0.447  0.553  0.447  0.553  1.0  0.455  0.54  0.005  0.47  0.53  0.47  0.53
5  2.5  0.01  0.01  -0.10440235472602125  -0.11869677504774807  0.5750855372126815  -0.03482253758489745  -0.1575640954228347  14.990155296432293  14.990155296432293  1.0  0.444  0.551  0.005  0.447  0.553  0.447  0.553  1.0  0.468  0.527  0.005  0.47  0.53  0.47  0.53
5  2.5  0.01  0.01  -0.10456707581251679  -0.09818327037132035  0.39167856181555233  -0.11062228305121652  0.15771478761040225  15.066305315721708  15.066305315721708  1.0  0.446  0.549  0.005  0.447  0.553  0.447  0.553  1.0  0.469  0.526  0.005  0.47  0.53  0.47  0.53
5  2.5  0.01  0.01  -0.1474143160921745  -0.02654058289544428  1.0135717148643835  -0.09290206423607245  0.03171101202104634  15.054980871932653  15.054980871932653  1.0  0.436  0.559  0.005  0.447  0.553  0.447  0.553  1.0  0.463  0.531  0.005  0.47  0.53  0.47  0.53
5  2.5  0.01  0.01  -0.10715859299412857  -0.1026549207794111  0.4975797762527489  -0.03156886442527857  -0.17367832766111047  15.022295800445518  15.022295800445518  1.0  0.445  0.55  0.005  0.447  0.553  0.447  0.553  1.0  0.468  0.527  0.005  0.47  0.53  0.47  0.53
5  2.5  0.01  0.01  -0.18900524596048152  0.04600194292681073  1.6027354059639791  -0.14529224607998514  0.10265096451667227  18.20898479819358  18.20898479819358  1.0  0.428  0.567  0.005  0.447  0.553  0.447  0.553  1.0  0.45  0.545  0.005  0.47  0.53  0.47  0.53
5  2.5  0.01  0.01  -0.09466108307842247  -0.15266395720465595  0.461497852615556  -0.03382308592344387  -0.15854378426339225  15.038711723302313  15.038711723302313  1.0  0.445  0.55  0.005  0.447  0.553  0.447  0.553  1.0  0.468  0.527  0.005  0.47  0.53  0.47  0.53
5  2.5  0.01  0.01  -0.17387448856133172  0.1425086319154406  0.6743173311636336  -0.1163185416690492  0.1472445739082182  14.948632259329061  14.948632259329061  1.0  0.442  0.553  0.005  0.447  0.553  0.447  0.553  1.0  0.466  0.529  0.005  0.47  0.53  0.47  0.53
5  2.5  0.01  0.01  -0.10462559431592813  -0.09522870239237001  0.39285205079862157  -0.07675904452252247  0.019385167098636108  15.066711293916097  15.066711293916097  1.0  0.446  0.549  0.005  0.447  0.553  0.447  0.553  1.0  0.469  0.526  0.005  0.47  0.53  0.47  0.53
5  2.5  0.01  0.01  -0.12190935129296192  -0.1605094691745532  1.5730431403868397  -0.11058061866670327  0.0148143531170703  17.979564783722857  17.979564783722857  1.0  0.433  0.562  0.005  0.447  0.553  0.447  0.553  1.0  0.455  0.54  0.005  0.47  0.53  0.47  0.53
5  2.5  0.01  0.01  -0.13468009642361198  -0.09613396005185058  1.3198599850828518  -0.15767586338176454  0.1951715357015757  15.869453168771074  15.869453168771074  1.0  0.434  0.561  0.005  0.447  0.553  0.447  0.553  1.0  0.455  0.54  0.005  0.47  0.53  0.47  0.53
5  2.5  0.01  0.01  -0.20769073867766147  0.16866948161295636  1.4937280759452318  -0.11743968215677876  0.04044661605964922  17.02180372212976  17.02180372212976  1.0  0.432  0.563  0.005  0.447  0.553  0.447  0.553  1.0  0.455  0.54  0.005  0.47  0.53  0.47  0.53
5  2.5  0.01  0.01  -0.162211485273467  0.10856203450316987  0.5722630561725834  -0.11051610398045827  0.13775309723971907  14.983814286662318  14.983814286662318  1.0  0.444  0.551  0.005  0.447  0.553  0.447  0.553  1.0  0.467  0.528  0.005  0.47  0.53  0.47  0.53
5  2.5  0.01  0.01  -0.10827876360814154  -0.18411324232564075  1.2667493358065773  -0.06976433938716345  -0.0685811754380107  15.59830055025687  15.59830055025687  1.0  0.437  0.558  0.005  0.447  0.553  0.447  0.553  1.0  0.463  0.532  0.005  0.47  0.53  0.47  0.53
5  2.5  0.01  0.01  -0.13313244356785536  -0.016411605189122602  0.6998121458515443  -0.11699907985128029  0.15244395593411642  14.943224103270035  14.943224103270035  1.0  0.443  0.552  0.005  0.447  0.553  0.447  0.553  1.0  0.466  0.529  0.005  0.47  0.53  0.47  0.53
5  2.5  0.01  0.01  -0.20311875103604873  0.14079369161816763  1.0564985812757168  -0.08845655837769409  0.005923326232875364  15.136799386781226  15.136799386781226  1.0  0.431  0.564  0.005  0.447  0.553  0.447  0.553  1.0  0.463  0.532  0.005  0.47  0.53  0.47  0.53
5  2.5  0.01  0.01  -0.10153588302395469  -0.11237589236491835  0.3786277943275304  -0.06939496615641474  -0.005628865358219992  15.07387487753219  15.07387487753219  1.0  0.446  0.549  0.005  0.447  0.553  0.447  0.553  1.0  0.469  0.526  0.005  0.47  0.53  0.47  0.53
5  2.5  0.01  0.01  -0.20684247594411734  0.1262025008376324  1.1710853366721536  -0.13342171782488763  0.15426203434588454  15.27844601516688  15.27844601516688  1.0  0.429  0.567  0.005  0.447  0.553  0.447  0.553  1.0  0.459  0.536  0.005  0.47  0.53  0.47  0.53
