0  3.5  1.75  0.01  0.01  0.623625853842591  -0.007960943363117076  0.48026058619190615  13.921817583454603  13.921817583454603  1.0  0.75  0.181  0.07  0.825  0.175  0.825  0.175  True
0  3.5  1.75  0.01  0.01  0.6332998979670299  -0.08500117879276597  0.4600069034144574  13.942410936435438  13.942410936435438  1.0  0.744  0.186  0.07  0.825  0.175  0.825  0.175  True
0  3.5  1.75  0.01  0.01  0.5628004724808107  0.09190022077975316  0.5106309916426243  13.97064611256709  13.97064611256709  1.0  0.736  0.19  0.074  0.808  0.192  0.808  0.192  True
0  3.5  1.75  0.01  0.01  0.6456508503317402  -0.20500038166825324  0.4800088498782674  14.004691478911392  14.004691478911392  1.0  0.735  0.195  0.07  0.817  0.183  0.817  0.183  True
0  3.5  1.75  0.01  0.01  0.5361968059791815  0.14330796773429955  0.45031392295587297  14.024135278315043  14.024135278315043  1.0  0.73  0.194  0.076  0.808  0.192  0.808  0.192  True
0  3.5  1.75  0.01  0.01  0.6837091665747956  -0.13978391079549696  0.5306084504045993  13.890888753397098  13.890888753397098  1.0  0.759  0.175  0.065  0.833  0.167  0.833  0.167  True
0  3.5  1.75  0.01  0.01  0.5648421305506512  0.0699388946527669  0.5004811966696407  13.977758590038805  13.977758590038805  1.0  0.734  0.191  0.074  0.808  0.192  0.808  0.192  True
0  3.5  1.75  0.01  0.01  0.6308014390470953  -0.1553246685314446  0.48051043789990194  14.011603603435779  14.011603603435779  1.0  0.735  0.194  0.071  0.817  0.183  0.817  0.183  True
0  3.5  1.75  0.01  0.01  0.5190507110970768  0.1436469958749114  0.5101701744022971  14.036869840784485  14.036869840784485  1.0  0.722  0.2  0.078  0.8  0.2  0.8  0.2  True
0  3.5  1.75  0.01  0.01  0.5848594767740076  -0.047749332212839043  0.5007042569795203  13.950301843777053  13.950301843777053  1.0  0.728  0.197  0.074  0.8  0.2  0.8  0.2  True
0  3.5  1.75  0.01  0.01  0.589566285825749  -0.08532212433127631  0.5607511532471872  14.0021685073454  14.0021685073454  1.0  0.726  0.2  0.074  0.8  0.2  0.8  0.2  True
0  3.5  1.75  0.01  0.01  0.5333985589427779  0.03015394660991023  0.5503067716040893  14.040750533919747  14.040750533919747  1.0  0.715  0.206  0.078  0.792  0.208  0.792  0.208  True
0  3.5  1.75  0.01  0.01  0.6077175470066004  0.02274997519170891  0.4903179900453992  13.96440685563043  13.96440685563043  1.0  0.746  0.183  0.071  0.825  0.175  0.825  0.175  True
0  3.5  1.75  0.01  0.01  0.6272755781272462  -0.21967236261944625  0.540436243107833  13.990516141287701  13.990516141287701  1.0  0.726  0.202  0.072  0.8  0.2  0.8  0.2  True
0  3.5  1.75  0.01  0.01  0.6435785544156143  -0.02396277486043975  0.80370349240529  13.883349114686313  13.883349114686313  1.0  0.757  0.176  0.068  0.817  0.183  0.817  0.183  True
0  3.5  1.75  0.01  0.01  0.6440928368092724  -0.08500201293403072  0.48000034761043464  13.960122725871202  13.960122725871202  1.0  0.749  0.183  0.069  0.817  0.183  0.817  0.183  True
0  3.5  1.75  0.01  0.01  0.5840251953858031  -0.005926889992473601  0.48073124111062626  13.992591059072303  13.992591059072303  1.0  0.733  0.193  0.074  0.808  0.192  0.808  0.192  True
0  3.5  1.75  0.01  0.01  0.6092894084747027  -0.09210400692629159  0.5304256962078477  13.959424493455504  13.959424493455504  1.0  0.734  0.194  0.072  0.808  0.192  0.808  0.192  True
0  3.5  1.75  0.01  0.01  0.6673278939472554  -0.2742571359756705  0.5507306659895322  13.957733010446752  13.957733010446752  1.0  0.737  0.194  0.068  0.808  0.192  0.808  0.192  True
0  3.5  1.75  0.01  0.01  0.5041614566996047  0.403998592352943  0.5500491012730351  13.940669613999518  13.940669613999518  1.0  0.747  0.178  0.075  0.825  0.175  0.825  0.175  True
0  3.5  1.75  0.01  0.01  0.57746623861934  0.03499996666797424  0.5700003464312849  13.909972896176672  13.909972896176672  1.0  0.735  0.191  0.074  0.825  0.175  0.825  0.175  True
0  3.5  1.75  0.01  0.01  0.5358124983461863  0.1649913687607074  0.4500069798761901  14.044628742476885  14.044628742476885  1.0  0.732  0.192  0.076  0.817  0.183  0.817  0.183  True
0  3.5  1.75  0.01  0.01  0.3884082504951538  0.7116741468100614  0.5407461154893687  14.089387997348718  14.089387997348718  1.0  0.734  0.186  0.08  0.817  0.183  0.817  0.183  True
0  3.5  1.75  0.01  0.01  0.6398101224190911  -0.0103891335112164  0.5703524565541234  13.892231216977594  13.892231216977594  1.0  0.756  0.176  0.068  0.825  0.175  0.825  0.175  True
0  3.5  1.75  0.01  0.01  0.6006338381465196  -0.14501733996185256  0.4608157866385649  14.01538718857505  14.01538718857505  1.0  0.723  0.203  0.074  0.8  0.2  0.8  0.2  True
0  3.5  1.75  0.01  0.01  0.6659163830689387  -0.2649036744152278  0.5509975684761754  13.983755076952654  13.983755076952654  1.0  0.738  0.194  0.069  0.808  0.192  0.808  0.192  True
0  3.5  1.75  0.01  0.01  0.5678928685193989  0.08429252495281087  0.5107158084727111  13.956254361385616  13.956254361385616  1.0  0.737  0.189  0.074  0.808  0.192  0.808  0.192  True
0  3.5  1.75  0.01  0.01  0.718571410132925  -0.309580305549656  0.5106102587401137  13.888301765273576  13.888301765273576  1.0  0.754  0.183  0.064  0.825  0.175  0.825  0.175  True
0  3.5  1.75  0.01  0.01  0.37564912032305486  0.38499945428188254  0.5909993295025879  14.010879777050638  14.010879777050638  1.0  0.687  0.225  0.088  0.8  0.2  0.8  0.2  True
0  3.5  1.75  0.01  0.01  0.5719469409512161  0.06320688401316683  0.5808214591174938  13.948421512769956  13.948421512769956  1.0  0.736  0.19  0.074  0.808  0.192  0.808  0.192  True
1  3.5  1.75  0.01  0.01  0.3205845565192642  0.18653858725371897  0.47369787042740324  14.28973828476601  14.28973828476601  1.0  0.636  0.269  0.095  0.719  0.281  0.719  0.281  True
1  3.5  1.75  0.01  0.01  0.3308163288295112  0.24898563903984597  0.49348562826743575  14.207189323895546  14.207189323895546  1.0  0.649  0.258  0.093  0.728  0.272  0.728  0.272  True
1  3.5  1.75  0.01  0.01  0.35715108988427857  0.07723464064445432  0.47322085694626076  14.244890411965818  14.244890411965818  1.0  0.639  0.267  0.094  0.719  0.281  0.719  0.281  True
1  3.5  1.75  0.01  0.01  0.3307959502509782  0.00024536316795457415  0.4537542461781544  14.282385637207543  14.282385637207543  1.0  0.615  0.288  0.097  0.693  0.307  0.693  0.307  True
1  3.5  1.75  0.01  0.01  0.42692979175540724  -0.054051943777132516  0.45359995804998077  14.20287444439431  14.20287444439431  1.0  0.656  0.255  0.089  0.737  0.263  0.737  0.263  True
1  3.5  1.75  0.01  0.01  0.33516212250574867  0.15536135745252067  0.47362304696651564  14.241126152698536  14.241126152698536  1.0  0.639  0.267  0.094  0.719  0.281  0.719  0.281  True
1  3.5  1.75  0.01  0.01  0.3199043841426158  0.14833496692355252  0.4534108284662132  14.256926198722066  14.256926198722066  1.0  0.63  0.274  0.096  0.711  0.289  0.711  0.289  True
1  3.5  1.75  0.01  0.01  0.37145907656397004  0.10676265684482948  0.4933213986681112  14.202043234212208  14.202043234212208  1.0  0.65  0.258  0.092  0.728  0.272  0.728  0.272  True
1  3.5  1.75  0.01  0.01  0.2962202085999074  0.11404087370307464  0.42324887368573505  14.294606816348372  14.294606816348372  1.0  0.613  0.289  0.098  0.693  0.307  0.693  0.307  True
1  3.5  1.75  0.01  0.01  0.3687592123705462  0.019000490995515415  0.9177243076616757  14.03609387985991  14.03609387985991  1.0  0.637  0.27  0.093  0.693  0.307  0.693  0.307  True
1  3.5  1.75  0.01  0.01  0.4014853670544509  0.015290087458886385  0.44339589879429825  14.230060633615862  14.230060633615862  1.0  0.653  0.257  0.091  0.737  0.263  0.737  0.263  True
1  3.5  1.75  0.01  0.01  0.3191383905280639  0.21583416531468452  0.3538704305782011  14.297953468932294  14.297953468932294  1.0  0.639  0.266  0.095  0.728  0.272  0.728  0.272  True
1  3.5  1.75  0.01  0.01  0.38895876876950763  -0.22187207964286992  0.40364842879711477  14.297174498648136  14.297174498648136  1.0  0.614  0.292  0.094  0.693  0.307  0.693  0.307  True
1  3.5  1.75  0.01  0.01  0.39323039192057924  0.05932129876054758  0.46344221335657465  14.222695766017402  14.222695766017402  1.0  0.654  0.255  0.091  0.737  0.263  0.737  0.263  True
1  3.5  1.75  0.01  0.01  0.42439592052999414  -0.18114235823617336  0.42322482001239714  14.263562176496439  14.263562176496439  1.0  0.637  0.272  0.091  0.719  0.281  0.719  0.281  True
1  3.5  1.75  0.01  0.01  0.5169180175236836  -0.3111894042294202  0.41345904233136793  14.192772532008297  14.192772532008297  1.0  0.664  0.252  0.084  0.746  0.254  0.746  0.254  True
1  3.5  1.75  0.01  0.01  0.4942353356495768  -0.20162714743369703  0.4335090144513541  14.149173871155615  14.149173871155615  1.0  0.668  0.247  0.085  0.746  0.254  0.746  0.254  True
1  3.5  1.75  0.01  0.01  0.408592957131381  -0.2438354056203389  0.42382130355959113  14.305951634735607  14.305951634735607  1.0  0.621  0.286  0.093  0.702  0.298  0.702  0.298  True
1  3.5  1.75  0.01  0.01  0.19308537796033398  0.6585973446101043  1.0622568054855306  13.98501336036563  13.98501336036563  1.0  0.637  0.266  0.097  0.702  0.298  0.702  0.298  True
1  3.5  1.75  0.01  0.01  0.38434673790676965  -0.15499803822997232  0.31001223265561006  14.33285359670907  14.33285359670907  1.0  0.621  0.285  0.094  0.711  0.289  0.711  0.289  True
1  3.5  1.75  0.01  0.01  0.4170578072281422  -0.037587377476717226  0.9175779302245344  14.052649674370228  14.052649674370228  1.0  0.652  0.258  0.09  0.711  0.289  0.711  0.289  True
1  3.5  1.75  0.01  0.01  0.3897140515249581  0.13625425469045316  0.9574189409443187  13.963670264806456  13.963670264806456  1.0  0.663  0.247  0.09  0.719  0.281  0.719  0.281  True
1  3.5  1.75  0.01  0.01  0.39178044408062873  -0.12476345967781094  0.4438104229857188  14.285633762972589  14.285633762972589  1.0  0.629  0.278  0.093  0.711  0.289  0.711  0.289  True
1  3.5  1.75  0.01  0.01  0.32906091694552986  -0.05463557885923283  0.41320442583461464  14.27482062009263  14.27482062009263  1.0  0.607  0.295  0.097  0.684  0.316  0.684  0.316  True
1  3.5  1.75  0.01  0.01  0.3626065372481242  0.0014744318182633  0.44388043908155944  14.249773814189329  14.249773814189329  1.0  0.631  0.275  0.094  0.711  0.289  0.711  0.289  True
1  3.5  1.75  0.01  0.01  0.4019805649462793  0.12717966524565594  0.4736989234768744  14.138865026086004  14.138865026086004  1.0  0.667  0.243  0.089  0.746  0.254  0.746  0.254  True
1  3.5  1.75  0.01  0.01  0.3434866283323368  0.11195906451504556  0.4436993894170373  14.265007402194176  14.265007402194176  1.0  0.636  0.269  0.094  0.719  0.281  0.719  0.281  True
1  3.5  1.75  0.01  0.01  0.3353427174596876  0.1104542001009344  0.962968303069652  14.066295313828608  14.066295313828608  1.0  0.632  0.273  0.095  0.693  0.307  0.693  0.307  True
1  3.5  1.75  0.01  0.01  0.39510676049028987  -0.04999440808008809  0.3332625314104709  14.260740148145059  14.260740148145059  1.0  0.64  0.268  0.092  0.728  0.272  0.728  0.272  True
1  3.5  1.75  0.01  0.01  0.3853930749349972  -0.05330376269799404  0.2932335061111432  14.313869215553119  14.313869215553119  1.0  0.636  0.272  0.093  0.728  0.272  0.728  0.272  True
