1  5.5  2.25  0.01  0.01  -0.37506365920964463  -0.005796358887080716  0.37084510228602147  15.598066753645455  15.598066753645455  1.0  0.237  0.539  0.223  0.406  0.594  0.406  0.594
1  5.5  2.25  0.01  0.01  -0.45003474010805267  0.18002663941804592  0.39066957398274327  15.655192911709719  15.655192911709719  1.0  0.228  0.555  0.218  0.406  0.594  0.406  0.594
1  5.5  2.25  0.01  0.01  -0.45848246456316816  0.022123446760615062  0.7991226705837425  18.642275711955545  18.642275711955545  1.0  0.213  0.573  0.214  0.406  0.594  0.406  0.594
1  5.5  2.25  0.01  0.01  -0.3186267568914744  -0.1844446351364571  0.42948382751723274  15.75961729247146  15.75961729247146  1.0  0.243  0.53  0.227  0.406  0.594  0.406  0.594
1  5.5  2.25  0.01  0.01  -0.3460833745809329  -0.08924806816082653  0.3764612425271958  15.612154385380501  15.612154385380501  1.0  0.241  0.534  0.225  0.406  0.594  0.406  0.594
1  5.5  2.25  0.01  0.01  -0.4803641398573305  0.192706104887498  0.505646866991819  16.197894487017166  16.197894487017166  1.0  0.219  0.567  0.214  0.406  0.594  0.406  0.594
1  5.5  2.25  0.01  0.01  -0.4244225693688686  -0.04371342494102187  0.7535988526575087  18.124829921159648  18.124829921159648  1.0  0.219  0.564  0.217  0.406  0.594  0.406  0.594
1  5.5  2.25  0.01  0.01  -0.5343954849855266  0.19048087094950028  0.8478175438739839  19.17159572676729  19.17159572676729  1.0  0.203  0.59  0.207  0.406  0.594  0.406  0.594
1  5.5  2.25  0.01  0.01  -0.35393142699422553  -0.14065640434294047  0.528164728587051  16.289869986300886  16.289869986300886  1.0  0.234  0.542  0.224  0.406  0.594  0.406  0.594
1  5.5  2.25  0.01  0.01  -0.39209819424895015  -0.02821130370037267  0.4920982185875965  16.109494664571617  16.109494664571617  1.0  0.23  0.549  0.221  0.406  0.594  0.406  0.594
1  5.5  2.25  0.01  0.01  -0.4272412848593161  -0.020911621889503046  0.6410126874396938  17.167053528381587  17.167053528381587  1.0  0.22  0.563  0.217  0.406  0.594  0.406  0.594
1  5.5  2.25  0.01  0.01  -0.38848530210103105  -0.03730376249925493  0.49147684211953824  16.104205832239  16.104205832239  1.0  0.231  0.548  0.221  0.406  0.594  0.406  0.594
1  5.5  2.25  0.01  0.01  -0.42445194047811113  0.12281755000829431  0.3739821016497847  15.610127872504673  15.610127872504673  1.0  0.231  0.549  0.22  0.406  0.594  0.406  0.594
1  5.5  2.25  0.01  0.01  -0.4828257859914144  0.19809520503680744  0.49737546446003544  16.15553902740177  16.15553902740177  1.0  0.219  0.567  0.214  0.406  0.594  0.406  0.594
1  5.5  2.25  0.01  0.01  -0.45266714439612094  0.05819102269979737  0.6797875213800672  17.60352751177582  17.60352751177582  1.0  0.218  0.567  0.215  0.406  0.594  0.406  0.594
1  5.5  2.25  0.01  0.01  -0.4663029404435935  0.08439503799278991  0.7054255269499549  17.862859035455145  17.862859035455145  1.0  0.215  0.571  0.214  0.406  0.594  0.406  0.594
1  5.5  2.25  0.01  0.01  -0.5080171968689526  0.16824043952568657  0.9874500854898949  20.67343415228826  20.67343415228826  1.0  0.209  0.581  0.21  0.406  0.594  0.406  0.594
1  5.5  2.25  0.01  0.01  -0.3678452659728601  -0.1674162452673572  0.7453082380815816  18.052543372971055  18.052543372971055  1.0  0.228  0.551  0.221  0.406  0.594  0.406  0.594
1  5.5  2.25  0.01  0.01  -0.3555901536877907  -0.06978306435430076  0.39293829329969154  15.65324787385246  15.65324787385246  1.0  0.239  0.536  0.225  0.406  0.594  0.406  0.594
1  5.5  2.25  0.01  0.01  -0.4483588335828056  0.11011430876218192  0.49938448969626265  16.148658245914095  16.148658245914095  1.0  0.223  0.56  0.217  0.406  0.594  0.406  0.594
1  5.5  2.25  0.01  0.01  -0.42737199152525346  -0.04117762833167529  0.7714597167589149  18.264341815864555  18.264341815864555  1.0  0.218  0.565  0.217  0.406  0.594  0.406  0.594
1  5.5  2.25  0.01  0.01  -0.3751607866542012  -0.16066868643433263  0.7658237411793938  18.203612563090672  18.203612563090672  1.0  0.226  0.553  0.221  0.406  0.594  0.406  0.594
1  5.5  2.25  0.01  0.01  -0.41584673837241587  -0.022637517737747498  0.6164240591305056  16.928551404409376  16.928551404409376  1.0  0.223  0.558  0.218  0.406  0.594  0.406  0.594
1  5.5  2.25  0.01  0.01  -0.458954928304007  0.0006796797646638209  0.8841524744964214  19.371427187378487  19.371427187378487  1.0  0.212  0.575  0.213  0.406  0.594  0.406  0.594
1  5.5  2.25  0.01  0.01  -0.44139651970694516  0.10240331448306489  0.48334956455990347  16.085105262064253  16.085105262064253  1.0  0.224  0.558  0.217  0.406  0.594  0.406  0.594
1  5.5  2.25  0.01  0.01  -0.421136878854537  0.09397800454503752  0.4236993739498612  15.753910689866387  15.753910689866387  1.0  0.23  0.55  0.22  0.406  0.594  0.406  0.594
1  5.5  2.25  0.01  0.01  -0.3737948199473977  -0.026931574670660485  0.4122067398728154  15.712830262842635  15.712830262842635  1.0  0.236  0.541  0.223  0.406  0.594  0.406  0.594
1  5.5  2.25  0.01  0.01  -0.4875075549669912  0.11001873367144449  0.7511221847296354  18.12971249417457  18.12971249417457  1.0  0.211  0.577  0.212  0.406  0.594  0.406  0.594
1  5.5  2.25  0.01  0.01  -0.3985107197421428  -0.13347116032417286  0.8238131558477522  18.90225153718174  18.90225153718174  1.0  0.221  0.561  0.219  0.406  0.594  0.406  0.594
1  5.5  2.25  0.01  0.01  -0.44209415675107094  0.15299238651453972  0.41350431536568233  15.72320467275556  15.72320467275556  1.0  0.228  0.554  0.218  0.406  0.594  0.406  0.594
1  5.5  2.25  0.01  0.01  -0.42323828213312853  -0.0965988613254988  0.9291280100611027  19.767826471338804  19.767826471338804  1.0  0.215  0.569  0.216  0.406  0.594  0.406  0.594
1  5.5  2.25  0.01  0.01  -0.3991365110135465  -0.08117385604145451  0.9676795902775931  20.462561566690074  20.462561566690074  1.0  0.224  0.556  0.219  0.406  0.594  0.406  0.594
1  5.5  2.25  0.01  0.01  -0.4860611883803359  0.14997922614896764  0.6213354146033744  16.966904223159684  16.966904223159684  1.0  0.214  0.573  0.212  0.406  0.594  0.406  0.594
1  5.5  2.25  0.01  0.01  -0.40189320415772184  -0.07169733808628553  0.6567211346535591  17.342811469255796  17.342811469255796  1.0  0.224  0.557  0.219  0.406  0.594  0.406  0.594
1  5.5  2.25  0.01  0.01  -0.4463727640375978  -0.007207198778769547  0.8417573425842227  19.105292083524024  19.105292083524024  1.0  0.215  0.57  0.215  0.406  0.594  0.406  0.594
1  5.5  2.25  0.01  0.01  -0.3980023537618038  0.036089968415782936  0.3967387579062803  15.667530294020517  15.667530294020517  1.0  0.234  0.545  0.222  0.406  0.594  0.406  0.594
1  5.5  2.25  0.01  0.01  -0.45188745253075474  0.08196457372721488  0.5883491208225654  16.75773491926939  16.75773491926939  1.0  0.22  0.565  0.216  0.406  0.594  0.406  0.594
1  5.5  2.25  0.01  0.01  -0.4435952975799589  0.15905934813571265  0.3976509062946501  15.673354001570187  15.673354001570187  1.0  0.228  0.554  0.218  0.406  0.594  0.406  0.594
1  5.5  2.25  0.01  0.01  -0.5144742425449044  0.17413528404007023  0.7600735456002876  18.215041846968656  18.215041846968656  1.0  0.207  0.584  0.209  0.406  0.594  0.406  0.594
1  5.5  2.25  0.01  0.01  -0.4695114137661357  0.12488070308493493  0.5988111021527058  16.82103427653784  16.82103427653784  1.0  0.217  0.569  0.214  0.406  0.594  0.406  0.594
1  5.5  2.25  0.01  0.01  -0.4476510711314926  0.05241570724342204  0.6730170424368517  17.544107430488626  17.544107430488626  1.0  0.219  0.565  0.216  0.406  0.594  0.406  0.594
1  5.5  2.25  0.01  0.01  -0.44722296970892444  0.09605068136052469  0.5574347448289761  16.537967701305362  16.537967701305362  1.0  0.223  0.561  0.217  0.406  0.594  0.406  0.594
1  5.5  2.25  0.01  0.01  -0.44680719485031895  -0.02297599177938031  0.8653638527155175  19.24570012266517  19.24570012266517  1.0  0.214  0.572  0.215  0.406  0.594  0.406  0.594
1  5.5  2.25  0.01  0.01  -0.3330977313681397  -0.17765176401084656  0.5401516225729218  16.417212026749407  16.417212026749407  1.0  0.238  0.537  0.225  0.406  0.594  0.406  0.594
1  5.5  2.25  0.01  0.01  -0.4502838997032475  0.027424417480962193  0.7335641511621431  18.00323496604478  18.00323496604478  1.0  0.217  0.568  0.215  0.406  0.594  0.406  0.594
1  5.5  2.25  0.01  0.01  -0.40249635712886683  -0.09930082477434787  0.9484582580521338  20.160761568818977  20.160761568818977  1.0  0.222  0.56  0.219  0.406  0.594  0.406  0.594
1  5.5  2.25  0.01  0.01  -0.31588065413322686  -0.16994066067308533  0.3706410159513146  15.596187132832721  15.596187132832721  1.0  0.244  0.528  0.227  0.406  0.594  0.406  0.594
1  5.5  2.25  0.01  0.01  -0.3401900833475589  -0.1128443599016062  0.3881823706833625  15.639486444673084  15.639486444673084  1.0  0.241  0.533  0.226  0.406  0.594  0.406  0.594
1  5.5  2.25  0.01  0.01  -0.4424216313583345  -0.03319285503118827  0.8672939252790183  19.244537530045378  19.244537530045378  1.0  0.215  0.571  0.215  0.406  0.594  0.406  0.594
1  5.5  2.25  0.01  0.01  -0.3865992702435576  -0.09618899855470278  0.6814946658730147  17.59166939739109  17.59166939739109  1.0  0.227  0.553  0.221  0.406  0.594  0.406  0.594
1  5.5  2.25  0.01  0.01  -0.41770450465205516  0.08352277569011024  0.42661466376071877  15.763226310628362  15.763226310628362  1.0  0.23  0.55  0.22  0.406  0.594  0.406  0.594
1  5.5  2.25  0.01  0.01  -0.36221024020658904  -0.19171893653563377  0.8108677985611017  18.766294599633316  18.766294599633316  1.0  0.228  0.55  0.222  0.406  0.594  0.406  0.594
1  5.5  2.25  0.01  0.01  -0.44024505687153453  0.14008966298325304  0.4230601073916287  15.756071104358146  15.756071104358146  1.0  0.228  0.554  0.218  0.406  0.594  0.406  0.594
1  5.5  2.25  0.01  0.01  -0.3827503006991576  -0.05630900969734717  0.5084225483774419  16.182211901036396  16.182211901036396  1.0  0.231  0.547  0.222  0.406  0.594  0.406  0.594
1  5.5  2.25  0.01  0.01  -0.47630049537301483  0.1511521728477515  0.5690200993456191  16.663796041228267  16.663796041228267  1.0  0.217  0.569  0.214  0.406  0.594  0.406  0.594
1  5.5  2.25  0.01  0.01  -0.4480802737692207  0.11228961153591954  0.5398583154560549  16.429490144419972  16.429490144419972  1.0  0.223  0.56  0.217  0.406  0.594  0.406  0.594
1  5.5  2.25  0.01  0.01  -0.31818459369822094  -0.19171035021694252  0.45707593134247365  15.876761834525594  15.876761834525594  1.0  0.242  0.531  0.227  0.406  0.594  0.406  0.594
1  5.5  2.25  0.01  0.01  -0.37207025205604805  -0.05054786240324746  0.45429880755348806  15.869317348057006  15.869317348057006  1.0  0.235  0.542  0.223  0.406  0.594  0.406  0.594
1  5.5  2.25  0.01  0.01  -0.3997545258834559  -0.08424081560307806  0.6665582823372325  17.4185198923123  17.4185198923123  1.0  0.224  0.557  0.219  0.406  0.594  0.406  0.594
1  5.5  2.25  0.01  0.01  -0.37863896576154926  -0.05885883997875893  0.4808160432736368  16.052794572175653  16.052794572175653  1.0  0.232  0.545  0.222  0.406  0.594  0.406  0.594
1  5.5  2.25  0.01  0.01  -0.436611248709062  0.7281532806137173  17.97485348301949  17.97485348301949  1.0  0.219  0.565  0.216  0.406  0.594  0.406  0.594
1  5.5  2.25  0.01  0.01  -0.4222007839969289  0.6051158623370877  16.855892628168558  16.855892628168558  1.0  0.223  0.559  0.218  0.406  0.594  0.406  0.594
1  5.5  2.25  0.01  0.01  -0.45609120941660086  0.7922219567211626  18.50221170457368  18.50221170457368  1.0  0.213  0.574  0.214  0.406  0.594  0.406  0.594
1  5.5  2.25  0.01  0.01  -0.4051021272379242  0.4990944640864349  16.13892168769845  16.13892168769845  1.0  0.228  0.552  0.22  0.406  0.594  0.406  0.594
1  5.5  2.25  0.01  0.01  -0.4358741617504015  0.9716101622892518  20.504748654202817  20.504748654202817  1.0  0.219  0.565  0.216  0.406  0.594  0.406  0.594
1  5.5  2.25  0.01  0.01  -0.44952013790244305  0.8369909727329293  19.082294912860718  19.082294912860718  1.0  0.215  0.571  0.215  0.406  0.594  0.406  0.594
1  5.5  2.25  0.01  0.01  -0.465780808371763  0.9183969148922357  19.67083243666846  19.67083243666846  1.0  0.21  0.578  0.212  0.406  0.594  0.406  0.594
1  5.5  2.25  0.01  0.01  -0.3840737042983717  0.4058299210430588  15.69399391355301  15.69399391355301  1.0  0.235  0.542  0.223  0.406  0.594  0.406  0.594
1  5.5  2.25  0.01  0.01  -0.3799797857526124  0.375217419654949  15.612523390647247  15.612523390647247  1.0  0.236  0.541  0.223  0.406  0.594  0.406  0.594
1  5.5  2.25  0.01  0.01  -0.4035928049466315  0.5336835846135726  16.396816248940542  16.396816248940542  1.0  0.229  0.551  0.22  0.406  0.594  0.406  0.594
1  5.5  2.25  0.01  0.01  -0.4533275137873891  0.8550859621263094  19.18921919728016  19.18921919728016  1.0  0.213  0.573  0.214  0.406  0.594  0.406  0.594
1  5.5  2.25  0.01  0.01  -0.4456268241661416  0.8163789606112974  18.830320509670564  18.830320509670564  1.0  0.216  0.569  0.215  0.406  0.594  0.406  0.594
1  5.5  2.25  0.01  0.01  -0.3848781023452465  0.4109536088215646  15.70673341634399  15.70673341634399  1.0  0.235  0.543  0.223  0.406  0.594  0.406  0.594
1  5.5  2.25  0.01  0.01  -0.40816510839578757  0.5205923184458782  16.24380605122645  16.24380605122645  1.0  0.227  0.553  0.22  0.406  0.594  0.406  0.594
1  5.5  2.25  0.01  0.01  -0.4207617393484007  0.5976434363954098  16.8027808571339  16.8027808571339  1.0  0.223  0.558  0.218  0.406  0.594  0.406  0.594
1  5.5  2.25  0.01  0.01  -0.3893491932422351  0.4423118847572445  15.82048733552066  15.82048733552066  1.0  0.233  0.545  0.222  0.406  0.594  0.406  0.594
1  5.5  2.25  0.01  0.01  -0.4077614219385048  0.5187135588824042  16.240571162189585  16.240571162189585  1.0  0.228  0.553  0.22  0.406  0.594  0.406  0.594
1  5.5  2.25  0.01  0.01  -0.42250321562035176  0.6073065802273498  16.86642611267578  16.86642611267578  1.0  0.223  0.559  0.218  0.406  0.594  0.406  0.594
1  5.5  2.25  0.01  0.01  -0.44106394256780806  0.955119821000824  20.325029475309943  20.325029475309943  1.0  0.217  0.567  0.216  0.406  0.594  0.406  0.594
1  5.5  2.25  0.01  0.01  -0.4060571036958135  0.5057239526971311  16.179826470033397  16.179826470033397  1.0  0.228  0.552  0.22  0.406  0.594  0.406  0.594
1  5.5  2.25  0.01  0.01  -0.39220562506752954  0.4583763415793774  15.883137983930553  15.883137983930553  1.0  0.232  0.546  0.222  0.406  0.594  0.406  0.594
1  5.5  2.25  0.01  0.01  -0.45391328110031237  0.8590172707234941  19.19803782399238  19.19803782399238  1.0  0.213  0.573  0.214  0.406  0.594  0.406  0.594
1  5.5  2.25  0.01  0.01  -0.39510521733313175  0.4784872030661675  15.986428982308691  15.986428982308691  1.0  0.232  0.547  0.221  0.406  0.594  0.406  0.594
1  5.5  2.25  0.01  0.01  -0.46177842906789396  0.8995736548939599  19.47953708270828  19.47953708270828  1.0  0.211  0.576  0.213  0.406  0.594  0.406  0.594
1  5.5  2.25  0.01  0.01  -0.39381025394386315  0.4716110131152408  15.959029148554004  15.959029148554004  1.0  0.232  0.547  0.221  0.406  0.594  0.406  0.594
1  5.5  2.25  0.01  0.01  -0.40559438679549126  0.5037864888241675  16.16643289110621  16.16643289110621  1.0  0.228  0.552  0.22  0.406  0.594  0.406  0.594
1  5.5  2.25  0.01  0.01  -0.38145678442497505  0.38505395190998387  15.637866406736356  15.637866406736356  1.0  0.236  0.541  0.223  0.406  0.594  0.406  0.594
1  5.5  2.25  0.01  0.01  -0.392959145988873  0.46559024407318145  15.925630068325647  15.925630068325647  1.0  0.232  0.546  0.222  0.406  0.594  0.406  0.594
1  5.5  2.25  0.01  0.01  -0.38320050421384394  0.39992242886048424  15.668813577428054  15.668813577428054  1.0  0.235  0.542  0.223  0.406  0.594  0.406  0.594
1  5.5  2.25  0.01  0.01  -0.4235887266436934  0.6121359732014091  16.88664991399775  16.88664991399775  1.0  0.223  0.56  0.218  0.406  0.594  0.406  0.594
1  5.5  2.25  0.01  0.01  -0.3946027566204178  0.47708574119064384  15.984533134570425  15.984533134570425  1.0  0.232  0.547  0.221  0.406  0.594  0.406  0.594
1  5.5  2.25  0.01  0.01  -0.46424101478199664  0.9118521573086865  19.60264423876104  19.60264423876104  1.0  0.21  0.577  0.213  0.406  0.594  0.406  0.594
1  5.5  2.25  0.01  0.01  -0.4543467074544287  0.8212419630197082  18.919570384116764  18.919570384116764  1.0  0.213  0.573  0.214  0.406  0.594  0.406  0.594
1  5.5  2.25  0.01  0.01  -0.4199768623108398  0.5929801460530734  16.762495666260715  16.762495666260715  1.0  0.224  0.558  0.218  0.406  0.594  0.406  0.594
1  5.5  2.25  0.01  0.01  -0.3910005730570563  0.45228090679511895  15.86269924907991  15.86269924907991  1.0  0.233  0.545  0.222  0.406  0.594  0.406  0.594
1  5.5  2.25  0.01  0.01  -0.3882848442142222  0.43350931536790616  15.786570383158756  15.786570383158756  1.0  0.234  0.544  0.222  0.406  0.594  0.406  0.594
1  5.5  2.25  0.01  0.01  -0.465184449081585  0.9194843508664866  19.671494308663537  19.671494308663537  1.0  0.21  0.578  0.212  0.406  0.594  0.406  0.594
1  5.5  2.25  0.01  0.01  -0.4339894997506  0.7123704340095396  17.886137998878908  17.886137998878908  1.0  0.219  0.564  0.217  0.406  0.594  0.406  0.594
1  5.5  2.25  0.01  0.01  -0.45347385725492684  0.8577810403831405  19.189982336432593  19.189982336432593  1.0  0.213  0.573  0.214  0.406  0.594  0.406  0.594
1  5.5  2.25  0.01  0.01  -0.43312089420204536  0.668414560767156  17.44911028836177  17.44911028836177  1.0  0.22  0.564  0.217  0.406  0.594  0.406  0.594
1  5.5  2.25  0.01  0.01  -0.40842435250441167  0.5204462920311679  16.243806084681474  16.243806084681474  1.0  0.227  0.553  0.22  0.406  0.594  0.406  0.594
1  5.5  2.25  0.01  0.01  -0.38791798202561256  0.43154878613861514  15.7788021277058  15.7788021277058  1.0  0.234  0.544  0.222  0.406  0.594  0.406  0.594
1  5.5  2.25  0.01  0.01  -0.43481112279650297  0.6380066496112231  17.164641090805485  17.164641090805485  1.0  0.219  0.564  0.216  0.406  0.594  0.406  0.594
1  5.5  2.25  0.01  0.01  -0.4196472087995762  0.5893533550988364  16.74856160681263  16.74856160681263  1.0  0.224  0.558  0.218  0.406  0.594  0.406  0.594
1  5.5  2.25  0.01  0.01  -0.4385187326839992  0.7396974549935836  18.03538686156191  18.03538686156191  1.0  0.218  0.566  0.216  0.406  0.594  0.406  0.594
1  5.5  2.25  0.01  0.01  -0.4359408400454673  0.724703865189172  17.943692054791125  17.943692054791125  1.0  0.219  0.565  0.216  0.406  0.594  0.406  0.594
1  5.5  2.25  0.01  0.01  -0.418360315649921  0.5831443726668535  16.710161732077726  16.710161732077726  1.0  0.224  0.557  0.219  0.406  0.594  0.406  0.594
1  5.5  2.25  0.01  0.01  -0.43034071928999074  0.9824995766701059  20.646629112946428  20.646629112946428  1.0  0.22  0.563  0.217  0.406  0.594  0.406  0.594
1  5.5  2.25  0.01  0.01  -0.3909829279753915  0.45098733824010767  15.853197676156839  15.853197676156839  1.0  0.233  0.545  0.222  0.406  0.594  0.406  0.594
1  5.5  2.25  0.01  0.01  -0.39462117012403686  0.47648408123617053  15.982489666868894  15.982489666868894  1.0  0.232  0.547  0.221  0.406  0.594  0.406  0.594
1  5.5  2.25  0.01  0.01  -0.40548068505380636  0.5038016186746282  16.16643289340326  16.16643289340326  1.0  0.228  0.552  0.22  0.406  0.594  0.406  0.594
1  5.5  2.25  0.01  0.01  -0.40781538617616614  0.5624864561972494  16.545305377535584  16.545305377535584  1.0  0.227  0.553  0.22  0.406  0.594  0.406  0.594
1  5.5  2.25  0.01  0.01  -0.41799487599058516  0.5806712869202414  16.699806275084352  16.699806275084352  1.0  0.224  0.557  0.219  0.406  0.594  0.406  0.594
1  5.5  2.25  0.01  0.01  -0.4190483162837608  0.5876203836734349  16.745083893814694  16.745083893814694  1.0  0.224  0.558  0.218  0.406  0.594  0.406  0.594
1  5.5  2.25  0.01  0.01  -0.4522154988177212  0.7725497330772851  18.34077369946555  18.34077369946555  1.0  0.214  0.572  0.214  0.406  0.594  0.406  0.594
1  5.5  2.25  0.01  0.01  -0.45124579244380586  0.8438198924798405  19.11668259263071  19.11668259263071  1.0  0.214  0.572  0.214  0.406  0.594  0.406  0.594
1  5.5  2.25  0.01  0.01  -0.38561588598278235  0.4151546140511191  15.725169321915278  15.725169321915278  1.0  0.235  0.543  0.222  0.406  0.594  0.406  0.594
1  5.5  2.25  0.01  0.01  -0.44121243731300425  0.9561249479511705  20.326068624158772  20.326068624158772  1.0  0.217  0.567  0.216  0.406  0.594  0.406  0.594
1  5.5  2.25  0.01  0.01  -0.4489543336142186  0.9546873934331606  20.23098908692851  20.23098908692851  1.0  0.215  0.571  0.215  0.406  0.594  0.406  0.594
1  5.5  2.25  0.01  0.01  -0.43640181924622057  0.7277474223628316  17.966326151606555  17.966326151606555  1.0  0.219  0.565  0.216  0.406  0.594  0.406  0.594
1  5.5  2.25  0.01  0.01  -0.3908055505474021  0.13711066850089265  14.832062894478685  14.832062894478685  1.0  0.244  0.532  0.224  0.406  0.594  0.406  0.594
1  5.5  2.25  0.01  0.01  -0.3642785877400963  0.05691947870361935  14.82938621782358  14.82938621782358  1.0  0.246  0.528  0.226  0.406  0.594  0.406  0.594
1  5.5  2.25  0.01  0.01  -0.39734413010777814  0.16050108345054376  14.832838285792548  14.832838285792548  1.0  0.243  0.533  0.224  0.406  0.594  0.406  0.594
1  5.5  2.25  0.01  0.01  -0.28483664318994656  -0.1825224299276208  14.82545368806412  14.82545368806412  1.0  0.254  0.516  0.23  0.406  0.594  0.406  0.594
1  5.5  2.25  0.01  0.01  -0.3841463002560802  0.12426578075869743  14.831329967297929  14.831329967297929  1.0  0.244  0.531  0.224  0.406  0.594  0.406  0.594
1  5.5  2.25  0.01  0.01  -0.3411206167096597  -0.014744299233905689  14.827602833233133  14.827602833233133  1.0  0.248  0.524  0.227  0.406  0.594  0.406  0.594
1  5.5  2.25  0.01  0.01  -0.3874379745775399  0.13477768021286346  14.831691120670474  14.831691120670474  1.0  0.244  0.532  0.224  0.406  0.594  0.406  0.594
1  5.5  2.25  0.01  0.01  -0.3245689646162835  -0.060050477221396614  14.826649144652803  14.826649144652803  1.0  0.25  0.522  0.228  0.406  0.594  0.406  0.594
1  5.5  2.25  0.01  0.01  -0.2853123823094338  -0.18394520673359743  14.825453813299477  14.825453813299477  1.0  0.254  0.516  0.23  0.406  0.594  0.406  0.594
1  5.5  2.25  0.01  0.01  -0.3179255800805178  -0.0848619008841629  14.826342552496065  14.826342552496065  1.0  0.251  0.521  0.229  0.406  0.594  0.406  0.594
1  5.5  2.25  0.01  0.01  -0.3542409229799197  0.03440806645125058  14.828557976050126  14.828557976050126  1.0  0.247  0.526  0.226  0.406  0.594  0.406  0.594
1  5.5  2.25  0.01  0.01  -0.3937523217680828  0.15197466198925214  14.832445341022577  14.832445341022577  1.0  0.243  0.533  0.224  0.406  0.594  0.406  0.594
1  5.5  2.25  0.01  0.01  -0.4006813854032422  0.16703657802301847  14.8332419001516  14.8332419001516  1.0  0.243  0.534  0.223  0.406  0.594  0.406  0.594
1  5.5  2.25  0.01  0.01  -0.37083875061080124  0.07812479716780174  14.829991605973438  14.829991605973438  1.0  0.246  0.529  0.225  0.406  0.594  0.406  0.594
1  5.5  2.25  0.01  0.01  -0.3148569269940015  -0.09482233068424284  14.826205355002582  14.826205355002582  1.0  0.251  0.52  0.229  0.406  0.594  0.406  0.594
1  5.5  2.25  0.01  0.01  -0.3477337578655961  0.012934291227291894  14.828059071359291  14.828059071359291  1.0  0.248  0.525  0.227  0.406  0.594  0.406  0.594
1  5.5  2.25  0.01  0.01  -0.37745300875314775  0.09618536168100167  14.830639531946625  14.830639531946625  1.0  0.245  0.53  0.225  0.406  0.594  0.406  0.594
1  5.5  2.25  0.01  0.01  -0.38404378679025475  0.11943245663764968  14.831329972617127  14.831329972617127  1.0  0.244  0.531  0.225  0.406  0.594  0.406  0.594
1  5.5  2.25  0.01  0.01  -0.33703332002118136  -0.020340893994671067  14.827391080760028  14.827391080760028  1.0  0.249  0.524  0.227  0.406  0.594  0.406  0.594
1  5.5  2.25  0.01  0.01  -0.32457251103627743  -0.05809581265120306  14.826649144667378  14.826649144667378  1.0  0.25  0.522  0.228  0.406  0.594  0.406  0.594
1  5.5  2.25  0.01  0.01  -0.3777569115676746  0.09878740484000259  14.830639562802851  14.830639562802851  1.0  0.245  0.53  0.225  0.406  0.594  0.406  0.594
1  5.5  2.25  0.01  0.01  -0.30803396196541244  -0.10593316467875696  14.825963052128118  14.825963052128118  1.0  0.252  0.519  0.229  0.406  0.594  0.406  0.594
1  5.5  2.25  0.01  0.01  -0.4106303279928429  0.19538374982774637  14.834516396781625  14.834516396781625  1.0  0.242  0.536  0.223  0.406  0.594  0.406  0.594
1  5.5  2.25  0.01  0.01  -0.2848394265662664  -0.1757437507608548  14.825453688012614  14.825453688012614  1.0  0.254  0.516  0.23  0.406  0.594  0.406  0.594
1  5.5  2.25  0.01  0.01  -0.39758130511221285  0.15973447418206604  14.832838310334242  14.832838310334242  1.0  0.243  0.533  0.224  0.406  0.594  0.406  0.594
1  5.5  2.25  0.01  0.01  -0.311300600727066  -0.09925748176434346  14.826078825193775  14.826078825193775  1.0  0.251  0.52  0.229  0.406  0.594  0.406  0.594
1  5.5  2.25  0.01  0.01  -0.38745699506215425  0.12614273891557642  14.831691120648578  14.831691120648578  1.0  0.244  0.532  0.224  0.406  0.594  0.406  0.594
1  5.5  2.25  0.01  0.01  -0.28154296650698885  -0.18695849418613997  14.825424021066794  14.825424021066794  1.0  0.254  0.515  0.23  0.406  0.594  0.406  0.594
1  5.5  2.25  0.01  0.01  -0.33781121107643447  -0.015006289284520857  14.82739072384669  14.82739072384669  1.0  0.249  0.524  0.227  0.406  0.594  0.406  0.594
1  5.5  2.25  0.01  0.01  -0.39402273532216997  0.15037302410042674  14.832445283227397  14.832445283227397  1.0  0.243  0.533  0.224  0.406  0.594  0.406  0.594
1  5.5  2.25  0.01  0.01  -0.37754007401299644  0.10461696020529632  14.830639529527403  14.830639529527403  1.0  0.245  0.53  0.225  0.406  0.594  0.406  0.594
1  5.5  2.25  0.01  0.01  -0.3541736680230183  0.029950575505063692  14.828557987844091  14.828557987844091  1.0  0.247  0.526  0.226  0.406  0.594  0.406  0.594
1  5.5  2.25  0.01  0.01  -0.3174686352365053  -0.08313115390064017  14.826342690233433  14.826342690233433  1.0  0.251  0.521  0.229  0.406  0.594  0.406  0.594
1  5.5  2.25  0.01  0.01  -0.34457496277561495  -0.004455005817243757  14.827825630748857  14.827825630748857  1.0  0.248  0.525  0.227  0.406  0.594  0.406  0.594
1  5.5  2.25  0.01  0.01  -0.3277444991159337  -0.05367049352659761  14.826818509936842  14.826818509936842  1.0  0.25  0.522  0.228  0.406  0.594  0.406  0.594
1  5.5  2.25  0.01  0.01  -0.38407557576418083  0.12438547331666944  14.831329969635513  14.831329969635513  1.0  0.244  0.531  0.225  0.406  0.594  0.406  0.594
1  5.5  2.25  0.01  0.01  -0.36760698243317363  0.07005135816795005  14.82968359157691  14.82968359157691  1.0  0.246  0.529  0.226  0.406  0.594  0.406  0.594
1  5.5  2.25  0.01  0.01  -0.31446963178102705  -0.09416492432580492  14.826205344331756  14.826205344331756  1.0  0.251  0.52  0.229  0.406  0.594  0.406  0.594
1  5.5  2.25  0.01  0.01  -0.3247831307367709  -0.061553027486644984  14.826649172069862  14.826649172069862  1.0  0.25  0.522  0.228  0.406  0.594  0.406  0.594
1  5.5  2.25  0.01  0.01  -0.2883366383993581  -0.1709877080694287  14.825494163629555  14.825494163629555  1.0  0.254  0.516  0.23  0.406  0.594  0.406  0.594
1  5.5  2.25  0.01  0.01  -0.3707380398480977  0.08067710066485329  14.829991619520491  14.829991619520491  1.0  0.246  0.529  0.225  0.406  0.594  0.406  0.594
1  5.5  2.25  0.01  0.01  -0.3474495692952685  0.012557746608216902  14.828059120018903  14.828059120018903  1.0  0.248  0.525  0.227  0.406  0.594  0.406  0.594
1  5.5  2.25  0.01  0.01  -0.36102938900924636  0.049563845021365294  14.829099488603072  14.829099488603072  1.0  0.246  0.528  0.226  0.406  0.594  0.406  0.594
1  5.5  2.25  0.01  0.01  -0.33117432003541536  -0.038551147994276974  14.82699855132876  14.82699855132876  1.0  0.249  0.523  0.228  0.406  0.594  0.406  0.594
1  5.5  2.25  0.01  0.01  -0.3475955844587947  0.008859232096384867  14.828059082984757  14.828059082984757  1.0  0.248  0.525  0.227  0.406  0.594  0.406  0.594
1  5.5  2.25  0.01  0.01  -0.3046733615791761  -0.12242501398387105  14.825858016987588  14.825858016987588  1.0  0.252  0.519  0.229  0.406  0.594  0.406  0.594
1  5.5  2.25  0.01  0.01  -0.3076826267615691  -0.11039521614911041  14.825963120377864  14.825963120377864  1.0  0.252  0.519  0.229  0.406  0.594  0.406  0.594
1  5.5  2.25  0.01  0.01  -0.40743701476443456  0.18575985482303375  14.834080968204093  14.834080968204093  1.0  0.242  0.535  0.223  0.406  0.594  0.406  0.594
1  5.5  2.25  0.01  0.01  -0.40454999782371476  0.17537407474411448  14.833656308955652  14.833656308955652  1.0  0.242  0.535  0.223  0.406  0.594  0.406  0.594
1  5.5  2.25  0.01  0.01  -0.30497772909473914  -0.12072432093896644  14.825858058401797  14.825858058401797  1.0  0.252  0.519  0.229  0.406  0.594  0.406  0.594
1  5.5  2.25  0.01  0.01  -0.33127544809750015  -0.03811109276498806  14.826998555803502  14.826998555803502  1.0  0.249  0.523  0.228  0.406  0.594  0.406  0.594
1  5.5  2.25  0.01  0.01  -0.37418491426110007  0.0947879239663757  14.830310251168548  14.830310251168548  1.0  0.245  0.53  0.225  0.406  0.594  0.406  0.594
1  5.5  2.25  0.01  0.01  -0.3411368395760242  -0.01358788890283047  14.82760283347585  14.82760283347585  1.0  0.248  0.524  0.227  0.406  0.594  0.406  0.594
1  5.5  2.25  0.01  0.01  -0.28154407737992376  -0.1906645262136118  14.825424021067786  14.825424021067786  1.0  0.254  0.515  0.23  0.406  0.594  0.406  0.594
1  5.5  2.25  0.01  0.01  -0.3280182220296275  -0.05219835910399859  14.826818510929977  14.826818510929977  1.0  0.25  0.522  0.228  0.406  0.594  0.406  0.594
1  5.5  2.25  0.01  0.01  -0.34442410987978295  -0.0021393519194372046  14.827825617450028  14.827825617450028  1.0  0.248  0.525  0.227  0.406  0.594  0.406  0.594
1  5.5  2.25  0.01  0.01  -0.3413234966288727  -0.012950767875225255  14.827602858846413  14.827602858846413  1.0  0.248  0.525  0.227  0.406  0.594  0.406  0.594
1  5.5  2.25  0.01  0.01  -0.31133132410675773  -0.09900244153779979  14.826078824662162  14.826078824662162  1.0  0.251  0.52  0.229  0.406  0.594  0.406  0.594
1  5.5  2.25  0.01  0.01  -0.2948396476653476  -0.15032549229555858  14.825607403487027  14.825607403487027  1.0  0.253  0.517  0.23  0.406  0.594  0.406  0.594
1  5.5  2.25  0.01  0.01  -0.36116502093099456  0.047111784796076334  14.829099508722985  14.829099508722985  1.0  0.246  0.528  0.226  0.406  0.594  0.406  0.594
-------------------------------------------------------------------------------------------------

0  2.5  1.75  0.01  0.01  0.003553935460832222  0.04089818644048604  0.4435707791131512  16.268324082871878  16.268324082871878  1.0  0.504  0.485  0.011  0.506  0.494  0.506  0.494
0  2.5  1.75  0.01  0.01  -0.004359990023300077  0.06912914939025228  0.512347272682012  17.08856594668067  17.08856594668067  1.0  0.507  0.482  0.011  0.506  0.494  0.506  0.494
0  2.5  1.75  0.01  0.01  0.020504823290458662  0.022784886302446378  0.9983164422141433  22.211095074363477  22.211095074363477  1.0  0.507  0.482  0.011  0.506  0.494  0.506  0.494
0  2.5  1.75  0.01  0.01  -0.00047916164995104316  0.05580204168107583  0.48162007152704955  16.570357996227997  16.570357996227997  1.0  0.506  0.483  0.011  0.506  0.494  0.506  0.494
0  2.5  1.75  0.01  0.01  0.04771449881183454  -0.03930375764167135  0.957654320640464  22.115372446049676  22.115372446049676  1.0  0.506  0.483  0.011  0.506  0.494  0.506  0.494
0  2.5  1.75  0.01  0.01  0.03178241568599556  -0.028782028835783235  0.4584683454147754  16.29168747409555  16.29168747409555  1.0  0.502  0.488  0.011  0.506  0.494  0.506  0.494
0  2.5  1.75  0.01  0.01  0.028505754936768445  -0.009934231143249844  0.5353844966346012  17.163152697693018  17.163152697693018  1.0  0.504  0.485  0.011  0.506  0.494  0.506  0.494
0  2.5  1.75  0.01  0.01  0.022497866982421687  0.034566103732987546  0.77005663923827  18.4099439401688  18.4099439401688  1.0  0.51  0.48  0.011  0.506  0.494  0.506  0.494
0  2.5  1.75  0.01  0.01  0.09287825691597464  -0.18257356945729508  0.4739498435390589  16.34322617768243  16.34322617768243  1.0  0.496  0.493  0.011  0.506  0.494  0.506  0.494
0  2.5  1.75  0.01  0.01  0.1220335177392286  -0.19513186012712316  0.6201105742751052  17.820559340877807  17.820559340877807  1.0  0.504  0.485  0.01  0.506  0.494  0.506  0.494
0  2.5  1.75  0.01  0.01  0.040649668086163444  -0.019016862393607115  0.7938560874037657  19.167048959931094  19.167048959931094  1.0  0.507  0.482  0.011  0.506  0.494  0.506  0.494
0  2.5  1.75  0.01  0.01  -0.030761435874164484  0.13306327263393558  0.983576739419482  22.160994808961334  22.160994808961334  1.0  0.508  0.481  0.011  0.506  0.494  0.506  0.494
0  2.5  1.75  0.01  0.01  0.10030004470135648  -0.15101652186864012  0.8436765232561276  19.7555510192992  19.7555510192992  1.0  0.505  0.484  0.011  0.506  0.494  0.506  0.494
0  2.5  1.75  0.01  0.01  0.07810020804001841  -0.09773924072438885  0.5625346745406724  17.791265699421757  17.791265699421757  1.0  0.506  0.483  0.011  0.506  0.494  0.506  0.494
0  2.5  1.75  0.01  0.01  0.07615405943044753  -0.09332165897749839  0.6333431126055941  17.810561235452866  17.810561235452866  1.0  0.508  0.482  0.011  0.506  0.494  0.506  0.494
0  2.5  1.75  0.01  0.01  0.10277288060341269  -0.1531686829636068  0.7676532639711392  18.431493934052156  18.431493934052156  1.0  0.506  0.483  0.011  0.506  0.494  0.506  0.494
0  2.5  1.75  0.01  0.01  -0.0035424683102139153  0.08309816368263528  0.9118010150478462  20.480565232486683  20.480565232486683  1.0  0.509  0.48  0.011  0.506  0.494  0.506  0.494
0  2.5  1.75  0.01  0.01  -0.039684738978095845  0.1469870203565405  0.3886480324780453  16.21448130265956  16.21448130265956  1.0  0.509  0.481  0.011  0.506  0.494  0.506  0.494
0  2.5  1.75  0.01  0.01  0.04225379050240235  -0.014084849432691726  0.6303243987031747  17.798940985544114  17.798940985544114  1.0  0.51  0.48  0.011  0.506  0.494  0.506  0.494
0  2.5  1.75  0.01  0.01  0.11637397008386859  -0.1790025224698092  0.7728477124143378  18.459813296568505  18.459813296568505  1.0  0.506  0.484  0.01  0.506  0.494  0.506  0.494
0  2.5  1.75  0.01  0.01  -0.01992790853078469  0.10030335412044072  0.36927480310577626  16.20036380714285  16.20036380714285  1.0  0.507  0.483  0.011  0.506  0.494  0.506  0.494
0  2.5  1.75  0.01  0.01  0.004334159414534896  0.08035001505049288  0.6201180514915297  17.787432544652308  17.787432544652308  1.0  0.512  0.477  0.011  0.506  0.494  0.506  0.494
0  2.5  1.75  0.01  0.01  -0.04788166259046268  0.19740924310171837  0.7010488517855078  17.901765029111452  17.901765029111452  1.0  0.515  0.474  0.011  0.506  0.494  0.506  0.494
0  2.5  1.75  0.01  0.01  0.0009214795498888236  0.07178289187801468  0.8906985702946296  20.32620825613758  20.32620825613758  1.0  0.509  0.48  0.011  0.506  0.494  0.506  0.494
0  2.5  1.75  0.01  0.01  -0.03415944969667417  0.17185506212905843  0.6549891329415932  17.812069121910408  17.812069121910408  1.0  0.515  0.475  0.011  0.506  0.494  0.506  0.494
0  2.5  1.75  0.01  0.01  0.032284392674299243  -0.01961686535769394  0.5121114644645501  17.078133932518426  17.078133932518426  1.0  0.504  0.486  0.011  0.506  0.494  0.506  0.494
0  2.5  1.75  0.01  0.01  0.019418644527466184  -0.004415134324062653  0.42322586926129624  16.22812355279152  16.22812355279152  1.0  0.503  0.487  0.011  0.506  0.494  0.506  0.494
0  2.5  1.75  0.01  0.01  0.07068077013810667  -0.09016576253139244  0.9573908418154816  22.12016074105655  22.12016074105655  1.0  0.505  0.484  0.011  0.506  0.494  0.506  0.494
0  2.5  1.75  0.01  0.01  -0.012279893639458622  0.08456580248089207  0.4005353222869854  16.21202176430993  16.21202176430993  1.0  0.506  0.484  0.011  0.506  0.494  0.506  0.494
0  2.5  1.75  0.01  0.01  -0.05367114980802397  0.18859367090439655  0.8750938719103948  20.25162340461259  20.25162340461259  1.0  0.511  0.479  0.011  0.506  0.494  0.506  0.494
1  2.5  1.75  0.01  0.01  -0.14955744904896076  -0.10951499810646022  0.6201049966695049  15.640760599217048  15.640760599217048  1.0  0.413  0.577  0.01  0.406  0.594  0.406  0.594
1  2.5  1.75  0.01  0.01  -0.25311413586376685  0.13347054500283367  0.7072743773386692  16.659447651902898  16.659447651902898  1.0  0.419  0.571  0.01  0.406  0.594  0.406  0.594
1  2.5  1.75  0.01  0.01  -0.13453994708710745  -0.1671809970672038  0.8217180373243015  17.55131548304533  17.55131548304533  1.0  0.407  0.583  0.01  0.406  0.594  0.406  0.594
1  2.5  1.75  0.01  0.01  -0.16991927684669725  -0.008870555530053753  0.3695095309794798  14.905637766390441  14.905637766390441  1.0  0.424  0.565  0.01  0.406  0.594  0.406  0.594
1  2.5  1.75  0.01  0.01  -0.19661416940276538  0.0530056411090129  0.4248362957326857  14.90145021445482  14.90145021445482  1.0  0.426  0.564  0.01  0.406  0.594  0.406  0.594
1  2.5  1.75  0.01  0.01  -0.28303176334241437  0.16525113541032316  0.8577921377589824  17.814871736210478  17.814871736210478  1.0  0.415  0.575  0.01  0.406  0.594  0.406  0.594
1  2.5  1.75  0.01  0.01  -0.13347864210663057  -0.16698662545286547  0.8596053897107724  17.766327977105334  17.766327977105334  1.0  0.408  0.582  0.01  0.406  0.594  0.406  0.594
1  2.5  1.75  0.01  0.01  -0.2649197291586229  0.175043258406974  0.5832541552408813  15.576304610343941  15.576304610343941  1.0  0.425  0.566  0.01  0.406  0.594  0.406  0.594
1  2.5  1.75  0.01  0.01  -0.20355177718694178  0.039848193020890765  0.5275381506709779  15.179280229239689  15.179280229239689  1.0  0.421  0.569  0.01  0.406  0.594  0.406  0.594
1  2.5  1.75  0.01  0.01  -0.20768403340872987  0.09336328675271144  0.3704195066085837  14.903630765963687  14.903630765963687  1.0  0.429  0.561  0.01  0.406  0.594  0.406  0.594
1  2.5  1.75  0.01  0.01  -0.22966214438436885  0.12619950079321457  0.451990356647546  14.91998818831119  14.91998818831119  1.0  0.428  0.562  0.01  0.406  0.594  0.406  0.594
1  2.5  1.75  0.01  0.01  -0.21149867588015014  0.050583430133110396  0.5740246789875987  15.555246719148196  15.555246719148196  1.0  0.42  0.57  0.01  0.406  0.594  0.406  0.594
1  2.5  1.75  0.01  0.01  -0.20802971876613188  0.02073783367220816  0.6414114641236677  15.870688276642412  15.870688276642412  1.0  0.415  0.575  0.01  0.406  0.594  0.406  0.594
1  2.5  1.75  0.01  0.01  -0.1643533991880625  -0.08338532388720431  0.6538447462436595  16.056690369140092  16.056690369140092  1.0  0.413  0.577  0.01  0.406  0.594  0.406  0.594
1  2.5  1.75  0.01  0.01  -0.1477293448024582  -0.14332778900642867  0.823743575991965  17.553093129063953  17.553093129063953  1.0  0.408  0.582  0.01  0.406  0.594  0.406  0.594
1  2.5  1.75  0.01  0.01  -0.12931440953896686  -0.11532353471467852  0.38587582950028204  14.913209182662289  14.913209182662289  1.0  0.419  0.571  0.01  0.406  0.594  0.406  0.594
1  2.5  1.75  0.01  0.01  -0.22322032235398317  0.08254149275655026  0.5709592002524762  15.55333034704873  15.55333034704873  1.0  0.421  0.569  0.01  0.406  0.594  0.406  0.594
1  2.5  1.75  0.01  0.01  -0.21069829225769948  0.0077462004982361  0.8368139951055761  17.75819381515466  17.75819381515466  1.0  0.412  0.578  0.01  0.406  0.594  0.406  0.594
1  2.5  1.75  0.01  0.01  -0.2277963474527686  0.08138948018341713  0.6218848517317557  15.647217218244796  15.647217218244796  1.0  0.419  0.571  0.01  0.406  0.594  0.406  0.594
1  2.5  1.75  0.01  0.01  -0.12220726608434812  -0.17457021405346698  0.5663354316878745  15.55506062521728  15.55506062521728  1.0  0.412  0.578  0.01  0.406  0.594  0.406  0.594
1  2.5  1.75  0.01  0.01  -0.13537001077147837  -0.1502666576326699  0.7023745420229293  16.641021909561825  16.641021909561825  1.0  0.411  0.579  0.01  0.406  0.594  0.406  0.594
1  2.5  1.75  0.01  0.01  -0.18888281484152974  0.02170652583601465  0.478020129560268  14.95278586206421  14.95278586206421  1.0  0.423  0.567  0.01  0.406  0.594  0.406  0.594
1  2.5  1.75  0.01  0.01  -0.22532276865116416  0.0644000429582538  0.7234062070140481  16.668456421610863  16.668456421610863  1.0  0.416  0.574  0.01  0.406  0.594  0.406  0.594
1  2.5  1.75  0.01  0.01  -0.1899715379563195  0.007758773181616496  0.5463659781696966  15.36293076930628  15.36293076930628  1.0  0.42  0.569  0.01  0.406  0.594  0.406  0.594
1  2.5  1.75  0.01  0.01  -0.26715027191208496  0.1869118044353814  0.5660362704604534  15.565444826273417  15.565444826273417  1.0  0.426  0.564  0.01  0.406  0.594  0.406  0.594
1  2.5  1.75  0.01  0.01  -0.19903609223187074  0.0021198370499168617  0.7125034810358695  16.65167543454458  16.65167543454458  1.0  0.415  0.575  0.01  0.406  0.594  0.406  0.594
1  2.5  1.75  0.01  0.01  -0.1517897228780716  -0.110344452098821  0.6519836825966563  16.04607841920736  16.04607841920736  1.0  0.412  0.578  0.01  0.406  0.594  0.406  0.594
1  2.5  1.75  0.01  0.01  -0.15901265487713526  -0.04670692319098574  0.4395500540505333  14.908769327474117  14.908769327474117  1.0  0.421  0.569  0.01  0.406  0.594  0.406  0.594
1  2.5  1.75  0.01  0.01  -0.11088711534678468  -0.19367425823015094  0.5031505393696547  15.14633602862952  15.14633602862952  1.0  0.413  0.577  0.01  0.406  0.594  0.406  0.594
1  2.5  1.75  0.01  0.01  -0.2219603735510876  0.0701899476582179  0.6014624569119456  15.594958958093212  15.594958958093212  1.0  0.42  0.57  0.01  0.406  0.594  0.406  0.594
0  2.5  1.75  0.01  0.01  0.03212081255425814  0.819647341126952  19.641514819648744  19.641514819648744  1.0  0.508  0.482  0.011  0.506  0.494  0.506  0.494
0  2.5  1.75  0.01  0.01  0.03803929724504281  0.6329090918596757  17.800171564685602  17.800171564685602  1.0  0.51  0.479  0.011  0.506  0.494  0.506  0.494
0  2.5  1.75  0.01  0.01  0.039254170634404284  0.7072907952165053  17.928327949682842  17.928327949682842  1.0  0.511  0.479  0.011  0.506  0.494  0.506  0.494
0  2.5  1.75  0.01  0.01  0.03959206431039789  0.721602208334904  17.98302228683807  17.98302228683807  1.0  0.511  0.479  0.011  0.506  0.494  0.506  0.494
0  2.5  1.75  0.01  0.01  0.03730924843844846  0.5792371463706639  17.782082522660367  17.782082522660367  1.0  0.51  0.48  0.011  0.506  0.494  0.506  0.494
0  2.5  1.75  0.01  0.01  0.03729504416934087  0.8582349946384472  20.005137698064576  20.005137698064576  1.0  0.51  0.48  0.011  0.506  0.494  0.506  0.494
0  2.5  1.75  0.01  0.01  0.03723626445225707  0.5790964613166254  17.782082518718415  17.782082518718415  1.0  0.51  0.48  0.011  0.506  0.494  0.506  0.494
0  2.5  1.75  0.01  0.01  0.037638770152452  0.6121441996725432  17.788681739819776  17.788681739819776  1.0  0.51  0.479  0.011  0.506  0.494  0.506  0.494
0  2.5  1.75  0.01  0.01  0.0324820722618856  0.8527788369548098  19.79914108320305  19.79914108320305  1.0  0.508  0.482  0.011  0.506  0.494  0.506  0.494
0  2.5  1.75  0.01  0.01  0.023893914685125032  0.48346776332518615  16.58248789788081  16.58248789788081  1.0  0.504  0.485  0.011  0.506  0.494  0.506  0.494
0  2.5  1.75  0.01  0.01  0.02412257788335808  0.5149111413110853  17.086706667694923  17.086706667694923  1.0  0.504  0.485  0.011  0.506  0.494  0.506  0.494
0  2.5  1.75  0.01  0.01  0.03857565251052237  0.6647306678209752  17.8318359695443  17.8318359695443  1.0  0.51  0.479  0.011  0.506  0.494  0.506  0.494
0  2.5  1.75  0.01  0.01  0.037783516110751036  0.6215323688154294  17.793751825039585  17.793751825039585  1.0  0.51  0.479  0.011  0.506  0.494  0.506  0.494
0  2.5  1.75  0.01  0.01  0.037636863801439296  0.6040092079329284  17.784392080526306  17.784392080526306  1.0  0.51  0.479  0.011  0.506  0.494  0.506  0.494
0  2.5  1.75  0.01  0.01  0.01909761922554299  0.3801841416650369  16.190835931704193  16.190835931704193  1.0  0.502  0.487  0.011  0.506  0.494  0.506  0.494
0  2.5  1.75  0.01  0.01  0.01909292155096096  0.3804602707080374  16.190835931728948  16.190835931728948  1.0  0.502  0.487  0.011  0.506  0.494  0.506  0.494
0  2.5  1.75  0.01  0.01  0.03293692875987399  0.878335109992398  20.270908145354326  20.270908145354326  1.0  0.508  0.481  0.011  0.506  0.494  0.506  0.494
0  2.5  1.75  0.01  0.01  0.03946372676573467  0.7221220103842033  17.984469287507807  17.984469287507807  1.0  0.511  0.479  0.011  0.506  0.494  0.506  0.494
0  2.5  1.75  0.01  0.01  0.019807623423176435  0.4748774333484445  16.36173927596665  16.36173927596665  1.0  0.503  0.487  0.011  0.506  0.494  0.506  0.494
0  2.5  1.75  0.01  0.01  0.019217033749169977  0.3934973837398779  16.198667044273353  16.198667044273353  1.0  0.502  0.487  0.011  0.506  0.494  0.506  0.494
0  2.5  1.75  0.01  0.01  0.03603006693971203  0.7805045670424937  18.495445603103985  18.495445603103985  1.0  0.509  0.48  0.011  0.506  0.494  0.506  0.494
0  2.5  1.75  0.01  0.01  0.01905317494934025  0.37457125900964755  16.1899015116687  16.1899015116687  1.0  0.502  0.487  0.011  0.506  0.494  0.506  0.494
0  2.5  1.75  0.01  0.01  0.019578487003336274  0.44589977272808146  16.26768858193879  16.26768858193879  1.0  0.503  0.487  0.011  0.506  0.494  0.506  0.494
0  2.5  1.75  0.01  0.01  0.019232954303869117  0.39658200973134566  16.199843774478364  16.199843774478364  1.0  0.502  0.487  0.011  0.506  0.494  0.506  0.494
0  2.5  1.75  0.01  0.01  0.01902312285138445  0.37054756404275346  16.18761176495645  16.18761176495645  1.0  0.502  0.487  0.011  0.506  0.494  0.506  0.494
0  2.5  1.75  0.01  0.01  0.01965768211012997  0.4561305928995635  16.29267265244843  16.29267265244843  1.0  0.503  0.487  0.011  0.506  0.494  0.506  0.494
0  2.5  1.75  0.01  0.01  0.019782547740196818  0.47598863912660955  16.365963405219873  16.365963405219873  1.0  0.503  0.487  0.011  0.506  0.494  0.506  0.494
0  2.5  1.75  0.01  0.01  0.03693056739360634  0.5596581658863563  17.78301115983059  17.78301115983059  1.0  0.51  0.48  0.011  0.506  0.494  0.506  0.494
0  2.5  1.75  0.01  0.01  0.02387853443798353  0.49220771267885666  16.61984908565455  16.61984908565455  1.0  0.504  0.485  0.011  0.506  0.494  0.506  0.494
0  2.5  1.75  0.01  0.01  0.03909745595706917  0.6966284961867643  17.89749468504216  17.89749468504216  1.0  0.511  0.479  0.011  0.506  0.494  0.506  0.494
1  2.5  1.75  0.01  0.01  -0.1848900347694359  0.4893759232591304  15.117711141841696  15.117711141841696  1.0  0.42  0.569  0.01  0.406  0.594  0.406  0.594
1  2.5  1.75  0.01  0.01  -0.18068124197882185  0.47272059818684425  14.951066213691197  14.951066213691197  1.0  0.422  0.568  0.01  0.406  0.594  0.406  0.594
1  2.5  1.75  0.01  0.01  -0.17916358228381213  0.4520040951720965  14.921216293142626  14.921216293142626  1.0  0.423  0.567  0.01  0.406  0.594  0.406  0.594
1  2.5  1.75  0.01  0.01  -0.17465636770128343  0.38310529278188504  14.902605099477851  14.902605099477851  1.0  0.425  0.565  0.01  0.406  0.594  0.406  0.594
1  2.5  1.75  0.01  0.01  -0.20426448343732492  0.8137156440747944  17.39418079966739  17.39418079966739  1.0  0.413  0.577  0.01  0.406  0.594  0.406  0.594
1  2.5  1.75  0.01  0.01  -0.1914022890357751  0.5763066486917955  15.56052840638719  15.56052840638719  1.0  0.418  0.572  0.01  0.406  0.594  0.406  0.594
1  2.5  1.75  0.01  0.01  -0.19712591333295826  0.6897510469690368  16.63224127177169  16.63224127177169  1.0  0.416  0.574  0.01  0.406  0.594  0.406  0.594
1  2.5  1.75  0.01  0.01  -0.18003357333471892  0.4633476617204952  14.934637658015312  14.934637658015312  1.0  0.422  0.567  0.01  0.406  0.594  0.406  0.594
1  2.5  1.75  0.01  0.01  -0.18036150152058178  0.4695887477555075  14.934104492418037  14.934104492418037  1.0  0.422  0.568  0.01  0.406  0.594  0.406  0.594
1  2.5  1.75  0.01  0.01  -0.19726903284203962  0.6909761312162849  16.632593636675406  16.632593636675406  1.0  0.416  0.574  0.01  0.406  0.594  0.406  0.594
1  2.5  1.75  0.01  0.01  -0.19256398750974701  0.5915542518226219  15.57321177653252  15.57321177653252  1.0  0.417  0.572  0.01  0.406  0.594  0.406  0.594
1  2.5  1.75  0.01  0.01  -0.2075553047448284  0.8507814661410044  17.775296501716383  17.775296501716383  1.0  0.412  0.578  0.01  0.406  0.594  0.406  0.594
1  2.5  1.75  0.01  0.01  -0.1769146215211318  0.41810184984895604  14.899568725427295  14.899568725427295  1.0  0.424  0.566  0.01  0.406  0.594  0.406  0.594
1  2.5  1.75  0.01  0.01  -0.18619813811030989  0.5085796863172526  15.139320172194704  15.139320172194704  1.0  0.42  0.57  0.01  0.406  0.594  0.406  0.594
1  2.5  1.75  0.01  0.01  -0.20958018964226038  0.832022643226954  17.590917693240332  17.590917693240332  1.0  0.411  0.579  0.01  0.406  0.594  0.406  0.594
1  2.5  1.75  0.01  0.01  -0.21369238880874955  0.9171138080819238  17.963639914431262  17.963639914431262  1.0  0.409  0.581  0.01  0.406  0.594  0.406  0.594
1  2.5  1.75  0.01  0.01  -0.2148201348036603  0.929219969201796  18.039963346042157  18.039963346042157  1.0  0.409  0.581  0.01  0.406  0.594  0.406  0.594
1  2.5  1.75  0.01  0.01  -0.19152098877208956  0.5779080813387919  15.56212602816562  15.56212602816562  1.0  0.418  0.572  0.01  0.406  0.594  0.406  0.594
1  2.5  1.75  0.01  0.01  -0.2026385601471109  0.9568050650468908  18.79146459905529  18.79146459905529  1.0  0.413  0.576  0.01  0.406  0.594  0.406  0.594
1  2.5  1.75  0.01  0.01  -0.19697417783814053  0.647716356590166  16.05151659590411  16.05151659590411  1.0  0.416  0.574  0.01  0.406  0.594  0.406  0.594
1  2.5  1.75  0.01  0.01  -0.19975640154742935  0.721107418205343  16.65963238630478  16.65963238630478  1.0  0.415  0.575  0.01  0.406  0.594  0.406  0.594
1  2.5  1.75  0.01  0.01  -0.1869833901247193  0.5183895037762484  15.155336121949226  15.155336121949226  1.0  0.42  0.57  0.01  0.406  0.594  0.406  0.594
1  2.5  1.75  0.01  0.01  -0.20384295292109275  0.8082788040106891  17.39235783403486  17.39235783403486  1.0  0.413  0.577  0.01  0.406  0.594  0.406  0.594
1  2.5  1.75  0.01  0.01  -0.17560113526610305  0.3982283399199188  14.898895442284374  14.898895442284374  1.0  0.424  0.566  0.01  0.406  0.594  0.406  0.594
1  2.5  1.75  0.01  0.01  -0.2022906834620559  0.7518152361467159  16.716232058986243  16.716232058986243  1.0  0.414  0.576  0.01  0.406  0.594  0.406  0.594
1  2.5  1.75  0.01  0.01  -0.1955116200250368  0.6296055401422812  15.68026803022023  15.68026803022023  1.0  0.416  0.574  0.01  0.406  0.594  0.406  0.594
1  2.5  1.75  0.01  0.01  -0.20685243923640875  0.8428006040770893  17.761616771438348  17.761616771438348  1.0  0.412  0.578  0.01  0.406  0.594  0.406  0.594
1  2.5  1.75  0.01  0.01  -0.1751026007201541  0.39156704027579936  14.901800941754397  14.901800941754397  1.0  0.424  0.565  0.01  0.406  0.594  0.406  0.594
1  2.5  1.75  0.01  0.01  -0.18488161448321802  0.532083499813318  15.336436485836654  15.336436485836654  1.0  0.42  0.569  0.01  0.406  0.594  0.406  0.594
1  2.5  1.75  0.01  0.01  -0.18665169167366266  0.555618185105147  15.383298668972952  15.383298668972952  1.0  0.42  0.57  0.01  0.406  0.594  0.406  0.594
0  2.5  1.75  0.01  0.01  0.05518532352159161  -0.13225825770167893  14.67704601661384  14.67704601661384  1.0  0.491  0.498  0.011  0.506  0.494  0.506  0.494
0  2.5  1.75  0.01  0.01  0.006479130774814268  0.007849009745992952  14.680640641568727  14.680640641568727  1.0  0.499  0.49  0.011  0.506  0.494  0.506  0.494
0  2.5  1.75  0.01  0.01  0.02039535003462531  -0.028154201555009445  14.678354985416439  14.678354985416439  1.0  0.497  0.492  0.011  0.506  0.494  0.506  0.494
0  2.5  1.75  0.01  0.01  -0.017862681240754377  0.07977717350233948  14.687058969597347  14.687058969597347  1.0  0.503  0.486  0.011  0.506  0.494  0.506  0.494
0  2.5  1.75  0.01  0.01  -0.007433419600400626  0.05169347695011023  14.683931209099383  14.683931209099383  1.0  0.502  0.488  0.011  0.506  0.494  0.506  0.494
0  2.5  1.75  0.01  0.01  0.05178130452687184  -0.1185822628725012  14.676892848952692  14.676892848952692  1.0  0.492  0.498  0.011  0.506  0.494  0.506  0.494
0  2.5  1.75  0.01  0.01  -0.05266237877037443  0.18462680227454004  14.701584118382847  14.701584118382847  1.0  0.509  0.48  0.011  0.506  0.494  0.506  0.494
0  2.5  1.75  0.01  0.01  0.0725589744900336  -0.180712583025394  14.678764227904546  14.678764227904546  1.0  0.488  0.501  0.011  0.506  0.494  0.506  0.494
0  2.5  1.75  0.01  0.01  -0.0074489297583202885  0.049824095154611114  14.683931209296567  14.683931209296567  1.0  0.502  0.488  0.011  0.506  0.494  0.506  0.494
0  2.5  1.75  0.01  0.01  -0.042197410437196  0.15219814334625464  14.696562285756546  14.696562285756546  1.0  0.508  0.482  0.011  0.506  0.494  0.506  0.494
0  2.5  1.75  0.01  0.01  -0.014307930463665288  0.06682040951239654  14.685953500585512  14.685953500585512  1.0  0.503  0.487  0.011  0.506  0.494  0.506  0.494
0  2.5  1.75  0.01  0.01  -0.03178425956790107  0.11976224541940228  14.692110683738006  14.692110683738006  1.0  0.506  0.484  0.011  0.506  0.494  0.506  0.494
0  2.5  1.75  0.01  0.01  0.0621485200265507  -0.15337497916456877  14.677542560049831  14.677542560049831  1.0  0.49  0.499  0.011  0.506  0.494  0.506  0.494
0  2.5  1.75  0.01  0.01  0.05870259349698607  -0.13918199291542283  14.67726256139545  14.67726256139545  1.0  0.491  0.499  0.011  0.506  0.494  0.506  0.494
0  2.5  1.75  0.01  0.01  -0.028313338959248303  0.11181732828668506  14.690753186988974  14.690753186988974  1.0  0.505  0.484  0.011  0.506  0.494  0.506  0.494
0  2.5  1.75  0.01  0.01  0.027367517526565077  -0.05479438179747276  14.677589183336725  14.677589183336725  1.0  0.496  0.494  0.011  0.506  0.494  0.506  0.494
0  2.5  1.75  0.01  0.01  0.07607577860217932  -0.1937246740633527  14.679299013095246  14.679299013095246  1.0  0.488  0.502  0.011  0.506  0.494  0.506  0.494
0  2.5  1.75  0.01  0.01  0.01691906137332805  -0.022846316907804448  14.678832171799334  14.678832171799334  1.0  0.498  0.492  0.011  0.506  0.494  0.506  0.494
0  2.5  1.75  0.01  0.01  -0.00041162191530858547  0.029697151678598044  14.682160306384215  14.682160306384215  1.0  0.5  0.489  0.011  0.506  0.494  0.506  0.494
0  2.5  1.75  0.01  0.01  0.030830075834993313  -0.05883297887932601  14.677300625973704  14.677300625973704  1.0  0.495  0.494  0.011  0.506  0.494  0.506  0.494
0  2.5  1.75  0.01  0.01  0.006482183136278371  0.009147341402687414  14.68064064156399  14.68064064156399  1.0  0.499  0.49  0.011  0.506  0.494  0.506  0.494
0  2.5  1.75  0.01  0.01  -0.014403556364729451  0.07303193331706037  14.68595349397235  14.68595349397235  1.0  0.503  0.487  0.011  0.506  0.494  0.506  0.494
0  2.5  1.75  0.01  0.01  0.06554828560238585  -0.16346737210676276  14.677886111895488  14.677886111895488  1.0  0.489  0.5  0.011  0.506  0.494  0.506  0.494
0  2.5  1.75  0.01  0.01  0.02387589788775385  -0.044309802347488214  14.67794064709197  14.67794064709197  1.0  0.496  0.493  0.011  0.506  0.494  0.506  0.494
0  2.5  1.75  0.01  0.01  0.06910992130072548  -0.1680418146234439  14.678293294242698  14.678293294242698  1.0  0.489  0.501  0.011  0.506  0.494  0.506  0.494
0  2.5  1.75  0.01  0.01  -0.007445267879757764  0.05474307429512343  14.683931209210787  14.683931209210787  1.0  0.502  0.488  0.011  0.506  0.494  0.506  0.494
0  2.5  1.75  0.01  0.01  0.06910912065308084  -0.17004285978475608  14.678293294238827  14.678293294238827  1.0  0.489  0.501  0.011  0.506  0.494  0.506  0.494
0  2.5  1.75  0.01  0.01  -0.05614792330772795  0.1902416090456837  14.703385184267267  14.703385184267267  1.0  0.51  0.48  0.011  0.506  0.494  0.506  0.494
0  2.5  1.75  0.01  0.01  -0.028307413601576934  0.10866840377158182  14.690753186976917  14.690753186976917  1.0  0.505  0.484  0.011  0.506  0.494  0.506  0.494
0  2.5  1.75  0.01  0.01  -0.04924404275792337  0.16596467084571698  14.699846679296664  14.699846679296664  1.0  0.509  0.481  0.011  0.506  0.494  0.506  0.494
1  2.5  1.75  0.01  0.01  -0.18440213171939335  0.08077624190533578  14.758119297301215  14.758119297301215  1.0  0.436  0.553  0.01  0.406  0.594  0.406  0.594
1  2.5  1.75  0.01  0.01  -0.09776780876352886  -0.1764759679701375  14.776335067233006  14.776335067233006  1.0  0.42  0.57  0.01  0.406  0.594  0.406  0.594
1  2.5  1.75  0.01  0.01  -0.17434593011971955  0.04948920734077639  14.7581279674011  14.7581279674011  1.0  0.434  0.555  0.01  0.406  0.594  0.406  0.594
1  2.5  1.75  0.01  0.01  -0.1974450389050939  0.12373580227563913  14.758956601844531  14.758956601844531  1.0  0.439  0.551  0.01  0.406  0.594  0.406  0.594
1  2.5  1.75  0.01  0.01  -0.21092401546190465  0.16421582479517943  14.76076668763547  14.76076668763547  1.0  0.442  0.548  0.01  0.406  0.594  0.406  0.594
1  2.5  1.75  0.01  0.01  -0.14106213295280678  -0.045157431332570885  14.762092395956147  14.762092395956147  1.0  0.428  0.562  0.01  0.406  0.594  0.406  0.594
1  2.5  1.75  0.01  0.01  -0.11111906804447906  -0.14081138203320168  14.770851417566794  14.770851417566794  1.0  0.422  0.567  0.01  0.406  0.594  0.406  0.594
1  2.5  1.75  0.01  0.01  -0.10776858456829928  -0.15426090538832496  14.77213010167028  14.77213010167028  1.0  0.422  0.568  0.01  0.406  0.594  0.406  0.594
1  2.5  1.75  0.01  0.01  -0.20102732766179035  0.13135797584757453  14.759317760373685  14.759317760373685  1.0  0.44  0.55  0.01  0.406  0.594  0.406  0.594
1  2.5  1.75  0.01  0.01  -0.16761320393499546  0.03391903146338254  14.758436514418426  14.758436514418426  1.0  0.433  0.556  0.01  0.406  0.594  0.406  0.594
1  2.5  1.75  0.01  0.01  -0.19769882948691406  0.12399256212161741  14.758956579566012  14.758956579566012  1.0  0.439  0.551  0.01  0.406  0.594  0.406  0.594
1  2.5  1.75  0.01  0.01  -0.22430371913047603  0.1993762903642432  14.763554031655943  14.763554031655943  1.0  0.445  0.545  0.01  0.406  0.594  0.406  0.594
1  2.5  1.75  0.01  0.01  -0.09782155211535264  -0.1816908574558135  14.776335065081627  14.776335065081627  1.0  0.42  0.57  0.01  0.406  0.594  0.406  0.594
1  2.5  1.75  0.01  0.01  -0.11445085591501039  -0.1328670526127324  14.769634048215453  14.769634048215453  1.0  0.423  0.567  0.01  0.406  0.594  0.406  0.594
1  2.5  1.75  0.01  0.01  -0.22090463066194033  0.18588220757109641  14.76276527844263  14.76276527844263  1.0  0.444  0.546  0.01  0.406  0.594  0.406  0.594
1  2.5  1.75  0.01  0.01  -0.12110318370770412  -0.11267759150766371  14.767382882350383  14.767382882350383  1.0  0.424  0.565  0.01  0.406  0.594  0.406  0.594
1  2.5  1.75  0.01  0.01  -0.19096155698437503  0.100171124241489  14.758416541614135  14.758416541614135  1.0  0.438  0.552  0.01  0.406  0.594  0.406  0.594
1  2.5  1.75  0.01  0.01  -0.15436827028935707  -0.010185923286339715  14.759779932676972  14.759779932676972  1.0  0.431  0.559  0.01  0.406  0.594  0.406  0.594
1  2.5  1.75  0.01  0.01  -0.1776566420243995  0.06381626552214736  14.75806450466893  14.75806450466893  1.0  0.435  0.555  0.01  0.406  0.594  0.406  0.594
1  2.5  1.75  0.01  0.01  -0.15775060271484148  -0.0024281205848123155  14.759353278607849  14.759353278607849  1.0  0.431  0.558  0.01  0.406  0.594  0.406  0.594
1  2.5  1.75  0.01  0.01  -0.1776861542083331  0.05554617464087547  14.75806450554776  14.75806450554776  1.0  0.435  0.555  0.01  0.406  0.594  0.406  0.594
1  2.5  1.75  0.01  0.01  -0.22090417983732039  0.18867674875847756  14.762765278443329  14.762765278443329  1.0  0.444  0.546  0.01  0.406  0.594  0.406  0.594
1  2.5  1.75  0.01  0.01  -0.16438971187318788  0.023305218814692358  14.758681574423688  14.758681574423688  1.0  0.433  0.557  0.01  0.406  0.594  0.406  0.594
1  2.5  1.75  0.01  0.01  -0.1178114262138275  -0.11867632841500644  14.768477900368328  14.768477900368328  1.0  0.424  0.566  0.01  0.406  0.594  0.406  0.594
1  2.5  1.75  0.01  0.01  -0.15104323556551041  -0.0202316674356445  14.760267147446834  14.760267147446834  1.0  0.43  0.56  0.01  0.406  0.594  0.406  0.594
1  2.5  1.75  0.01  0.01  -0.19429256691659547  0.10570638138381805  14.758656186864297  14.758656186864297  1.0  0.438  0.551  0.01  0.406  0.594  0.406  0.594
1  2.5  1.75  0.01  0.01  -0.15104188336651592  -0.02256278117183813  14.760267147444551  14.760267147444551  1.0  0.43  0.56  0.01  0.406  0.594  0.406  0.594
1  2.5  1.75  0.01  0.01  -0.16767406324885598  0.029763646720215975  14.758436510554414  14.758436510554414  1.0  0.433  0.557  0.01  0.406  0.594  0.406  0.594
1  2.5  1.75  0.01  0.01  -0.1211043505361913  -0.10560613287483261  14.767382882354763  14.767382882354763  1.0  0.424  0.565  0.01  0.406  0.594  0.406  0.594
1  2.5  1.75  0.01  0.01  -0.11444860906199252  -0.13421997656786325  14.769634048209515  14.769634048209515  1.0  0.423  0.567  0.01  0.406  0.594  0.406  0.594
0  2.5  1.75  0.01  0.01  [0.00991684]  14.679975013783768  14.679975013783768  1.0  0.499  0.491  0.011  0.506  0.494  0.506  0.494
0  2.5  1.75  0.01  0.01  [0.01009622]  14.679975029081621  14.679975029081621  1.0  0.499  0.491  0.011  0.506  0.494  0.506  0.494
0  2.5  1.75  0.01  0.01  [0.00996126]  14.679975011945068  14.679975011945068  1.0  0.499  0.491  0.011  0.506  0.494  0.506  0.494
0  2.5  1.75  0.01  0.01  [0.00996112]  14.679975011944254  14.679975011944254  1.0  0.499  0.491  0.011  0.506  0.494  0.506  0.494
0  2.5  1.75  0.01  0.01  [0.00992672]  14.679975013054577  14.679975013054577  1.0  0.499  0.491  0.011  0.506  0.494  0.506  0.494
0  2.5  1.75  0.01  0.01  [0.00996667]  14.679975011973106  14.679975011973106  1.0  0.499  0.491  0.011  0.506  0.494  0.506  0.494
0  2.5  1.75  0.01  0.01  [0.00997942]  14.679975012261593  14.679975012261593  1.0  0.499  0.491  0.011  0.506  0.494  0.506  0.494
0  2.5  1.75  0.01  0.01  [0.00994936]  14.679975012073244  14.679975012073244  1.0  0.499  0.491  0.011  0.506  0.494  0.506  0.494
0  2.5  1.75  0.01  0.01  [0.01002322]  14.679975015569259  14.679975015569259  1.0  0.499  0.491  0.011  0.506  0.494  0.506  0.494
0  2.5  1.75  0.01  0.01  [0.00996754]  14.679975011983574  14.679975011983574  1.0  0.499  0.491  0.011  0.506  0.494  0.506  0.494
0  2.5  1.75  0.01  0.01  [0.00996956]  14.679975012011994  14.679975012011994  1.0  0.499  0.491  0.011  0.506  0.494  0.506  0.494
0  2.5  1.75  0.01  0.01  [0.00995507]  14.679975011980513  14.679975011980513  1.0  0.499  0.491  0.011  0.506  0.494  0.506  0.494
0  2.5  1.75  0.01  0.01  [0.01002264]  14.67997501550048  14.67997501550048  1.0  0.499  0.491  0.011  0.506  0.494  0.506  0.494
0  2.5  1.75  0.01  0.01  [0.00996019]  14.679975011949248  14.679975011949248  1.0  0.499  0.491  0.011  0.506  0.494  0.506  0.494
0  2.5  1.75  0.01  0.01  [0.00996428]  14.679975011953859  14.679975011953859  1.0  0.499  0.491  0.011  0.506  0.494  0.506  0.494
0  2.5  1.75  0.01  0.01  [0.00996179]  14.679975011942624  14.679975011942624  1.0  0.499  0.491  0.011  0.506  0.494  0.506  0.494
0  2.5  1.75  0.01  0.01  [0.00997644]  14.679975012166006  14.679975012166006  1.0  0.499  0.491  0.011  0.506  0.494  0.506  0.494
0  2.5  1.75  0.01  0.01  [0.00996549]  14.679975011962357  14.679975011962357  1.0  0.499  0.491  0.011  0.506  0.494  0.506  0.494
0  2.5  1.75  0.01  0.01  [0.00996066]  14.679975011943565  14.679975011943565  1.0  0.499  0.491  0.011  0.506  0.494  0.506  0.494
0  2.5  1.75  0.01  0.01  [0.00997562]  14.67997501214275  14.67997501214275  1.0  0.499  0.491  0.011  0.506  0.494  0.506  0.494
0  2.5  1.75  0.01  0.01  [0.00997555]  14.67997501214306  14.67997501214306  1.0  0.499  0.491  0.011  0.506  0.494  0.506  0.494
0  2.5  1.75  0.01  0.01  [0.00990917]  14.679975014476012  14.679975014476012  1.0  0.499  0.491  0.011  0.506  0.494  0.506  0.494
0  2.5  1.75  0.01  0.01  [0.00996555]  14.679975011962116  14.679975011962116  1.0  0.499  0.491  0.011  0.506  0.494  0.506  0.494
0  2.5  1.75  0.01  0.01  [0.00996193]  14.67997501194502  14.67997501194502  1.0  0.499  0.491  0.011  0.506  0.494  0.506  0.494
0  2.5  1.75  0.01  0.01  [0.01002119]  14.679975015337245  14.679975015337245  1.0  0.499  0.491  0.011  0.506  0.494  0.506  0.494
0  2.5  1.75  0.01  0.01  [0.0099731]  14.679975012080583  14.679975012080583  1.0  0.499  0.491  0.011  0.506  0.494  0.506  0.494
0  2.5  1.75  0.01  0.01  [0.01001599]  14.679975014774584  14.679975014774584  1.0  0.499  0.491  0.011  0.506  0.494  0.506  0.494
0  2.5  1.75  0.01  0.01  [0.0099544]  14.679975011986887  14.679975011986887  1.0  0.499  0.491  0.011  0.506  0.494  0.506  0.494
0  2.5  1.75  0.01  0.01  [0.00996744]  14.67997501198067  14.67997501198067  1.0  0.499  0.491  0.011  0.506  0.494  0.506  0.494
0  2.5  1.75  0.01  0.01  [0.00990729]  14.67997501466174  14.67997501466174  1.0  0.499  0.491  0.011  0.506  0.494  0.506  0.494
1  2.5  1.75  0.01  0.01  [-0.15764539]  14.759353278156498  14.759353278156498  1.0  0.431  0.558  0.01  0.406  0.594  0.406  0.594
1  2.5  1.75  0.01  0.01  [-0.15770322]  14.759353275718393  14.759353275718393  1.0  0.431  0.558  0.01  0.406  0.594  0.406  0.594
1  2.5  1.75  0.01  0.01  [-0.15767598]  14.759353276047882  14.759353276047882  1.0  0.431  0.558  0.01  0.406  0.594  0.406  0.594
1  2.5  1.75  0.01  0.01  [-0.15772074]  14.759353276269822  14.759353276269822  1.0  0.431  0.558  0.01  0.406  0.594  0.406  0.594
1  2.5  1.75  0.01  0.01  [-0.15767924]  14.75935327593087  14.75935327593087  1.0  0.431  0.558  0.01  0.406  0.594  0.406  0.594
1  2.5  1.75  0.01  0.01  [-0.15768309]  14.759353275819386  14.759353275819386  1.0  0.431  0.558  0.01  0.406  0.594  0.406  0.594
1  2.5  1.75  0.01  0.01  [-0.1576622]  14.759353276768351  14.759353276768351  1.0  0.431  0.558  0.01  0.406  0.594  0.406  0.594
1  2.5  1.75  0.01  0.01  [-0.15769807]  14.75935327566643  14.75935327566643  1.0  0.431  0.558  0.01  0.406  0.594  0.406  0.594
1  2.5  1.75  0.01  0.01  [-0.15769379]  14.759353275662818  14.759353275662818  1.0  0.431  0.558  0.01  0.406  0.594  0.406  0.594
1  2.5  1.75  0.01  0.01  [-0.15769212]  14.75935327567486  14.75935327567486  1.0  0.431  0.558  0.01  0.406  0.594  0.406  0.594
1  2.5  1.75  0.01  0.01  [-0.15774036]  14.75935327761062  14.75935327761062  1.0  0.431  0.558  0.01  0.406  0.594  0.406  0.594
1  2.5  1.75  0.01  0.01  [-0.15771888]  14.759353276182612  14.759353276182612  1.0  0.431  0.558  0.01  0.406  0.594  0.406  0.594
1  2.5  1.75  0.01  0.01  [-0.15768323]  14.759353275816144  14.759353275816144  1.0  0.431  0.558  0.01  0.406  0.594  0.406  0.594
1  2.5  1.75  0.01  0.01  [-0.15769807]  14.759353275665081  14.759353275665081  1.0  0.431  0.558  0.01  0.406  0.594  0.406  0.594
1  2.5  1.75  0.01  0.01  [-0.15774088]  14.75935327765605  14.75935327765605  1.0  0.431  0.558  0.01  0.406  0.594  0.406  0.594
1  2.5  1.75  0.01  0.01  [-0.15769343]  14.759353275668007  14.759353275668007  1.0  0.431  0.558  0.01  0.406  0.594  0.406  0.594
1  2.5  1.75  0.01  0.01  [-0.15770864]  14.759353275820542  14.759353275820542  1.0  0.431  0.558  0.01  0.406  0.594  0.406  0.594
1  2.5  1.75  0.01  0.01  [-0.15769931]  14.759353275672314  14.759353275672314  1.0  0.431  0.558  0.01  0.406  0.594  0.406  0.594
1  2.5  1.75  0.01  0.01  [-0.15767908]  14.759353275934126  14.759353275934126  1.0  0.431  0.558  0.01  0.406  0.594  0.406  0.594
1  2.5  1.75  0.01  0.01  [-0.15769341]  14.759353275665777  14.759353275665777  1.0  0.431  0.558  0.01  0.406  0.594  0.406  0.594
1  2.5  1.75  0.01  0.01  [-0.15769924]  14.759353275672009  14.759353275672009  1.0  0.431  0.558  0.01  0.406  0.594  0.406  0.594
1  2.5  1.75  0.01  0.01  [-0.1577288]  14.759353276732085  14.759353276732085  1.0  0.431  0.558  0.01  0.406  0.594  0.406  0.594
1  2.5  1.75  0.01  0.01  [-0.15769484]  14.759353275660613  14.759353275660613  1.0  0.431  0.558  0.01  0.406  0.594  0.406  0.594
1  2.5  1.75  0.01  0.01  [-0.15776937]  14.759353280971588  14.759353280971588  1.0  0.431  0.558  0.01  0.406  0.594  0.406  0.594
1  2.5  1.75  0.01  0.01  [-0.15778998]  14.759353284365947  14.759353284365947  1.0  0.431  0.558  0.01  0.406  0.594  0.406  0.594
1  2.5  1.75  0.01  0.01  [-0.15792812]  14.759353328632532  14.759353328632532  1.0  0.431  0.559  0.01  0.406  0.594  0.406  0.594
1  2.5  1.75  0.01  0.01  [-0.15768942]  14.759353275700208  14.759353275700208  1.0  0.431  0.558  0.01  0.406  0.594  0.406  0.594
1  2.5  1.75  0.01  0.01  [-0.15769674]  14.759353275660368  14.759353275660368  1.0  0.431  0.558  0.01  0.406  0.594  0.406  0.594
1  2.5  1.75  0.01  0.01  [-0.15783386]  14.759353294366875  14.759353294366875  1.0  0.431  0.558  0.01  0.406  0.594  0.406  0.594
1  2.5  1.75  0.01  0.01  [-0.15771993]  14.759353276230897  14.759353276230897  1.0  0.431  0.558  0.01  0.406  0.594  0.406  0.594
0  2.5  1.75  0.01  0.01  -0.08762908168005468  0.12264832598312375  0.38604147149732243  16.211990426750766  92.10340371976181  1.0  0.483  0.506  0.011  0.506  0.494  0.506  0.494
0  2.5  1.75  0.01  0.01  -0.32220894353383667  -0.008057254631078814  0.39154812970941977  16.29148015946076  92.10340371976181  1.0  0.366  0.625  0.009  0.506  0.494  0.506  0.494
0  2.5  1.75  0.01  0.01  0.4777738321171554  0.17098561111521943  0.3859318492721683  16.44341679230782  92.10340371976181  1.0  0.711  0.281  0.008  0.506  0.494  0.506  0.494
0  2.5  1.75  0.01  0.01  0.5620584908666264  -0.04845191862872236  0.4028106875310297  16.424392067062776  92.10340371976181  1.0  0.701  0.291  0.007  0.506  0.494  0.506  0.494
0  2.5  1.75  0.01  0.01  0.7963380665521673  -0.1075410195001758  0.4338074665362941  16.664257509562262  92.10340371976181  1.0  0.766  0.229  0.005  0.506  0.494  0.506  0.494
0  2.5  1.75  0.01  0.01  0.7903646420556831  -0.18826417690443337  0.5486821346797052  17.952263172602336  92.10340371976181  1.0  0.751  0.244  0.005  0.506  0.494  0.506  0.494
0  2.5  1.75  0.01  0.01  0.34916808699969093  -0.04242066345793752  0.4182411053063699  16.294346489493424  92.10340371976181  1.0  0.626  0.365  0.009  0.506  0.494  0.506  0.494
0  2.5  1.75  0.01  0.01  0.8960451753966192  -0.17728523807470908  0.5066302333226252  17.16898165211081  92.10340371976181  1.0  0.783  0.213  0.004  0.506  0.494  0.506  0.494
0  2.5  1.75  0.01  0.01  -0.12067847499009443  -0.08488562314838113  0.47385661552729946  16.372598982507288  92.10340371976181  1.0  0.43  0.559  0.01  0.506  0.494  0.506  0.494
0  2.5  1.75  0.01  0.01  0.02708416447926476  -0.0357288924814724  0.5117331214019116  16.68532848492835  92.10340371976181  1.0  0.498  0.492  0.011  0.506  0.494  0.506  0.494
0  2.5  1.75  0.01  0.01  0.7201029308430513  0.18551029241269473  0.4369821637404624  16.761488409076083  92.10340371976181  1.0  0.79  0.205  0.005  0.506  0.494  0.506  0.494
0  2.5  1.75  0.01  0.01  0.6195919831454137  -0.03760607145409517  0.43096129083268103  16.505917603598824  92.10340371976181  1.0  0.722  0.271  0.007  0.506  0.494  0.506  0.494
0  2.5  1.75  0.01  0.01  0.9745356300890391  -0.041084753790972595  0.6943956306929897  18.49852257811737  92.10340371976181  1.0  0.823  0.173  0.003  0.506  0.494  0.506  0.494
0  2.5  1.75  0.01  0.01  -0.32808111099165416  -0.03834530437568348  0.5435539902411863  17.280196810983984  92.10340371976181  1.0  0.358  0.633  0.009  0.506  0.494  0.506  0.494
0  2.5  1.75  0.01  0.01  -0.3161959993795411  -0.1341678118265625  0.6556882753292862  17.95944008891641  92.10340371976181  1.0  0.345  0.645  0.009  0.506  0.494  0.506  0.494
0  2.5  1.75  0.01  0.01  0.39174240292014506  -0.17625628061434045  0.7854579359828965  18.615379246406714  92.10340371976181  1.0  0.615  0.376  0.009  0.506  0.494  0.506  0.494
0  2.5  1.75  0.01  0.01  0.6465519456190381  -0.02259777175386332  0.5292927557975687  17.424960951443232  92.10340371976181  1.0  0.735  0.259  0.006  0.506  0.494  0.506  0.494
0  2.5  1.75  0.01  0.01  -0.48338680452968164  -0.14541388743326988  0.6782043644005  18.133398246036325  92.10340371976181  1.0  0.283  0.709  0.008  0.506  0.494  0.506  0.494
0  2.5  1.75  0.01  0.01  0.4284492149921666  -0.18417259976314537  0.5797070718572218  17.879621766208952  92.10340371976181  1.0  0.629  0.362  0.009  0.506  0.494  0.506  0.494
0  2.5  1.75  0.01  0.01  -0.6920959414784202  0.13988094198551598  0.5977045822282998  18.116415855612583  92.10340371976181  1.0  0.265  0.729  0.006  0.506  0.494  0.506  0.494
0  2.5  1.75  0.01  0.01  0.3105041705776834  -0.12673080796764893  0.627647796498211  17.847347714926062  92.10340371976181  1.0  0.593  0.397  0.01  0.506  0.494  0.506  0.494
0  2.5  1.75  0.01  0.01  0.06556246497325602  -0.13220320502902205  0.878249778741042  20.287847657121205  92.10340371976181  1.0  0.495  0.494  0.011  0.506  0.494  0.506  0.494
0  2.5  1.75  0.01  0.01  0.4875043156690799  0.03186709125988646  0.5293159872595372  17.314740948326353  92.10340371976181  1.0  0.69  0.302  0.008  0.506  0.494  0.506  0.494
0  2.5  1.75  0.01  0.01  0.4552594215539696  0.16462492161618947  0.778752979070279  18.650930198116022  92.10340371976181  1.0  0.701  0.291  0.008  0.506  0.494  0.506  0.494
0  2.5  1.75  0.01  0.01  0.9086734931393146  0.09371190968340992  0.6743765613752188  18.438114016784034  92.10340371976181  1.0  0.825  0.171  0.004  0.506  0.494  0.506  0.494
0  2.5  1.75  0.01  0.01  -0.30897710570108705  -0.18546225410267164  0.5623678530143054  17.941133128394792  92.10340371976181  1.0  0.337  0.654  0.009  0.506  0.494  0.506  0.494
0  2.5  1.75  0.01  0.01  -0.5686151190765683  -0.06039165023347964  0.7505838412290231  18.582957467930047  92.10340371976181  1.0  0.27  0.723  0.007  0.506  0.494  0.506  0.494
0  2.5  1.75  0.01  0.01  -0.6061669042834841  -0.07600117747966456  0.6363204307718191  18.15071538246524  92.10340371976181  1.0  0.255  0.738  0.007  0.506  0.494  0.506  0.494
0  2.5  1.75  0.01  0.01  -0.9867443864254897  0.19241088649439914  0.9342892389704207  21.591303340984147  92.10340371976181  1.0  0.192  0.805  0.003  0.506  0.494  0.506  0.494
0  2.5  1.75  0.01  0.01  0.33280934707519094  0.1384135299165063  0.9346921546361618  21.11721328665641  92.10340371976181  1.0  0.653  0.337  0.009  0.506  0.494  0.506  0.494
1  2.5  1.75  0.01  0.01  -0.8735555299415894  0.05192352195078781  0.37341487625530534  15.301583077069361  92.10340371976181  1.0  0.199  0.796  0.004  0.406  0.594  0.406  0.594
1  2.5  1.75  0.01  0.01  -0.15436261538808793  0.13844553356066563  0.4072034346537975  14.903052115207469  92.10340371976181  1.0  0.46  0.529  0.01  0.406  0.594  0.406  0.594
1  2.5  1.75  0.01  0.01  0.31019870805227834  -0.07547442833447514  0.38998571607226473  15.082590968502593  92.10340371976181  1.0  0.603  0.387  0.01  0.406  0.594  0.406  0.594
1  2.5  1.75  0.01  0.01  -0.5494094904237967  0.19842721596138774  0.4105335173139448  14.976637981125924  92.10340371976181  1.0  0.323  0.669  0.008  0.406  0.594  0.406  0.594
1  2.5  1.75  0.01  0.01  -0.39456504198140663  -0.13204304445493426  0.44980241916670066  14.98290091934492  92.10340371976181  1.0  0.317  0.674  0.009  0.406  0.594  0.406  0.594
1  2.5  1.75  0.01  0.01  0.00010280267063955684  0.1171189554791569  0.4581000524406513  14.963255614974061  92.10340371976181  1.0  0.519  0.471  0.011  0.406  0.594  0.406  0.594
1  2.5  1.75  0.01  0.01  0.421041282242544  0.05986314256669345  0.4304164849699134  15.229113769065815  92.10340371976181  1.0  0.671  0.32  0.008  0.406  0.594  0.406  0.594
1  2.5  1.75  0.01  0.01  0.16086741741635135  -0.1967720016544945  0.5192981582735309  15.22303261241903  92.10340371976181  1.0  0.52  0.47  0.01  0.406  0.594  0.406  0.594
1  2.5  1.75  0.01  0.01  -0.6021124489804885  0.17935109785999565  0.6272287456075243  15.786377981597012  92.10340371976181  1.0  0.301  0.692  0.007  0.406  0.594  0.406  0.594
1  2.5  1.75  0.01  0.01  0.2997139678117966  -0.14595733993668408  0.5616599735677442  15.538001205479434  92.10340371976181  1.0  0.585  0.405  0.01  0.406  0.594  0.406  0.594
1  2.5  1.75  0.01  0.01  -0.6460306068474002  0.187226050470727  0.6142699168352428  15.753700206791812  92.10340371976181  1.0  0.289  0.705  0.007  0.406  0.594  0.406  0.594
1  2.5  1.75  0.01  0.01  0.8041977306492283  0.063793816461439  0.6095018075218299  16.43908233629632  92.10340371976181  1.0  0.794  0.201  0.005  0.406  0.594  0.406  0.594
1  2.5  1.75  0.01  0.01  -0.5982195874241112  -0.11326911823355759  0.5352540618746623  15.524850487815673  92.10340371976181  1.0  0.253  0.741  0.007  0.406  0.594  0.406  0.594
1  2.5  1.75  0.01  0.01  0.11169924984963209  0.09567086394335311  0.84059289626014  17.872030867286107  92.10340371976181  1.0  0.56  0.43  0.01  0.406  0.594  0.406  0.594
1  2.5  1.75  0.01  0.01  0.14781690116769663  -0.055267483405545076  0.7990231822245077  17.27584406061167  92.10340371976181  1.0  0.543  0.447  0.01  0.406  0.594  0.406  0.594
1  2.5  1.75  0.01  0.01  -0.1151055418012954  -0.03552324879567345  0.6603892915836856  16.079276995843355  92.10340371976181  1.0  0.44  0.549  0.01  0.406  0.594  0.406  0.594
1  2.5  1.75  0.01  0.01  -0.5378657137978184  -0.0800803154825764  0.6639271693888845  16.19454835208618  92.10340371976181  1.0  0.277  0.716  0.007  0.406  0.594  0.406  0.594
1  2.5  1.75  0.01  0.01  -0.2956711446033875  -0.09685995499799756  0.8767931355318984  17.81804229747738  92.10340371976181  1.0  0.359  0.632  0.009  0.406  0.594  0.406  0.594
1  2.5  1.75  0.01  0.01  -0.06317222442922743  0.03754503385755609  0.744601373077499  16.72149169467066  92.10340371976181  1.0  0.477  0.512  0.011  0.406  0.594  0.406  0.594
1  2.5  1.75  0.01  0.01  -0.22683380567059497  0.11663769184390665  0.8164349117461618  17.42483998929866  92.10340371976181  1.0  0.428  0.562  0.01  0.406  0.594  0.406  0.594
1  2.5  1.75  0.01  0.01  -0.678981742495959  0.052456763210065316  0.7057693995720907  16.806370375423832  92.10340371976181  1.0  0.254  0.74  0.006  0.406  0.594  0.406  0.594
1  2.5  1.75  0.01  0.01  0.28358090573121597  0.0945539616322637  0.7027841765258828  16.8525609278081  92.10340371976181  1.0  0.625  0.365  0.01  0.406  0.594  0.406  0.594
1  2.5  1.75  0.01  0.01  0.4264819388061625  0.1834718006367171  0.7051918724653451  17.033325895075002  92.10340371976181  1.0  0.695  0.297  0.008  0.406  0.594  0.406  0.594
1  2.5  1.75  0.01  0.01  -0.9828801855500722  -0.18887001826610722  0.6825477193042571  16.883239169989125  92.10340371976181  1.0  0.142  0.855  0.003  0.406  0.594  0.406  0.594
1  2.5  1.75  0.01  0.01  -0.74604684007777  -0.09726984522196923  0.840441783051058  17.994744782916282  92.10340371976181  1.0  0.211  0.784  0.005  0.406  0.594  0.406  0.594
1  2.5  1.75  0.01  0.01  -0.526127077595272  0.14754727534281636  0.7620375687208422  16.82841354524328  92.10340371976181  1.0  0.322  0.671  0.008  0.406  0.594  0.406  0.594
1  2.5  1.75  0.01  0.01  0.9030305012415185  0.06291262837374323  0.7015205532277342  17.60103445311826  92.10340371976181  1.0  0.82  0.176  0.004  0.406  0.594  0.406  0.594
1  2.5  1.75  0.01  0.01  -0.2497367106232593  -0.15646768948703862  0.9406062899774277  18.560575115171947  92.10340371976181  1.0  0.365  0.626  0.01  0.406  0.594  0.406  0.594
1  2.5  1.75  0.01  0.01  -0.4733557675188884  -0.09071564065227973  0.8917881657848575  17.908981214421942  92.10340371976181  1.0  0.297  0.695  0.008  0.406  0.594  0.406  0.594
1  2.5  1.75  0.01  0.01  0.5556178591445358  -0.190575068457518  0.9629958248288509  19.101133253695203  92.10340371976181  1.0  0.674  0.319  0.007  0.406  0.594  0.406  0.594
------------------------------------------------------------------------------------------------------------------------------------------------------------------------------------------
0  2.5  1.75  0.01  0.01  0.0001735030201312422  0.07585481627895901  0.75675845433647  18.333831318869734  18.333831318869734  1.0  0.511  0.479  0.011  0.506  0.494  0.506  0.494
0  2.5  1.75  0.01  0.01  -0.026092563701567695  0.1523562214567365  0.6981716829213557  17.897074870363937  17.897074870363937  1.0  0.514  0.475  0.011  0.506  0.494  0.506  0.494
0  2.5  1.75  0.01  0.01  0.0739787007940775  -0.13740748541490927  0.38057323541352844  16.184876011483308  16.184876011483308  1.0  0.497  0.493  0.011  0.506  0.494  0.506  0.494
0  2.5  1.75  0.01  0.01  0.08386571643446274  -0.11449897833703063  0.614863038434839  17.800380701152267  17.800380701152267  1.0  0.507  0.483  0.011  0.506  0.494  0.506  0.494
0  2.5  1.75  0.01  0.01  -0.008411917220071697  0.10559356670887787  0.6198428575974062  17.78798619507098  17.78798619507098  1.0  0.513  0.476  0.011  0.506  0.494  0.506  0.494
0  2.5  1.75  0.01  0.01  0.019756053900618853  0.008866723736299459  0.4898474930791331  16.59716813699399  16.59716813699399  1.0  0.505  0.485  0.011  0.506  0.494  0.506  0.494
0  2.5  1.75  0.01  0.01  0.03074887868666074  0.021617857550498748  0.7259221617086854  17.98608753322738  17.98608753322738  1.0  0.511  0.478  0.011  0.506  0.494  0.506  0.494
0  2.5  1.75  0.01  0.01  0.09502078750661364  -0.19093180031490398  0.42637070601026433  16.221629702363504  16.221629702363504  1.0  0.495  0.494  0.011  0.506  0.494  0.506  0.494
0  2.5  1.75  0.01  0.01  0.033198092418040316  0.00821152305911585  0.5897106691145476  17.782378166878505  17.782378166878505  1.0  0.51  0.479  0.011  0.506  0.494  0.506  0.494
0  2.5  1.75  0.01  0.01  0.027019534807289844  0.016872484734681142  0.7765901205545677  18.478248283530245  18.478248283530245  1.0  0.51  0.48  0.011  0.506  0.494  0.506  0.494
0  2.5  1.75  0.01  0.01  -0.03629731312205313  0.13591378691166783  0.4260930443170506  16.252278875067343  16.252278875067343  1.0  0.508  0.481  0.011  0.506  0.494  0.506  0.494
0  2.5  1.75  0.01  0.01  0.050945659540421025  -0.031095690686121863  0.8590857140974111  20.018589812973474  20.018589812973474  1.0  0.509  0.48  0.011  0.506  0.494  0.506  0.494
0  2.5  1.75  0.01  0.01  -0.04846436247221464  0.1743344131772745  0.4388410395833907  16.27756362285154  16.27756362285154  1.0  0.509  0.48  0.011  0.506  0.494  0.506  0.494
0  2.5  1.75  0.01  0.01  0.04358080515738049  -0.059163951416966815  0.44288198538674467  16.258074896081382  16.258074896081382  1.0  0.5  0.489  0.011  0.506  0.494  0.506  0.494
0  2.5  1.75  0.01  0.01  0.10757925019498145  -0.16755672016278408  0.961625905849149  22.136533221223125  22.136533221223125  1.0  0.504  0.485  0.011  0.506  0.494  0.506  0.494
0  2.5  1.75  0.01  0.01  0.014181745962061412  0.03786493705095548  0.8217027722747174  19.644684666639108  19.644684666639108  1.0  0.508  0.481  0.011  0.506  0.494  0.506  0.494
0  2.5  1.75  0.01  0.01  0.07472609222138481  -0.08703531004149818  0.5873775791280162  17.790357983625523  17.790357983625523  1.0  0.507  0.482  0.011  0.506  0.494  0.506  0.494
0  2.5  1.75  0.01  0.01  0.007655291582447154  0.033805870163530816  0.46415553072370996  16.325314316749544  16.325314316749544  1.0  0.504  0.486  0.011  0.506  0.494  0.506  0.494
0  2.5  1.75  0.01  0.01  0.0034569437483833766  0.041504607908925045  0.3886841437774608  16.198082217460563  16.198082217460563  1.0  0.504  0.485  0.011  0.506  0.494  0.506  0.494
0  2.5  1.75  0.01  0.01  -0.01258102273965421  0.11373991835975855  0.8600902771429747  20.00252481380469  20.00252481380469  1.0  0.512  0.478  0.011  0.506  0.494  0.506  0.494
0  2.5  1.75  0.01  0.01  -0.013307004574804463  0.10583454683351246  0.7856683738455559  18.526206248645988  18.526206248645988  1.0  0.511  0.478  0.011  0.506  0.494  0.506  0.494
0  2.5  1.75  0.01  0.01  0.08980756459341561  -0.13260024619249622  0.7959640969122599  19.18350622894706  19.18350622894706  1.0  0.505  0.484  0.011  0.506  0.494  0.506  0.494
0  2.5  1.75  0.01  0.01  0.08247319625044588  -0.10753165292492542  0.5717490405667986  17.792553706824126  17.792553706824126  1.0  0.506  0.483  0.011  0.506  0.494  0.506  0.494
0  2.5  1.75  0.01  0.01  -0.017757960057777217  0.12217972875158295  0.7744999369051961  18.43131129237592  18.43131129237592  1.0  0.511  0.478  0.011  0.506  0.494  0.506  0.494
0  2.5  1.75  0.01  0.01  0.08653212291464352  -0.12395482982226054  0.5699189045787478  17.79414009409128  17.79414009409128  1.0  0.506  0.484  0.011  0.506  0.494  0.506  0.494
0  2.5  1.75  0.01  0.01  0.042527074335718326  -0.05695083871106102  0.3787153509533082  16.18567330341537  16.18567330341537  1.0  0.5  0.489  0.011  0.506  0.494  0.506  0.494
0  2.5  1.75  0.01  0.01  -0.00027035218181838626  0.05787844339830106  0.522677054556325  17.11155971895564  17.11155971895564  1.0  0.507  0.483  0.011  0.506  0.494  0.506  0.494
0  2.5  1.75  0.01  0.01  0.012401356369916667  0.05690317061564604  0.58305261032038  17.778401056521275  17.778401056521275  1.0  0.512  0.478  0.011  0.506  0.494  0.506  0.494
0  2.5  1.75  0.01  0.01  -0.02051597775380659  0.09756222877275716  0.44437789408349765  16.28028794060365  16.28028794060365  1.0  0.506  0.483  0.011  0.506  0.494  0.506  0.494
0  2.5  1.75  0.01  0.01  0.03901105852149557  0.001542501371771643  0.6891335450455318  17.883193353804685  17.883193353804685  1.0  0.51  0.479  0.011  0.506  0.494  0.506  0.494
1  2.5  1.75  0.01  0.01  -0.22796856206475868  0.10760323283101875  0.48699965987434973  15.123065158401857  15.123065158401857  1.0  0.425  0.565  0.01  0.406  0.594  0.406  0.594
1  2.5  1.75  0.01  0.01  -0.12544996526580177  -0.16721079432227515  0.6828615255531633  16.311458337985588  16.311458337985588  1.0  0.411  0.579  0.01  0.406  0.594  0.406  0.594
1  2.5  1.75  0.01  0.01  -0.19934735407365411  0.018146430527177237  0.5752476477611109  15.5608249171684  15.5608249171684  1.0  0.419  0.571  0.01  0.406  0.594  0.406  0.594
1  2.5  1.75  0.01  0.01  -0.2371509812897733  0.07417219950383402  0.8029322294358627  17.217328764181477  17.217328764181477  1.0  0.414  0.576  0.01  0.406  0.594  0.406  0.594
1  2.5  1.75  0.01  0.01  -0.25327945538609886  0.14549806961021428  0.5891256665941998  15.586604888379819  15.586604888379819  1.0  0.423  0.567  0.01  0.406  0.594  0.406  0.594
1  2.5  1.75  0.01  0.01  -0.21082802502247863  0.07534286394663059  0.4583070905901794  14.920057850264428  14.920057850264428  1.0  0.426  0.564  0.01  0.406  0.594  0.406  0.594
1  2.5  1.75  0.01  0.01  -0.14256338306306046  -0.08655543341115793  0.42136155059521774  14.910632212926352  14.910632212926352  1.0  0.42  0.57  0.01  0.406  0.594  0.406  0.594
1  2.5  1.75  0.01  0.01  -0.1376953219864105  -0.12159207963031604  0.4885746048258006  15.122854104188812  15.122854104188812  1.0  0.416  0.574  0.01  0.406  0.594  0.406  0.594
1  2.5  1.75  0.01  0.01  -0.2187043235537832  0.04594672701014568  0.6595324618171822  16.08301092513227  16.08301092513227  1.0  0.417  0.573  0.01  0.406  0.594  0.406  0.594
1  2.5  1.75  0.01  0.01  -0.12762993244914128  -0.16478380875555199  0.5936311961654982  15.577824783742225  15.577824783742225  1.0  0.412  0.578  0.01  0.406  0.594  0.406  0.594
1  2.5  1.75  0.01  0.01  -0.25530424550955844  0.1615129393641797  0.569649693147965  15.561850839384077  15.561850839384077  1.0  0.424  0.566  0.01  0.406  0.594  0.406  0.594
1  2.5  1.75  0.01  0.01  -0.2509442278257284  0.10265444455827377  0.8459622480396601  17.785600126608895  17.785600126608895  1.0  0.414  0.576  0.01  0.406  0.594  0.406  0.594
1  2.5  1.75  0.01  0.01  -0.23875425916127427  0.17305719001114794  0.38129667788332056  14.90348017458244  14.90348017458244  1.0  0.433  0.557  0.01  0.406  0.594  0.406  0.594
1  2.5  1.75  0.01  0.01  -0.2519984715218236  0.11813924401707837  0.7365286417671484  16.70440243408826  16.70440243408826  1.0  0.418  0.572  0.01  0.406  0.594  0.406  0.594
1  2.5  1.75  0.01  0.01  -0.1659606758662232  -0.03428812541959428  0.4269425373786996  14.905017962355737  14.905017962355737  1.0  0.422  0.568  0.01  0.406  0.594  0.406  0.594
1  2.5  1.75  0.01  0.01  -0.11086181598357485  -0.1854541673636806  0.9878276339262593  19.18428107119596  19.18428107119596  1.0  0.413  0.577  0.01  0.406  0.594  0.406  0.594
1  2.5  1.75  0.01  0.01  -0.22198466504481304  0.04093728929207749  0.8167392286053421  17.412206845336563  17.412206845336563  1.0  0.414  0.576  0.01  0.406  0.594  0.406  0.594
1  2.5  1.75  0.01  0.01  -0.1905325592492523  -0.01720993556334166  0.7115070219086654  16.646817994572803  16.646817994572803  1.0  0.414  0.575  0.01  0.406  0.594  0.406  0.594
1  2.5  1.75  0.01  0.01  -0.22497065166241415  0.045539342497283475  0.7659160693674595  16.77246227840286  16.77246227840286  1.0  0.415  0.575  0.01  0.406  0.594  0.406  0.594
1  2.5  1.75  0.01  0.01  -0.19634814010244384  -0.030993486687320132  0.8326769973987413  17.586162444887297  17.586162444887297  1.0  0.41  0.58  0.01  0.406  0.594  0.406  0.594
1  2.5  1.75  0.01  0.01  -0.22568907961760035  0.053573507352388416  0.9603476205646053  18.807663252904135  18.807663252904135  1.0  0.414  0.576  0.01  0.406  0.594  0.406  0.594
1  2.5  1.75  0.01  0.01  -0.10693748587722313  -0.18259531859871792  0.39467295104890215  14.920262451918703  14.920262451918703  1.0  0.416  0.574  0.01  0.406  0.594  0.406  0.594
1  2.5  1.75  0.01  0.01  -0.1467230567385013  -0.1316087721210144  0.7515987613763189  16.71030978962729  16.71030978962729  1.0  0.41  0.58  0.01  0.406  0.594  0.406  0.594
1  2.5  1.75  0.01  0.01  -0.1005660749192289  -0.1957400942903436  0.42758308077475443  14.925592503257132  14.925592503257132  1.0  0.415  0.575  0.01  0.406  0.594  0.406  0.594
1  2.5  1.75  0.01  0.01  -0.12112693901307087  -0.1928534973444002  0.7529104541708413  16.720966638119233  16.720966638119233  1.0  0.409  0.581  0.01  0.406  0.594  0.406  0.594
1  2.5  1.75  0.01  0.01  -0.26511178906360217  0.19506630062355557  0.5375605478470818  15.355579629002005  15.355579629002005  1.0  0.428  0.562  0.01  0.406  0.594  0.406  0.594
1  2.5  1.75  0.01  0.01  -0.21721305988112455  0.08447236801080865  0.5379304964255517  15.34898448803783  15.34898448803783  1.0  0.423  0.566  0.01  0.406  0.594  0.406  0.594
1  2.5  1.75  0.01  0.01  -0.1431356965365931  -0.1433529723217027  0.7623918032548928  16.752321545976557  16.752321545976557  1.0  0.41  0.58  0.01  0.406  0.594  0.406  0.594
1  2.5  1.75  0.01  0.01  -0.19509238240855153  -0.006575085792891067  0.9650329517455012  18.979723180451025  18.979723180451025  1.0  0.414  0.575  0.01  0.406  0.594  0.406  0.594
1  2.5  1.75  0.01  0.01  -0.24451133818814014  0.1344161577990377  0.5821440448152463  15.571257616381965  15.571257616381965  1.0  0.423  0.567  0.01  0.406  0.594  0.406  0.594
0  2.5  1.75  0.01  0.01  -0.5689671214529521  -0.04063937454718197  0.7847986754984483  inf  inf  1.0  0.274  0.719  0.007  0.506  0.494  0.506  0.494
0  2.5  1.75  0.01  0.01  0.3588072991012283  0.030473620172804416  0.4719679156983919  inf  inf  1.0  0.643  0.348  0.009  0.506  0.494  0.506  0.494
0  2.5  1.75  0.01  0.01  0.2947041280740663  -0.016665448269489236  0.7335327059887169  inf  inf  1.0  0.609  0.382  0.01  0.506  0.494  0.506  0.494
0  2.5  1.75  0.01  0.01  0.8558533016802448  -0.02261247393337079  0.38075287352700954  inf  inf  1.0  0.796  0.199  0.004  0.506  0.494  0.506  0.494
0  2.5  1.75  0.01  0.01  0.7143808662000095  0.09614658816909005  0.38229987588985154  inf  inf  1.0  0.775  0.22  0.006  0.506  0.494  0.506  0.494
0  2.5  1.75  0.01  0.01  0.007481762490808341  0.07505439301329742  0.5002602897473647  inf  inf  1.0  0.514  0.476  0.011  0.506  0.494  0.506  0.494
0  2.5  1.75  0.01  0.01  -0.5479102751681304  0.08935071985076093  0.510870215404986  inf  inf  1.0  0.303  0.689  0.007  0.506  0.494  0.506  0.494
0  2.5  1.75  0.01  0.01  0.5856368242706327  0.02729138223160596  0.6088591019249002  inf  inf  1.0  0.723  0.27  0.007  0.506  0.494  0.506  0.494
0  2.5  1.75  0.01  0.01  -0.03719540520115139  -0.006752810665380166  0.9262354963808629  inf  inf  1.0  0.478  0.512  0.011  0.506  0.494  0.506  0.494
0  2.5  1.75  0.01  0.01  0.5192555358480442  -0.19731683800160804  0.53883990349691  inf  inf  1.0  0.659  0.333  0.008  0.506  0.494  0.506  0.494
0  2.5  1.75  0.01  0.01  -0.887989586725799  0.19376578537519662  0.6405910612719249  inf  inf  1.0  0.217  0.779  0.004  0.506  0.494  0.506  0.494

0  2.5  1.75  0.01  0.01  0.9032849821063387  -0.0295480950846648  0.43186886911799444  inf  inf  1.0  0.807  0.189  0.004  0.506  0.494  0.506  0.494
0  2.5  1.75  0.01  0.01  0.5849311463073237  0.1304046625966377  0.9402358398237239  inf  inf  1.0  0.74  0.253  0.007  0.506  0.494  0.506  0.494
0  2.5  1.75  0.01  0.01  0.8025597763475454  -0.13041896766669586  0.3742935420055712  inf  inf  1.0  0.764  0.231  0.005  0.506  0.494  0.506  0.494
0  2.5  1.75  0.01  0.01  -0.8158323951838793  -0.13848153715338818  0.42220245795530265  inf  inf  1.0  0.187  0.809  0.004  0.506  0.494  0.506  0.494
0  2.5  1.75  0.01  0.01  -0.91297505570065  -0.13489336217857173  0.7399537490714314  inf  inf  1.0  0.165  0.832  0.004  0.506  0.494  0.506  0.494
0  2.5  1.75  0.01  0.01  0.48171777408322813  0.094560547910709  0.4711541581061236  inf  inf  1.0  0.698  0.294  0.008  0.506  0.494  0.506  0.494
0  2.5  1.75  0.01  0.01  0.3548917489658103  0.11539094475645423  0.6750423256965717  inf  inf  1.0  0.658  0.333  0.009  0.506  0.494  0.506  0.494
0  2.5  1.75  0.01  0.01  -0.5101746760225039  -0.14442174582559894  0.6884180057756933  inf  inf  1.0  0.276  0.717  0.008  0.506  0.494  0.506  0.494
0  2.5  1.75  0.01  0.01  -0.1082353521072843  0.11178709057919295  0.5462932957039187  inf  inf  1.0  0.473  0.517  0.011  0.506  0.494  0.506  0.494
0  2.5  1.75  0.01  0.01  -0.397013873163379  -0.12010384024223045  0.5379291660306569  inf  inf  1.0  0.318  0.673  0.009  0.506  0.494  0.506  0.494
0  2.5  1.75  0.01  0.01  -0.5554820288258315  -0.037228684677557355  0.37430489625334157  inf  inf  1.0  0.278  0.715  0.007  0.506  0.494  0.506  0.494
0  2.5  1.75  0.01  0.01  -0.3068745146452576  0.11382147537662163  0.54760647006696  inf  inf  1.0  0.394  0.596  0.01  0.506  0.494  0.506  0.494
0  2.5  1.75  0.01  0.01  0.8134094563740444  -0.166270346788963  0.37278215965695943  inf  inf  1.0  0.761  0.234  0.005  0.506  0.494  0.506  0.494
0  2.5  1.75  0.01  0.01  -0.36877994554967364  0.0618100406782377  0.455323406727944  inf  inf  1.0  0.361  0.629  0.009  0.506  0.494  0.506  0.494
0  2.5  1.75  0.01  0.01  0.846132222080225  -0.08968359257295488  0.5292665485402714  inf  inf  1.0  0.783  0.213  0.005  0.506  0.494  0.506  0.494
0  2.5  1.75  0.01  0.01  -0.8030176807589253  0.1977249131648538  0.7049187055052436  inf  inf  1.0  0.242  0.753  0.005  0.506  0.494  0.506  0.494
0  2.5  1.75  0.01  0.01  -0.04202557169346388  0.0380800587634226  0.726090932496979  inf  inf  1.0  0.486  0.504  0.011  0.506  0.494  0.506  0.494
1  2.5  1.75  0.01  0.01  0.390133902938294  -0.15975695729238867  0.8009937648659439  inf  inf  1.0  0.618  0.373  0.009  0.406  0.594  0.406  0.594
1  2.5  1.75  0.01  0.01  -0.28948928790293516  -0.1982320199196151  0.4765053923949056  inf  inf  1.0  0.342  0.648  0.009  0.406  0.594  0.406  0.594
1  2.5  1.75  0.01  0.01  -0.9100121549370126  -0.03682660570185811  0.8794700146622061  inf  inf  1.0  0.177  0.819  0.004  0.406  0.594  0.406  0.594
1  2.5  1.75  0.01  0.01  -0.3162105020254735  -0.17939216398454227  0.696009604120565  inf  inf  1.0  0.336  0.655  0.009  0.406  0.594  0.406  0.594
1  2.5  1.75  0.01  0.01  0.6564527484796314  -0.19932221200464773  0.3940910765957875  inf  inf  1.0  0.706  0.287  0.006  0.406  0.594  0.406  0.594
1  2.5  1.75  0.01  0.01  -0.16106150649062334  0.023939736856465832  0.4243426515163822  inf  inf  1.0  0.434  0.556  0.01  0.406  0.594  0.406  0.594
1  2.5  1.75  0.01  0.01  -0.7039882412474985  0.006743807352923736  0.7707055818188808  inf  inf  1.0  0.24  0.754  0.006  0.406  0.594  0.406  0.594
1  2.5  1.75  0.01  0.01  -0.0026688266070604705  0.06002111139615224  0.5747375137810036  inf  inf  1.0  0.506  0.484  0.011  0.406  0.594  0.406  0.594
1  2.5  1.75  0.01  0.01  0.5986141837419139  0.1078282753999441  0.8106303301039589  inf  inf  1.0  0.741  0.252  0.007  0.406  0.594  0.406  0.594
1  2.5  1.75  0.01  0.01  0.06171564340935065  -0.06831582637285205  0.6169480516154174  inf  inf  1.0  0.506  0.484  0.011  0.406  0.594  0.406  0.594
1  2.5  1.75  0.01  0.01  -0.6194968981875748  -0.09534115455876946  0.3763267596294574  inf  inf  1.0  0.248  0.746  0.006  0.406  0.594  0.406  0.594
1  2.5  1.75  0.01  0.01  0.5001734780576597  -0.05992180020800708  0.7798573427336734  inf  inf  1.0  0.678  0.314  0.008  0.406  0.594  0.406  0.594
1  2.5  1.75  0.01  0.01  0.9829839759664225  -0.10690948986840097  0.372560491989188  inf  inf  1.0  0.816  0.181  0.003  0.406  0.594  0.406  0.594
1  2.5  1.75  0.01  0.01  -0.1381777044850414  0.10243026028899893  0.7866293788007584  inf  inf  1.0  0.459  0.531  0.01  0.406  0.594  0.406  0.594
1  2.5  1.75  0.01  0.01  -0.7083768380051301  0.14148368094362745  0.3852848907420864  inf  inf  1.0  0.26  0.734  0.006  0.406  0.594  0.406  0.594
1  2.5  1.75  0.01  0.01  0.8778552822005297  -0.15288238235102086  0.3908965680173391  inf  inf  1.0  0.782  0.213  0.004  0.406  0.594  0.406  0.594
1  2.5  1.75  0.01  0.01  -0.4366558608425646  0.042486613446708704  0.7742718675729945  inf  inf  1.0  0.333  0.659  0.008  0.406  0.594  0.406  0.594
1  2.5  1.75  0.01  0.01  -0.42097714761319294  -0.1437840499353388  0.9630376862129427  inf  inf  1.0  0.306  0.686  0.008  0.406  0.594  0.406  0.594
1  2.5  1.75  0.01  0.01  -0.03352219611410123  -0.09596546967124248  0.8271303510396741  inf  inf  1.0  0.461  0.528  0.011  0.406  0.594  0.406  0.594
1  2.5  1.75  0.01  0.01  -0.0860872097583043  -0.11271911111142315  0.4254043381368678  inf  inf  1.0  0.438  0.551  0.011  0.406  0.594  0.406  0.594
1  2.5  1.75  0.01  0.01  0.759439343691118  0.12999956544454244  0.48683519360056626  inf  inf  1.0  0.792  0.203  0.005  0.406  0.594  0.406  0.594
1  2.5  1.75  0.01  0.01  0.9206505297342722  0.07178909941424061  0.44773375418656597  inf  inf  1.0  0.826  0.171  0.004  0.406  0.594  0.406  0.594
1  2.5  1.75  0.01  0.01  0.165881627493925  0.1027751999870003  0.5276446581053059  inf  inf  1.0  0.581  0.408  0.01  0.406  0.594  0.406  0.594
1  2.5  1.75  0.01  0.01  -0.22183268759390828  -0.10635035379197762  0.3978301381866152  inf  inf  1.0  0.385  0.605  0.01  0.406  0.594  0.406  0.594
1  2.5  1.75  0.01  0.01  -0.5641374745735206  0.18958047544568285  0.41717278643229305  inf  inf  1.0  0.316  0.677  0.007  0.406  0.594  0.406  0.594
1  2.5  1.75  0.01  0.01  -0.9229217519269037  0.029800246220477167  0.4152848978375504  inf  inf  1.0  0.184  0.812  0.004  0.406  0.594  0.406  0.594
1  2.5  1.75  0.01  0.01  0.42397141580417497  0.10533894736792199  0.8226179263225739  inf  inf  1.0  0.681  0.31  0.008  0.406  0.594  0.406  0.594
1  2.5  1.75  0.01  0.01  -0.389921694853113  -0.1420822390743371  0.6075072775921974  inf  inf  1.0  0.317  0.675  0.009  0.406  0.594  0.406  0.594
1  2.5  1.75  0.01  0.01  -0.4871054843357423  0.1914401577778228  0.9749855855128469  inf  inf  1.0  0.343  0.649  0.008  0.406  0.594  0.406  0.594
1  2.5  1.75  0.01  0.01  -0.8147162769611456  0.0005577821452004694  0.8238875986940983  inf  inf  1.0  0.207  0.788  0.005  0.406  0.594  0.406  0.594
