5  2.5  0.01  0.01  -0.11008123186890124  -0.10298285946733557  0.8946288917517138  -0.10171969167695594  0.10605241408854343  14.93664911510684  14.93664911510684  1.0  0.444  0.551  0.005  0.452  0.548  0.452  0.548  1.0  0.468  0.527  0.005  0.472  0.528  0.472  0.528
5  2.5  0.01  0.01  -0.1721157812788388  0.17274146157821013  0.5771511889784648  -0.10804530150079308  0.17131877903564446  14.981579196453774  14.981579196453774  1.0  0.446  0.549  0.005  0.452  0.548  0.452  0.548  1.0  0.471  0.524  0.005  0.472  0.528  0.472  0.528
5  2.5  0.01  0.01  -0.09831072739641324  -0.09918832451030349  0.4787196779641765  -0.08963666230157882  0.09990538158088896  15.02587410565512  15.02587410565512  1.0  0.448  0.547  0.005  0.452  0.548  0.452  0.548  1.0  0.472  0.523  0.005  0.472  0.528  0.472  0.528
5  2.5  0.01  0.01  -0.10429299553993267  -0.10290541269669587  0.7112916458941135  -0.06472966920929762  -0.020469520281930886  14.943537519578195  14.943537519578195  1.0  0.446  0.549  0.005  0.452  0.548  0.452  0.548  1.0  0.47  0.525  0.005  0.472  0.528  0.472  0.528
5  2.5  0.01  0.01  -0.09956217062621982  -0.08922323573335969  0.42471542253119826  -0.09091607847438958  0.10745000057984283  15.050779893071809  15.050779893071809  1.0  0.449  0.546  0.005  0.452  0.548  0.452  0.548  1.0  0.472  0.523  0.005  0.472  0.528  0.472  0.528
5  2.5  0.01  0.01  -0.14735567602220231  0.06760923960376108  0.6236525414756416  -0.04179883989134816  -0.1079177450928865  14.96865137745122  14.96865137745122  1.0  0.446  0.549  0.005  0.452  0.548  0.452  0.548  1.0  0.47  0.525  0.005  0.472  0.528  0.472  0.528
5  2.5  0.01  0.01  -0.12847821481488908  -0.10031411849741137  1.393252264098549  -0.10598932292030604  0.05763459158321388  16.22200111931304  16.22200111931304  1.0  0.437  0.558  0.005  0.452  0.548  0.452  0.548  1.0  0.461  0.534  0.005  0.472  0.528  0.472  0.528
5  2.5  0.01  0.01  -0.16105287467606647  0.1351724815607181  0.5052240508852437  -0.04032602144639737  -0.10758413165914847  15.01414912708839  15.01414912708839  1.0  0.448  0.548  0.005  0.452  0.548  0.452  0.548  1.0  0.47  0.524  0.005  0.472  0.528  0.472  0.528
5  2.5  0.01  0.01  -0.16851033194035347  0.1668448923549551  0.4949535505682112  -0.028641679715064646  -0.15754074534440343  15.020145939797507  15.020145939797507  1.0  0.448  0.548  0.005  0.452  0.548  0.452  0.548  1.0  0.47  0.525  0.005  0.472  0.528  0.472  0.528
5  2.5  0.01  0.01  -0.1413892969011735  0.0585514686467421  0.5357234510707393  -0.0598944337750091  -0.028572997306558212  15.000453861365743  15.000453861365743  1.0  0.447  0.548  0.005  0.452  0.548  0.452  0.548  1.0  0.471  0.524  0.005  0.472  0.528  0.472  0.528
5  2.5  0.01  0.01  -0.09335777316824233  -0.13140734984182859  0.5935383319848184  -0.06295318310794348  -0.019275490689470376  14.980902638878545  14.980902638878545  1.0  0.447  0.548  0.005  0.452  0.548  0.452  0.548  1.0  0.47  0.525  0.005  0.472  0.528  0.472  0.528
5  2.5  0.01  0.01  -0.09245193851624152  -0.12599332911853503  0.5667780953510746  -0.055362109139347034  -0.049848801425706746  14.991730196385568  14.991730196385568  1.0  0.448  0.547  0.005  0.452  0.548  0.452  0.548  1.0  0.47  0.525  0.005  0.472  0.528  0.472  0.528
5  2.5  0.01  0.01  -0.16987297341219362  0.1013576602683044  0.9377720453061672  -0.0714357489219502  -0.013097289960932207  14.954591665948636  14.954591665948636  1.0  0.44  0.555  0.005  0.452  0.548  0.452  0.548  1.0  0.468  0.527  0.005  0.472  0.528  0.472  0.528
5  2.5  0.01  0.01  -0.12195924910964476  -0.04242329019793417  0.749752434914014  -0.07549188083424553  0.01944160921704846  14.933563961942552  14.933563961942552  1.0  0.445  0.55  0.005  0.452  0.548  0.452  0.548  1.0  0.469  0.526  0.005  0.472  0.528  0.472  0.528
5  2.5  0.01  0.01  -0.1590894735033922  0.11099555788232296  0.644814633050773  -0.1029638363508719  0.1390575632495249  14.957883664612586  14.957883664612586  1.0  0.445  0.55  0.005  0.452  0.548  0.452  0.548  1.0  0.47  0.525  0.005  0.472  0.528  0.472  0.528
5  2.5  0.01  0.01  -0.20980098520154006  0.17087332020908724  1.1372926891296917  -0.10898333411752001  0.10863947688464448  15.215994238501592  15.215994238501592  1.0  0.431  0.564  0.005  0.452  0.548  0.452  0.548  1.0  0.465  0.53  0.005  0.472  0.528  0.472  0.528
5  2.5  0.01  0.01  -0.10626338525621788  -0.15159242538935153  1.24005661817242  -0.026035608900323602  -0.18897665318016502  15.529797867230739  15.529797867230739  1.0  0.44  0.555  0.005  0.452  0.548  0.452  0.548  1.0  0.468  0.527  0.005  0.472  0.528  0.472  0.528
5  2.5  0.01  0.01  -0.1607217000189076  0.024022545307857524  1.2451898067397749  -0.051638297379409163  -0.09571212663497285  15.534655744704109  15.534655744704109  1.0  0.436  0.559  0.005  0.452  0.548  0.452  0.548  1.0  0.467  0.528  0.005  0.472  0.528  0.472  0.528
5  2.5  0.01  0.01  -0.1550984947097373  0.0625482235568312  0.8710557915144205  -0.09091290783951513  0.0739455844385461  14.929344118200245  14.929344118200245  1.0  0.442  0.553  0.005  0.452  0.548  0.452  0.548  1.0  0.468  0.527  0.005  0.472  0.528  0.472  0.528
5  2.5  0.01  0.01  -0.1747399622852437  0.19380012946571445  0.5191145326608312  -0.05486547721301325  -0.05171070128077568  15.007026419089634  15.007026419089634  1.0  0.447  0.548  0.005  0.452  0.548  0.452  0.548  1.0  0.471  0.524  0.005  0.472  0.528  0.472  0.528
5  2.5  0.01  0.01  -0.1632892092781526  0.1339866386427268  0.6312638072373102  -0.03192787675412283  -0.15269216724507256  14.96632942267481  14.96632942267481  1.0  0.446  0.549  0.005  0.452  0.548  0.452  0.548  1.0  0.47  0.525  0.005  0.472  0.528  0.472  0.528
5  2.5  0.01  0.01  -0.10119202315123811  -0.09417951939180572  0.5056855647574968  -0.04785022418751031  -0.07970830680295281  15.016192740194187  15.016192740194187  1.0  0.448  0.547  0.005  0.452  0.548  0.452  0.548  1.0  0.47  0.525  0.005  0.472  0.528  0.472  0.528
5  2.5  0.01  0.01  -0.08004363594226876  -0.19901632626452606  0.8646754355268339  -0.09315597943284958  0.079032945490972  14.933211137516126  14.933211137516126  1.0  0.446  0.549  0.005  0.452  0.548  0.452  0.548  1.0  0.468  0.527  0.005  0.472  0.528  0.472  0.528
5  2.5  0.01  0.01  -0.1548439577765043  0.12973648349845818  0.40824590324945265  -0.030090019289352146  -0.14781384753679794  15.059112843605584  15.059112843605584  1.0  0.449  0.546  0.005  0.452  0.548  0.452  0.548  1.0  0.471  0.524  0.005  0.472  0.528  0.472  0.528
5  2.5  0.01  0.01  -0.14639283193436167  0.09019128610587995  0.47374711844646966  -0.07553209794975645  0.04288667629840687  15.02642519807709  15.02642519807709  1.0  0.448  0.547  0.005  0.452  0.548  0.452  0.548  1.0  0.471  0.524  0.005  0.472  0.528  0.472  0.528
5  2.5  0.01  0.01  -0.12258854850950755  -0.012872727323955807  0.5180599734868676  -0.04549590389188523  -0.09359970963954374  15.009300408660062  15.009300408660062  1.0  0.448  0.547  0.005  0.452  0.548  0.452  0.548  1.0  0.47  0.525  0.005  0.472  0.528  0.472  0.528
5  2.5  0.01  0.01  -0.10126502850624941  -0.11996937695257143  0.8121560337042454  -0.09469430256010952  0.09305353463469318  14.927954860108049  14.927954860108049  1.0  0.445  0.55  0.005  0.452  0.548  0.452  0.548  1.0  0.469  0.526  0.005  0.472  0.528  0.472  0.528
5  2.5  0.01  0.01  -0.09910336649461797  -0.19251301279541366  1.1543530810357099  -0.07293456936090911  -0.018168996920278235  15.241038095472874  15.241038095472874  1.0  0.439  0.556  0.005  0.452  0.548  0.452  0.548  1.0  0.466  0.529  0.005  0.472  0.528  0.472  0.528
5  2.5  0.01  0.01  -0.10360978329173762  -0.11177292058019304  0.7779514851722712  -0.08079193511692499  0.03865485206489211  14.930856831717211  14.930856831717211  1.0  0.445  0.55  0.005  0.452  0.548  0.452  0.548  1.0  0.469  0.526  0.005  0.472  0.528  0.472  0.528
5  2.5  0.01  0.01  -0.15864164894190255  0.07511322256974429  0.8183694817836747  -0.030878862360142128  -0.1579807295257698  14.929093365909814  14.929093365909814  1.0  0.443  0.553  0.005  0.452  0.548  0.452  0.548  1.0  0.469  0.526  0.005  0.472  0.528  0.472  0.528
