0  3.5  1.75  0.01  0.01  0.6570514113349593  -0.023000554912127116  0.35061325348390543  13.914629677778501  13.914629677778501  1.0  0.762  0.171  0.066  0.844  0.156  0.844  0.156  True
0  3.5  1.75  0.01  0.01  0.5958733877982199  0.2149482884448644  0.5101388363400408  13.910716931693875  13.910716931693875  1.0  0.763  0.168  0.069  0.844  0.156  0.844  0.156  True
0  3.5  1.75  0.01  0.01  0.7085403589662016  -0.10982136379630361  0.5303291320109866  13.784513555548042  13.784513555548042  1.0  0.773  0.165  0.062  0.833  0.167  0.833  0.167  True
0  3.5  1.75  0.01  0.01  0.7249307083207568  0.0013583973653624251  0.4308362887983986  13.80081992220528  13.80081992220528  1.0  0.791  0.15  0.059  0.878  0.122  0.878  0.122  True
0  3.5  1.75  0.01  0.01  0.7476666688254197  -0.023077158727389472  0.4101313696460133  13.82531272117596  13.82531272117596  1.0  0.797  0.146  0.057  0.889  0.111  0.889  0.111  True
0  3.5  1.75  0.01  0.01  0.6956614007802691  -0.05227395209740478  0.5206949162127644  13.80961109390705  13.80961109390705  1.0  0.774  0.163  0.063  0.844  0.156  0.844  0.156  True
0  3.5  1.75  0.01  0.01  0.5993060591464299  0.03034086927199036  0.5404311499793029  13.9445810036711  13.9445810036711  1.0  0.744  0.184  0.072  0.822  0.178  0.822  0.178  True
0  3.5  1.75  0.01  0.01  0.5844894230643745  0.23807693234403354  0.27037270584678386  13.956054685668025  13.956054685668025  1.0  0.762  0.168  0.07  0.867  0.133  0.867  0.133  True
0  3.5  1.75  0.01  0.01  0.6495636961726966  0.07604971813975188  0.5301927582015522  13.84241114180878  13.84241114180878  1.0  0.77  0.164  0.066  0.844  0.156  0.844  0.156  True
0  3.5  1.75  0.01  0.01  0.5275298540611505  0.21057997945429485  0.4805267754322371  13.960088004247659  13.960088004247659  1.0  0.734  0.189  0.076  0.811  0.189  0.811  0.189  True
0  3.5  1.75  0.01  0.01  0.6711692459206124  -0.05020802387384464  0.4801240688422366  13.910152445520454  13.910152445520454  1.0  0.764  0.17  0.065  0.844  0.156  0.844  0.156  True
0  3.5  1.75  0.01  0.01  0.6027855518864408  0.031618346656307784  0.5408614869544159  13.936214951145363  13.936214951145363  1.0  0.745  0.183  0.071  0.822  0.178  0.822  0.178  True
0  3.5  1.75  0.01  0.01  0.6509197569559437  -0.006063050475766595  0.4304918826668482  13.861592593131318  13.861592593131318  1.0  0.761  0.172  0.067  0.833  0.167  0.833  0.167  True
0  3.5  1.75  0.01  0.01  0.5793019063340799  0.38484824792915506  0.5908132059967048  13.839365793651082  13.839365793651082  1.0  0.775  0.157  0.068  0.856  0.144  0.856  0.144  True
0  3.5  1.75  0.01  0.01  0.4348753039762131  0.6849941465131301  0.8430742562107595  13.796433001207077  13.796433001207077  1.0  0.75  0.174  0.076  0.833  0.167  0.833  0.167  True
0  3.5  1.75  0.01  0.01  0.6329674724469911  0.023411904553076686  0.5605180864070635  13.895831656730651  13.895831656730651  1.0  0.757  0.175  0.068  0.833  0.167  0.833  0.167  True
0  3.5  1.75  0.01  0.01  0.6523030244103438  -0.018142250394034665  0.5505133651317075  13.922229891921145  13.922229891921145  1.0  0.76  0.173  0.067  0.844  0.156  0.844  0.156  True
0  3.5  1.75  0.01  0.01  0.6840492034642118  -0.03419988025131508  0.2682378092988185  13.848083133973578  13.848083133973578  1.0  0.772  0.164  0.064  0.867  0.133  0.867  0.133  True
0  3.5  1.75  0.01  0.01  0.622303801741378  0.23046889140879923  0.8532712029674604  13.818073257260284  13.818073257260284  1.0  0.776  0.158  0.066  0.844  0.156  0.844  0.156  True
0  3.5  1.75  0.01  0.01  0.7518966346918325  -0.4249892393065754  0.32000182567663477  13.911013132577503  13.911013132577503  1.0  0.754  0.184  0.061  0.844  0.156  0.844  0.156  True
0  3.5  1.75  0.01  0.01  0.5776901929300927  0.31502471698853496  0.8339901810768415  13.790967731921526  13.790967731921526  1.0  0.768  0.163  0.069  0.833  0.167  0.833  0.167  True
0  3.5  1.75  0.01  0.01  0.7158617672775536  0.054154531794983224  0.5707777154700447  13.812265133598581  13.812265133598581  1.0  0.793  0.148  0.059  0.878  0.122  0.878  0.122  True
0  3.5  1.75  0.01  0.01  0.8297831459422924  -0.0336925198696552  0.9944868499212994  13.827570252817019  13.827570252817019  1.0  0.825  0.126  0.049  0.867  0.133  0.867  0.133  True
0  3.5  1.75  0.01  0.01  0.6881447167846894  0.05755033472943564  0.4605150357480041  13.82962156168561  13.82962156168561  1.0  0.783  0.155  0.062  0.867  0.133  0.867  0.133  True
0  3.5  1.75  0.01  0.01  0.5779781945231504  0.1199654450541992  0.47047904488857073  13.954722660618717  13.954722660618717  1.0  0.745  0.182  0.072  0.822  0.178  0.822  0.178  True
0  3.5  1.75  0.01  0.01  0.16582787867137883  0.9049796479779537  0.6509996258042277  14.02029038312477  14.02029038312477  1.0  0.658  0.249  0.093  0.811  0.189  0.811  0.189  True
0  3.5  1.75  0.01  0.01  0.5107829662232045  0.8049961412133568  0.8826859036508248  13.781392458355393  13.781392458355393  1.0  0.793  0.141  0.066  0.856  0.144  0.856  0.144  True
0  3.5  1.75  0.01  0.01  0.647408826006296  -0.2550007771148376  0.1008230834197841  14.054944061067479  14.054944061067479  1.0  0.73  0.2  0.07  0.822  0.178  0.822  0.178  True
0  3.5  1.75  0.01  0.01  0.7239216850189454  -0.2621053671421725  0.4709106085044998  13.87771466279141  13.87771466279141  1.0  0.762  0.176  0.063  0.833  0.167  0.833  0.167  True
0  3.5  1.75  0.01  0.01  0.5099857322502352  0.34044319920681754  0.8636081503843237  13.905904768161912  13.905904768161912  1.0  0.742  0.182  0.076  0.811  0.189  0.811  0.189  True
1  3.5  1.75  0.01  0.01  0.4117966372964077  -0.14941330483548454  0.46397229672021373  14.256827742836549  14.256827742836549  1.0  0.635  0.273  0.092  0.715  0.285  0.715  0.285  True
1  3.5  1.75  0.01  0.01  0.39001148729261587  0.031057508522973083  0.8675310992460858  14.070108479342764  14.070108479342764  1.0  0.648  0.26  0.092  0.708  0.292  0.708  0.292  True
1  3.5  1.75  0.01  0.01  0.3237424967031757  0.1687512844583482  0.46353894665061396  14.25879952237488  14.25879952237488  1.0  0.635  0.27  0.095  0.715  0.285  0.715  0.285  True
1  3.5  1.75  0.01  0.01  0.4190992629466159  0.01852562878763224  0.8773321324623001  14.066577503477788  14.066577503477788  1.0  0.661  0.25  0.089  0.722  0.278  0.722  0.278  True
1  3.5  1.75  0.01  0.01  0.37771402881600213  -0.002943082881947147  0.4734848461917728  14.213118224365697  14.213118224365697  1.0  0.638  0.269  0.093  0.715  0.285  0.715  0.285  True
1  3.5  1.75  0.01  0.01  0.3533599039056338  0.17063636249168032  0.4033673761168584  14.183184436063037  14.183184436063037  1.0  0.649  0.258  0.093  0.729  0.271  0.729  0.271  True
1  3.5  1.75  0.01  0.01  0.497337201349756  -0.21248195239103213  0.8574877021491994  14.026418425428885  14.026418425428885  1.0  0.668  0.247  0.085  0.722  0.278  0.722  0.278  True
1  3.5  1.75  0.01  0.01  0.4147947295025255  -0.0026643775508752698  0.8576338404312991  14.049706451999228  14.049706451999228  1.0  0.657  0.254  0.09  0.715  0.285  0.715  0.285  True
1  3.5  1.75  0.01  0.01  0.33175847523959534  0.2814007237557835  0.8921735873902437  14.053962730528703  14.053962730528703  1.0  0.653  0.254  0.093  0.715  0.285  0.715  0.285  True
1  3.5  1.75  0.01  0.01  0.33576594311157626  0.1849388337486979  0.8872061534756329  14.060319766660434  14.060319766660434  1.0  0.642  0.264  0.094  0.701  0.299  0.701  0.299  True
1  3.5  1.75  0.01  0.01  0.36404198729685044  0.04897996909595016  0.4837294871031763  14.21763024361632  14.21763024361632  1.0  0.638  0.268  0.093  0.715  0.285  0.715  0.285  True
1  3.5  1.75  0.01  0.01  0.37716909803466164  0.10832336666427292  0.9768727018720184  14.083955099955022  14.083955099955022  1.0  0.653  0.256  0.092  0.708  0.292  0.708  0.292  True
1  3.5  1.75  0.01  0.01  0.3332939240544744  0.1531197448561597  0.41001768975131064  14.205009970503792  14.205009970503792  1.0  0.637  0.269  0.095  0.715  0.285  0.715  0.285  True
1  3.5  1.75  0.01  0.01  0.4487493669323017  -0.1346776437793576  0.8776617295439078  14.04716988822731  14.04716988822731  1.0  0.656  0.256  0.088  0.708  0.292  0.708  0.292  True
1  3.5  1.75  0.01  0.01  0.32296515482092997  0.18664391739993985  0.4835139521630439  14.237392618081774  14.237392618081774  1.0  0.637  0.268  0.095  0.715  0.285  0.715  0.285  True
1  3.5  1.75  0.01  0.01  0.38760783078399985  0.02403397692603526  0.4834878702959877  14.194558221443202  14.194558221443202  1.0  0.646  0.262  0.092  0.722  0.278  0.722  0.278  True
1  3.5  1.75  0.01  0.01  0.37397216593164184  0.039678921416558315  0.45346950855836105  14.225247113201426  14.225247113201426  1.0  0.642  0.265  0.093  0.722  0.278  0.722  0.278  True
1  3.5  1.75  0.01  0.01  0.34328828383549614  0.20490023307142313  0.49316928231465873  14.160176890317903  14.160176890317903  1.0  0.648  0.259  0.093  0.722  0.278  0.722  0.278  True
1  3.5  1.75  0.01  0.01  0.3477614189339375  0.013125070644559308  0.4735554351538806  14.245391779411275  14.245391779411275  1.0  0.625  0.28  0.095  0.701  0.299  0.701  0.299  True
1  3.5  1.75  0.01  0.01  0.4175233046448308  0.0742953191388481  0.9561445505592203  14.054039804821832  14.054039804821832  1.0  0.667  0.244  0.089  0.722  0.278  0.722  0.278  True
1  3.5  1.75  0.01  0.01  0.38288272206487084  0.08255202713094087  0.7561255512110163  14.038257707486972  14.038257707486972  1.0  0.652  0.257  0.092  0.715  0.285  0.715  0.285  True
1  3.5  1.75  0.01  0.01  0.3533400619266798  0.20354662877769744  0.9990992502566578  14.087843126104312  14.087843126104312  1.0  0.653  0.254  0.092  0.708  0.292  0.708  0.292  True
1  3.5  1.75  0.01  0.01  0.3623697048420603  0.07498051615497098  0.8773308025281538  14.089126368333641  14.089126368333641  1.0  0.64  0.266  0.093  0.701  0.299  0.701  0.299  True
1  3.5  1.75  0.01  0.01  0.31938687087106377  0.12972151775804203  0.4235096507118398  14.269787205346145  14.269787205346145  1.0  0.627  0.277  0.096  0.708  0.292  0.708  0.292  True
1  3.5  1.75  0.01  0.01  0.26983897259566836  0.2649998223152844  0.88799873100534  14.061601986292663  14.061601986292663  1.0  0.62  0.282  0.098  0.715  0.285  0.715  0.285  True
1  3.5  1.75  0.01  0.01  0.4548734168826012  -0.20708215753047549  0.45315532859549823  14.17692717876012  14.17692717876012  1.0  0.648  0.263  0.088  0.722  0.278  0.722  0.278  True
1  3.5  1.75  0.01  0.01  0.36796186503201617  0.026230067781744772  0.45356230631435507  14.210925343290857  14.210925343290857  1.0  0.638  0.269  0.093  0.715  0.285  0.715  0.285  True
1  3.5  1.75  0.01  0.01  0.3592545499594595  0.17499848946472846  0.8820105823843353  14.07990130246178  14.07990130246178  1.0  0.652  0.256  0.092  0.701  0.299  0.701  0.299  True
1  3.5  1.75  0.01  0.01  0.3954402187701742  -0.054120760067534815  0.47367263046808794  14.19819570079312  14.19819570079312  1.0  0.64  0.268  0.092  0.715  0.285  0.715  0.285  True
1  3.5  1.75  0.01  0.01  0.09849847096194594  0.544999404575071  0.5030122628326671  14.323546682739043  14.323546682739043  1.0  0.573  0.323  0.104  0.701  0.299  0.701  0.299  True
