5  2.5  0.01  0.01  -0.1602894527462178  -0.029151411065547972  0.4147907270964908  -0.02062977316577345  0.038046952253360994  15.051974194633027  15.051974194633027  1.0  0.431  0.564  0.005  0.428  0.572  0.428  0.572  1.0  0.493  0.502  0.005  0.496  0.504  0.496  0.504
5  2.5  0.01  0.01  -0.14114738146865782  -0.13542367329604882  0.6267338916639645  -0.04018993072784481  0.10753738346595326  14.966094955817907  14.966094955817907  1.0  0.428  0.567  0.005  0.428  0.572  0.428  0.572  1.0  0.492  0.503  0.005  0.496  0.504  0.496  0.504
5  2.5  0.01  0.01  -0.15144651253456823  -0.18530082854291496  1.1476909680153544  -0.07598992234181828  0.186747836362739  15.229806082619751  15.229806082619751  1.0  0.419  0.576  0.005  0.428  0.572  0.428  0.572  1.0  0.486  0.509  0.005  0.496  0.504  0.496  0.504
5  2.5  0.01  0.01  -0.22632693686832786  0.1961457161108468  0.653859143545234  -0.027505807972262163  0.05723323744410469  14.951056704948645  14.951056704948645  1.0  0.428  0.567  0.005  0.428  0.572  0.428  0.572  1.0  0.492  0.502  0.005  0.496  0.504  0.496  0.504
5  2.5  0.01  0.01  -0.24823967831275232  0.15095369640990208  1.2315137115288908  -0.009626691640557482  -0.010852099754336125  15.494798811850456  15.494798811850456  1.0  0.415  0.581  0.005  0.428  0.572  0.428  0.572  1.0  0.493  0.502  0.005  0.496  0.504  0.496  0.504
5  2.5  0.01  0.01  -0.2181002796139273  0.18793136254490556  0.5572034581200204  -0.005086358575330362  -0.024288020679753775  14.986015543837336  14.986015543837336  1.0  0.43  0.565  0.005  0.428  0.572  0.428  0.572  1.0  0.493  0.501  0.005  0.496  0.504  0.496  0.504
5  2.5  0.01  0.01  -0.21861689507818693  0.12357070379038171  0.8913415802676429  -0.02602440469258338  0.05443209036658031  14.92971915691805  14.92971915691805  1.0  0.423  0.572  0.005  0.428  0.572  0.428  0.572  1.0  0.492  0.503  0.005  0.496  0.504  0.496  0.504
5  2.5  0.01  0.01  -0.16693330884064966  0.004082627097100611  0.41728533204898854  -0.012681329720453466  0.01028224373317968  15.050046475975645  15.050046475975645  1.0  0.431  0.564  0.005  0.428  0.572  0.428  0.572  1.0  0.493  0.502  0.005  0.496  0.504  0.496  0.504
5  2.5  0.01  0.01  -0.15656154924762886  -0.17582133496090935  1.2728825630449336  -0.019696660224438  0.024235126964560927  15.706426038336195  15.706426038336195  1.0  0.418  0.577  0.005  0.428  0.572  0.428  0.572  1.0  0.492  0.503  0.005  0.496  0.504  0.496  0.504
5  2.5  0.01  0.01  -0.1457362371546272  -0.12506827601536136  0.6687348898224388  -0.027553741348509422  0.05839446141987836  14.951961074594317  14.951961074594317  1.0  0.427  0.568  0.005  0.428  0.572  0.428  0.572  1.0  0.492  0.502  0.005  0.496  0.504  0.496  0.504
5  2.5  0.01  0.01  -0.13794742619778363  -0.12778629130598965  0.46010240064287306  -0.005083413409331555  -0.020864001512360897  15.033447727823498  15.033447727823498  1.0  0.43  0.565  0.005  0.428  0.572  0.428  0.572  1.0  0.493  0.501  0.005  0.496  0.504  0.496  0.504
5  2.5  0.01  0.01  -0.17827283382614761  -0.015733187594168557  0.8066656125578776  0.017165205366168456  -0.09751015214590152  14.924941954878694  14.924941954878694  1.0  0.425  0.57  0.005  0.428  0.572  0.428  0.572  1.0  0.494  0.501  0.005  0.496  0.504  0.496  0.504
5  2.5  0.01  0.01  -0.1904910553631114  -0.10825542158782953  1.5953824103656704  -0.05685622771406985  0.08134743417397011  18.16826622791357  18.16826622791357  1.0  0.411  0.584  0.005  0.428  0.572  0.428  0.572  1.0  0.483  0.512  0.005  0.496  0.504  0.496  0.504
5  2.5  0.01  0.01  -0.19895223750686325  0.10938200676945858  0.5617683746802496  -0.05850866618115716  0.18429641360480647  14.984956393899816  14.984956393899816  1.0  0.43  0.565  0.005  0.428  0.572  0.428  0.572  1.0  0.492  0.503  0.005  0.496  0.504  0.496  0.504
5  2.5  0.01  0.01  -0.15947169426036245  -0.04637062356025398  0.5390168747047792  -0.031730193308224575  0.07885690970965514  14.99637745630256  14.99637745630256  1.0  0.429  0.566  0.005  0.428  0.572  0.428  0.572  1.0  0.493  0.502  0.005  0.496  0.504  0.496  0.504
5  2.5  0.01  0.01  -0.1475807597532045  -0.13261885414258556  0.7313138395367154  0.041609697767916204  -0.1869634723508371  14.939464781741075  14.939464781741075  1.0  0.426  0.569  0.005  0.428  0.572  0.428  0.572  1.0  0.495  0.5  0.005  0.496  0.504  0.496  0.504
5  2.5  0.01  0.01  -0.22870118265132697  0.08123056925209593  1.239505662241439  0.025474505584292484  -0.11895238292849336  15.511901448699659  15.511901448699659  1.0  0.415  0.58  0.005  0.428  0.572  0.428  0.572  1.0  0.496  0.499  0.005  0.496  0.504  0.496  0.504
5  2.5  0.01  0.01  -0.22240311601880303  0.1914786982006308  0.6385954602272439  0.005289714535326223  -0.0614169438382616  14.956410299474127  14.956410299474127  1.0  0.429  0.567  0.005  0.428  0.572  0.428  0.572  1.0  0.494  0.501  0.005  0.496  0.504  0.496  0.504
5  2.5  0.01  0.01  -0.1565765501222818  -0.17277559473981394  1.2175770731912143  0.015720614817833194  -0.09335515522574811  15.467762774220406  15.467762774220406  1.0  0.419  0.576  0.005  0.428  0.572  0.428  0.572  1.0  0.495  0.5  0.005  0.496  0.504  0.496  0.504
5  2.5  0.01  0.01  -0.20198470771261592  0.1152213056072387  0.5718240537148424  0.023831215403403102  -0.12523995594995102  14.982151123747649  14.982151123747649  1.0  0.43  0.566  0.005  0.428  0.572  0.428  0.572  1.0  0.494  0.501  0.005  0.496  0.504  0.496  0.504
5  2.5  0.01  0.01  -0.23620991156292082  0.11052861227064564  1.2261732548989743  -0.01934521913089222  0.024046195092347095  15.476187804990632  15.476187804990632  1.0  0.415  0.58  0.005  0.428  0.572  0.428  0.572  1.0  0.492  0.503  0.005  0.496  0.504  0.496  0.504
5  2.5  0.01  0.01  -0.22866942998381826  0.19269262578247792  0.752516435597104  -0.027920836858253147  0.06498093564057217  14.926223598304702  14.926223598304702  1.0  0.426  0.569  0.005  0.428  0.572  0.428  0.572  1.0  0.492  0.503  0.005  0.496  0.504  0.496  0.504
5  2.5  0.01  0.01  -0.1629022966824129  -0.15733117678662634  1.2878954422833777  -0.016416302952150456  0.005266634470364323  15.744885123980108  15.744885123980108  1.0  0.417  0.578  0.005  0.428  0.572  0.428  0.572  1.0  0.492  0.503  0.005  0.496  0.504  0.496  0.504
5  2.5  0.01  0.01  -0.14286958641040132  -0.1751428305995451  0.9550293958276569  -0.047168845745957824  0.12212000095002334  14.969561737248565  14.969561737248565  1.0  0.423  0.572  0.005  0.428  0.572  0.428  0.572  1.0  0.491  0.504  0.005  0.496  0.504  0.496  0.504
5  2.5  0.01  0.01  -0.15012917434653616  -0.10335757042843322  0.5944397141638472  0.031810299698339164  -0.16169405553717164  14.978315598244745  14.978315598244745  1.0  0.428  0.567  0.005  0.428  0.572  0.428  0.572  1.0  0.494  0.501  0.005  0.496  0.504  0.496  0.504
5  2.5  0.01  0.01  -0.18951145170735675  0.03644361033250704  0.7296620426546064  -0.019737154831743445  0.03221257477662909  14.932392684283599  14.932392684283599  1.0  0.426  0.569  0.005  0.428  0.572  0.428  0.572  1.0  0.493  0.502  0.005  0.496  0.504  0.496  0.504
5  2.5  0.01  0.01  -0.2115076963611879  0.07588521110583252  0.9503979892099557  -0.05583317321577682  0.14588662655112478  14.962144860480295  14.962144860480295  1.0  0.422  0.573  0.005  0.428  0.572  0.428  0.572  1.0  0.49  0.505  0.005  0.496  0.504  0.496  0.504
5  2.5  0.01  0.01  -0.2554982640493792  0.14321813973046188  1.431969597756334  -0.08233724872435697  0.18564950091618643  16.452778694284362  16.452778694284362  1.0  0.411  0.585  0.005  0.428  0.572  0.428  0.572  1.0  0.484  0.511  0.005  0.496  0.504  0.496  0.504
5  2.5  0.01  0.01  -0.19893165666028215  0.1429316863292297  0.4054096868466645  0.014941870152828126  -0.09983293774556984  15.054480405631889  15.054480405631889  1.0  0.433  0.562  0.005  0.428  0.572  0.428  0.572  1.0  0.493  0.501  0.005  0.496  0.504  0.496  0.504
5  2.5  0.01  0.01  -0.2150745968559612  0.12521680103141708  0.7805201934078303  0.0280243028063038  -0.14200907554958417  14.925704138556307  14.925704138556307  1.0  0.425  0.57  0.005  0.428  0.572  0.428  0.572  1.0  0.495  0.5  0.005  0.496  0.504  0.496  0.504
