0  3.5  1.75  0.01  0.01  0.3708652118344712  0.08278060995545866  1.1662845446974286  14.679006306205327  14.679006306205327  1.0  0.704  0.287  0.009  0.708  0.292  0.708  0.292  True
0  3.5  1.75  0.01  0.01  0.3682100170153211  0.0037565669999897215  0.9534546357435006  14.742606554054824  14.742606554054824  1.0  0.693  0.298  0.009  0.708  0.292  0.708  0.292  True
0  3.5  1.75  0.01  0.01  0.3423268417877652  0.18936097427262644  1.2066277721516134  14.701133755215453  14.701133755215453  1.0  0.704  0.286  0.01  0.708  0.292  0.708  0.292  True
0  3.5  1.75  0.01  0.01  0.41870618751884603  -0.22243031783000955  1.1461732722358684  14.71779858074887  14.71779858074887  1.0  0.689  0.302  0.009  0.692  0.308  0.692  0.308  True
0  3.5  1.75  0.01  0.01  0.3673669005565802  -0.03394218858234491  1.1569623486742575  14.710012403100327  14.710012403100327  1.0  0.688  0.302  0.009  0.692  0.308  0.692  0.308  True
0  3.5  1.75  0.01  0.01  0.31960645843771496  0.042667936996345496  1.1667101496206176  14.71486927667874  14.71486927667874  1.0  0.674  0.316  0.01  0.675  0.325  0.675  0.325  True
0  3.5  1.75  0.01  0.01  0.3765739344906581  -0.01078561553675213  1.1662702566475431  14.710049998444958  14.710049998444958  1.0  0.696  0.295  0.009  0.7  0.3  0.7  0.3  True
0  3.5  1.75  0.01  0.01  0.36966205801586893  -0.13497337081618233  1.1169959419584987  14.667640701946171  14.667640701946171  1.0  0.677  0.314  0.01  0.675  0.325  0.675  0.325  True
0  3.5  1.75  0.01  0.01  0.2905535119830944  0.25004714226729474  1.1863682653589684  14.738727903070869  14.738727903070869  1.0  0.686  0.304  0.01  0.692  0.308  0.692  0.308  True
0  3.5  1.75  0.01  0.01  0.4014736423394939  -0.046548167610888105  1.1562370308714596  14.698982325910352  14.698982325910352  1.0  0.702  0.289  0.009  0.708  0.292  0.708  0.292  True
0  3.5  1.75  0.01  0.01  0.3450026566896023  0.004024508781451561  1.1362667816564744  14.697015989643997  14.697015989643997  1.0  0.681  0.309  0.01  0.683  0.317  0.683  0.317  True
0  3.5  1.75  0.01  0.01  0.40450963231952214  -0.3438205720728327  1.1165543031256673  14.7448653383752  14.7448653383752  1.0  0.666  0.325  0.009  0.667  0.333  0.667  0.333  True
0  3.5  1.75  0.01  0.01  0.42758145950203663  -0.23085246974987364  1.1364248715413297  14.749406350934107  14.749406350934107  1.0  0.692  0.299  0.009  0.7  0.3  0.7  0.3  True
0  3.5  1.75  0.01  0.01  0.5278854154753103  -0.5429065178317676  1.0866595709824842  14.731394543062818  14.731394543062818  1.0  0.698  0.295  0.007  0.708  0.292  0.708  0.292  True
0  3.5  1.75  0.01  0.01  0.40575911795469477  -0.1725173254077934  1.1463920344448375  14.7071568714511  14.7071568714511  1.0  0.689  0.302  0.009  0.692  0.308  0.692  0.308  True
0  3.5  1.75  0.01  0.01  0.4101102789972356  -0.07112314549861326  1.1563426981539744  14.682347112636984  14.682347112636984  1.0  0.704  0.287  0.009  0.708  0.292  0.708  0.292  True
0  3.5  1.75  0.01  0.01  0.4374108798084526  -0.28148262527351664  1.1166494331794685  14.686211855365718  14.686211855365718  1.0  0.69  0.301  0.009  0.692  0.308  0.692  0.308  True
0  3.5  1.75  0.01  0.01  0.5000613933802347  -0.47464073879438395  1.1064194289241274  14.71367851003561  14.71367851003561  1.0  0.694  0.298  0.008  0.7  0.3  0.7  0.3  True
0  3.5  1.75  0.01  0.01  0.4518480680232322  -0.3738670363462683  1.106733854567552  14.74277866050331  14.74277866050331  1.0  0.685  0.307  0.008  0.692  0.308  0.692  0.308  True
0  3.5  1.75  0.01  0.01  0.47041705790665544  -0.3620498918606586  1.1166199519202962  14.705134931628118  14.705134931628118  1.0  0.695  0.297  0.008  0.7  0.3  0.7  0.3  True
0  3.5  1.75  0.01  0.01  0.39870831641929105  -0.08499831641494096  1.1569989873228888  14.682562456752756  14.682562456752756  1.0  0.697  0.294  0.009  0.7  0.3  0.7  0.3  True
0  3.5  1.75  0.01  0.01  0.3356727923426124  0.1449904738139155  1.1560387928347025  14.71809107928237  14.71809107928237  1.0  0.695  0.296  0.01  0.7  0.3  0.7  0.3  True
0  3.5  1.75  0.01  0.01  0.2862349798735847  0.20576232087355728  1.1565041211264693  14.737822773804535  14.737822773804535  1.0  0.679  0.311  0.01  0.683  0.317  0.683  0.317  True
0  3.5  1.75  0.01  0.01  0.2601320075063308  0.4249935373204594  1.206976524665237  14.724166217593954  14.724166217593954  1.0  0.693  0.297  0.01  0.7  0.3  0.7  0.3  True
0  3.5  1.75  0.01  0.01  0.19681745312466997  0.35499901785951915  1.2150823616209137  14.750666555501796  14.750666555501796  1.0  0.651  0.338  0.011  0.675  0.325  0.675  0.325  True
0  3.5  1.75  0.01  0.01  0.3472810108243213  -0.021374080905289677  1.151149978164518  14.733473242654318  14.733473242654318  1.0  0.68  0.31  0.01  0.683  0.317  0.683  0.317  True
0  3.5  1.75  0.01  0.01  0.456880932352462  -0.3849760801313418  1.1160327848115024  14.737159468436023  14.737159468436023  1.0  0.686  0.306  0.008  0.692  0.308  0.692  0.308  True
0  3.5  1.75  0.01  0.01  0.004223615617618522  0.5649997185645769  1.1866422900700848  14.825861823649438  14.825861823649438  1.0  0.576  0.412  0.012  0.7  0.3  0.7  0.3  True
0  3.5  1.75  0.01  0.01  0.3803378867111451  0.0522536854246866  1.251328469602373  14.737375909739576  14.737375909739576  1.0  0.705  0.286  0.009  0.708  0.292  0.708  0.292  True
0  3.5  1.75  0.01  0.01  0.4162745499254258  -0.33499584431703144  1.1269994107541268  14.718686964827857  14.718686964827857  1.0  0.673  0.318  0.009  0.692  0.308  0.692  0.308  True
1  3.5  1.75  0.01  0.01  0.7072152180275784  -0.27805842794885327  1.1323492547567464  14.33599249150664  14.33599249150664  1.0  0.803  0.193  0.004  0.825  0.175  0.825  0.175  True
1  3.5  1.75  0.01  0.01  0.6098861809460645  -0.025442787649332513  1.0010046929083025  14.39564664810553  14.39564664810553  1.0  0.794  0.2  0.005  0.825  0.175  0.825  0.175  True
1  3.5  1.75  0.01  0.01  0.6974684529020114  -0.08913614494467956  1.413468319041212  14.359327337164947  14.359327337164947  1.0  0.819  0.176  0.004  0.833  0.167  0.833  0.167  True
1  3.5  1.75  0.01  0.01  0.7327795435325736  -0.31807166394394404  1.1325667783081241  14.319131810519544  14.319131810519544  1.0  0.808  0.188  0.004  0.833  0.167  0.833  0.167  True
1  3.5  1.75  0.01  0.01  0.7184054030875408  -0.25157724559224315  1.1624932035236162  14.322051055159559  14.322051055159559  1.0  0.81  0.186  0.004  0.833  0.167  0.833  0.167  True
1  3.5  1.75  0.01  0.01  0.6647655590115336  -0.015660971240490186  1.4134122854060764  14.37183481592667  14.37183481592667  1.0  0.815  0.18  0.005  0.825  0.175  0.825  0.175  True
1  3.5  1.75  0.01  0.01  0.6534455242870745  -0.10725184157095338  1.1521530102550634  14.37767881485624  14.37767881485624  1.0  0.802  0.193  0.005  0.825  0.175  0.825  0.175  True
1  3.5  1.75  0.01  0.01  0.5974011399568453  0.18498987063913147  1.1727760580318682  14.356273068345859  14.356273068345859  1.0  0.811  0.183  0.005  0.833  0.167  0.833  0.167  True
1  3.5  1.75  0.01  0.01  0.6291259303153851  0.06968230791672782  1.1720650481937531  14.341314036072408  14.341314036072408  1.0  0.812  0.183  0.005  0.833  0.167  0.833  0.167  True
1  3.5  1.75  0.01  0.01  0.6359381616858766  -0.031385244177272564  1.152438231485933  14.361454353788329  14.361454353788329  1.0  0.804  0.191  0.005  0.825  0.175  0.825  0.175  True
1  3.5  1.75  0.01  0.01  0.667706476568547  -0.1283653443191714  1.1524460069416205  14.342518549259172  14.342518549259172  1.0  0.805  0.19  0.005  0.825  0.175  0.825  0.175  True
1  3.5  1.75  0.01  0.01  0.6176674046293631  0.07168977776285462  1.172496747236717  14.348086941037499  14.348086941037499  1.0  0.808  0.187  0.005  0.825  0.175  0.825  0.175  True
1  3.5  1.75  0.01  0.01  0.7242455570593231  -0.21923792588831492  1.4137197701877444  14.36268261565073  14.36268261565073  1.0  0.815  0.181  0.004  0.825  0.175  0.825  0.175  True
1  3.5  1.75  0.01  0.01  0.6578782646161858  -0.11827402004882562  1.1625481268432376  14.378117170526377  14.378117170526377  1.0  0.802  0.193  0.005  0.825  0.175  0.825  0.175  True
1  3.5  1.75  0.01  0.01  0.6027144189329935  0.0049978316742509375  1.1520054987159416  14.39704562982545  14.39704562982545  1.0  0.795  0.2  0.006  0.825  0.175  0.825  0.175  True
1  3.5  1.75  0.01  0.01  0.6244217594231507  0.08246256032450924  1.1621609972763545  14.34259797935171  14.34259797935171  1.0  0.811  0.184  0.005  0.833  0.167  0.833  0.167  True
1  3.5  1.75  0.01  0.01  0.6690127581196244  -0.08525605241719153  1.142259024103204  14.328238339103489  14.328238339103489  1.0  0.81  0.186  0.005  0.833  0.167  0.833  0.167  True
1  3.5  1.75  0.01  0.01  0.5566279542259909  0.2714884166389412  1.1721973735844824  14.387482788679998  14.387482788679998  1.0  0.805  0.189  0.006  0.825  0.175  0.825  0.175  True
1  3.5  1.75  0.01  0.01  0.6365083713950779  -0.05625338293000517  1.1524838697751578  14.39138814548716  14.39138814548716  1.0  0.801  0.194  0.005  0.825  0.175  0.825  0.175  True
1  3.5  1.75  0.01  0.01  0.6674097267858268  -0.15717760151997745  1.1226120889382258  14.353523316566811  14.353523316566811  1.0  0.802  0.194  0.005  0.825  0.175  0.825  0.175  True
1  3.5  1.75  0.01  0.01  0.6331926264183214  0.00805563303284854  1.1621327951056617  14.341472263525425  14.341472263525425  1.0  0.807  0.188  0.005  0.825  0.175  0.825  0.175  True
1  3.5  1.75  0.01  0.01  0.2703829030053758  0.5449981032179507  1.1923752660446574  14.508533644773532  14.508533644773532  1.0  0.712  0.277  0.01  0.825  0.175  0.825  0.175  True
1  3.5  1.75  0.01  0.01  0.5986991943931553  0.12119211635807403  1.1622353264817886  14.366492499181144  14.366492499181144  1.0  0.806  0.189  0.005  0.825  0.175  0.825  0.175  True
1  3.5  1.75  0.01  0.01  0.6523176323142637  -0.08545027610166138  1.1425807981453817  14.355504407450363  14.355504407450363  1.0  0.804  0.191  0.005  0.825  0.175  0.825  0.175  True
1  3.5  1.75  0.01  0.01  0.6156016778412667  0.0645739418606105  1.1624432875573765  14.35964709320386  14.35964709320386  1.0  0.806  0.189  0.005  0.825  0.175  0.825  0.175  True
1  3.5  1.75  0.01  0.01  0.691352761057616  -0.22598481455562547  1.1423720174332874  14.348833586143833  14.348833586143833  1.0  0.803  0.193  0.004  0.825  0.175  0.825  0.175  True
1  3.5  1.75  0.01  0.01  0.6493003714480146  -0.05511707931947571  1.1724825540587378  14.358316130340567  14.358316130340567  1.0  0.806  0.189  0.005  0.825  0.175  0.825  0.175  True
1  3.5  1.75  0.01  0.01  0.6700207684018624  -0.053367863867352344  1.4136006052573578  14.381352046340691  14.381352046340691  1.0  0.814  0.181  0.005  0.825  0.175  0.825  0.175  True
1  3.5  1.75  0.01  0.01  0.2450704596334488  0.684999776586684  1.413717081364171  14.587345698622066  14.587345698622066  1.0  0.718  0.272  0.01  0.825  0.175  0.825  0.175  True
1  3.5  1.75  0.01  0.01  0.628005743046036  0.11500429818006896  1.5675157074045298  14.39601891500012  14.39601891500012  1.0  0.816  0.179  0.005  0.825  0.175  0.825  0.175  True
