1  5.5  2.25  0.01  0.01  0.003127314983320493  0.04075571014016055  0.9652429528677628  24.712851352853637  24.712851352853637  1.0  0.382  0.372  0.246  0.5  0.5  0.5  0.5
1  5.5  2.25  0.01  0.01  -0.06529572845831397  0.17739651685338576  0.9564303798017058  24.65522858365993  24.65522858365993  1.0  0.367  0.388  0.246  0.5  0.5  0.5  0.5
1  5.5  2.25  0.01  0.01  -0.05054986292574615  0.1786788438496218  0.49677694797584954  18.1807221505109  18.1807221505109  1.0  0.373  0.382  0.246  0.5  0.5  0.5  0.5
1  5.5  2.25  0.01  0.01  0.1018881882434472  -0.15639589321346872  0.9171399844179878  23.473993298143043  23.473993298143043  1.0  0.405  0.35  0.245  0.5  0.5  0.5  0.5
1  5.5  2.25  0.01  0.01  -0.018453118791171865  0.16825398555663545  0.7637722400387712  20.904147369884782  20.904147369884782  1.0  0.385  0.369  0.246  0.5  0.5  0.5  0.5
1  5.5  2.25  0.01  0.01  -0.046294454443457894  0.16738707007884623  0.5389478012251776  18.728424236672904  18.728424236672904  1.0  0.374  0.381  0.246  0.5  0.5  0.5  0.5
1  5.5  2.25  0.01  0.01  0.060710668416437824  -0.0591852842378435  0.8168774918093115  22.054910798993962  22.054910798993962  1.0  0.397  0.358  0.246  0.5  0.5  0.5  0.5
1  5.5  2.25  0.01  0.01  0.0670049946179426  0.009971559508804406  0.7319901693149833  20.438728205319375  20.438728205319375  1.0  0.406  0.349  0.245  0.5  0.5  0.5  0.5
1  5.5  2.25  0.01  0.01  0.0057117819769602896  0.14429776821932805  0.7018274491543204  20.096171240904052  20.096171240904052  1.0  0.392  0.362  0.246  0.5  0.5  0.5  0.5
1  5.5  2.25  0.01  0.01  0.11104901234896285  -0.11579028757883313  0.592463136082672  19.234202501699862  19.234202501699862  1.0  0.412  0.343  0.244  0.5  0.5  0.5  0.5
1  5.5  2.25  0.01  0.01  -0.01768861058537559  0.17451940346372047  0.5848375501794384  19.169177108404412  19.169177108404412  1.0  0.385  0.369  0.246  0.5  0.5  0.5  0.5
1  5.5  2.25  0.01  0.01  0.018049098582718717  0.08915578132943369  0.6193839836069728  19.37464558134495  19.37464558134495  1.0  0.393  0.362  0.246  0.5  0.5  0.5  0.5
1  5.5  2.25  0.01  0.01  0.0428667166033206  0.00978906117377204  0.5483499372620048  18.945565749434188  18.945565749434188  1.0  0.396  0.359  0.246  0.5  0.5  0.5  0.5
1  5.5  2.25  0.01  0.01  0.014098761103677079  0.00503720110622069  0.47207977111555516  17.885130246148186  17.885130246148186  1.0  0.384  0.37  0.246  0.5  0.5  0.5  0.5
1  5.5  2.25  0.01  0.01  0.13322067318441366  -0.14959807242949275  0.7554360604202137  20.828115211408424  20.828115211408424  1.0  0.419  0.337  0.244  0.5  0.5  0.5  0.5
1  5.5  2.25  0.01  0.01  -0.012806971354567796  0.1592471609122178  0.5677234970321403  19.09948159027446  19.09948159027446  1.0  0.386  0.368  0.246  0.5  0.5  0.5  0.5
1  5.5  2.25  0.01  0.01  0.08823056458036624  -0.17337252632308037  0.3757290147988149  17.2655493315649  17.2655493315649  1.0  0.398  0.357  0.245  0.5  0.5  0.5  0.5
1  5.5  2.25  0.01  0.01  0.040228533383106876  0.040727836276749196  0.592076626077787  19.221910761029733  19.221910761029733  1.0  0.397  0.357  0.246  0.5  0.5  0.5  0.5
1  5.5  2.25  0.01  0.01  -0.06357102101387237  0.1985051212181314  0.7883213335762701  21.535490533808453  21.535490533808453  1.0  0.369  0.385  0.246  0.5  0.5  0.5  0.5
1  5.5  2.25  0.01  0.01  0.026357743482953642  -0.0206772962156557  0.4055436072457834  17.413643662035366  17.413643662035366  1.0  0.386  0.368  0.246  0.5  0.5  0.5  0.5
1  5.5  2.25  0.01  0.01  0.0508221220678374  -0.08209472264700657  0.40210280452768843  17.39697560688945  17.39697560688945  1.0  0.391  0.364  0.246  0.5  0.5  0.5  0.5
1  5.5  2.25  0.01  0.01  0.09221046520389092  -0.1775984718268492  0.3789732086923662  17.276836537784188  17.276836537784188  1.0  0.399  0.356  0.245  0.5  0.5  0.5  0.5
1  5.5  2.25  0.01  0.01  0.004955555196779795  -0.007056618570241646  0.9490635632462224  24.426398134509103  24.426398134509103  1.0  0.378  0.376  0.246  0.5  0.5  0.5  0.5
1  5.5  2.25  0.01  0.01  -0.0375566477184742  0.14859177232224935  0.5042077938615447  18.261529413643068  18.261529413643068  1.0  0.375  0.379  0.246  0.5  0.5  0.5  0.5
1  5.5  2.25  0.01  0.01  0.11025845013620061  -0.1126703514232736  0.6829236161525845  19.882062012424605  19.882062012424605  1.0  0.413  0.343  0.244  0.5  0.5  0.5  0.5
1  5.5  2.25  0.01  0.01  0.07112386780838727  -0.09539694407974847  0.4934915078041844  18.13171306315579  18.13171306315579  1.0  0.397  0.357  0.245  0.5  0.5  0.5  0.5
1  5.5  2.25  0.01  0.01  -0.0007006975705318194  0.07398633036461638  0.936702629970005  24.053161677456202  24.053161677456202  1.0  0.383  0.371  0.246  0.5  0.5  0.5  0.5
1  5.5  2.25  0.01  0.01  0.09359344882129107  -0.15044759108508138  0.8358223218084959  22.318370403446586  22.318370403446586  1.0  0.402  0.353  0.245  0.5  0.5  0.5  0.5
1  5.5  2.25  0.01  0.01  0.09774567534650852  -0.08977084550540831  0.5940884147145749  19.23588324661183  19.23588324661183  1.0  0.41  0.346  0.245  0.5  0.5  0.5  0.5
1  5.5  2.25  0.01  0.01  -0.003520429740210572  0.15849698476934238  0.6914895600567873  20.004928024002623  20.004928024002623  1.0  0.39  0.364  0.246  0.5  0.5  0.5  0.5
1  5.5  2.25  0.01  0.01  -0.066288933823196  0.17854119860222278  0.9074685755572497  23.313725427511045  23.313725427511045  1.0  0.366  0.388  0.246  0.5  0.5  0.5  0.5
1  5.5  2.25  0.01  0.01  0.07465951241960443  -0.13093885814754716  0.47632309178994564  17.898689303003245  17.898689303003245  1.0  0.396  0.358  0.245  0.5  0.5  0.5  0.5
1  5.5  2.25  0.01  0.01  0.07338438699370246  -0.13077571339340457  0.44025428164783037  17.608101234164433  17.608101234164433  1.0  0.396  0.359  0.245  0.5  0.5  0.5  0.5
1  5.5  2.25  0.01  0.01  -0.036597492034471504  0.12471817021190318  0.9963532233525018  24.96208584096768  24.96208584096768  1.0  0.373  0.381  0.246  0.5  0.5  0.5  0.5
1  5.5  2.25  0.01  0.01  0.07545694664176882  -0.039247367824311485  0.5948890416420711  19.231854586662493  19.231854586662493  1.0  0.405  0.35  0.245  0.5  0.5  0.5  0.5
1  5.5  2.25  0.01  0.01  0.002988256340794304  0.056336577045692615  0.8009308814727575  21.688787718951616  21.688787718951616  1.0  0.384  0.37  0.246  0.5  0.5  0.5  0.5
1  5.5  2.25  0.01  0.01  0.11997231379964328  -0.19854862981101207  0.888277811548842  23.048481950699642  23.048481950699642  1.0  0.409  0.347  0.244  0.5  0.5  0.5  0.5
1  5.5  2.25  0.01  0.01  0.02736129904434923  0.06897162279625063  0.6453303483161545  19.53477182569974  19.53477182569974  1.0  0.395  0.36  0.246  0.5  0.5  0.5  0.5
1  5.5  2.25  0.01  0.01  -0.059801446251512465  0.19458218301273006  0.9312371070214139  23.965169180541128  23.965169180541128  1.0  0.37  0.385  0.246  0.5  0.5  0.5  0.5
1  5.5  2.25  0.01  0.01  0.10435673251588154  -0.10967346761448638  0.7771183168281252  21.24157697962737  21.24157697962737  1.0  0.411  0.345  0.245  0.5  0.5  0.5  0.5
1  5.5  2.25  0.01  0.01  0.06588120212650672  -0.06581643399749232  0.8367610590046981  22.421474640607517  22.421474640607517  1.0  0.398  0.357  0.245  0.5  0.5  0.5  0.5
1  5.5  2.25  0.01  0.01  0.11503152225003262  -0.17385792889872584  0.8571223113068466  22.636397767258305  22.636397767258305  1.0  0.41  0.346  0.244  0.5  0.5  0.5  0.5
1  5.5  2.25  0.01  0.01  0.052826475436538206  -0.08231652375227792  0.4752663026045699  17.896901819582173  17.896901819582173  1.0  0.392  0.363  0.246  0.5  0.5  0.5  0.5
1  5.5  2.25  0.01  0.01  0.026756253607419574  -0.017164960043224736  0.4520083339920908  17.70969024414722  17.70969024414722  1.0  0.386  0.368  0.246  0.5  0.5  0.5  0.5
1  5.5  2.25  0.01  0.01  -0.05497352388251442  0.16520448053308168  0.46877338544800595  17.850694700084176  17.850694700084176  1.0  0.37  0.384  0.246  0.5  0.5  0.5  0.5
1  5.5  2.25  0.01  0.01  0.07517919301481518  -0.1272521288350847  0.9390084445227291  24.231961965547956  24.231961965547956  1.0  0.396  0.358  0.245  0.5  0.5  0.5  0.5
1  5.5  2.25  0.01  0.01  -0.013279847781760903  0.1623387967063194  0.6130024578813191  19.326635304265867  19.326635304265867  1.0  0.386  0.368  0.246  0.5  0.5  0.5  0.5
1  5.5  2.25  0.01  0.01  0.01339844481319369  0.1043986907724958  0.5935202173328674  19.22126950485449  19.22126950485449  1.0  0.392  0.363  0.246  0.5  0.5  0.5  0.5
1  5.5  2.25  0.01  0.01  0.06652620749935778  -0.09215232179842783  0.48105984436091703  18.012243769549546  18.012243769549546  1.0  0.396  0.358  0.245  0.5  0.5  0.5  0.5
1  5.5  2.25  0.01  0.01  0.12717625960201812  -0.11572977951686086  0.7146397624396716  20.257642579270897  20.257642579270897  1.0  0.419  0.337  0.244  0.5  0.5  0.5  0.5
1  5.5  2.25  0.01  0.01  -0.04879693251771581  0.15651927107760993  0.3802510097533707  17.311368938640157  17.311368938640157  1.0  0.372  0.383  0.246  0.5  0.5  0.5  0.5
1  5.5  2.25  0.01  0.01  0.10009371821547432  -0.09377034194431877  0.6448531037595161  19.541270680597446  19.541270680597446  1.0  0.411  0.345  0.245  0.5  0.5  0.5  0.5
1  5.5  2.25  0.01  0.01  -0.05463276978744644  0.1680539135644839  0.44645449749503846  17.67837158053189  17.67837158053189  1.0  0.37  0.384  0.246  0.5  0.5  0.5  0.5
1  5.5  2.25  0.01  0.01  -0.01345917009142443  0.1586682664112415  0.6297859434522615  19.43348152500447  19.43348152500447  1.0  0.386  0.368  0.246  0.5  0.5  0.5  0.5
1  5.5  2.25  0.01  0.01  -0.010868783451221576  0.08947326465870742  0.8509257663466705  22.558585283103373  22.558585283103373  1.0  0.381  0.373  0.246  0.5  0.5  0.5  0.5
1  5.5  2.25  0.01  0.01  0.05783072387868973  -0.07257387327807305  0.9801290982838046  24.821255730399407  24.821255730399407  1.0  0.395  0.36  0.246  0.5  0.5  0.5  0.5
1  5.5  2.25  0.01  0.01  0.038669902589751955  -0.05277147762169895  0.4005179720187489  17.385184643912606  17.385184643912606  1.0  0.388  0.366  0.246  0.5  0.5  0.5  0.5
1  5.5  2.25  0.01  0.01  8.549063425657674e-05  0.13096177129403808  0.6399428845055081  19.503204121742463  19.503204121742463  1.0  0.389  0.365  0.246  0.5  0.5  0.5  0.5
1  5.5  2.25  0.01  0.01  -0.0031506341668042386  0.04518931097262552  0.40926904690352967  17.44335344310139  17.44335344310139  1.0  0.38  0.374  0.246  0.5  0.5  0.5  0.5
1  5.5  2.25  0.01  0.01  0.05633004870756851  -0.09145051370199497  0.45128836333483807  17.682494435706733  17.682494435706733  1.0  0.392  0.362  0.246  0.5  0.5  0.5  0.5
1  5.5  2.25  0.01  0.01  0.04246771743126443  0.8069497702902954  21.85271538694278  21.85271538694278  1.0  0.395  0.36  0.246  0.5  0.5  0.5  0.5
1  5.5  2.25  0.01  0.01  0.03157176671380808  0.7890867025245686  21.546870906298487  21.546870906298487  1.0  0.39  0.364  0.246  0.5  0.5  0.5  0.5
1  5.5  2.25  0.01  0.01  0.05869166289782876  0.6215205245977652  19.386289791714315  19.386289791714315  1.0  0.401  0.353  0.245  0.5  0.5  0.5  0.5
1  5.5  2.25  0.01  0.01  0.01788053913350723  0.4226212806160589  17.511615136890992  17.511615136890992  1.0  0.384  0.37  0.246  0.5  0.5  0.5  0.5
1  5.5  2.25  0.01  0.01  0.05988088750269744  0.6735182527665098  19.77662315072366  19.77662315072366  1.0  0.402  0.353  0.245  0.5  0.5  0.5  0.5
1  5.5  2.25  0.01  0.01  0.027734119591392003  0.499849638050182  18.188145079300966  18.188145079300966  1.0  0.388  0.366  0.246  0.5  0.5  0.5  0.5
1  5.5  2.25  0.01  0.01  0.01775652988946863  0.4051097336647712  17.41530483586556  17.41530483586556  1.0  0.384  0.37  0.246  0.5  0.5  0.5  0.5
1  5.5  2.25  0.01  0.01  0.017920373720068508  0.42767220637273573  17.537691118565025  17.537691118565025  1.0  0.384  0.37  0.246  0.5  0.5  0.5  0.5
1  5.5  2.25  0.01  0.01  0.018028285980236928  0.43751659572362256  17.600469459075292  17.600469459075292  1.0  0.384  0.37  0.246  0.5  0.5  0.5  0.5
1  5.5  2.25  0.01  0.01  0.04736881154850459  0.5511922330509932  18.952213533971857  18.952213533971857  1.0  0.397  0.358  0.246  0.5  0.5  0.5  0.5
1  5.5  2.25  0.01  0.01  0.027726378241729965  0.496508204244287  18.16726665433235  18.16726665433235  1.0  0.388  0.366  0.246  0.5  0.5  0.5  0.5
1  5.5  2.25  0.01  0.01  0.0473129671191361  0.5491848069054711  18.948524180942915  18.948524180942915  1.0  0.397  0.358  0.246  0.5  0.5  0.5  0.5
1  5.5  2.25  0.01  0.01  0.05739743022838281  0.5736117122474872  19.13107055313747  19.13107055313747  1.0  0.401  0.354  0.245  0.5  0.5  0.5  0.5
1  5.5  2.25  0.01  0.01  0.0377528349547815  0.5465579030211357  18.848670112788227  18.848670112788227  1.0  0.393  0.362  0.246  0.5  0.5  0.5  0.5
1  5.5  2.25  0.01  0.01  0.02145182110975709  0.8249095598630451  22.199579986006594  22.199579986006594  1.0  0.386  0.368  0.246  0.5  0.5  0.5  0.5
1  5.5  2.25  0.01  0.01  0.057946394493245006  0.5936395344115108  19.227788157809048  19.227788157809048  1.0  0.401  0.354  0.245  0.5  0.5  0.5  0.5
1  5.5  2.25  0.01  0.01  0.05718232237737183  0.5685911588718305  19.11561274638579  19.11561274638579  1.0  0.401  0.354  0.245  0.5  0.5  0.5  0.5
1  5.5  2.25  0.01  0.01  0.05722778565004376  0.5629204764300239  19.08422252031421  19.08422252031421  1.0  0.401  0.354  0.245  0.5  0.5  0.5  0.5
1  5.5  2.25  0.01  0.01  0.07109486857006761  0.7230950433533606  20.345085384633045  20.345085384633045  1.0  0.407  0.348  0.245  0.5  0.5  0.5  0.5
1  5.5  2.25  0.01  0.01  0.027638450796835815  0.49138087713182127  18.098880338220564  18.098880338220564  1.0  0.388  0.366  0.246  0.5  0.5  0.5  0.5
1  5.5  2.25  0.01  0.01  0.05970909019295838  0.6683332813870528  19.74879660708618  19.74879660708618  1.0  0.402  0.353  0.245  0.5  0.5  0.5  0.5
1  5.5  2.25  0.01  0.01  0.018329483441566773  0.47583245206939745  17.904814251955713  17.904814251955713  1.0  0.385  0.37  0.246  0.5  0.5  0.5  0.5
1  5.5  2.25  0.01  0.01  0.017940839842386917  0.4213079359123332  17.495877392927564  17.495877392927564  1.0  0.384  0.37  0.246  0.5  0.5  0.5  0.5
1  5.5  2.25  0.01  0.01  0.0600715523520738  0.678696223556404  19.84621971857505  19.84621971857505  1.0  0.402  0.353  0.245  0.5  0.5  0.5  0.5
1  5.5  2.25  0.01  0.01  0.017844884349954633  0.4153528496819633  17.46836568389867  17.46836568389867  1.0  0.384  0.37  0.246  0.5  0.5  0.5  0.5
1  5.5  2.25  0.01  0.01  0.031589870430771765  0.7976899240508178  21.64552290007258  21.64552290007258  1.0  0.39  0.364  0.246  0.5  0.5  0.5  0.5
1  5.5  2.25  0.01  0.01  0.027681563642214822  0.498795170727007  18.185906342415535  18.185906342415535  1.0  0.388  0.366  0.246  0.5  0.5  0.5  0.5
1  5.5  2.25  0.01  0.01  0.0713528680354379  0.7229124120864937  20.337361784837608  20.337361784837608  1.0  0.407  0.348  0.245  0.5  0.5  0.5  0.5
1  5.5  2.25  0.01  0.01  0.017693906439109824  0.38606366970927963  17.32400630015382  17.32400630015382  1.0  0.384  0.37  0.246  0.5  0.5  0.5  0.5
1  5.5  2.25  0.01  0.01  0.0598233608144438  0.6717192074876158  19.760572554165147  19.760572554165147  1.0  0.402  0.353  0.245  0.5  0.5  0.5  0.5
1  5.5  2.25  0.01  0.01  0.031643092736216336  0.7908797484777685  21.55554227718463  21.55554227718463  1.0  0.39  0.364  0.246  0.5  0.5  0.5  0.5
1  5.5  2.25  0.01  0.01  0.03192692948916952  0.8150254574393908  22.025100741673306  22.025100741673306  1.0  0.39  0.364  0.246  0.5  0.5  0.5  0.5
1  5.5  2.25  0.01  0.01  0.04728657062104743  0.5488548219088099  18.945723342013185  18.945723342013185  1.0  0.397  0.358  0.246  0.5  0.5  0.5  0.5
1  5.5  2.25  0.01  0.01  0.02774600778464979  0.47917995208131403  18.01442435807539  18.01442435807539  1.0  0.388  0.366  0.246  0.5  0.5  0.5  0.5
1  5.5  2.25  0.01  0.01  0.018196649966131788  0.4487111366857226  17.672850415360653  17.672850415360653  1.0  0.385  0.37  0.246  0.5  0.5  0.5  0.5
1  5.5  2.25  0.01  0.01  0.021769562135179873  0.8823722857192494  22.990556688886663  22.990556688886663  1.0  0.386  0.368  0.246  0.5  0.5  0.5  0.5
1  5.5  2.25  0.01  0.01  0.02755438589734354  0.4843338933706579  18.058190045407706  18.058190045407706  1.0  0.388  0.366  0.246  0.5  0.5  0.5  0.5
1  5.5  2.25  0.01  0.01  0.017718927185198376  0.38070713370643344  17.297176893539028  17.297176893539028  1.0  0.384  0.37  0.246  0.5  0.5  0.5  0.5
1  5.5  2.25  0.01  0.01  0.018313451930495234  0.4568105219270667  17.734729741145674  17.734729741145674  1.0  0.385  0.37  0.246  0.5  0.5  0.5  0.5
1  5.5  2.25  0.01  0.01  0.022533720853045197  0.9290993201686798  23.87113959673853  23.87113959673853  1.0  0.386  0.368  0.246  0.5  0.5  0.5  0.5
1  5.5  2.25  0.01  0.01  0.061803571001481365  0.7426912164434352  20.655564643874254  20.655564643874254  1.0  0.403  0.352  0.245  0.5  0.5  0.5  0.5
1  5.5  2.25  0.01  0.01  0.01775546034000365  0.40311078835648867  17.404278347905453  17.404278347905453  1.0  0.384  0.37  0.246  0.5  0.5  0.5  0.5
1  5.5  2.25  0.01  0.01  0.057102854538588106  0.5632581920965906  19.08685380611645  19.08685380611645  1.0  0.401  0.354  0.245  0.5  0.5  0.5  0.5
1  5.5  2.25  0.01  0.01  0.01755492276832209  0.36849786678213625  17.247671868843057  17.247671868843057  1.0  0.384  0.37  0.246  0.5  0.5  0.5  0.5
1  5.5  2.25  0.01  0.01  0.03349173483835094  0.9301810925698685  23.967228332824074  23.967228332824074  1.0  0.391  0.363  0.246  0.5  0.5  0.5  0.5
1  5.5  2.25  0.01  0.01  0.06236426118207834  0.7658845150451554  20.947270599733443  20.947270599733443  1.0  0.403  0.352  0.245  0.5  0.5  0.5  0.5
1  5.5  2.25  0.01  0.01  0.06178816926206132  0.7418323335004284  20.63434387336229  20.63434387336229  1.0  0.403  0.352  0.245  0.5  0.5  0.5  0.5
1  5.5  2.25  0.01  0.01  0.017549392012754735  0.37465606422251896  17.271408962133446  17.271408962133446  1.0  0.384  0.37  0.246  0.5  0.5  0.5  0.5
1  5.5  2.25  0.01  0.01  0.017700565656680323  0.4134784768574636  17.456544527907788  17.456544527907788  1.0  0.384  0.37  0.246  0.5  0.5  0.5  0.5
1  5.5  2.25  0.01  0.01  0.05749333454708891  0.5807044269474849  19.16766045886437  19.16766045886437  1.0  0.401  0.354  0.245  0.5  0.5  0.5  0.5
1  5.5  2.25  0.01  0.01  0.06034133590529693  0.6869381306806839  19.90874097610066  19.90874097610066  1.0  0.402  0.353  0.245  0.5  0.5  0.5  0.5
1  5.5  2.25  0.01  0.01  0.0707614655691206  0.7006502772740267  20.113249118732153  20.113249118732153  1.0  0.406  0.348  0.245  0.5  0.5  0.5  0.5
1  5.5  2.25  0.01  0.01  0.018121297572686153  0.43760015833488614  17.600469464319595  17.600469464319595  1.0  0.384  0.37  0.246  0.5  0.5  0.5  0.5
1  5.5  2.25  0.01  0.01  0.022087519041136157  0.8887780428838222  23.049825850831883  23.049825850831883  1.0  0.386  0.368  0.246  0.5  0.5  0.5  0.5
1  5.5  2.25  0.01  0.01  0.02186152097710988  0.8748047105845136  22.88386015047181  22.88386015047181  1.0  0.386  0.368  0.246  0.5  0.5  0.5  0.5
1  5.5  2.25  0.01  0.01  0.018059484156309417  0.448461965164613  17.672850411133428  17.672850411133428  1.0  0.384  0.37  0.246  0.5  0.5  0.5  0.5
1  5.5  2.25  0.01  0.01  0.023155257882388702  0.9670331315227719  24.71936243408572  24.71936243408572  1.0  0.387  0.368  0.246  0.5  0.5  0.5  0.5
1  5.5  2.25  0.01  0.01  0.021235716246381812  0.823372814451067  22.196611570125064  22.196611570125064  1.0  0.386  0.368  0.246  0.5  0.5  0.5  0.5
1  5.5  2.25  0.01  0.01  0.03256982669456929  0.8524530574574866  22.595228755554224  22.595228755554224  1.0  0.39  0.364  0.246  0.5  0.5  0.5  0.5
1  5.5  2.25  0.01  0.01  0.023306573485798534  0.9972709266838445  24.960951674203216  24.960951674203216  1.0  0.387  0.367  0.246  0.5  0.5  0.5  0.5
1  5.5  2.25  0.01  0.01  -0.04035447879620563  0.10503081345308457  15.117515549207624  15.117515549207624  1.0  0.37  0.384  0.246  0.5  0.5  0.5  0.5
1  5.5  2.25  0.01  0.01  0.0625566258431178  -0.17348689663933162  15.098569252872286  15.098569252872286  1.0  0.387  0.367  0.246  0.5  0.5  0.5  0.5
1  5.5  2.25  0.01  0.01  -0.0035116434886436386  0.0054901033162359225  15.109645881927777  15.109645881927777  1.0  0.376  0.378  0.246  0.5  0.5  0.5  0.5
1  5.5  2.25  0.01  0.01  0.018609372160904893  -0.05245710583167615  15.10551198445965  15.10551198445965  1.0  0.38  0.374  0.246  0.5  0.5  0.5  0.5
1  5.5  2.25  0.01  0.01  -0.04411880787553596  0.12067731471928544  15.118369854686263  15.118369854686263  1.0  0.37  0.384  0.246  0.5  0.5  0.5  0.5
1  5.5  2.25  0.01  0.01  -0.0147587972758457  0.039425876587997566  15.111878225735873  15.111878225735873  1.0  0.375  0.379  0.246  0.5  0.5  0.5  0.5
1  5.5  2.25  0.01  0.01  0.07328454829048382  -0.19537443751379616  15.097110202060307  15.097110202060307  1.0  0.389  0.365  0.245  0.5  0.5  0.5  0.5
1  5.5  2.25  0.01  0.01  0.0076613884046596225  -0.01681481421550407  15.107523817296206  15.107523817296206  1.0  0.378  0.376  0.246  0.5  0.5  0.5  0.5
1  5.5  2.25  0.01  0.01  -0.062372916428506925  0.174564174273716  15.12282493388221  15.12282493388221  1.0  0.367  0.387  0.246  0.5  0.5  0.5  0.5
1  5.5  2.25  0.01  0.01  -0.05496497351808758  0.14577298537030448  15.121006170945833  15.121006170945833  1.0  0.368  0.386  0.246  0.5  0.5  0.5  0.5
1  5.5  2.25  0.01  0.01  -0.03297027365849798  0.09008364699959548  15.115843678245675  15.115843678245675  1.0  0.372  0.382  0.246  0.5  0.5  0.5  0.5
1  5.5  2.25  0.01  0.01  -0.02545033691052999  0.0699691514673848  15.114220791588052  15.114220791588052  1.0  0.373  0.381  0.246  0.5  0.5  0.5  0.5
1  5.5  2.25  0.01  0.01  0.011144018670206072  -0.03376163845968366  15.106840906007827  15.106840906007827  1.0  0.379  0.375  0.246  0.5  0.5  0.5  0.5
1  5.5  2.25  0.01  0.01  -0.04755532344222575  0.13254130491426525  15.119236381877016  15.119236381877016  1.0  0.369  0.385  0.246  0.5  0.5  0.5  0.5
1  5.5  2.25  0.01  0.01  0.0031529956943038007  -0.007742776098348891  15.10821901731787  15.10821901731787  1.0  0.377  0.377  0.246  0.5  0.5  0.5  0.5
1  5.5  2.25  0.01  0.01  -0.03295358247065916  0.09357612830296513  15.11584367855515  15.11584367855515  1.0  0.372  0.382  0.246  0.5  0.5  0.5  0.5
1  5.5  2.25  0.01  0.01  -0.018267718060562245  0.05119392930955646  15.1126468289527  15.1126468289527  1.0  0.374  0.38  0.246  0.5  0.5  0.5  0.5
1  5.5  2.25  0.01  0.01  -0.007348504105257669  0.02341914065873607  15.110377739998505  15.110377739998505  1.0  0.376  0.378  0.246  0.5  0.5  0.5  0.5
1  5.5  2.25  0.01  0.01  0.03663945759216368  -0.09881269579799255  15.102404203273089  15.102404203273089  1.0  0.383  0.371  0.246  0.5  0.5  0.5  0.5
1  5.5  2.25  0.01  0.01  0.029174870998892977  -0.08415054620526022  15.103610496252418  15.103610496252418  1.0  0.382  0.372  0.246  0.5  0.5  0.5  0.5
1  5.5  2.25  0.01  0.01  -0.02898418353833507  0.07791793794819463  15.115026162648464  15.115026162648464  1.0  0.372  0.382  0.246  0.5  0.5  0.5  0.5
1  5.5  2.25  0.01  0.01  0.040287571064503085  -0.10534145829305182  15.101819478908228  15.101819478908228  1.0  0.384  0.371  0.246  0.5  0.5  0.5  0.5
1  5.5  2.25  0.01  0.01  0.007332612354722515  -0.018843090305655646  15.10752375767069  15.10752375767069  1.0  0.378  0.376  0.246  0.5  0.5  0.5  0.5
1  5.5  2.25  0.01  0.01  -0.06963366647727788  0.1943528875896059  15.124692664599616  15.124692664599616  1.0  0.366  0.389  0.245  0.5  0.5  0.5  0.5
1  5.5  2.25  0.01  0.01  0.05812272869832174  -0.16191974738815823  15.099080319703289  15.099080319703289  1.0  0.387  0.368  0.246  0.5  0.5  0.5  0.5
1  5.5  2.25  0.01  0.01  -0.0035182888275184904  0.012089189154648627  15.10964588085187  15.10964588085187  1.0  0.376  0.378  0.246  0.5  0.5  0.5  0.5
1  5.5  2.25  0.01  0.01  -0.032875122780067795  0.08512026286291652  15.115843684035154  15.115843684035154  1.0  0.372  0.382  0.246  0.5  0.5  0.5  0.5
1  5.5  2.25  0.01  0.01  0.058625892480681  -0.15897492695132823  15.09908018031338  15.09908018031338  1.0  0.387  0.368  0.246  0.5  0.5  0.5  0.5
1  5.5  2.25  0.01  0.01  0.06255851242737262  -0.16560491862554094  15.098569253402355  15.098569253402355  1.0  0.387  0.367  0.246  0.5  0.5  0.5  0.5
1  5.5  2.25  0.01  0.01  0.06596238160744902  -0.17583820787911575  15.09807056169243  15.09807056169243  1.0  0.388  0.366  0.246  0.5  0.5  0.5  0.5
1  5.5  2.25  0.01  0.01  -0.04035670353076575  0.10642849253847964  15.117515549315366  15.117515549315366  1.0  0.37  0.384  0.246  0.5  0.5  0.5  0.5
1  5.5  2.25  0.01  0.01  0.021916491517157657  -0.060460921296297404  15.104865858035781  15.104865858035781  1.0  0.381  0.373  0.246  0.5  0.5  0.5  0.5
1  5.5  2.25  0.01  0.01  0.05142778628000493  -0.1353520093922004  15.100139026249494  15.100139026249494  1.0  0.386  0.369  0.246  0.5  0.5  0.5  0.5
1  5.5  2.25  0.01  0.01  0.040352205937855566  -0.11119679858016412  15.101819479689215  15.101819479689215  1.0  0.384  0.37  0.246  0.5  0.5  0.5  0.5
1  5.5  2.25  0.01  0.01  0.025650759401476358  -0.06918287865673883  15.104232036242308  15.104232036242308  1.0  0.381  0.373  0.246  0.5  0.5  0.5  0.5
1  5.5  2.25  0.01  0.01  -0.02929203729769686  0.07975849222447767  15.115026103994555  15.115026103994555  1.0  0.372  0.382  0.246  0.5  0.5  0.5  0.5
1  5.5  2.25  0.01  0.01  -0.044052000659646706  0.11859330913733662  15.118369846529935  15.118369846529935  1.0  0.37  0.384  0.246  0.5  0.5  0.5  0.5
1  5.5  2.25  0.01  0.01  0.05147293864958726  -0.13898891715452813  15.100139033463233  15.100139033463233  1.0  0.386  0.369  0.246  0.5  0.5  0.5  0.5
1  5.5  2.25  0.01  0.01  0.05471318942567609  -0.1452511975177401  15.099603483725069  15.099603483725069  1.0  0.386  0.368  0.246  0.5  0.5  0.5  0.5
1  5.5  2.25  0.01  0.01  0.0512940277442038  -0.14465967856214124  15.100139017794827  15.100139017794827  1.0  0.386  0.369  0.246  0.5  0.5  0.5  0.5
1  5.5  2.25  0.01  0.01  0.011034237019966154  -0.027440746409999578  15.106840894649666  15.106840894649666  1.0  0.379  0.375  0.246  0.5  0.5  0.5  0.5
1  5.5  2.25  0.01  0.01  -0.010994261411542396  0.03484707077449714  15.11112185723808  15.11112185723808  1.0  0.375  0.379  0.246  0.5  0.5  0.5  0.5
1  5.5  2.25  0.01  0.01  -0.03309833411413224  0.08553699097141026  15.115843685856369  15.115843685856369  1.0  0.372  0.383  0.246  0.5  0.5  0.5  0.5
1  5.5  2.25  0.01  0.01  -0.010561253329412962  0.026865952027825296  15.111121957784496  15.111121957784496  1.0  0.375  0.379  0.246  0.5  0.5  0.5  0.5
1  5.5  2.25  0.01  0.01  -0.010971542781711875  0.02897288738094178  15.111121857491964  15.111121857491964  1.0  0.375  0.379  0.246  0.5  0.5  0.5  0.5
1  5.5  2.25  0.01  0.01  0.02919954413111923  -0.08152028508457031  15.103610492846112  15.103610492846112  1.0  0.382  0.372  0.246  0.5  0.5  0.5  0.5
1  5.5  2.25  0.01  0.01  8.13538953214584e-07  -0.0029182666454103112  15.108926247581632  15.108926247581632  1.0  0.377  0.377  0.246  0.5  0.5  0.5  0.5
1  5.5  2.25  0.01  0.01  0.010978444166633163  -0.030406359610628486  15.106840893858962  15.106840893858962  1.0  0.379  0.375  0.246  0.5  0.5  0.5  0.5
1  5.5  2.25  0.01  0.01  -0.06589172656854182  0.180452672167568  15.12375267742555  15.12375267742555  1.0  0.367  0.388  0.246  0.5  0.5  0.5  0.5
1  5.5  2.25  0.01  0.01  0.017976196422634445  -0.048698727329908875  15.105512004421001  15.105512004421001  1.0  0.38  0.374  0.246  0.5  0.5  0.5  0.5
1  5.5  2.25  0.01  0.01  -0.03699737674327459  0.09873721699472549  15.116673560564932  15.116673560564932  1.0  0.371  0.383  0.246  0.5  0.5  0.5  0.5
1  5.5  2.25  0.01  0.01  0.011033111550725064  -0.027321760693107044  15.106840894603902  15.106840894603902  1.0  0.379  0.375  0.246  0.5  0.5  0.5  0.5
1  5.5  2.25  0.01  0.01  -0.06251790761492813  0.16945329711839074  15.122824957646088  15.122824957646088  1.0  0.367  0.387  0.246  0.5  0.5  0.5  0.5
1  5.5  2.25  0.01  0.01  0.06229721231226359  -0.17121396678670267  15.098569216205286  15.098569216205286  1.0  0.387  0.367  0.246  0.5  0.5  0.5  0.5
1  5.5  2.25  0.01  0.01  -0.05880854908568307  0.15628100092787983  15.121909446783873  15.121909446783873  1.0  0.368  0.387  0.246  0.5  0.5  0.5  0.5
1  5.5  2.25  0.01  0.01  0.01466027803462354  -0.036586297963016795  15.106170286980294  15.106170286980294  1.0  0.379  0.375  0.246  0.5  0.5  0.5  0.5
1  5.5  2.25  0.01  0.01  0.05141377601593984  -0.1404448906778574  15.100139024460143  15.100139024460143  1.0  0.386  0.369  0.246  0.5  0.5  0.5  0.5
1  5.5  2.25  0.01  0.01  -0.06575922728537976  0.17620940361775078  15.12375269629572  15.12375269629572  1.0  0.367  0.388  0.246  0.5  0.5  0.5  0.5
1  5.5  2.25  0.01  0.01  0.054945746576933865  -0.14889020643099818  15.099603449308319  15.099603449308319  1.0  0.386  0.368  0.246  0.5  0.5  0.5  0.5
1  5.5  2.25  0.01  0.01  0.03294956258316811  -0.08823966081346186  15.103001207289864  15.103001207289864  1.0  0.382  0.372  0.246  0.5  0.5  0.5  0.5
-----------------------------------------------------------------------------------------------
0  2.5  1.75  0.01  0.01  -0.20824809068231423  0.08896796426093362  0.5764380676419426  15.704059521538039  15.704059521538039  1.0  0.429  0.561  0.01  0.409  0.591  0.409  0.591
0  2.5  1.75  0.01  0.01  -0.2255288388784178  0.12324495416886239  0.992756439454457  18.633956484765186  18.633956484765186  1.0  0.428  0.562  0.01  0.409  0.591  0.409  0.591
0  2.5  1.75  0.01  0.01  -0.2512414736094826  0.17854520716834293  0.6704776729306942  16.216784096211036  16.216784096211036  1.0  0.43  0.56  0.01  0.409  0.591  0.409  0.591
0  2.5  1.75  0.01  0.01  -0.1903443413646565  0.03333247008766316  0.64689895713435  16.152994953166708  16.152994953166708  1.0  0.424  0.566  0.01  0.409  0.591  0.409  0.591
0  2.5  1.75  0.01  0.01  -0.12186958196328018  -0.15657516174170888  0.7615002261640457  16.588626684474512  16.588626684474512  1.0  0.414  0.576  0.01  0.409  0.591  0.409  0.591
0  2.5  1.75  0.01  0.01  -0.17682876646426338  -0.00369799203170329  0.6205002699647671  15.75946345065297  15.75946345065297  1.0  0.424  0.566  0.01  0.409  0.591  0.409  0.591
0  2.5  1.75  0.01  0.01  -0.18375130606224763  0.013009399834730762  0.6636422208827152  16.180731840044842  16.180731840044842  1.0  0.423  0.567  0.01  0.409  0.591  0.409  0.591
0  2.5  1.75  0.01  0.01  -0.09175753191970198  -0.19025851358359436  0.41572374344808943  15.079784873015512  15.079784873015512  1.0  0.42  0.569  0.01  0.409  0.591  0.409  0.591
0  2.5  1.75  0.01  0.01  -0.23429871340234038  0.1701559275343495  0.5569436597757598  15.530831485124656  15.530831485124656  1.0  0.435  0.555  0.01  0.409  0.591  0.409  0.591
0  2.5  1.75  0.01  0.01  -0.12140962913963022  -0.13805170234464317  0.6013597173804056  15.718760807753558  15.718760807753558  1.0  0.418  0.571  0.01  0.409  0.591  0.409  0.591
0  2.5  1.75  0.01  0.01  -0.15797495068695136  -0.030245383386088787  0.5542606865043053  15.521971858551833  15.521971858551833  1.0  0.425  0.564  0.01  0.409  0.591  0.409  0.591
0  2.5  1.75  0.01  0.01  -0.1133382015925837  -0.15688195763840918  0.5934915742483692  15.707684280405264  15.707684280405264  1.0  0.417  0.572  0.01  0.409  0.591  0.409  0.591
0  2.5  1.75  0.01  0.01  -0.20947040222556323  0.07242574273546126  0.8112440227226873  17.21551055883956  17.21551055883956  1.0  0.425  0.565  0.01  0.409  0.591  0.409  0.591
0  2.5  1.75  0.01  0.01  -0.2128357185641425  0.0706829820639609  0.8902052628356938  17.504072006824593  17.504072006824593  1.0  0.423  0.567  0.01  0.409  0.591  0.409  0.591
0  2.5  1.75  0.01  0.01  -0.1199081115830866  -0.11013787523922086  0.3941528711412764  15.06954241748762  15.06954241748762  1.0  0.425  0.565  0.01  0.409  0.591  0.409  0.591
0  2.5  1.75  0.01  0.01  -0.15460335204655123  -0.06809253586025915  0.7002346691646455  16.52607393182148  16.52607393182148  1.0  0.419  0.571  0.01  0.409  0.591  0.409  0.591
0  2.5  1.75  0.01  0.01  -0.16086134323679124  -0.04731051190733418  0.8220482534194437  17.212818818616  17.212818818616  1.0  0.42  0.57  0.01  0.409  0.591  0.409  0.591
0  2.5  1.75  0.01  0.01  -0.19794552524966944  0.03301568236643418  0.7485659362238545  16.58742392988001  16.58742392988001  1.0  0.421  0.569  0.01  0.409  0.591  0.409  0.591
0  2.5  1.75  0.01  0.01  -0.22016915991250957  0.16218892347453034  0.42850333523432205  15.060353699389458  15.060353699389458  1.0  0.438  0.552  0.01  0.409  0.591  0.409  0.591
0  2.5  1.75  0.01  0.01  -0.19692181314211926  0.06757500197558175  0.5242794091627674  15.325678322739682  15.325678322739682  1.0  0.429  0.56  0.01  0.409  0.591  0.409  0.591
0  2.5  1.75  0.01  0.01  -0.25569031835614714  0.19935042863097546  0.6319747160087145  15.81650076738634  15.81650076738634  1.0  0.432  0.558  0.01  0.409  0.591  0.409  0.591
0  2.5  1.75  0.01  0.01  -0.22855760614877813  0.17794346006555717  0.44199647071815273  15.072180319099019  15.072180319099019  1.0  0.439  0.551  0.01  0.409  0.591  0.409  0.591
0  2.5  1.75  0.01  0.01  -0.17373291705929886  -0.01640505193634892  0.8294203260376029  17.225571983825244  17.225571983825244  1.0  0.421  0.569  0.01  0.409  0.591  0.409  0.591
0  2.5  1.75  0.01  0.01  -0.2066759994704873  0.05342570487383147  0.9175324773068269  17.58646152172651  17.58646152172651  1.0  0.422  0.568  0.01  0.409  0.591  0.409  0.591
0  2.5  1.75  0.01  0.01  -0.22665671300365706  0.15463440688828461  0.5198880705945944  15.312418609736966  15.312418609736966  1.0  0.434  0.556  0.01  0.409  0.591  0.409  0.591
0  2.5  1.75  0.01  0.01  -0.12687751389662386  -0.09771226513077576  0.4678916709229579  15.096776230199561  15.096776230199561  1.0  0.424  0.566  0.01  0.409  0.591  0.409  0.591
0  2.5  1.75  0.01  0.01  -0.20057252563289074  0.035512993463814174  0.8536535375927233  17.278283260504086  17.278283260504086  1.0  0.422  0.568  0.01  0.409  0.591  0.409  0.591
0  2.5  1.75  0.01  0.01  -0.11171055282325412  -0.14101404675859405  0.9760228713199304  18.61343592333353  18.61343592333353  1.0  0.422  0.568  0.01  0.409  0.591  0.409  0.591
0  2.5  1.75  0.01  0.01  -0.15135468861884574  -0.018984986161501766  0.3739998365349305  15.067675491978253  15.067675491978253  1.0  0.43  0.56  0.01  0.409  0.591  0.409  0.591
0  2.5  1.75  0.01  0.01  -0.12031074277471454  -0.16287684647375733  0.7288486049490834  16.539484452842597  16.539484452842597  1.0  0.415  0.575  0.01  0.409  0.591  0.409  0.591
1  2.5  1.75  0.01  0.01  -0.04635207511744252  0.12964844514309343  0.38358995167520576  16.005475175944184  16.005475175944184  1.0  0.502  0.488  0.011  0.5  0.5  0.5  0.5
1  2.5  1.75  0.01  0.01  0.05188763941783215  -0.09662558008387556  0.4733825744082786  16.15200032842137  16.15200032842137  1.0  0.496  0.494  0.011  0.5  0.5  0.5  0.5
1  2.5  1.75  0.01  0.01  0.075363304170131  -0.11270350051523592  0.5796673176632507  17.61039709446769  17.61039709446769  1.0  0.503  0.486  0.011  0.5  0.5  0.5  0.5
1  2.5  1.75  0.01  0.01  0.017401164211960116  -0.011575074095507232  0.5419477312470157  16.989035400850344  16.989035400850344  1.0  0.5  0.49  0.011  0.5  0.5  0.5  0.5
1  2.5  1.75  0.01  0.01  -0.024037395104986377  0.07190170607504787  0.8357590462729765  20.11554669787143  20.11554669787143  1.0  0.499  0.49  0.011  0.5  0.5  0.5  0.5
1  2.5  1.75  0.01  0.01  0.029459633094287008  -0.02756467286886699  0.8448989243659151  20.342721012088905  20.342721012088905  1.0  0.501  0.489  0.011  0.5  0.5  0.5  0.5
1  2.5  1.75  0.01  0.01  0.10307824393545664  -0.19028576296746877  0.8699709672181707  20.65245148170884  20.65245148170884  1.0  0.499  0.491  0.011  0.5  0.5  0.5  0.5
1  2.5  1.75  0.01  0.01  0.05689943505062795  -0.0830141434330598  0.5485333343921904  17.399375069815164  17.399375069815164  1.0  0.502  0.488  0.011  0.5  0.5  0.5  0.5
1  2.5  1.75  0.01  0.01  -0.070320417512795  0.19230380655245483  0.5143886975679951  16.919398342161795  16.919398342161795  1.0  0.504  0.485  0.011  0.5  0.5  0.5  0.5
1  2.5  1.75  0.01  0.01  -0.07942552001148767  0.1784627185727226  0.9813771669429161  22.81658984971627  22.81658984971627  1.0  0.498  0.491  0.011  0.5  0.5  0.5  0.5
1  2.5  1.75  0.01  0.01  0.008514752343876879  0.010065147830622456  0.5204330837191921  16.910518882800673  16.910518882800673  1.0  0.5  0.489  0.011  0.5  0.5  0.5  0.5
1  2.5  1.75  0.01  0.01  0.09647338816843942  -0.18720474635966886  0.5268931815206462  16.921905001558404  16.921905001558404  1.0  0.496  0.494  0.011  0.5  0.5  0.5  0.5
1  2.5  1.75  0.01  0.01  -0.00030002817046564934  0.06569343646366416  0.7304837944755642  18.145177099678904  18.145177099678904  1.0  0.509  0.481  0.011  0.5  0.5  0.5  0.5
1  2.5  1.75  0.01  0.01  -0.04224377231019652  0.11612749148205043  0.3863455566695408  16.005269473645427  16.005269473645427  1.0  0.501  0.488  0.011  0.5  0.5  0.5  0.5
1  2.5  1.75  0.01  0.01  -0.05251127454886291  0.17545802557736156  0.7316532997439298  18.13006706338542  18.13006706338542  1.0  0.509  0.48  0.011  0.5  0.5  0.5  0.5
1  2.5  1.75  0.01  0.01  0.05423047416499499  -0.11446136521517719  0.385719996902667  15.985633408210013  15.985633408210013  1.0  0.495  0.495  0.011  0.5  0.5  0.5  0.5
1  2.5  1.75  0.01  0.01  0.09549501482804298  -0.1519422005303738  0.6357644275130477  17.669114347952313  17.669114347952313  1.0  0.503  0.486  0.011  0.5  0.5  0.5  0.5
1  2.5  1.75  0.01  0.01  0.010692847209754719  -0.003167721394048917  0.9899007743835493  22.824295659899274  22.824295659899274  1.0  0.499  0.49  0.011  0.5  0.5  0.5  0.5
1  2.5  1.75  0.01  0.01  0.02911373401729592  -0.026542845133198156  0.8015491685874868  19.3724748330125  19.3724748330125  1.0  0.501  0.489  0.011  0.5  0.5  0.5  0.5
1  2.5  1.75  0.01  0.01  0.04289305066491998  -0.033000019561453875  0.7534945316968711  18.4739795492294  18.4739795492294  1.0  0.506  0.483  0.011  0.5  0.5  0.5  0.5
1  2.5  1.75  0.01  0.01  -0.03760456805298602  0.15442446280065208  0.6940955330440218  17.98290020387874  17.98290020387874  1.0  0.509  0.48  0.011  0.5  0.5  0.5  0.5
1  2.5  1.75  0.01  0.01  -0.06262197578953793  0.1737445213610409  0.810681546405039  19.61863204840947  19.61863204840947  1.0  0.503  0.486  0.011  0.5  0.5  0.5  0.5
1  2.5  1.75  0.01  0.01  -0.06528928788497644  0.19578070584302532  0.668616605419211  17.730863976233707  17.730863976233707  1.0  0.508  0.481  0.011  0.5  0.5  0.5  0.5
1  2.5  1.75  0.01  0.01  0.028135323541179515  0.012541510328065553  0.7312917386359324  18.1574767467164  18.1574767467164  1.0  0.508  0.481  0.011  0.5  0.5  0.5  0.5
1  2.5  1.75  0.01  0.01  0.07423976314378593  -0.13306005222675493  0.8839441141183779  20.709034877013668  20.709034877013668  1.0  0.499  0.491  0.011  0.5  0.5  0.5  0.5
1  2.5  1.75  0.01  0.01  -0.017039814146011554  0.059387433225927766  0.38368745227748097  15.995668171001176  15.995668171001176  1.0  0.5  0.49  0.011  0.5  0.5  0.5  0.5
1  2.5  1.75  0.01  0.01  0.029304508663973484  -0.05157003623465575  0.40779797520777794  16.003285599668494  16.003285599668494  1.0  0.497  0.493  0.011  0.5  0.5  0.5  0.5
1  2.5  1.75  0.01  0.01  0.004660390024572328  0.04637238837809338  0.7448011073645254  18.404213336750352  18.404213336750352  1.0  0.507  0.483  0.011  0.5  0.5  0.5  0.5
1  2.5  1.75  0.01  0.01  0.024986396887640525  -0.03994311089204175  0.40204125180701084  16.001817293284436  16.001817293284436  1.0  0.497  0.493  0.011  0.5  0.5  0.5  0.5
1  2.5  1.75  0.01  0.01  0.05045464249819907  -0.05242110851602155  0.6617236211399667  17.714491194759987  17.714491194759987  1.0  0.505  0.484  0.011  0.5  0.5  0.5  0.5
0  2.5  1.75  0.01  0.01  -0.16131749353842037  0.4226742477013938  15.061222610487325  15.061222610487325  1.0  0.43  0.56  0.01  0.409  0.591  0.409  0.591
0  2.5  1.75  0.01  0.01  -0.1731436570168387  0.990338367515068  18.632974390432878  18.632974390432878  1.0  0.425  0.565  0.01  0.409  0.591  0.409  0.591
0  2.5  1.75  0.01  0.01  -0.17888052115050443  0.650981070972079  16.148989555994632  16.148989555994632  1.0  0.423  0.567  0.01  0.409  0.591  0.409  0.591
0  2.5  1.75  0.01  0.01  -0.18701366664619623  0.7625749433971286  16.60909804603059  16.60909804603059  1.0  0.42  0.57  0.01  0.409  0.591  0.409  0.591
0  2.5  1.75  0.01  0.01  -0.16392080900080505  0.46675916588811445  15.090068213390131  15.090068213390131  1.0  0.429  0.561  0.01  0.409  0.591  0.409  0.591
0  2.5  1.75  0.01  0.01  -0.18245898879793618  0.7008579039473388  16.532655173672744  16.532655173672744  1.0  0.421  0.568  0.01  0.409  0.591  0.409  0.591
0  2.5  1.75  0.01  0.01  -0.1730989235998332  0.9895395231726339  18.616537686682992  18.616537686682992  1.0  0.425  0.565  0.01  0.409  0.591  0.409  0.591
0  2.5  1.75  0.01  0.01  -0.16277861754135167  0.4474538762555558  15.06937699908687  15.06937699908687  1.0  0.429  0.56  0.01  0.409  0.591  0.409  0.591
0  2.5  1.75  0.01  0.01  -0.16165327278866753  0.4288058937404157  15.059356859246417  15.059356859246417  1.0  0.43  0.56  0.01  0.409  0.591  0.409  0.591
0  2.5  1.75  0.01  0.01  -0.18196347728550397  0.8739706116414337  17.46125933997276  17.46125933997276  1.0  0.422  0.568  0.01  0.409  0.591  0.409  0.591
0  2.5  1.75  0.01  0.01  -0.18588702094752585  0.7484969730595379  16.582172218012882  16.582172218012882  1.0  0.42  0.57  0.01  0.409  0.591  0.409  0.591
0  2.5  1.75  0.01  0.01  -0.16837696123905846  0.4915085467792629  15.275471772736756  15.275471772736756  1.0  0.427  0.563  0.01  0.409  0.591  0.409  0.591
0  2.5  1.75  0.01  0.01  -0.1875482363844855  0.7705770906197372  16.626995201079147  16.626995201079147  1.0  0.419  0.57  0.01  0.409  0.591  0.409  0.591
0  2.5  1.75  0.01  0.01  -0.16924946568367036  0.5048571334329697  15.2886662576358  15.2886662576358  1.0  0.427  0.563  0.01  0.409  0.591  0.409  0.591
0  2.5  1.75  0.01  0.01  -0.18082027069781506  0.8583144156607124  17.440457724711898  17.440457724711898  1.0  0.422  0.568  0.01  0.409  0.591  0.409  0.591
0  2.5  1.75  0.01  0.01  -0.1855378496794563  0.7424757680971599  16.570820900391652  16.570820900391652  1.0  0.42  0.57  0.01  0.409  0.591  0.409  0.591
0  2.5  1.75  0.01  0.01  -0.17500905804467365  0.9665320841959443  18.42215643699696  18.42215643699696  1.0  0.424  0.565  0.01  0.409  0.591  0.409  0.591
0  2.5  1.75  0.01  0.01  -0.18300437109396883  0.7080377123119308  16.53862693652605  16.53862693652605  1.0  0.421  0.569  0.01  0.409  0.591  0.409  0.591
0  2.5  1.75  0.01  0.01  -0.1829821996850268  0.7069708109635934  16.536734952279765  16.536734952279765  1.0  0.421  0.569  0.01  0.409  0.591  0.409  0.591
0  2.5  1.75  0.01  0.01  -0.1814480986004245  0.6424312916758912  15.982571502227973  15.982571502227973  1.0  0.422  0.568  0.01  0.409  0.591  0.409  0.591
0  2.5  1.75  0.01  0.01  -0.1621431154658962  0.43660017408944596  15.064445752822712  15.064445752822712  1.0  0.429  0.56  0.01  0.409  0.591  0.409  0.591
0  2.5  1.75  0.01  0.01  -0.18696909860349803  0.76292488346944  16.60909804454895  16.60909804454895  1.0  0.42  0.57  0.01  0.409  0.591  0.409  0.591
0  2.5  1.75  0.01  0.01  -0.15929185273946658  0.3877546403351926  15.061533009748786  15.061533009748786  1.0  0.431  0.559  0.01  0.409  0.591  0.409  0.591
0  2.5  1.75  0.01  0.01  -0.16854477836343557  0.49305224637769796  15.277972514365306  15.277972514365306  1.0  0.427  0.563  0.01  0.409  0.591  0.409  0.591
0  2.5  1.75  0.01  0.01  -0.1753535630691418  0.9700478982163059  18.431991216671527  18.431991216671527  1.0  0.424  0.566  0.01  0.409  0.591  0.409  0.591
0  2.5  1.75  0.01  0.01  -0.16820529235580878  0.5352362979701349  15.496050713824724  15.496050713824724  1.0  0.427  0.563  0.01  0.409  0.591  0.409  0.591
0  2.5  1.75  0.01  0.01  -0.18054197947548123  0.8092363217075179  17.205199672375535  17.205199672375535  1.0  0.422  0.568  0.01  0.409  0.591  0.409  0.591
0  2.5  1.75  0.01  0.01  -0.1817317766201243  0.8708914382968227  17.456366437686434  17.456366437686434  1.0  0.422  0.568  0.01  0.409  0.591  0.409  0.591
0  2.5  1.75  0.01  0.01  -0.16004629828130992  0.4009625273431558  15.059777577355675  15.059777577355675  1.0  0.43  0.559  0.01  0.409  0.591  0.409  0.591
0  2.5  1.75  0.01  0.01  -0.16979641570870868  0.5133891605501996  15.301305044888025  15.301305044888025  1.0  0.426  0.563  0.01  0.409  0.591  0.409  0.591
1  2.5  1.75  0.01  0.01  0.026745174350650422  0.6143560922032848  17.621589868478722  17.621589868478722  1.0  0.506  0.484  0.011  0.5  0.5  0.5  0.5
1  2.5  1.75  0.01  0.01  0.012779400546073957  0.505738923942234  16.488125951249643  16.488125951249643  1.0  0.5  0.489  0.011  0.5  0.5  0.5  0.5
1  2.5  1.75  0.01  0.01  0.010698003356898356  0.9618460535500062  22.760077010046484  22.760077010046484  1.0  0.499  0.49  0.011  0.5  0.5  0.5  0.5
1  2.5  1.75  0.01  0.01  0.012949339243059299  0.5388309467640878  16.992012857752727  16.992012857752727  1.0  0.5  0.489  0.011  0.5  0.5  0.5  0.5
1  2.5  1.75  0.01  0.01  0.012983798414944939  0.5443640983727212  17.006641501587062  17.006641501587062  1.0  0.5  0.489  0.011  0.5  0.5  0.5  0.5
1  2.5  1.75  0.01  0.01  0.010561875196753018  0.9658089363349136  22.772096501306102  22.772096501306102  1.0  0.499  0.49  0.011  0.5  0.5  0.5  0.5
1  2.5  1.75  0.01  0.01  0.03242332201600273  0.7011802787183334  18.026951499905465  18.026951499905465  1.0  0.508  0.482  0.011  0.5  0.5  0.5  0.5
1  2.5  1.75  0.01  0.01  0.014604272571031134  0.8013919504416311  19.37098872400781  19.37098872400781  1.0  0.501  0.489  0.011  0.5  0.5  0.5  0.5
1  2.5  1.75  0.01  0.01  0.014708091921668517  0.8142123254128726  19.829569959940564  19.829569959940564  1.0  0.501  0.489  0.011  0.5  0.5  0.5  0.5
1  2.5  1.75  0.01  0.01  0.02764855099327715  0.6833505425961688  17.783685733543027  17.783685733543027  1.0  0.506  0.483  0.011  0.5  0.5  0.5  0.5
1  2.5  1.75  0.01  0.01  0.005173407887390825  0.9413188903583563  22.114003615569608  22.114003615569608  1.0  0.497  0.493  0.011  0.5  0.5  0.5  0.5
1  2.5  1.75  0.01  0.01  0.0126054853637667  0.4879982592656462  16.401089267013084  16.401089267013084  1.0  0.5  0.49  0.011  0.5  0.5  0.5  0.5
1  2.5  1.75  0.01  0.01  0.010085641033079632  0.8776012200323208  20.670261091698475  20.670261091698475  1.0  0.499  0.491  0.011  0.5  0.5  0.5  0.5
1  2.5  1.75  0.01  0.01  0.028573954720432792  0.752916967968392  18.46339197085823  18.46339197085823  1.0  0.506  0.483  0.011  0.5  0.5  0.5  0.5
1  2.5  1.75  0.01  0.01  0.028721368206456332  0.7654674665560298  18.545900149334294  18.545900149334294  1.0  0.506  0.483  0.011  0.5  0.5  0.5  0.5
1  2.5  1.75  0.01  0.01  0.027157231778682962  0.652472945252871  17.686743324141343  17.686743324141343  1.0  0.506  0.484  0.011  0.5  0.5  0.5  0.5
1  2.5  1.75  0.01  0.01  0.012757336913902576  0.5037176883604844  16.47444977994468  16.47444977994468  1.0  0.5  0.49  0.011  0.5  0.5  0.5  0.5
1  2.5  1.75  0.01  0.01  0.008060337138431876  0.38446939429389415  15.990367874348015  15.990367874348015  1.0  0.498  0.491  0.011  0.5  0.5  0.5  0.5
1  2.5  1.75  0.01  0.01  0.021692852423092133  0.5479761926824434  17.396141911307858  17.396141911307858  1.0  0.503  0.486  0.011  0.5  0.5  0.5  0.5
1  2.5  1.75  0.01  0.01  0.026397479709472003  0.5799551318532861  17.599268744260165  17.599268744260165  1.0  0.505  0.484  0.011  0.5  0.5  0.5  0.5
1  2.5  1.75  0.01  0.01  0.02713303908427622  0.641833311084459  17.663275309580182  17.663275309580182  1.0  0.506  0.484  0.011  0.5  0.5  0.5  0.5
1  2.5  1.75  0.01  0.01  0.027619488302610774  0.681676458284944  17.777994828750344  17.777994828750344  1.0  0.506  0.483  0.011  0.5  0.5  0.5  0.5
1  2.5  1.75  0.01  0.01  0.01557254407549824  0.9332155728823978  21.675283284176007  21.675283284176007  1.0  0.501  0.488  0.011  0.5  0.5  0.5  0.5
1  2.5  1.75  0.01  0.01  0.026272482494773246  0.5746802754739191  17.593651348981442  17.593651348981442  1.0  0.505  0.484  0.011  0.5  0.5  0.5  0.5
1  2.5  1.75  0.01  0.01  0.019511072398061567  0.8055866588654159  19.58886786833927  19.58886786833927  1.0  0.503  0.487  0.011  0.5  0.5  0.5  0.5
1  2.5  1.75  0.01  0.01  0.008088643049367952  0.3849721684816591  15.990367873777773  15.990367873777773  1.0  0.498  0.491  0.011  0.5  0.5  0.5  0.5
1  2.5  1.75  0.01  0.01  0.008281657403964702  0.4415619299728365  16.05570186561944  16.05570186561944  1.0  0.498  0.491  0.011  0.5  0.5  0.5  0.5
1  2.5  1.75  0.01  0.01  0.026518312288022636  0.5890219950733503  17.60493228723283  17.60493228723283  1.0  0.505  0.484  0.011  0.5  0.5  0.5  0.5
1  2.5  1.75  0.01  0.01  0.0083930044479466  0.45869981331189513  16.09860514998615  16.09860514998615  1.0  0.498  0.491  0.011  0.5  0.5  0.5  0.5
1  2.5  1.75  0.01  0.01  0.010695782673968908  0.9909308715874398  22.833369129038477  22.833369129038477  1.0  0.499  0.49  0.011  0.5  0.5  0.5  0.5
0  2.5  1.75  0.01  0.01  -0.20846677662494179  0.19899647403555704  14.936679321761195  14.936679321761195  1.0  0.451  0.539  0.01  0.409  0.591  0.409  0.591
0  2.5  1.75  0.01  0.01  -0.14482024514674324  0.003964943076652683  14.929930601864532  14.929930601864532  1.0  0.436  0.553  0.01  0.409  0.591  0.409  0.591
0  2.5  1.75  0.01  0.01  -0.10970793685746527  -0.10557066239833285  14.936658248679539  14.936658248679539  1.0  0.429  0.561  0.01  0.409  0.591  0.409  0.591
0  2.5  1.75  0.01  0.01  -0.09706374612812403  -0.1497422823812471  14.940949573311709  14.940949573311709  1.0  0.426  0.564  0.01  0.409  0.591  0.409  0.591
0  2.5  1.75  0.01  0.01  -0.20212637563695177  0.1784742299389382  14.934897847030209  14.934897847030209  1.0  0.449  0.541  0.01  0.409  0.591  0.409  0.591
0  2.5  1.75  0.01  0.01  -0.10334866077514931  -0.12720297534795444  14.938680295391976  14.938680295391976  1.0  0.427  0.562  0.01  0.409  0.591  0.409  0.591
0  2.5  1.75  0.01  0.01  -0.1479783254782475  0.012447888944836671  14.929686345709618  14.929686345709618  1.0  0.437  0.553  0.01  0.409  0.591  0.409  0.591
0  2.5  1.75  0.01  0.01  -0.17024193307988567  0.07955912592449682  14.929687801427326  14.929687801427326  1.0  0.442  0.548  0.01  0.409  0.591  0.409  0.591
0  2.5  1.75  0.01  0.01  -0.1989151946929207  0.1666365831442792  14.934099900955394  14.934099900955394  1.0  0.449  0.541  0.01  0.409  0.591  0.409  0.591
0  2.5  1.75  0.01  0.01  -0.11298784659802354  -0.0982479254251961  14.935739713348289  14.935739713348289  1.0  0.429  0.56  0.01  0.409  0.591  0.409  0.591
0  2.5  1.75  0.01  0.01  -0.11614550578926094  -0.0949929112274786  14.934882746336019  14.934882746336019  1.0  0.43  0.56  0.01  0.409  0.591  0.409  0.591
0  2.5  1.75  0.01  0.01  -0.19259796468583595  0.1475175747931335  14.932689143843106  14.932689143843106  1.0  0.447  0.543  0.01  0.409  0.591  0.409  0.591
0  2.5  1.75  0.01  0.01  -0.1575898587617346  0.038969735468352085  14.929320235809058  14.929320235809058  1.0  0.439  0.55  0.01  0.409  0.591  0.409  0.591
0  2.5  1.75  0.01  0.01  -0.10029664536866417  -0.13883399467261676  14.939783982475763  14.939783982475763  1.0  0.427  0.563  0.01  0.409  0.591  0.409  0.591
0  2.5  1.75  0.01  0.01  -0.13527134613123595  -0.02775807177325565  14.931030184202859  14.931030184202859  1.0  0.434  0.555  0.01  0.409  0.591  0.409  0.591
0  2.5  1.75  0.01  0.01  -0.11619322878280347  -0.09085952466460423  14.93488274710289  14.93488274710289  1.0  0.43  0.56  0.01  0.409  0.591  0.409  0.591
0  2.5  1.75  0.01  0.01  -0.14179445023510634  -0.010004007920458718  14.930236010399284  14.930236010399284  1.0  0.436  0.554  0.01  0.409  0.591  0.409  0.591
0  2.5  1.75  0.01  0.01  -0.13842371208678056  -0.024688679085275556  14.930602501282019  14.930602501282019  1.0  0.435  0.555  0.01  0.409  0.591  0.409  0.591
0  2.5  1.75  0.01  0.01  -0.16072182408512778  0.05120684948364823  14.929320416506897  14.929320416506897  1.0  0.44  0.55  0.01  0.409  0.591  0.409  0.591
0  2.5  1.75  0.01  0.01  -0.16399995482494775  0.0604384103438792  14.929381734539328  14.929381734539328  1.0  0.441  0.549  0.01  0.409  0.591  0.409  0.591
0  2.5  1.75  0.01  0.01  -0.1257285110985575  -0.06014320271663723  14.932680532652029  14.932680532652029  1.0  0.432  0.557  0.01  0.409  0.591  0.409  0.591
0  2.5  1.75  0.01  0.01  -0.17663753524905232  0.10121747570890255  14.930238674824142  14.930238674824142  1.0  0.443  0.546  0.01  0.409  0.591  0.409  0.591
0  2.5  1.75  0.01  0.01  -0.09708006252009257  -0.15164886788714657  14.94094957358963  14.94094957358963  1.0  0.426  0.564  0.01  0.409  0.591  0.409  0.591
0  2.5  1.75  0.01  0.01  -0.1957648806997342  0.16430602740875194  14.933363694948042  14.933363694948042  1.0  0.448  0.542  0.01  0.409  0.591  0.409  0.591
0  2.5  1.75  0.01  0.01  -0.14485421345707555  -0.004413859237852036  14.929930603858685  14.929930603858685  1.0  0.436  0.553  0.01  0.409  0.591  0.409  0.591
0  2.5  1.75  0.01  0.01  -0.19258719372504043  0.14734173823118418  14.93268914298822  14.93268914298822  1.0  0.447  0.543  0.01  0.409  0.591  0.409  0.591
0  2.5  1.75  0.01  0.01  -0.19889017761347663  0.16778532210319258  14.934099901846954  14.934099901846954  1.0  0.449  0.541  0.01  0.409  0.591  0.409  0.591
0  2.5  1.75  0.01  0.01  -0.19575739431862252  0.15885498701166462  14.933363694575508  14.933363694575508  1.0  0.448  0.542  0.01  0.409  0.591  0.409  0.591
0  2.5  1.75  0.01  0.01  -0.19257153330077076  0.14561188563623995  14.932689142172586  14.932689142172586  1.0  0.447  0.543  0.01  0.409  0.591  0.409  0.591
0  2.5  1.75  0.01  0.01  -0.1130551622887182  -0.10354389791270907  14.93573971927729  14.93573971927729  1.0  0.429  0.56  0.01  0.409  0.591  0.409  0.591
1  2.5  1.75  0.01  0.01  0.0294956232278022  -0.08233410563553921  14.477298314914222  14.477298314914222  1.0  0.491  0.499  0.011  0.5  0.5  0.5  0.5
1  2.5  1.75  0.01  0.01  0.01105645821162279  -0.033918774345963076  14.478220730864189  14.478220730864189  1.0  0.493  0.496  0.011  0.5  0.5  0.5  0.5
1  2.5  1.75  0.01  0.01  -0.06276880789102311  0.16593303861334208  14.497390664427876  14.497390664427876  1.0  0.503  0.486  0.011  0.5  0.5  0.5  0.5
1  2.5  1.75  0.01  0.01  0.04425861568239364  -0.12409309561828162  14.477677537946118  14.477677537946118  1.0  0.489  0.501  0.011  0.5  0.5  0.5  0.5
1  2.5  1.75  0.01  0.01  0.03680516371031198  -0.09977252728955946  14.477363552474023  14.477363552474023  1.0  0.49  0.5  0.011  0.5  0.5  0.5  0.5
1  2.5  1.75  0.01  0.01  -0.007487964712739611  0.02244945670766979  14.480690546561112  14.480690546561112  1.0  0.496  0.494  0.011  0.5  0.5  0.5  0.5
1  2.5  1.75  0.01  0.01  0.058997041150538394  -0.1566731111537643  14.479054082430228  14.479054082430228  1.0  0.487  0.503  0.011  0.5  0.5  0.5  0.5
1  2.5  1.75  0.01  0.01  -0.04792300050395957  0.13118566411116517  14.491570542285197  14.491570542285197  1.0  0.501  0.488  0.011  0.5  0.5  0.5  0.5
1  2.5  1.75  0.01  0.01  0.03318220449132176  -0.08578619166450513  14.477299868739882  14.477299868739882  1.0  0.49  0.499  0.011  0.5  0.5  0.5  0.5
1  2.5  1.75  0.01  0.01  0.0184335755763333  -0.04625364978365379  14.477665894774569  14.477665894774569  1.0  0.492  0.497  0.011  0.5  0.5  0.5  0.5
1  2.5  1.75  0.01  0.01  -0.04422997153146429  0.12231034000374646  14.490271297553742  14.490271297553742  1.0  0.501  0.489  0.011  0.5  0.5  0.5  0.5
1  2.5  1.75  0.01  0.01  -0.07373026283547787  0.19868582921310457  14.502412350137858  14.502412350137858  1.0  0.505  0.485  0.011  0.5  0.5  0.5  0.5
1  2.5  1.75  0.01  0.01  -0.05893172629559983  0.1612191419058538  14.495842005999211  14.495842005999211  1.0  0.503  0.487  0.011  0.5  0.5  0.5  0.5
1  2.5  1.75  0.01  0.01  0.003544357419578681  -0.01255096652206511  14.479023127145876  14.479023127145876  1.0  0.494  0.495  0.011  0.5  0.5  0.5  0.5
1  2.5  1.75  0.01  0.01  0.040575307001457325  -0.10594758127079379  14.47748941718995  14.47748941718995  1.0  0.489  0.5  0.011  0.5  0.5  0.5  0.5
1  2.5  1.75  0.01  0.01  -0.06632927515397156  0.17928031323836618  14.499001867735506  14.499001867735506  1.0  0.504  0.486  0.011  0.5  0.5  0.5  0.5
1  2.5  1.75  0.01  0.01  0.029493806154801693  -0.07775319094154876  14.477298314911485  14.477298314911485  1.0  0.491  0.499  0.011  0.5  0.5  0.5  0.5
1  2.5  1.75  0.01  0.01  0.014750813747373158  -0.04084543820535069  14.477912357674112  14.477912357674112  1.0  0.493  0.497  0.011  0.5  0.5  0.5  0.5
1  2.5  1.75  0.01  0.01  -0.07004493033892746  0.18812600435622123  14.50067573160561  14.50067573160561  1.0  0.504  0.485  0.011  0.5  0.5  0.5  0.5
1  2.5  1.75  0.01  0.01  0.04424393921871973  -0.11887575193316509  14.477677537635623  14.477677537635623  1.0  0.489  0.501  0.011  0.5  0.5  0.5  0.5
1  2.5  1.75  0.01  0.01  0.007403030637161569  -0.01812114901729886  14.478590988995192  14.478590988995192  1.0  0.494  0.496  0.011  0.5  0.5  0.5  0.5
1  2.5  1.75  0.01  0.01  0.040585819395811774  -0.11032375352697073  14.47748941771142  14.47748941771142  1.0  0.489  0.5  0.011  0.5  0.5  0.5  0.5
1  2.5  1.75  0.01  0.01  -0.07005060911582792  0.1883046371745815  14.500675731646027  14.500675731646027  1.0  0.504  0.485  0.011  0.5  0.5  0.5  0.5
1  2.5  1.75  0.01  0.01  0.0368655625153082  -0.1013965315258758  14.477363549190684  14.477363549190684  1.0  0.49  0.5  0.011  0.5  0.5  0.5  0.5
1  2.5  1.75  0.01  0.01  -0.06268604903051987  0.16570386313471652  14.497390656106704  14.497390656106704  1.0  0.503  0.486  0.011  0.5  0.5  0.5  0.5
1  2.5  1.75  0.01  0.01  -0.02210422342632974  0.06148795523878414  14.483779612141051  14.483779612141051  1.0  0.498  0.492  0.011  0.5  0.5  0.5  0.5
1  2.5  1.75  0.01  0.01  -0.06267329713328625  0.16594967974490915  14.497390655905203  14.497390655905203  1.0  0.503  0.486  0.011  0.5  0.5  0.5  0.5
1  2.5  1.75  0.01  0.01  -0.04791741306555416  0.1276790681516115  14.491570542331385  14.491570542331385  1.0  0.501  0.488  0.011  0.5  0.5  0.5  0.5
1  2.5  1.75  0.01  0.01  -0.07375881592817671  0.19791398888356304  14.50241235087141  14.50241235087141  1.0  0.505  0.485  0.011  0.5  0.5  0.5  0.5
1  2.5  1.75  0.01  0.01  -0.025737589725629034  0.07454031721597654  14.484706590707697  14.484706590707697  1.0  0.498  0.491  0.011  0.5  0.5  0.5  0.5
0  2.5  1.75  0.01  0.01  [-0.14486624]  14.929930605134752  14.929930605134752  1.0  0.436  0.553  0.01  0.409  0.591  0.409  0.591
0  2.5  1.75  0.01  0.01  [-0.14478969]  14.929930602090318  14.929930602090318  1.0  0.436  0.553  0.01  0.409  0.591  0.409  0.591
0  2.5  1.75  0.01  0.01  [-0.14480889]  14.929930601725541  14.929930601725541  1.0  0.436  0.553  0.01  0.409  0.591  0.409  0.591
0  2.5  1.75  0.01  0.01  [-0.1447507]  14.929930605160354  14.929930605160354  1.0  0.436  0.553  0.01  0.409  0.591  0.409  0.591
0  2.5  1.75  0.01  0.01  [-0.14480626]  14.929930601731689  14.929930601731689  1.0  0.436  0.553  0.01  0.409  0.591  0.409  0.591
0  2.5  1.75  0.01  0.01  [-0.14480028]  14.929930601796746  14.929930601796746  1.0  0.436  0.553  0.01  0.409  0.591  0.409  0.591
0  2.5  1.75  0.01  0.01  [-0.14479939]  14.92993060181173  14.92993060181173  1.0  0.436  0.553  0.01  0.409  0.591  0.409  0.591
0  2.5  1.75  0.01  0.01  [-0.1448268]  14.9299306020639  14.9299306020639  1.0  0.436  0.553  0.01  0.409  0.591  0.409  0.591
0  2.5  1.75  0.01  0.01  [-0.14482369]  14.929930601960512  14.929930601960512  1.0  0.436  0.553  0.01  0.409  0.591  0.409  0.591
0  2.5  1.75  0.01  0.01  [-0.14479012]  14.929930602075576  14.929930602075576  1.0  0.436  0.553  0.01  0.409  0.591  0.409  0.591
0  2.5  1.75  0.01  0.01  [-0.14470535]  14.929930612656369  14.929930612656369  1.0  0.436  0.553  0.01  0.409  0.591  0.409  0.591
0  2.5  1.75  0.01  0.01  [-0.14480883]  14.929930601724246  14.929930601724246  1.0  0.436  0.553  0.01  0.409  0.591  0.409  0.591
0  2.5  1.75  0.01  0.01  [-0.14471487]  14.929930610732402  14.929930610732402  1.0  0.436  0.553  0.01  0.409  0.591  0.409  0.591
0  2.5  1.75  0.01  0.01  [-0.14481506]  14.929930601767893  14.929930601767893  1.0  0.436  0.553  0.01  0.409  0.591  0.409  0.591
0  2.5  1.75  0.01  0.01  [-0.14480271]  14.929930601759292  14.929930601759292  1.0  0.436  0.553  0.01  0.409  0.591  0.409  0.591
0  2.5  1.75  0.01  0.01  [-0.14490243]  14.929930610759746  14.929930610759746  1.0  0.436  0.553  0.01  0.409  0.591  0.409  0.591
0  2.5  1.75  0.01  0.01  [-0.14475427]  14.92993060474953  14.92993060474953  1.0  0.436  0.553  0.01  0.409  0.591  0.409  0.591
0  2.5  1.75  0.01  0.01  [-0.14479354]  14.929930601955837  14.929930601955837  1.0  0.436  0.553  0.01  0.409  0.591  0.409  0.591
0  2.5  1.75  0.01  0.01  [-0.14480082]  14.929930601783543  14.929930601783543  1.0  0.436  0.553  0.01  0.409  0.591  0.409  0.591
0  2.5  1.75  0.01  0.01  [-0.14480486]  14.929930601737832  14.929930601737832  1.0  0.436  0.553  0.01  0.409  0.591  0.409  0.591
0  2.5  1.75  0.01  0.01  [-0.14480657]  14.929930601728808  14.929930601728808  1.0  0.436  0.553  0.01  0.409  0.591  0.409  0.591
0  2.5  1.75  0.01  0.01  [-0.1448149]  14.929930601764562  14.929930601764562  1.0  0.436  0.553  0.01  0.409  0.591  0.409  0.591
0  2.5  1.75  0.01  0.01  [-0.14478177]  14.92993060246259  14.92993060246259  1.0  0.436  0.553  0.01  0.409  0.591  0.409  0.591
0  2.5  1.75  0.01  0.01  [-0.14482361]  14.929930601959452  14.929930601959452  1.0  0.436  0.553  0.01  0.409  0.591  0.409  0.591
0  2.5  1.75  0.01  0.01  [-0.14480962]  14.929930601726777  14.929930601726777  1.0  0.436  0.553  0.01  0.409  0.591  0.409  0.591
0  2.5  1.75  0.01  0.01  [-0.14481107]  14.92993060173006  14.92993060173006  1.0  0.436  0.553  0.01  0.409  0.591  0.409  0.591
0  2.5  1.75  0.01  0.01  [-0.14482092]  14.929930601879045  14.929930601879045  1.0  0.436  0.553  0.01  0.409  0.591  0.409  0.591
0  2.5  1.75  0.01  0.01  [-0.14480755]  14.92993060172358  14.92993060172358  1.0  0.436  0.553  0.01  0.409  0.591  0.409  0.591
0  2.5  1.75  0.01  0.01  [-0.14478954]  14.929930602094572  14.929930602094572  1.0  0.436  0.553  0.01  0.409  0.591  0.409  0.591
0  2.5  1.75  0.01  0.01  [-0.14485755]  14.929930604185106  14.929930604185106  1.0  0.436  0.553  0.01  0.409  0.591  0.409  0.591
1  2.5  1.75  0.01  0.01  [-1.76592083e-06]  14.479517079163916  14.479517079163916  1.0  0.495  0.495  0.011  0.5  0.5  0.5  0.5
1  2.5  1.75  0.01  0.01  [1.80619865e-05]  14.479517079447412  14.479517079447412  1.0  0.495  0.495  0.011  0.5  0.5  0.5  0.5
1  2.5  1.75  0.01  0.01  [-1.08168942e-05]  14.479517079262274  14.479517079262274  1.0  0.495  0.495  0.011  0.5  0.5  0.5  0.5
1  2.5  1.75  0.01  0.01  [-4.27289015e-05]  14.479517080776377  14.479517080776377  1.0  0.495  0.495  0.011  0.5  0.5  0.5  0.5
1  2.5  1.75  0.01  0.01  [1.1818987e-05]  14.479517079285907  14.479517079285907  1.0  0.495  0.495  0.011  0.5  0.5  0.5  0.5
1  2.5  1.75  0.01  0.01  [-5.10486171e-06]  14.479517079182495  14.479517079182495  1.0  0.495  0.495  0.011  0.5  0.5  0.5  0.5
1  2.5  1.75  0.01  0.01  [3.42848563e-05]  14.479517080201571  14.479517080201571  1.0  0.495  0.495  0.011  0.5  0.5  0.5  0.5
1  2.5  1.75  0.01  0.01  [-2.92280255e-06]  14.479517079168907  14.479517079168907  1.0  0.495  0.495  0.011  0.5  0.5  0.5  0.5
1  2.5  1.75  0.01  0.01  [-9.40152688e-07]  14.479517079163426  14.479517079163426  1.0  0.495  0.495  0.011  0.5  0.5  0.5  0.5
1  2.5  1.75  0.01  0.01  [-2.34389459e-05]  14.47951707964448  14.47951707964448  1.0  0.495  0.495  0.011  0.5  0.5  0.5  0.5
1  2.5  1.75  0.01  0.01  [-1.07897786e-05]  14.479517079262097  14.479517079262097  1.0  0.495  0.495  0.011  0.5  0.5  0.5  0.5
1  2.5  1.75  0.01  0.01  [-1.400218e-05]  14.479517079335762  14.479517079335762  1.0  0.495  0.495  0.011  0.5  0.5  0.5  0.5
1  2.5  1.75  0.01  0.01  [-9.20410429e-06]  14.479517079234757  14.479517079234757  1.0  0.495  0.495  0.011  0.5  0.5  0.5  0.5
1  2.5  1.75  0.01  0.01  [-3.92195516e-06]  14.479517079170883  14.479517079170883  1.0  0.495  0.495  0.011  0.5  0.5  0.5  0.5
1  2.5  1.75  0.01  0.01  [-1.18576288e-05]  14.479517079286136  14.479517079286136  1.0  0.495  0.495  0.011  0.5  0.5  0.5  0.5
1  2.5  1.75  0.01  0.01  [-6.43543853e-06]  14.479517079195029  14.479517079195029  1.0  0.495  0.495  0.011  0.5  0.5  0.5  0.5
1  2.5  1.75  0.01  0.01  [9.79221237e-07]  14.479517079163568  14.479517079163568  1.0  0.495  0.495  0.011  0.5  0.5  0.5  0.5
1  2.5  1.75  0.01  0.01  [-5.11185838e-06]  14.479517079182369  14.479517079182369  1.0  0.495  0.495  0.011  0.5  0.5  0.5  0.5
1  2.5  1.75  0.01  0.01  [-1.29815725e-06]  14.4795170791633  14.4795170791633  1.0  0.495  0.495  0.011  0.5  0.5  0.5  0.5
1  2.5  1.75  0.01  0.01  [1.97104136e-05]  14.479517079507506  14.479517079507506  1.0  0.495  0.495  0.011  0.5  0.5  0.5  0.5
1  2.5  1.75  0.01  0.01  [4.04744952e-07]  14.479517079163134  14.479517079163134  1.0  0.495  0.495  0.011  0.5  0.5  0.5  0.5
1  2.5  1.75  0.01  0.01  [-2.62607109e-07]  14.479517079163221  14.479517079163221  1.0  0.495  0.495  0.011  0.5  0.5  0.5  0.5
1  2.5  1.75  0.01  0.01  [-1.35605239e-06]  14.479517079165058  14.479517079165058  1.0  0.495  0.495  0.011  0.5  0.5  0.5  0.5
1  2.5  1.75  0.01  0.01  [-1.53288875e-05]  14.479517079367042  14.479517079367042  1.0  0.495  0.495  0.011  0.5  0.5  0.5  0.5
1  2.5  1.75  0.01  0.01  [1.8205947e-06]  14.47951707916419  14.47951707916419  1.0  0.495  0.495  0.011  0.5  0.5  0.5  0.5
1  2.5  1.75  0.01  0.01  [-3.82747809e-05]  14.479517080458427  14.479517080458427  1.0  0.495  0.495  0.011  0.5  0.5  0.5  0.5
1  2.5  1.75  0.01  0.01  [2.14422364e-06]  14.479517079164681  14.479517079164681  1.0  0.495  0.495  0.011  0.5  0.5  0.5  0.5
1  2.5  1.75  0.01  0.01  [-1.24961971e-06]  14.479517079163326  14.479517079163326  1.0  0.495  0.495  0.011  0.5  0.5  0.5  0.5
1  2.5  1.75  0.01  0.01  [4.87160416e-07]  14.47951707916318  14.47951707916318  1.0  0.495  0.495  0.011  0.5  0.5  0.5  0.5
1  2.5  1.75  0.01  0.01  [9.848585e-09]  14.47951707916316  14.47951707916316  1.0  0.495  0.495  0.011  0.5  0.5  0.5  0.5
