0  3.5  1.75  0.01  0.01  0.6258046045372501  -0.16025599598646117  1.0445317798363338  14.330408432143972  14.330408432143972  1.0  0.786  0.208  0.005  0.798  0.202  0.798  0.202  True
0  3.5  1.75  0.01  0.01  0.5850120662322338  -0.0011448375165744261  1.0044857816349924  14.38533067111002  14.38533067111002  1.0  0.788  0.206  0.006  0.81  0.19  0.81  0.19  True
0  3.5  1.75  0.01  0.01  0.6538167004100077  -0.1658510464000083  1.2043988280582003  14.320260673415357  14.320260673415357  1.0  0.796  0.199  0.005  0.798  0.202  0.798  0.202  True
0  3.5  1.75  0.01  0.01  0.6668183509421  -0.07272622276839781  1.6496176988481062  14.531736435922591  14.531736435922591  1.0  0.811  0.184  0.005  0.821  0.179  0.821  0.179  True
0  3.5  1.75  0.01  0.01  0.5550515195168253  0.03153594760412276  1.0145083274907833  14.415886586323088  14.415886586323088  1.0  0.78  0.214  0.006  0.798  0.202  0.798  0.202  True
0  3.5  1.75  0.01  0.01  0.5797393155231854  -0.19600847917106523  0.8983860620751531  14.383060197719457  14.383060197719457  1.0  0.763  0.23  0.006  0.774  0.226  0.774  0.226  True
0  3.5  1.75  0.01  0.01  0.5919962396135916  -0.06536566281342873  1.1844641675212797  14.305351367879082  14.305351367879082  1.0  0.783  0.211  0.006  0.774  0.226  0.774  0.226  True
0  3.5  1.75  0.01  0.01  0.5328633640713041  0.07598335657176952  1.2045784637511516  14.389999185796853  14.389999185796853  1.0  0.776  0.217  0.007  0.774  0.226  0.774  0.226  True
0  3.5  1.75  0.01  0.01  0.5637252898513954  -0.10549198961527267  0.8700001139439658  14.408797660481103  14.408797660481103  1.0  0.767  0.226  0.006  0.798  0.202  0.798  0.202  True
0  3.5  1.75  0.01  0.01  0.5622973825524378  -0.00520546047469455  1.2145152181588263  14.376893805854118  14.376893805854118  1.0  0.778  0.216  0.006  0.774  0.226  0.774  0.226  True
0  3.5  1.75  0.01  0.01  0.6090632684385375  -0.036085913869995184  1.2043958654035256  14.290493591947644  14.290493591947644  1.0  0.793  0.202  0.005  0.786  0.214  0.786  0.214  True
0  3.5  1.75  0.01  0.01  0.6468763782047978  -0.17332665265095357  1.6495144299321003  14.507120913448887  14.507120913448887  1.0  0.793  0.202  0.005  0.774  0.226  0.774  0.226  True
0  3.5  1.75  0.01  0.01  0.5870006804131267  0.022995896083521608  1.1845881703047247  14.298132992444962  14.298132992444962  1.0  0.791  0.203  0.006  0.786  0.214  0.786  0.214  True
0  3.5  1.75  0.01  0.01  0.48356772477834853  0.22848407154895067  1.224344266515076  14.354633997767118  14.354633997767118  1.0  0.772  0.22  0.007  0.762  0.238  0.762  0.238  True
0  3.5  1.75  0.01  0.01  0.5291316906880077  0.18435677407934503  1.2145546436161303  14.381581617850404  14.381581617850404  1.0  0.785  0.208  0.007  0.786  0.214  0.786  0.214  True
0  3.5  1.75  0.01  0.01  0.5194528633098054  0.18771061602778294  1.6498833707859963  14.508803940181767  14.508803940181767  1.0  0.783  0.211  0.007  0.774  0.226  0.774  0.226  True
0  3.5  1.75  0.01  0.01  0.7077161111637114  -0.31851423183597805  1.1946011376688117  14.277715466451514  14.277715466451514  1.0  0.799  0.197  0.004  0.798  0.202  0.798  0.202  True
0  3.5  1.75  0.01  0.01  0.6863333210696612  -0.5049992465608648  1.1640137895790261  14.331706449182544  14.331706449182544  1.0  0.77  0.225  0.005  0.786  0.214  0.786  0.214  True
0  3.5  1.75  0.01  0.01  0.57165739879809  -0.13192171618420231  1.1745278573812286  14.305479744173809  14.305479744173809  1.0  0.768  0.226  0.006  0.75  0.25  0.75  0.25  True
0  3.5  1.75  0.01  0.01  0.6650496761564111  -0.3275521258543219  1.1747203142243514  14.370444072446768  14.370444072446768  1.0  0.782  0.213  0.005  0.786  0.214  0.786  0.214  True
0  3.5  1.75  0.01  0.01  0.5181097197291609  0.1731197970710722  1.2148607807709644  14.353469466686606  14.353469466686606  1.0  0.78  0.213  0.007  0.774  0.226  0.774  0.226  True
0  3.5  1.75  0.01  0.01  0.6598466839016175  -0.2750302014782905  1.174943135670791  14.293319016177628  14.293319016177628  1.0  0.786  0.209  0.005  0.786  0.214  0.786  0.214  True
0  3.5  1.75  0.01  0.01  0.6671799687505291  -0.3519616789123924  1.1844648716002775  14.330479028083616  14.330479028083616  1.0  0.78  0.215  0.005  0.774  0.226  0.774  0.226  True
0  3.5  1.75  0.01  0.01  0.5397951390819367  0.20327836841867433  1.234881798043028  14.321716263219422  14.321716263219422  1.0  0.792  0.202  0.006  0.786  0.214  0.786  0.214  True
0  3.5  1.75  0.01  0.01  0.6299368225895439  -0.08525038246275227  1.21434666623966  14.335153436435094  14.335153436435094  1.0  0.795  0.199  0.005  0.798  0.202  0.798  0.202  True
0  3.5  1.75  0.01  0.01  0.7145873297271734  -0.41511410482569944  1.1840158279611293  14.356336266157365  14.356336266157365  1.0  0.79  0.206  0.004  0.798  0.202  0.798  0.202  True
0  3.5  1.75  0.01  0.01  0.7463516696421364  -0.4796737556062164  1.1546021833073805  14.28111218576289  14.28111218576289  1.0  0.794  0.202  0.004  0.798  0.202  0.798  0.202  True
0  3.5  1.75  0.01  0.01  0.6352424089131492  -0.011758370906473177  1.2141634420712155  14.29297477626305  14.29297477626305  1.0  0.806  0.189  0.005  0.81  0.19  0.81  0.19  True
0  3.5  1.75  0.01  0.01  0.3799369863943811  0.3549994713007848  1.1961440833915797  14.397008160624628  14.397008160624628  1.0  0.741  0.25  0.009  0.762  0.238  0.762  0.238  True
0  3.5  1.75  0.01  0.01  0.3172973185181297  0.4549980761822958  1.194019975310745  14.412596734844524  14.412596734844524  1.0  0.724  0.267  0.01  0.762  0.238  0.762  0.238  True
1  3.5  1.75  0.01  0.01  0.4773767491798917  -0.06650644208961011  1.780456149238433  14.865432665267626  14.865432665267626  1.0  0.735  0.257  0.008  0.737  0.263  0.737  0.263  True
1  3.5  1.75  0.01  0.01  0.4619590839452194  -0.06820076751113507  0.9735314567218584  14.664298243362824  14.664298243362824  1.0  0.728  0.264  0.008  0.75  0.25  0.75  0.25  True
1  3.5  1.75  0.01  0.01  0.4664889327640426  -0.06299480877083853  1.1725801988293514  14.67866549970307  14.67866549970307  1.0  0.731  0.261  0.008  0.744  0.256  0.744  0.256  True
1  3.5  1.75  0.01  0.01  0.4665409406042972  0.130500197822573  1.5474976728737937  14.857654279296248  14.857654279296248  1.0  0.754  0.238  0.008  0.756  0.244  0.756  0.244  True
1  3.5  1.75  0.01  0.01  0.3653276903829431  0.41179605208181147  1.5977450831718067  14.78878796077411  14.78878796077411  1.0  0.741  0.25  0.009  0.75  0.25  0.75  0.25  True
1  3.5  1.75  0.01  0.01  0.36063048195368236  0.34281909980910885  1.192721460398192  14.699239916476046  14.699239916476046  1.0  0.731  0.26  0.009  0.744  0.256  0.744  0.256  True
1  3.5  1.75  0.01  0.01  0.47546430221346786  -0.04037425973440861  1.4193881264973123  14.800732388407036  14.800732388407036  1.0  0.738  0.254  0.008  0.744  0.256  0.744  0.256  True
1  3.5  1.75  0.01  0.01  0.4428825955147435  0.13783196038195128  1.7813853847117362  14.879025194422676  14.879025194422676  1.0  0.745  0.247  0.008  0.75  0.25  0.75  0.25  True
1  3.5  1.75  0.01  0.01  0.49061341297537253  -0.09095749504083304  1.192093146170171  14.6624427870485  14.6624427870485  1.0  0.739  0.254  0.007  0.75  0.25  0.75  0.25  True
1  3.5  1.75  0.01  0.01  0.5168000241404158  -0.22242832901752763  1.0922538876672352  14.640122417070561  14.640122417070561  1.0  0.734  0.259  0.007  0.75  0.25  0.75  0.25  True
1  3.5  1.75  0.01  0.01  0.35791921576452923  0.21887278634097018  0.8322716456459068  14.791499226483666  14.791499226483666  1.0  0.715  0.275  0.009  0.744  0.256  0.744  0.256  True
1  3.5  1.75  0.01  0.01  0.4619330818254852  -0.07096228207903402  1.1123675877044317  14.676850628164088  14.676850628164088  1.0  0.728  0.264  0.008  0.744  0.256  0.744  0.256  True
1  3.5  1.75  0.01  0.01  0.4126666720040638  0.10472150975859862  1.1521945410114685  14.666565384771904  14.666565384771904  1.0  0.726  0.265  0.009  0.737  0.263  0.737  0.263  True
1  3.5  1.75  0.01  0.01  0.4883695624491802  0.017461241120755557  1.561184845402414  14.901617187093185  14.901617187093185  1.0  0.751  0.242  0.007  0.75  0.25  0.75  0.25  True
1  3.5  1.75  0.01  0.01  0.4054325330945255  0.22854782133981255  1.4262122150929526  14.769937503201108  14.769937503201108  1.0  0.738  0.253  0.008  0.744  0.256  0.744  0.256  True
1  3.5  1.75  0.01  0.01  0.4763145466344733  -0.1184705046240639  1.1225459612486874  14.67656702565568  14.67656702565568  1.0  0.729  0.264  0.008  0.744  0.256  0.744  0.256  True
1  3.5  1.75  0.01  0.01  0.5398786124598947  -0.2701924184727206  1.2317279642006016  14.724241196560328  14.724241196560328  1.0  0.738  0.255  0.007  0.75  0.25  0.75  0.25  True
1  3.5  1.75  0.01  0.01  0.44763734016243606  0.03863067291567519  1.1425566955663664  14.664160773629138  14.664160773629138  1.0  0.735  0.257  0.008  0.75  0.25  0.75  0.25  True
1  3.5  1.75  0.01  0.01  0.5296464009430726  -0.20770349411535993  1.122597437299269  14.628803703021354  14.628803703021354  1.0  0.741  0.252  0.007  0.756  0.244  0.756  0.244  True
1  3.5  1.75  0.01  0.01  0.5010895062944697  -0.10752466265909763  1.1227125333602723  14.63309139239241  14.63309139239241  1.0  0.741  0.252  0.007  0.756  0.244  0.756  0.244  True
1  3.5  1.75  0.01  0.01  0.5139688874015247  -0.03499997275933289  1.7819961630484888  14.868474802106656  14.868474802106656  1.0  0.756  0.237  0.007  0.756  0.244  0.756  0.244  True
1  3.5  1.75  0.01  0.01  0.5388952157240929  -0.2520855633453321  1.1220758900682366  14.635859623549573  14.635859623549573  1.0  0.74  0.253  0.007  0.756  0.244  0.756  0.244  True
1  3.5  1.75  0.01  0.01  0.24425468084537266  0.11500022767794663  1.5970003572918658  14.821993566737655  14.821993566737655  1.0  0.645  0.343  0.011  0.744  0.256  0.744  0.256  True
1  3.5  1.75  0.01  0.01  0.4397702056939562  0.082209669594467  1.132320260599152  14.643948942587627  14.643948942587627  1.0  0.736  0.256  0.008  0.75  0.25  0.75  0.25  True
1  3.5  1.75  0.01  0.01  0.32754698215211875  0.4249999422723821  1.1829526375990194  14.660700397058218  14.660700397058218  1.0  0.725  0.265  0.009  0.756  0.244  0.756  0.244  True
1  3.5  1.75  0.01  0.01  0.45247178803204735  -0.06976234261636102  1.102259140641187  14.665900783513997  14.665900783513997  1.0  0.724  0.268  0.008  0.737  0.263  0.737  0.263  True
1  3.5  1.75  0.01  0.01  0.5266006576128228  -0.3149998727258442  1.1029892880869956  14.669659486312462  14.669659486312462  1.0  0.727  0.266  0.007  0.737  0.263  0.737  0.263  True
1  3.5  1.75  0.01  0.01  0.4784464034353241  -0.22499952528295708  1.1161959364602883  14.719178526209959  14.719178526209959  1.0  0.717  0.275  0.008  0.737  0.263  0.737  0.263  True
1  3.5  1.75  0.01  0.01  0.5009014545278663  0.19506630194401606  2.047000174133926  15.574759342869816  15.574759342869816  1.0  0.776  0.217  0.007  0.744  0.256  0.744  0.256  True
1  3.5  1.75  0.01  0.01  0.30148588786230235  0.6413443290608174  1.597522803016334  14.8064238545126  14.8064238545126  1.0  0.739  0.251  0.009  0.75  0.25  0.75  0.25  True
