0  3.5  1.75  0.01  0.01  0.30491588515602575  0.053791114998287856  0.45040334604640325  14.29800063394168  14.29800063394168  1.0  0.609  0.293  0.098  0.684  0.316  0.684  0.316  True
0  3.5  1.75  0.01  0.01  0.2960887456891971  0.03327403844502179  0.4801984243823681  14.312205984774815  14.312205984774815  1.0  0.602  0.299  0.099  0.675  0.325  0.675  0.325  True
0  3.5  1.75  0.01  0.01  0.31516824095787577  -0.0005206849161132172  0.43082867717956785  14.32666844290199  14.32666844290199  1.0  0.607  0.295  0.098  0.684  0.316  0.684  0.316  True
0  3.5  1.75  0.01  0.01  0.24625067990635535  0.19836501370638093  0.9928422085319673  14.448675435075366  14.448675435075366  1.0  0.6  0.3  0.1  0.658  0.342  0.658  0.342  True
0  3.5  1.75  0.01  0.01  0.24030690975784413  0.3043324929343978  0.5804205428138012  14.289688145578404  14.289688145578404  1.0  0.611  0.29  0.099  0.684  0.316  0.684  0.316  True
0  3.5  1.75  0.01  0.01  0.3699343263646006  -0.16421800711401643  0.5104559313779514  14.247407206446605  14.247407206446605  1.0  0.613  0.292  0.095  0.684  0.316  0.684  0.316  True
0  3.5  1.75  0.01  0.01  0.3280751336866571  0.029703929303862446  0.5200594621217801  14.261488878063957  14.261488878063957  1.0  0.618  0.286  0.097  0.693  0.307  0.693  0.307  True
0  3.5  1.75  0.01  0.01  0.3274146880675509  0.04877293574071381  0.47031953581083247  14.254401696916258  14.254401696916258  1.0  0.62  0.283  0.096  0.693  0.307  0.693  0.307  True
0  3.5  1.75  0.01  0.01  0.2786310531411419  0.17185079213050802  0.540423448404151  14.247760504061576  14.247760504061576  1.0  0.612  0.289  0.098  0.684  0.316  0.684  0.316  True
0  3.5  1.75  0.01  0.01  0.3262259852380238  0.10806240168881937  0.5404307891376522  14.230357344497532  14.230357344497532  1.0  0.628  0.276  0.096  0.702  0.298  0.702  0.298  True
0  3.5  1.75  0.01  0.01  0.28111362220366665  -0.050481347236810484  0.5307029123570824  14.359412235683113  14.359412235683113  1.0  0.583  0.316  0.101  0.658  0.342  0.658  0.342  True
0  3.5  1.75  0.01  0.01  0.371722592217384  -0.10794975248234467  0.8134244585877568  14.280700173112908  14.280700173112908  1.0  0.621  0.285  0.095  0.684  0.316  0.684  0.316  True
0  3.5  1.75  0.01  0.01  0.07916162442448316  0.1550001737455711  0.5600003126259087  14.309826037347085  14.309826037347085  1.0  0.509  0.383  0.108  0.658  0.342  0.658  0.342  True
0  3.5  1.75  0.01  0.01  0.22052647724461472  0.32409027674933133  0.5802948308597202  14.274965553008379  14.274965553008379  1.0  0.604  0.296  0.1  0.675  0.325  0.675  0.325  True
0  3.5  1.75  0.01  0.01  0.2989883918596232  0.04291933690188879  0.540681902325108  14.264099944791209  14.264099944791209  1.0  0.605  0.297  0.099  0.675  0.325  0.675  0.325  True
0  3.5  1.75  0.01  0.01  0.31474817045888137  -0.02256615073440358  0.520149325928906  14.267278997260279  14.267278997260279  1.0  0.604  0.298  0.098  0.675  0.325  0.675  0.325  True
0  3.5  1.75  0.01  0.01  0.3609117538874842  0.026616174234762584  0.5905231195452776  14.199802313057166  14.199802313057166  1.0  0.634  0.272  0.094  0.702  0.298  0.702  0.298  True
0  3.5  1.75  0.01  0.01  0.2781944296870059  0.1649223252603751  0.5303323585327795  14.264548789903037  14.264548789903037  1.0  0.611  0.291  0.099  0.684  0.316  0.684  0.316  True
0  3.5  1.75  0.01  0.01  0.24784607339716871  0.14499374543695143  0.48014021204711754  14.332471550867131  14.332471550867131  1.0  0.593  0.306  0.101  0.667  0.333  0.667  0.333  True
0  3.5  1.75  0.01  0.01  0.3165800127290932  -0.013872832915824529  0.4303368626501027  14.328096952227654  14.328096952227654  1.0  0.607  0.296  0.098  0.684  0.316  0.684  0.316  True
0  3.5  1.75  0.01  0.01  0.32719875553613054  -0.1602555548160572  0.4102154068794187  14.344324271228325  14.344324271228325  1.0  0.591  0.31  0.098  0.667  0.333  0.667  0.333  True
0  3.5  1.75  0.01  0.01  0.3451113581631474  0.13945847402815534  0.4001860006828451  14.24588116221736  14.24588116221736  1.0  0.641  0.265  0.094  0.719  0.281  0.719  0.281  True
0  3.5  1.75  0.01  0.01  0.2821068515163334  -0.10498834797862452  0.5500003900399079  14.285065939823365  14.285065939823365  1.0  0.577  0.322  0.101  0.684  0.316  0.684  0.316  True
0  3.5  1.75  0.01  0.01  0.4407164780343822  -0.20065120077775922  0.8220778083601463  14.198286839801309  14.198286839801309  1.0  0.642  0.268  0.09  0.702  0.298  0.702  0.298  True
0  3.5  1.75  0.01  0.01  0.33111058057603693  0.0923350685323916  0.5304575638945136  14.240740217053188  14.240740217053188  1.0  0.628  0.277  0.096  0.702  0.298  0.702  0.298  True
0  3.5  1.75  0.01  0.01  0.35730039802029406  -0.07560309646924551  0.4405567892263815  14.287373282894889  14.287373282894889  1.0  0.618  0.287  0.095  0.693  0.307  0.693  0.307  True
0  3.5  1.75  0.01  0.01  0.3737335919164685  -0.019418134232322942  0.8526665084010834  14.199250726901466  14.199250726901466  1.0  0.634  0.273  0.093  0.693  0.307  0.693  0.307  True
0  3.5  1.75  0.01  0.01  0.2965010226479892  0.13587602370541513  0.8331072643909466  14.304276585086276  14.304276585086276  1.0  0.617  0.285  0.098  0.684  0.316  0.684  0.316  True
0  3.5  1.75  0.01  0.01  0.3388083967865249  -0.13494055139641298  0.4401746208703014  14.320780533132172  14.320780533132172  1.0  0.601  0.301  0.097  0.675  0.325  0.675  0.325  True
0  3.5  1.75  0.01  0.01  0.27047760886463945  0.05500218637069758  0.40000996148681717  14.318638776124518  14.318638776124518  1.0  0.593  0.307  0.1  0.675  0.325  0.675  0.325  True
1  3.5  1.75  0.01  0.01  0.7066573744491903  0.24802236908208497  1.0126443032944088  13.583956927540113  13.583956927540113  1.0  0.809  0.133  0.057  0.858  0.142  0.858  0.142  True
1  3.5  1.75  0.01  0.01  0.6889183530372897  -0.07831477654084237  0.4730756436609627  13.887012293956811  13.887012293956811  1.0  0.768  0.168  0.064  0.858  0.142  0.858  0.142  True
1  3.5  1.75  0.01  0.01  0.6361749355494928  -0.09377481437279403  0.45335682273277916  13.915984278153655  13.915984278153655  1.0  0.746  0.185  0.069  0.825  0.175  0.825  0.175  True
1  3.5  1.75  0.01  0.01  0.6525591663644041  0.17763599817198097  0.992490498410445  13.689119423614015  13.689119423614015  1.0  0.782  0.154  0.064  0.833  0.167  0.833  0.167  True
1  3.5  1.75  0.01  0.01  0.6106784046145561  -0.03509830520833483  0.4539843031601183  13.953861212972447  13.953861212972447  1.0  0.741  0.188  0.071  0.825  0.175  0.825  0.175  True
1  3.5  1.75  0.01  0.01  0.6332858356763641  0.04034770045630391  0.48347833376084837  13.88606427967043  13.88606427967043  1.0  0.759  0.173  0.068  0.842  0.158  0.842  0.158  True
1  3.5  1.75  0.01  0.01  0.8255541106454057  -0.0438376495757433  0.9525154366581362  13.539020144400293  13.539020144400293  1.0  0.822  0.128  0.05  0.858  0.142  0.858  0.142  True
1  3.5  1.75  0.01  0.01  0.5702924977205022  0.2442045896935507  0.3833404991586858  13.916068557033794  13.916068557033794  1.0  0.756  0.173  0.071  0.85  0.15  0.85  0.15  True
1  3.5  1.75  0.01  0.01  0.6459903056719734  -0.016602837285563603  0.4931832781895203  13.918399669963595  13.918399669963595  1.0  0.758  0.175  0.068  0.842  0.158  0.842  0.158  True
1  3.5  1.75  0.01  0.01  0.6811802623454298  -0.14634031306594392  0.45358016767891185  13.868273648985893  13.868273648985893  1.0  0.757  0.177  0.066  0.833  0.167  0.833  0.167  True
1  3.5  1.75  0.01  0.01  0.671764449057249  -0.09637654809884919  0.4733919734763507  13.895399900606963  13.895399900606963  1.0  0.759  0.175  0.066  0.842  0.158  0.842  0.158  True
1  3.5  1.75  0.01  0.01  0.6250051269803995  -0.09149738787219244  0.45349556462209234  13.915751796936794  13.915751796936794  1.0  0.741  0.189  0.071  0.817  0.183  0.817  0.183  True
1  3.5  1.75  0.01  0.01  0.8088900162748707  -0.03659852972250917  0.9523185391633388  13.565517431634946  13.565517431634946  1.0  0.817  0.132  0.051  0.858  0.142  0.858  0.142  True
1  3.5  1.75  0.01  0.01  0.7003040768545179  0.08846605282659153  0.912566483979871  13.642195594415785  13.642195594415785  1.0  0.791  0.149  0.06  0.842  0.158  0.842  0.158  True
1  3.5  1.75  0.01  0.01  0.6874140735972585  -0.18001756127395807  0.4533343138523706  13.910160904766204  13.910160904766204  1.0  0.756  0.178  0.065  0.842  0.158  0.842  0.158  True
1  3.5  1.75  0.01  0.01  0.6453914199418671  -0.08734529347666212  0.4632030350124961  13.972401924342595  13.972401924342595  1.0  0.749  0.182  0.069  0.842  0.158  0.842  0.158  True
1  3.5  1.75  0.01  0.01  0.766126721390098  -0.3603302880564404  0.4334553812330128  13.870090587215861  13.870090587215861  1.0  0.767  0.174  0.059  0.85  0.15  0.85  0.15  True
1  3.5  1.75  0.01  0.01  0.7044613443633172  0.21302662856687563  1.002432925936701  13.591274430995263  13.591274430995263  1.0  0.805  0.137  0.058  0.85  0.15  0.85  0.15  True
1  3.5  1.75  0.01  0.01  0.7520408224932312  -0.6223651406120694  0.0002688086357502937  14.021827635527151  14.021827635527151  1.0  0.729  0.207  0.063  0.85  0.15  0.85  0.15  True
1  3.5  1.75  0.01  0.01  0.7868323571015301  -0.1930497580355959  0.9024832131423313  13.666799105950428  13.666799105950428  1.0  0.794  0.151  0.055  0.833  0.167  0.833  0.167  True
1  3.5  1.75  0.01  0.01  0.6993239302958665  -0.05587834703451404  0.4839621188868591  13.844100359295028  13.844100359295028  1.0  0.774  0.163  0.063  0.858  0.142  0.858  0.142  True
1  3.5  1.75  0.01  0.01  0.7587220146038869  -0.15767308669097851  0.5036289932595288  13.767319540561187  13.767319540561187  1.0  0.786  0.156  0.058  0.858  0.142  0.858  0.142  True
1  3.5  1.75  0.01  0.01  0.6888044302168472  -0.1290172275989885  0.46367247845049836  13.866092462047364  13.866092462047364  1.0  0.763  0.173  0.065  0.842  0.158  0.842  0.158  True
1  3.5  1.75  0.01  0.01  0.7510008831432469  -0.04302017130476823  0.9526607476253004  13.653624057712618  13.653624057712618  1.0  0.796  0.147  0.057  0.842  0.158  0.842  0.158  True
1  3.5  1.75  0.01  0.01  0.08299033042356778  0.14500101747461094  0.5339987362680322  14.21444612466154  14.21444612466154  1.0  0.509  0.382  0.108  0.85  0.15  0.85  0.15  True
1  3.5  1.75  0.01  0.01  0.6520979600431214  0.4548372939572427  1.0420004689113007  13.553158221569738  13.553158221569738  1.0  0.81  0.131  0.059  0.858  0.142  0.858  0.142  True
1  3.5  1.75  0.01  0.01  0.5369389093024264  0.2949964644794465  0.43385220101016697  13.938743814768205  13.938743814768205  1.0  0.748  0.178  0.074  0.842  0.158  0.842  0.158  True
1  3.5  1.75  0.01  0.01  0.9217393183682772  -0.5918414261445442  0.7727771175965323  13.728287493246917  13.728287493246917  1.0  0.798  0.155  0.047  0.85  0.15  0.85  0.15  True
1  3.5  1.75  0.01  0.01  0.6636751742294766  -0.025002518155847885  0.4730026245706514  13.8936437715249  13.8936437715249  1.0  0.764  0.17  0.066  0.85  0.15  0.85  0.15  True
1  3.5  1.75  0.01  0.01  0.643485533305864  0.04455043749500487  0.4730475383576379  13.88998942225315  13.88998942225315  1.0  0.763  0.17  0.067  0.85  0.15  0.85  0.15  True
