0  5  2.5  0.01  0.01  0.008374510339122204  -0.1330710801739489  0.3877827593383563  15.018720239665079  15.018720239665079  1.0  0.488  0.507  0.005  0.49  0.51  0.49  0.51
0  5  2.5  0.01  0.01  -0.06524475673788643  0.09483117133563079  1.1356145520671317  15.620062231014918  15.620062231014918  1.0  0.48  0.514  0.005  0.49  0.51  0.49  0.51
0  5  2.5  0.01  0.01  0.02098000273926654  -0.17985840428577357  0.40912824704878353  15.011237277297923  15.011237277297923  1.0  0.488  0.507  0.005  0.49  0.51  0.49  0.51
0  5  2.5  0.01  0.01  -0.04636257222205272  0.0347024566948749  1.7723974555957427  22.883916745455025  22.883916745455025  1.0  0.482  0.513  0.005  0.49  0.51  0.49  0.51
0  5  2.5  0.01  0.01  -0.04298413891669817  0.06404693407537576  0.7817329424964997  14.939961450496773  14.939961450496773  1.0  0.486  0.509  0.005  0.49  0.51  0.49  0.51
0  5  2.5  0.01  0.01  -0.05646501559504258  0.10238162371078041  0.8985079944836473  15.003917709674873  15.003917709674873  1.0  0.485  0.51  0.005  0.49  0.51  0.49  0.51
0  5  2.5  0.01  0.01  -0.025522726330628465  -0.00593393774865647  1.491908012105552  18.596965210631854  18.596965210631854  1.0  0.486  0.509  0.005  0.49  0.51  0.49  0.51
0  5  2.5  0.01  0.01  -0.07436422413307134  0.19931114373603065  0.41593395658498333  15.00603104763104  15.00603104763104  1.0  0.488  0.507  0.005  0.49  0.51  0.49  0.51
0  5  2.5  0.01  0.01  -0.01550391014640079  -0.039904996810788795  0.7285267674413108  14.933672284263087  14.933672284263087  1.0  0.487  0.508  0.005  0.49  0.51  0.49  0.51
0  5  2.5  0.01  0.01  -0.005529855068937572  -0.07795463626164  1.2255966924274548  16.15113626183202  16.15113626183202  1.0  0.487  0.508  0.005  0.49  0.51  0.49  0.51
0  5  2.5  0.01  0.01  -0.04905345468859609  0.044031196548152296  1.0580558150462904  15.464127537383558  15.464127537383558  1.0  0.482  0.513  0.005  0.49  0.51  0.49  0.51
0  5  2.5  0.01  0.01  -0.06734815197377655  0.10441724590453505  1.0881003220798968  15.516492765686692  15.516492765686692  1.0  0.481  0.514  0.005  0.49  0.51  0.49  0.51
0  5  2.5  0.01  0.01  -0.0050573726351427805  -0.05894373004841877  2.4127245027353115  35.74625482376736  35.74625482376736  1.0  0.489  0.505  0.005  0.49  0.51  0.49  0.51
0  5  2.5  0.01  0.01  0.0037998315736978514  -0.10944537821168586  1.2091152987868488  16.09840609008561  16.09840609008561  1.0  0.488  0.507  0.005  0.49  0.51  0.49  0.51
0  5  2.5  0.01  0.01  0.015419796653763756  -0.14862040622170386  1.6618403899522238  21.312543956062484  21.312543956062484  1.0  0.489  0.506  0.005  0.49  0.51  0.49  0.51
0  5  2.5  0.01  0.01  0.014596299950696627  -0.14888639878465942  0.7462942338648317  14.93845334615984  14.93845334615984  1.0  0.488  0.507  0.005  0.49  0.51  0.49  0.51
0  5  2.5  0.01  0.01  -0.075802573147224  0.17748234497804638  2.5465123548446242  38.67933008032451  38.67933008032451  1.0  0.485  0.51  0.005  0.49  0.51  0.49  0.51
0  5  2.5  0.01  0.01  -0.005749812852365519  -0.07886372307802292  1.2821674947340231  16.6332976404418  16.6332976404418  1.0  0.487  0.508  0.005  0.49  0.51  0.49  0.51
0  5  2.5  0.01  0.01  -0.09267887533226463  0.13904613060064097  1.695402917548975  21.79682678025409  21.79682678025409  1.0  0.475  0.52  0.005  0.49  0.51  0.49  0.51
0  5  2.5  0.01  0.01  0.014553451070259871  -0.14570169047737763  0.7053160633190348  14.936080340272403  14.936080340272403  1.0  0.488  0.507  0.005  0.49  0.51  0.49  0.51
0  5  2.5  0.01  0.01  -0.04531439891073592  -0.0025760564831520116  1.6933403147037331  21.76702429296011  21.76702429296011  1.0  0.479  0.516  0.005  0.49  0.51  0.49  0.51
0  5  2.5  0.01  0.01  -0.09415570350672141  0.15772573318934352  1.988940134933237  27.710354590917948  27.710354590917948  1.0  0.476  0.519  0.005  0.49  0.51  0.49  0.51
0  5  2.5  0.01  0.01  -0.014471998453950701  -0.04043064195074372  0.4996174400919347  14.974366049562805  14.974366049562805  1.0  0.488  0.507  0.005  0.49  0.51  0.49  0.51
0  5  2.5  0.01  0.01  -0.06611062393106788  0.15307604237110628  0.6704189463527981  14.934974114678557  14.934974114678557  1.0  0.486  0.509  0.005  0.49  0.51  0.49  0.51
0  5  2.5  0.01  0.01  -0.02151590850849124  -0.0575601789810288  1.3581611314906805  17.158136880075098  17.158136880075098  1.0  0.483  0.512  0.005  0.49  0.51  0.49  0.51
0  5  2.5  0.01  0.01  -0.03358782999124976  0.016563040770304044  0.9325857272063024  15.05073927487771  15.05073927487771  1.0  0.486  0.509  0.005  0.49  0.51  0.49  0.51
0  5  2.5  0.01  0.01  -0.009254240688320552  -0.05675604528719447  0.4330929169841545  14.998812321794174  14.998812321794174  1.0  0.488  0.507  0.005  0.49  0.51  0.49  0.51
0  5  2.5  0.01  0.01  -0.010781003809905251  -0.09514054600782469  1.6231619592420534  20.59735330447166  20.59735330447166  1.0  0.483  0.512  0.005  0.49  0.51  0.49  0.51
0  5  2.5  0.01  0.01  0.028268864895657088  -0.19483599080623373  1.2091980957735147  16.101795277357105  16.101795277357105  1.0  0.49  0.505  0.005  0.49  0.51  0.49  0.51
0  5  2.5  0.01  0.01  -0.08255949268518002  0.14621012842471315  1.1071369943509322  15.552779152229952  15.552779152229952  1.0  0.48  0.515  0.005  0.49  0.51  0.49  0.51
1  5  2.5  0.01  0.01  -0.16834827766764765  -0.11369895961791353  1.4791332140624711  15.509394083940787  15.509394083940787  1.0  0.42  0.575  0.005  0.436  0.564  0.436  0.564
1  5  2.5  0.01  0.01  -0.381389994317327  0.11151821144379098  2.5332774863019214  28.518012977986047  28.518012977986047  1.0  0.361  0.635  0.004  0.436  0.564  0.436  0.564
1  5  2.5  0.01  0.01  -0.19732181220429734  0.15799405731439137  0.5776081184857775  15.005986178603015  15.005986178603015  1.0  0.435  0.56  0.005  0.436  0.564  0.436  0.564
1  5  2.5  0.01  0.01  -0.13980870072683224  -0.1535575904060829  1.1207417054149718  14.836448281239022  14.836448281239022  1.0  0.427  0.568  0.005  0.436  0.564  0.436  0.564
1  5  2.5  0.01  0.01  -0.16678882005155518  0.052360531871635974  0.4902128905128921  15.05435326877418  15.05435326877418  1.0  0.436  0.559  0.005  0.436  0.564  0.436  0.564
1  5  2.5  0.01  0.01  -0.14929012246001272  -0.0063332716913015175  0.4038284963940251  15.103945416708667  15.103945416708667  1.0  0.437  0.558  0.005  0.436  0.564  0.436  0.564
1  5  2.5  0.01  0.01  -0.16584130328747446  0.010437887855663741  0.7183510692630131  14.941105492397488  14.941105492397488  1.0  0.433  0.562  0.005  0.436  0.564  0.436  0.564
1  5  2.5  0.01  0.01  -0.2282441334247798  -0.0583026696246976  1.8774826132803184  18.41060995382129  18.41060995382129  1.0  0.402  0.594  0.005  0.436  0.564  0.436  0.564
1  5  2.5  0.01  0.01  -0.15075442351523588  -0.1104618612945238  1.1113463174706497  14.833181330399201  14.833181330399201  1.0  0.427  0.568  0.005  0.436  0.564  0.436  0.564
1  5  2.5  0.01  0.01  -0.16724921569285486  0.03473586242324647  0.6223977006592916  14.986507832349181  14.986507832349181  1.0  0.434  0.561  0.005  0.436  0.564  0.436  0.564
1  5  2.5  0.01  0.01  -0.15913342447111106  -0.09341670825322078  1.1799381649558913  14.839817060470432  14.839817060470432  1.0  0.426  0.57  0.005  0.436  0.564  0.436  0.564
1  5  2.5  0.01  0.01  -0.20784706610844123  0.13189001474883277  0.9341869516157996  14.853223470185593  14.853223470185593  1.0  0.428  0.567  0.005  0.436  0.564  0.436  0.564
1  5  2.5  0.01  0.01  -0.29892204284243895  0.12991525537900217  2.033391875531385  19.81263044814221  19.81263044814221  1.0  0.393  0.602  0.005  0.436  0.564  0.436  0.564
1  5  2.5  0.01  0.01  -0.21835871855058106  0.16256605719700568  0.9739424969600116  14.841431684810342  14.841431684810342  1.0  0.427  0.568  0.005  0.436  0.564  0.436  0.564
1  5  2.5  0.01  0.01  -0.21367304693147346  -0.10863641749340087  2.032905092258644  19.81371406081438  19.81371406081438  1.0  0.402  0.593  0.005  0.436  0.564  0.436  0.564
1  5  2.5  0.01  0.01  -0.2366989787712514  0.09016745847383673  1.5080899091247892  15.696850259141023  15.696850259141023  1.0  0.413  0.582  0.005  0.436  0.564  0.436  0.564
1  5  2.5  0.01  0.01  -0.2671486235309682  0.17379980581019777  1.5757669248519068  16.111444086126767  16.111444086126767  1.0  0.409  0.586  0.005  0.436  0.564  0.436  0.564
1  5  2.5  0.01  0.01  -0.23053611385677275  0.01509768723176852  1.6130651521770996  16.45332796936239  16.45332796936239  1.0  0.409  0.587  0.005  0.436  0.564  0.436  0.564
1  5  2.5  0.01  0.01  -0.20213871258601473  -0.11376473669983299  1.7560150075813676  17.29563341489138  17.29563341489138  1.0  0.407  0.588  0.005  0.436  0.564  0.436  0.564
1  5  2.5  0.01  0.01  -0.26443767969634857  0.005067014881242088  2.068614878217199  20.15582326231213  20.15582326231213  1.0  0.395  0.601  0.005  0.436  0.564  0.436  0.564
1  5  2.5  0.01  0.01  -0.31078234138026484  0.18543718486708188  1.800350685135502  17.77224728178573  17.77224728178573  1.0  0.395  0.601  0.004  0.436  0.564  0.436  0.564
1  5  2.5  0.01  0.01  -0.1796252910409175  0.1137686012423057  0.44525528434592077  15.076752918105768  15.076752918105768  1.0  0.437  0.558  0.005  0.436  0.564  0.436  0.564
1  5  2.5  0.01  0.01  -0.2133016100790087  0.18098197110385977  0.7928219624343027  14.903830758289446  14.903830758289446  1.0  0.431  0.564  0.005  0.436  0.564  0.436  0.564
1  5  2.5  0.01  0.01  -0.21835877475082577  0.13825876576535995  1.06689052070873  14.82526524753763  14.82526524753763  1.0  0.425  0.57  0.005  0.436  0.564  0.436  0.564
1  5  2.5  0.01  0.01  -0.1318635090669378  -0.08593813602664975  0.44639661209277703  15.084250380975604  15.084250380975604  1.0  0.436  0.559  0.005  0.436  0.564  0.436  0.564
1  5  2.5  0.01  0.01  -0.13000902775122913  -0.1766262481621352  1.082309801551494  14.838837122624037  14.838837122624037  1.0  0.428  0.567  0.005  0.436  0.564  0.436  0.564
1  5  2.5  0.01  0.01  -0.2686610807854763  0.1994028494568188  1.5280920163820848  15.847243248921794  15.847243248921794  1.0  0.412  0.584  0.005  0.436  0.564  0.436  0.564
1  5  2.5  0.01  0.01  -0.20033038376657908  0.14399171532694027  0.7386764125653743  14.928000782077223  14.928000782077223  1.0  0.432  0.563  0.005  0.436  0.564  0.436  0.564
1  5  2.5  0.01  0.01  -0.10631229277176718  -0.19864098656556048  0.468168135736765  15.078338790421999  15.078338790421999  1.0  0.435  0.56  0.005  0.436  0.564  0.436  0.564
1  5  2.5  0.01  0.01  -0.19802062224498065  0.1758534912550775  0.4853079329237921  15.053785994078577  15.053785994078577  1.0  0.437  0.558  0.005  0.436  0.564  0.436  0.564
0  5  2.5  0.01  0.01  -0.026288063586276514  0.7741579814877961  14.938245630760322  14.938245630760322  1.0  0.487  0.508  0.005  0.49  0.51  0.49  0.51
0  5  2.5  0.01  0.01  -0.031861125464166945  1.8796356777029988  24.888428251018492  24.888428251018492  1.0  0.485  0.51  0.005  0.49  0.51  0.49  0.51
0  5  2.5  0.01  0.01  -0.034736174174034386  1.6500024283693229  21.217600744915647  21.217600744915647  1.0  0.484  0.511  0.005  0.49  0.51  0.49  0.51
0  5  2.5  0.01  0.01  -0.03692678610381145  1.043932450366793  15.439413300178503  15.439413300178503  1.0  0.483  0.512  0.005  0.49  0.51  0.49  0.51
0  5  2.5  0.01  0.01  -0.02876115158623794  1.5276946593556402  19.14579417846155  19.14579417846155  1.0  0.486  0.509  0.005  0.49  0.51  0.49  0.51
0  5  2.5  0.01  0.01  -0.02543501504461608  0.5129147380695807  14.969743067387142  14.969743067387142  1.0  0.487  0.508  0.005  0.49  0.51  0.49  0.51
0  5  2.5  0.01  0.01  -0.02510509825220103  0.5969489079293758  14.946709057809699  14.946709057809699  1.0  0.487  0.507  0.005  0.49  0.51  0.49  0.51
0  5  2.5  0.01  0.01  -0.026667473668332817  0.7911919085056505  14.943336590678332  14.943336590678332  1.0  0.487  0.508  0.005  0.49  0.51  0.49  0.51
0  5  2.5  0.01  0.01  -0.02473146630858348  0.5306755433795849  14.96443837857122  14.96443837857122  1.0  0.488  0.507  0.005  0.49  0.51  0.49  0.51
0  5  2.5  0.01  0.01  -0.025003390822715053  0.5272682011189633  14.965006527593204  14.965006527593204  1.0  0.487  0.507  0.005  0.49  0.51  0.49  0.51
0  5  2.5  0.01  0.01  -0.024895867837401418  0.529194139353963  14.96427162635458  14.96427162635458  1.0  0.488  0.507  0.005  0.49  0.51  0.49  0.51
0  5  2.5  0.01  0.01  -0.0242005020014634  0.4190857387397226  15.00317854896686  15.00317854896686  1.0  0.488  0.507  0.005  0.49  0.51  0.49  0.51
0  5  2.5  0.01  0.01  -0.026157958407336947  0.7132837301723108  14.932582574060449  14.932582574060449  1.0  0.487  0.508  0.005  0.49  0.51  0.49  0.51
0  5  2.5  0.01  0.01  -0.03005369641641812  1.2065517868852365  16.079236269626033  16.079236269626033  1.0  0.485  0.509  0.005  0.49  0.51  0.49  0.51
0  5  2.5  0.01  0.01  -0.02831299248166101  1.4913636309805542  18.596636479036604  18.596636479036604  1.0  0.486  0.509  0.005  0.49  0.51  0.49  0.51
0  5  2.5  0.01  0.01  -0.02483127713226342  0.5169537568304321  14.968576470171417  14.968576470171417  1.0  0.488  0.507  0.005  0.49  0.51  0.49  0.51
0  5  2.5  0.01  0.01  -0.04047374815035222  1.3508967402302505  17.11634988091851  17.11634988091851  1.0  0.481  0.514  0.005  0.49  0.51  0.49  0.51
0  5  2.5  0.01  0.01  -0.02507539302164887  0.5519904544777391  14.958088733986585  14.958088733986585  1.0  0.487  0.507  0.005  0.49  0.51  0.49  0.51
0  5  2.5  0.01  0.01  -0.03378956429501241  1.5665365787634087  19.913242020666537  19.913242020666537  1.0  0.484  0.511  0.005  0.49  0.51  0.49  0.51
0  5  2.5  0.01  0.01  -0.035719973591538064  1.3247987008009863  16.889564603956998  16.889564603956998  1.0  0.483  0.512  0.005  0.49  0.51  0.49  0.51
0  5  2.5  0.01  0.01  -0.045598464926617996  1.7126669613815326  21.954119923403113  21.954119923403113  1.0  0.479  0.516  0.005  0.49  0.51  0.49  0.51
0  5  2.5  0.01  0.01  -0.03343917932853466  1.5405414177745165  19.542223166691524  19.542223166691524  1.0  0.484  0.511  0.005  0.49  0.51  0.49  0.51
0  5  2.5  0.01  0.01  -0.03338335324626751  1.5526120447866667  19.641511633285923  19.641511633285923  1.0  0.484  0.511  0.005  0.49  0.51  0.49  0.51
0  5  2.5  0.01  0.01  -0.03220375357813372  0.9795396982077491  15.23345326028465  15.23345326028465  1.0  0.485  0.51  0.005  0.49  0.51  0.49  0.51
0  5  2.5  0.01  0.01  0.006647362573285047  2.5096861274568796  37.54742812531955  37.54742812531955  1.0  0.5  0.495  0.005  0.49  0.51  0.49  0.51
0  5  2.5  0.01  0.01  -0.024064356121862775  0.396239916566169  15.01280536844949  15.01280536844949  1.0  0.488  0.507  0.005  0.49  0.51  0.49  0.51
0  5  2.5  0.01  0.01  -0.045868348344197035  1.7192046087564616  22.01290737534734  22.01290737534734  1.0  0.479  0.516  0.005  0.49  0.51  0.49  0.51
0  5  2.5  0.01  0.01  -0.048443066035842905  2.233832974402766  32.88868663232807  32.88868663232807  1.0  0.478  0.517  0.005  0.49  0.51  0.49  0.51
0  5  2.5  0.01  0.01  -0.03732239487372418  1.078277968547799  15.494409348220724  15.494409348220724  1.0  0.483  0.512  0.005  0.49  0.51  0.49  0.51
0  5  2.5  0.01  0.01  -0.01846526905947148  2.301751289146941  34.15495182218741  34.15495182218741  1.0  0.49  0.505  0.005  0.49  0.51  0.49  0.51
1  5  2.5  0.01  0.01  -0.15104347345946895  0.374038140992777  15.119378684454485  15.119378684454485  1.0  0.438  0.557  0.005  0.436  0.564  0.436  0.564
1  5  2.5  0.01  0.01  -0.1797315047156801  1.0668532865842857  14.830365518837285  14.830365518837285  1.0  0.426  0.569  0.005  0.436  0.564  0.436  0.564
1  5  2.5  0.01  0.01  -0.16535038763205934  0.7638769410037095  14.92185568853256  14.92185568853256  1.0  0.432  0.563  0.005  0.436  0.564  0.436  0.564
1  5  2.5  0.01  0.01  -0.1958163185387895  1.373245291145926  15.022955246633217  15.022955246633217  1.0  0.42  0.575  0.005  0.436  0.564  0.436  0.564
1  5  2.5  0.01  0.01  -0.15083731341831635  0.3683040287615457  15.122379666885802  15.122379666885802  1.0  0.438  0.557  0.005  0.436  0.564  0.436  0.564
1  5  2.5  0.01  0.01  -0.16104244640274187  0.6513917969416713  14.973182719089673  14.973182719089673  1.0  0.434  0.561  0.005  0.436  0.564  0.436  0.564
1  5  2.5  0.01  0.01  -0.1527097131216132  0.43006873919343297  15.088617890711005  15.088617890711005  1.0  0.437  0.558  0.005  0.436  0.564  0.436  0.564
1  5  2.5  0.01  0.01  -0.18562308726960977  1.1853158993599175  14.83818566550417  14.83818566550417  1.0  0.424  0.571  0.005  0.436  0.564  0.436  0.564
1  5  2.5  0.01  0.01  -0.15340650631696362  0.4510939383370439  15.076707074649828  15.076707074649828  1.0  0.437  0.558  0.005  0.436  0.564  0.436  0.564
1  5  2.5  0.01  0.01  -0.17700706962121426  1.016767624604319  14.83762023141952  14.83762023141952  1.0  0.427  0.568  0.005  0.436  0.564  0.436  0.564
1  5  2.5  0.01  0.01  -0.16958632763003678  0.8563947482307466  14.884345528877432  14.884345528877432  1.0  0.43  0.565  0.005  0.436  0.564  0.436  0.564
1  5  2.5  0.01  0.01  -0.2287799163003416  1.6226103695267888  16.5644466484415  16.5644466484415  1.0  0.407  0.588  0.005  0.436  0.564  0.436  0.564
1  5  2.5  0.01  0.01  -0.35159563587830495  2.540196490963823  28.741670443812176  28.741670443812176  1.0  0.361  0.635  0.004  0.436  0.564  0.436  0.564
1  5  2.5  0.01  0.01  -0.1515358001816699  0.40676520387934645  15.101981909537926  15.101981909537926  1.0  0.437  0.558  0.005  0.436  0.564  0.436  0.564
1  5  2.5  0.01  0.01  -0.17820809036130403  1.0429523286505005  14.832074062245459  14.832074062245459  1.0  0.427  0.568  0.005  0.436  0.564  0.436  0.564
1  5  2.5  0.01  0.01  -0.16810145083838074  0.821368378337301  14.897054697396568  14.897054697396568  1.0  0.431  0.564  0.005  0.436  0.564  0.436  0.564
1  5  2.5  0.01  0.01  -0.2414602598695654  1.8449517083827263  18.163577742159735  18.163577742159735  1.0  0.403  0.593  0.005  0.436  0.564  0.436  0.564
1  5  2.5  0.01  0.01  -0.16638217688570936  0.7813527989164775  14.913571625836068  14.913571625836068  1.0  0.432  0.564  0.005  0.436  0.564  0.436  0.564
1  5  2.5  0.01  0.01  -0.20381452216703047  1.5010544550432634  15.593533621877668  15.593533621877668  1.0  0.417  0.578  0.005  0.436  0.564  0.436  0.564
1  5  2.5  0.01  0.01  -0.2993362846350379  2.3445367963369477  24.488850758822768  24.488850758822768  1.0  0.381  0.615  0.005  0.436  0.564  0.436  0.564
1  5  2.5  0.01  0.01  -0.22942317471737386  1.6280786064082917  16.57753786158467  16.57753786158467  1.0  0.407  0.588  0.005  0.436  0.564  0.436  0.564
1  5  2.5  0.01  0.01  -0.17659214138916646  1.0078859652799188  14.839093119200692  14.839093119200692  1.0  0.428  0.568  0.005  0.436  0.564  0.436  0.564
1  5  2.5  0.01  0.01  -0.2517810877954555  1.911067301054859  18.762926614108014  18.762926614108014  1.0  0.399  0.597  0.005  0.436  0.564  0.436  0.564
1  5  2.5  0.01  0.01  -0.16092025044499364  0.6503003922932212  14.974118151509568  14.974118151509568  1.0  0.434  0.561  0.005  0.436  0.564  0.436  0.564
1  5  2.5  0.01  0.01  -0.1642359697675592  0.7246672056944629  14.93919159503092  14.93919159503092  1.0  0.432  0.563  0.005  0.436  0.564  0.436  0.564
1  5  2.5  0.01  0.01  -0.15797923017808763  0.5714315294454205  15.013247154803096  15.013247154803096  1.0  0.435  0.56  0.005  0.436  0.564  0.436  0.564
1  5  2.5  0.01  0.01  -0.16383586233433253  0.7243353574889828  14.939191566459687  14.939191566459687  1.0  0.433  0.563  0.005  0.436  0.564  0.436  0.564
1  5  2.5  0.01  0.01  -0.16921306471646966  0.8452868750173077  14.8882733148398  14.8882733148398  1.0  0.43  0.565  0.005  0.436  0.564  0.436  0.564
1  5  2.5  0.01  0.01  -0.17943440987478396  1.066531502866497  14.830365472192424  14.830365472192424  1.0  0.426  0.569  0.005  0.436  0.564  0.436  0.564
1  5  2.5  0.01  0.01  -0.17576239589619766  0.9907708419507301  14.842373554532436  14.842373554532436  1.0  0.428  0.567  0.005  0.436  0.564  0.436  0.564
----------------------------------------------for all gender condition ,normal resample, est_prob need to reverse for male and female. The observation is male first.
0  5  2.5  0.01  0.01  -0.1609552837553218  0.1862324971017777  1.5792558715107663  42.49388087969254  52.008570987568056  1.0  0.453  0.543  0.005  0.519  0.481  0.35  0.65
0  5  2.5  0.01  0.01  -0.1240740265452484  0.08619285264547621  0.5094487070935338  18.760382115143383  14.483420314547137  1.0  0.457  0.538  0.005  0.514  0.486  0.4  0.6
0  5  2.5  0.01  0.01  -0.009014019056500953  -0.17627013898634658  0.8134807656230668  24.109021749806345  15.799415381879697  1.0  0.476  0.519  0.005  0.51  0.49  0.45  0.55
0  5  2.5  0.01  0.01  -0.024276342689482498  -0.14329730375384933  0.7288890535600341  21.15712247637186  17.64094767412056  1.0  0.474  0.521  0.005  0.506  0.494  0.5  0.5
0  5  2.5  0.01  0.01  -0.0949653447060918  0.05195142910713141  0.4266161045356203  17.885768572989875  14.712499668229498  1.0  0.465  0.53  0.005  0.514  0.486  0.4  0.6
0  5  2.5  0.01  0.01  -0.09085146044816576  0.18626913634370196  1.0980791865872426  29.850810843014386  22.847630524869068  1.0  0.48  0.515  0.005  0.49  0.51  0.7  0.3
0  5  2.5  0.01  0.01  -0.12058624785033065  0.14156573980703197  1.2663099452590314  32.11910099121706  38.98473258652363  1.0  0.463  0.532  0.005  0.51  0.49  0.45  0.55
0  5  2.5  0.01  0.01  -0.008076232708601768  -0.17426072024716666  0.4003932804201918  17.672277312438855  16.37954912656118  1.0  0.477  0.518  0.005  0.514  0.486  0.4  0.6
0  5  2.5  0.01  0.01  0.07966405918434896  -0.16681565048760327  1.5062089228364741  37.300724475825014  51.188134702034404  1.0  0.512  0.483  0.005  0.506  0.494  0.5  0.5
0  5  2.5  0.01  0.01  -0.005519996612951994  -0.18278192399787851  1.1837712365702528  31.977536043802093  20.41334804088218  1.0  0.477  0.518  0.005  0.51  0.49  0.45  0.55
0  5  2.5  0.01  0.01  0.05992669635165289  -0.06538192516120339  1.2762893105667708  32.00162035183084  45.47631313254103  1.0  0.514  0.481  0.005  0.498  0.502  0.6  0.4
0  5  2.5  0.01  0.01  -0.12975883666957572  0.040191581952894906  0.7518301496877401  20.827030503229658  28.161649123047575  1.0  0.45  0.545  0.005  0.514  0.486  0.4  0.6
0  5  2.5  0.01  0.01  -0.04955897841124222  -0.01819996825255274  0.8173732768582096  23.689056875937318  21.280218976820798  1.0  0.476  0.519  0.005  0.506  0.494  0.5  0.5
0  5  2.5  0.01  0.01  -0.0399756935118243  0.00953175165864506  0.6044249416512215  20.28684040298065  20.6072760620912  1.0  0.483  0.512  0.005  0.498  0.502  0.6  0.4
0  5  2.5  0.01  0.01  0.026870048883312146  -0.1690409762604584  0.7776948155303987  21.448989889122043  24.1410160492804  1.0  0.491  0.504  0.005  0.498  0.502  0.6  0.4
0  5  2.5  0.01  0.01  -0.17025748361443355  0.1924856413234906  1.1386465074423968  31.346155183442946  21.086636529390987  1.0  0.449  0.546  0.005  0.506  0.494  0.5  0.5
0  5  2.5  0.01  0.01  -0.06032753473600035  -0.04154223798064419  0.45476319785213104  18.047073381015796  14.547378308773876  1.0  0.469  0.525  0.005  0.514  0.486  0.4  0.6
0  5  2.5  0.01  0.01  -0.05484613925146159  -0.014424078703633963  0.44743161477882337  17.860284590844287  16.280819163834828  1.0  0.475  0.52  0.005  0.51  0.49  0.45  0.55
0  5  2.5  0.01  0.01  0.02727408342092227  -0.11166844475043863  0.4105383593855919  17.262116764138355  21.69803847430981  1.0  0.497  0.498  0.005  0.498  0.502  0.6  0.4
0  5  2.5  0.01  0.01  0.013506759254110927  -0.0334618961081144  0.8572407094463557  23.889938605929245  26.92584743239044  1.0  0.5  0.495  0.005  0.49  0.51  0.7  0.3
0  5  2.5  0.01  0.01  -0.12821388109462117  0.0877383247333739  0.7953606051707098  23.186709746267965  17.47445790466024  1.0  0.455  0.54  0.005  0.51  0.49  0.45  0.55
0  5  2.5  0.01  0.01  -0.10767335167212193  0.18494878820377464  0.504840250575826  18.71505603500564  14.60082842679076  1.0  0.473  0.522  0.005  0.502  0.498  0.55  0.45
0  5  2.5  0.01  0.01  -0.1422621737589013  0.19691200242776208  1.3667240330037147  35.62082587529432  22.09295345806685  1.0  0.461  0.534  0.005  0.514  0.486  0.4  0.6
0  5  2.5  0.01  0.01  0.039260894244211586  0.030036852065825237  1.5380546504610881  41.065552197641125  30.2587885783572  1.0  0.516  0.479  0.005  0.498  0.502  0.6  0.4
0  5  2.5  0.01  0.01  0.025602810743467208  -0.19482030161656208  0.8140870160055651  23.698639668300157  20.826847857988355  1.0  0.489  0.506  0.005  0.506  0.494  0.5  0.5
0  5  2.5  0.01  0.01  -0.0443216002057052  -0.10974565165893235  0.6279915505131882  20.336241137863144  20.790175873496658  1.0  0.469  0.526  0.005  0.506  0.494  0.5  0.5
0  5  2.5  0.01  0.01  -0.10082549120153493  0.1874917359126061  0.4471803812470519  18.0223987777411  14.11761217986054  1.0  0.476  0.519  0.005  0.502  0.498  0.55  0.45
0  5  2.5  0.01  0.01  -0.0988569128578841  0.1832029771302539  0.7355942513493805  20.99368387240387  20.568061948027708  1.0  0.476  0.519  0.005  0.494  0.506  0.65  0.35
0  5  2.5  0.01  0.01  0.001092293346651774  -0.17458877755596772  1.202120725170149  32.424763193841784  21.138813946809325  1.0  0.481  0.514  0.005  0.51  0.49  0.45  0.55
0  5  2.5  0.01  0.01  0.024796053818080643  -0.06287872788491719  0.5337018178221968  19.570220274274128  14.350990702645054  1.0  0.501  0.494  0.005  0.494  0.506  0.65  0.35
1  5  2.5  0.01  0.01  0.44722471865359537  -0.11911802436019099  0.8036195194152033  19.748990443799986  14.77074972030358  1.0  0.658  0.338  0.004  0.409  0.591  0.35  0.65
1  5  2.5  0.01  0.01  0.4008026930840997  0.023463391629891472  0.4421601170485073  15.415392916114785  14.707126594847924  1.0  0.655  0.341  0.004  0.393  0.607  0.6  0.4
1  5  2.5  0.01  0.01  0.34180228967967785  0.07945666724686373  0.7461008247265054  18.37479243771518  21.83691169381938  1.0  0.638  0.357  0.004  0.413  0.587  0.3  0.7
1  5  2.5  0.01  0.01  0.40772744261729565  -0.05874013179326651  0.5330390903846731  16.27193885653859  14.711349943436641  1.0  0.65  0.346  0.004  0.403  0.597  0.45  0.55
1  5  2.5  0.01  0.01  0.5017286260934671  -0.06678642575656935  1.3150794025788233  26.435307005717913  33.28091600308858  1.0  0.682  0.314  0.004  0.403  0.597  0.45  0.55
1  5  2.5  0.01  0.01  0.5211287738568748  -0.1617381854791968  1.3324633705075775  25.760627788521433  45.04370427686631  1.0  0.681  0.316  0.004  0.406  0.594  0.4  0.6
1  5  2.5  0.01  0.01  0.40503146130644235  0.015346851833698494  0.8430119059982143  20.27396667654089  21.507536938996495  1.0  0.656  0.34  0.004  0.403  0.597  0.45  0.55
1  5  2.5  0.01  0.01  0.42868062776773547  -0.19401228047144126  0.38530143577999965  15.297515982973858  14.726652964484469  1.0  0.645  0.351  0.004  0.403  0.597  0.45  0.55
1  5  2.5  0.01  0.01  0.4087537496450693  -0.15994619541792723  0.7475885377758964  18.788865837555313  16.015557739369267  1.0  0.64  0.355  0.004  0.419  0.581  0.2  0.8
1  5  2.5  0.01  0.01  0.4142568872849944  0.036829730344205724  1.4366763385519867  27.626464117323806  35.01486514141838  1.0  0.661  0.335  0.004  0.413  0.587  0.3  0.7
1  5  2.5  0.01  0.01  0.4289314917612506  0.147144721484689  1.6064253329239147  32.69514897217666  20.240071937774946  1.0  0.677  0.32  0.004  0.409  0.591  0.35  0.65
1  5  2.5  0.01  0.01  0.5758401329384988  0.01010425244177568  1.5661147261866522  31.015187828679995  32.98331485836134  1.0  0.714  0.283  0.003  0.396  0.604  0.55  0.45
1  5  2.5  0.01  0.01  0.28609568883580505  0.18354927605113341  0.5564085636209535  16.38367747175976  14.457605756816047  1.0  0.627  0.368  0.005  0.409  0.591  0.35  0.65
1  5  2.5  0.01  0.01  0.3810939535361397  -0.10072213736850166  0.4800703854889278  15.843338800094662  14.168555330358828  1.0  0.636  0.36  0.004  0.413  0.587  0.3  0.7
1  5  2.5  0.01  0.01  0.5049241283166378  -0.13010210481603016  0.7791387594560146  19.36102635377266  14.374071463129123  1.0  0.678  0.319  0.004  0.399  0.601  0.5  0.5
1  5  2.5  0.01  0.01  0.37944829171505173  -0.13239485059258604  0.37071964079856673  15.303231283837443  14.277877799633453  1.0  0.633  0.363  0.004  0.409  0.591  0.35  0.65
1  5  2.5  0.01  0.01  0.518554382698402  -0.1604665814983482  1.2805760166217257  26.040055368607067  32.641844273060556  1.0  0.68  0.317  0.004  0.409  0.591  0.35  0.65
1  5  2.5  0.01  0.01  0.3653593483613435  0.0360073767980007  0.5822710256387285  16.669492174878584  15.357383334946013  1.0  0.643  0.352  0.004  0.406  0.594  0.4  0.6
1  5  2.5  0.01  0.01  0.3578099126733719  -0.1024218996318178  0.3970121440985937  15.35523655183169  14.095805696042731  1.0  0.627  0.368  0.004  0.413  0.587  0.3  0.7
1  5  2.5  0.01  0.01  0.5108225421135343  -0.1644777501558152  1.3192378242240432  26.49787862739631  32.78934691162705  1.0  0.677  0.319  0.004  0.403  0.597  0.45  0.55
1  5  2.5  0.01  0.01  0.4768367084090708  -0.11870546345687281  1.2812246118432151  27.24982147161853  14.34887657166741  1.0  0.669  0.327  0.004  0.409  0.591  0.35  0.65
1  5  2.5  0.01  0.01  0.3704399529062125  0.09582101019801159  0.4586265035304247  15.472094055921621  14.502115759037697  1.0  0.651  0.345  0.004  0.393  0.607  0.6  0.4
1  5  2.5  0.01  0.01  0.4677993240077855  -0.08134006773346268  0.6541734436429832  17.648372489010782  14.56113851664264  1.0  0.669  0.327  0.004  0.396  0.604  0.55  0.45
1  5  2.5  0.01  0.01  0.5182225685912061  -0.19442108644709943  1.3812855594984375  27.078008283396763  32.757999501269545  1.0  0.677  0.32  0.004  0.413  0.587  0.3  0.7
1  5  2.5  0.01  0.01  0.3724553066103031  0.0032877252807501645  0.762035449657337  18.126619529717605  27.11609047159235  1.0  0.642  0.354  0.004  0.413  0.587  0.3  0.7
1  5  2.5  0.01  0.01  0.3808744205804573  -0.12629583396808602  0.5318370631716951  15.897368325140542  20.20441919837596  1.0  0.633  0.363  0.004  0.416  0.584  0.25  0.75
1  5  2.5  0.01  0.01  0.38988855009230317  0.027069254639096568  0.6313080520058607  16.982458808783214  14.41943376326399  1.0  0.651  0.344  0.004  0.403  0.597  0.45  0.55
1  5  2.5  0.01  0.01  0.35084794568594024  0.07611917403880575  1.1815122983121003  26.23595128989627  15.074903605611492  1.0  0.642  0.354  0.004  0.409  0.591  0.35  0.65
1  5  2.5  0.01  0.01  0.33381050035404336  0.04335486838282082  0.4078929632434661  15.351676693567356  14.41061477288496  1.0  0.632  0.364  0.004  0.406  0.594  0.4  0.6
1  5  2.5  0.01  0.01  0.381267832920502  0.053785512308017314  0.8647524095223943  20.4525574409051  20.061651241767407  1.0  0.65  0.346  0.004  0.406  0.594  0.4  0.6
--------------------------------------for pure gender scene
0  5  2.25  0.01  0.01  -0.3930394814487389  0.008911726270497494  0.9438981668414869  14.925061536305767  15.44442412585675  1.0  0.308  0.667  0.025  0.667  0.333  0.579  0.421
0  5  2.25  0.01  0.01  -0.3030201574421438  0.011403558792544732  0.5432659453352171  15.290442869976502  15.10483674531499  1.0  0.346  0.627  0.027  0.649  0.351  0.632  0.368
0  5  2.25  0.01  0.01  -0.3481360434218557  0.19597800771328328  0.6017761140236811  15.221230574739115  15.143720290147158  1.0  0.344  0.63  0.026  0.649  0.351  0.632  0.368
0  5  2.25  0.01  0.01  -0.237360516859274  0.019692314408360417  0.39090531418693936  15.291462113407052  15.415653469624742  1.0  0.376  0.596  0.028  0.614  0.386  0.737  0.263
0  5  2.25  0.01  0.01  -0.26223090544398686  -0.0006155685162691216  1.0888034062360032  15.043678975084974  14.830216853780424  1.0  0.363  0.609  0.028  0.614  0.386  0.737  0.263
0  5  2.25  0.01  0.01  -0.24559400081111454  -0.17226928443135137  0.828493642554852  15.176054893631225  14.97026938202274  1.0  0.354  0.618  0.028  0.632  0.368  0.684  0.316
0  5  2.25  0.01  0.01  -0.3870379664008805  0.04553215345548728  1.3876497137604977  14.846073946480194  14.886624740703036  1.0  0.314  0.661  0.025  0.649  0.351  0.632  0.368
0  5  2.25  0.01  0.01  -0.2411592566174692  -0.09564621351777527  1.00942596986564  15.033155837213048  15.040018220551211  1.0  0.363  0.609  0.028  0.614  0.386  0.737  0.263
0  5  2.25  0.01  0.01  -0.24452272142674006  -0.1592778471026772  0.5745708316029824  15.203824586870482  15.372897166300495  1.0  0.355  0.617  0.028  0.632  0.368  0.684  0.316
0  5  2.25  0.01  0.01  -0.31471282458980554  0.06703414365075283  0.43584331397453535  15.287459108135796  15.309736712699651  1.0  0.346  0.627  0.027  0.649  0.351  0.632  0.368
0  5  2.25  0.01  0.01  -0.2511234075417092  -0.1145845809813503  0.5914778918413395  15.24571825102586  15.194891452196103  1.0  0.357  0.615  0.028  0.632  0.368  0.684  0.316
0  5  2.25  0.01  0.01  -0.31179007167553097  -0.051047398120644266  0.7901213247583371  15.126505279152486  15.138891677228113  1.0  0.336  0.637  0.027  0.649  0.351  0.632  0.368
0  5  2.25  0.01  0.01  -0.33463127157242584  0.17727648040870836  0.3715509574669423  15.293036855447216  15.38981911912215  1.0  0.348  0.625  0.026  0.649  0.351  0.632  0.368
0  5  2.25  0.01  0.01  -0.41229575765159066  0.18755918053289894  1.159494990730431  14.85477708346455  15.195533394146809  1.0  0.316  0.659  0.025  0.649  0.351  0.632  0.368
0  5  2.25  0.01  0.01  -0.22015647644110026  -0.08761490600468021  1.3677850252331607  14.917087626125834  14.798627357346243  1.0  0.373  0.599  0.029  0.596  0.404  0.789  0.211
0  5  2.25  0.01  0.01  -0.2857921758779789  -0.06726267419543139  0.4276417115361231  15.304407117833579  15.32331469712328  1.0  0.346  0.627  0.027  0.649  0.351  0.632  0.368
0  5  2.25  0.01  0.01  -0.19728399176367423  -0.1563376620918546  0.4542150639378089  15.336623680233874  15.225196084686715  1.0  0.377  0.595  0.029  0.614  0.386  0.737  0.263
0  5  2.25  0.01  0.01  -0.2490011392802932  0.11301198994267897  0.37619534667267834  15.35249120772784  15.23513410648053  1.0  0.379  0.593  0.028  0.614  0.386  0.737  0.263
0  5  2.25  0.01  0.01  -0.2692429786861337  -0.1840490950502039  1.1633537050859462  14.979685654496757  14.945114088572245  1.0  0.343  0.63  0.027  0.632  0.368  0.684  0.316
0  5  2.25  0.01  0.01  -0.2832102294869419  0.0955537079711351  0.43991737313415397  15.323376105737296  15.18773606489936  1.0  0.363  0.61  0.028  0.632  0.368  0.684  0.316
0  5  2.25  0.01  0.01  -0.35485209355397845  0.15663043191525666  0.7958857054030153  15.123389160596412  15.069641989603388  1.0  0.338  0.636  0.026  0.649  0.351  0.632  0.368
0  5  2.25  0.01  0.01  -0.3545285587607739  -0.13919317040473  1.4939537478938418  14.796729233882653  14.958544458706495  1.0  0.31  0.664  0.025  0.649  0.351  0.632  0.368
0  5  2.25  0.01  0.01  -0.34968394027679395  0.1684927761178418  1.0895709620720866  14.958013062235594  15.01543831034737  1.0  0.341  0.633  0.026  0.632  0.368  0.684  0.316
0  5  2.25  0.01  0.01  -0.23083742302638421  0.09621522685008166  0.7906202066298252  15.17375515489557  14.985578205782605  1.0  0.386  0.585  0.029  0.596  0.404  0.789  0.211
0  5  2.25  0.01  0.01  -0.25555168369646397  -0.08146536693690268  0.5542350259278631  15.257829900431618  15.218095917905597  1.0  0.358  0.614  0.028  0.632  0.368  0.684  0.316
0  5  2.25  0.01  0.01  -0.2625402085876689  -0.0441530316629028  0.458605237494599  15.265935271216383  15.368132731436887  1.0  0.359  0.613  0.028  0.632  0.368  0.684  0.316
0  5  2.25  0.01  0.01  -0.3448630426365725  -0.018466301246516104  0.5503396021039956  15.180037485634697  15.444348259498584  1.0  0.325  0.649  0.026  0.667  0.333  0.579  0.421
0  5  2.25  0.01  0.01  -0.30081342857492743  -0.07271560375995662  0.7347338473019367  15.185320549718622  15.077334001638441  1.0  0.339  0.634  0.027  0.649  0.351  0.632  0.368
0  5  2.25  0.01  0.01  -0.16529168279957532  -0.14753824774916968  0.47091512906043487  15.342843571078934  15.192965138226626  1.0  0.392  0.579  0.029  0.596  0.404  0.789  0.211
0  5  2.25  0.01  0.01  -0.2941073401933688  -0.15222218405637103  0.8726588309503239  15.105849568031656  15.08487697671964  1.0  0.335  0.638  0.027  0.649  0.351  0.632  0.368
1  5  2.25  0.01  0.01  -0.8934606102020497  0.030528413167239782  1.0483398282249479  14.339089905059117  14.772072754300329  1.0  0.146  0.844  0.01  0.862  0.138  0.8  0.2
1  5  2.25  0.01  0.01  -0.8759687559489773  -0.04750009489924478  0.7529140730464002  14.431226807075967  15.348213003891894  1.0  0.145  0.844  0.01  0.888  0.112  0.7  0.3
1  5  2.25  0.01  0.01  -0.9804509543476486  0.17483786230098142  1.4685902105106274  14.190943626390668  14.22909226659364  1.0  0.135  0.857  0.008  0.85  0.15  0.85  0.15
1  5  2.25  0.01  0.01  -0.7149487683162212  0.1815036599283612  0.39391209256532683  14.836368527394592  14.536244979563225  1.0  0.206  0.779  0.015  0.825  0.175  0.95  0.05
1  5  2.25  0.01  0.01  -0.8095784273706533  0.1775100634608472  0.4791118577622145  14.665865951695015  14.965990914845687  1.0  0.178  0.809  0.013  0.862  0.138  0.8  0.2
1  5  2.25  0.01  0.01  -0.8876797407559643  0.1750007013890867  1.012223778819624  14.393281673194952  14.542025110645138  1.0  0.157  0.832  0.011  0.85  0.15  0.85  0.15
1  5  2.25  0.01  0.01  -0.9231085863752554  -0.06389021766430189  1.472793608598117  14.226989332229447  14.193368234697328  1.0  0.134  0.857  0.009  0.85  0.15  0.85  0.15
1  5  2.25  0.01  0.01  -0.7062851487569778  -0.06631058122593295  0.5410056031787377  14.777546147578743  14.55206065035648  1.0  0.19  0.795  0.015  0.838  0.162  0.9  0.1
1  5  2.25  0.01  0.01  -0.6639752609378348  -0.047288280349735645  0.390910265075509  14.885516670627856  14.54896627631641  1.0  0.205  0.779  0.017  0.825  0.175  0.95  0.05
1  5  2.25  0.01  0.01  -0.7274881499614656  0.013712797937214416  0.4772963333779454  14.746616642352103  14.784839918220793  1.0  0.189  0.796  0.015  0.838  0.162  0.9  0.1
1  5  2.25  0.01  0.01  -0.8554260283145263  0.033525238038297045  1.0358445412240265  14.407567209858849  14.525807622773169  1.0  0.156  0.833  0.011  0.85  0.15  0.85  0.15
1  5  2.25  0.01  0.01  -0.7653380632871222  0.0038503578392285187  0.8070689796026405  14.608020680125966  14.395344467509087  1.0  0.178  0.809  0.014  0.838  0.162  0.9  0.1
1  5  2.25  0.01  0.01  -0.8009337645659117  0.0062655699316173374  0.5300244320591243  14.603597541820331  15.21297444649564  1.0  0.169  0.819  0.013  0.862  0.138  0.8  0.2
1  5  2.25  0.01  0.01  -0.9504073203161696  0.048979031915348525  1.315403206403715  14.228923032406437  14.491791513342525  1.0  0.134  0.857  0.009  0.862  0.138  0.8  0.2
1  5  2.25  0.01  0.01  -0.7690948885995955  0.1531048173417925  0.36933930362579204  14.739746640158291  15.008658593959996  1.0  0.187  0.799  0.014  0.85  0.15  0.85  0.15
1  5  2.25  0.01  0.01  -0.8789593746670128  0.17274298232765506  0.8816979890218711  14.45208775641756  14.679237386024184  1.0  0.159  0.83  0.011  0.862  0.138  0.8  0.2
1  5  2.25  0.01  0.01  -0.7638037044318807  0.02167779866165484  0.4799641392425336  14.74387077568827  14.784764221915015  1.0  0.18  0.807  0.014  0.862  0.138  0.8  0.2
1  5  2.25  0.01  0.01  -0.9507194501038445  0.018822823979244147  1.2713349053281402  14.205672182601116  14.722266741714341  1.0  0.132  0.859  0.009  0.862  0.138  0.8  0.2
1  5  2.25  0.01  0.01  -0.9614489283509859  0.15865314941666403  1.1743783438937236  14.225452050099113  14.802181525336433  1.0  0.138  0.853  0.009  0.862  0.138  0.8  0.2
1  5  2.25  0.01  0.01  -0.8797932361938925  0.15930268466102143  0.9806744358477154  14.433274255192629  14.481080085659666  1.0  0.158  0.831  0.011  0.862  0.138  0.8  0.2
1  5  2.25  0.01  0.01  -0.8233323756794991  0.09308195151745957  0.9287988458662062  14.4857774291935  14.46788723876973  1.0  0.168  0.82  0.012  0.838  0.162  0.9  0.1
1  5  2.25  0.01  0.01  -0.7683259799635802  0.12490815013421536  0.5837446307508166  14.670714518915062  14.68775303525717  1.0  0.185  0.801  0.014  0.838  0.162  0.9  0.1
1  5  2.25  0.01  0.01  -0.7368387523805333  -0.1687159570016626  0.6893242953519966  14.666446185081469  14.656640926515994  1.0  0.174  0.812  0.014  0.85  0.15  0.85  0.15
1  5  2.25  0.01  0.01  -0.843473193176497  -0.020541387953644102  0.9335804918598767  14.45717408636509  14.654963141619325  1.0  0.155  0.833  0.011  0.862  0.138  0.8  0.2
1  5  2.25  0.01  0.01  -0.772326443900901  0.053751959611199274  0.9116466311348844  14.564962743819269  14.241088405210641  1.0  0.179  0.807  0.014  0.825  0.175  0.95  0.05
1  5  2.25  0.01  0.01  -0.7767234925944677  0.12958925628724888  0.47750405989338124  14.700092675880864  14.867783364209194  1.0  0.184  0.803  0.014  0.85  0.15  0.85  0.15
1  5  2.25  0.01  0.01  -0.87716087714626  -0.030232243294794625  0.9433118995642326  14.397308103071456  14.88748174246815  1.0  0.146  0.843  0.01  0.875  0.125  0.75  0.25
1  5  2.25  0.01  0.01  -0.8615017732674508  0.13396900803672568  0.9642535527299616  14.442248497072512  14.510216166845115  1.0  0.161  0.828  0.011  0.85  0.15  0.85  0.15
1  5  2.25  0.01  0.01  -0.9944348926431977  0.1936345304456628  1.642238934246727  14.21892298440422  13.839696426944068  1.0  0.133  0.859  0.008  0.838  0.162  0.9  0.1
------------------------------------------------------------------------------------

