2.0  1.5  0.01  0.01  -0.10481550070870618  0.2517802328289307  0.8273933960324231  16.160900075407483  16.24041404226008  1.0  0.516  0.484  0.0  0.467  0.533  0.375  0.625
2.5  1.25  0.01  0.01  -0.36747230546303883  0.9776433465270713  1.4214305169265065  16.792344102717003  15.264443878222403  1.0  0.433  0.565  0.003  0.466  0.534  0.4  0.6
2.5  1.75  0.01  0.01  0.10943032966833363  -0.5349566064848479  2.6471193344951254  35.4734117401823  32.26463507893275  1.0  0.438  0.562  0.0  0.461  0.539  0.475  0.525
2.5  0.75  0.01  0.01  0.09184341629154677  -0.5671596276695947  0.4097241004631849  16.390779162712246  16.150855529915674  1.0  0.471  0.369  0.16  0.461  0.539  0.475  0.525
2.0  0.5  0.01  0.01  -0.02533601254094687  -0.07337910251427449  0.7452183961719288  18.346722295420967  17.518526445732327  1.0  0.258  0.429  0.314  0.459  0.541  0.525  0.475
3.0  2.0  0.01  0.01  -0.030467409204236805  -0.11145108091837197  0.7909401322496299  15.452474678108175  15.411631025565416  1.0  0.47  0.53  0.0  0.463  0.537  0.45  0.55
2.0  1.0  0.01  0.01  -0.08546520097130463  0.06589486646147669  1.6858490034747047  18.842549491338932  23.231104770769026  1.0  0.43  0.565  0.005  0.459  0.541  0.525  0.475
4.5  2.75  0.01  0.01  -0.2371290465693312  0.4572742668812406  1.2160403309504784  15.439582407718017  15.010006735548874  1.0  0.481  0.519  0.0  0.463  0.537  0.45  0.55
5.0  2.0  0.01  0.01  -0.20376092761918319  0.33522561109596816  0.7833054977789816  15.248185016032943  15.502376184487792  1.0  0.395  0.57  0.034  0.459  0.541  0.525  0.475
5.0  3.0  0.01  0.01  0.16296913669106777  -0.8784923173803134  2.3707447181597976  29.3422535014503  27.46307615962464  1.0  0.456  0.543  0.0  0.464  0.536  0.425  0.575
4.0  2.0  0.01  0.01  0.010731938736830024  -0.3416812823191957  1.8390779335795577  20.984005823313918  21.337321566557016  1.0  0.46  0.535  0.005  0.464  0.536  0.425  0.575
4.5  2.25  0.01  0.01  -0.082321054512477  -0.0366990429001004  0.7564178924910931  14.920943030141178  15.175024551015692  1.0  0.457  0.538  0.005  0.461  0.539  0.475  0.525
3.0  1.0  0.01  0.01  -0.44755793969568924  0.9297140175304295  2.663230862590202  39.95130916622163  35.79837614898481  1.0  0.15  0.821  0.029  0.46  0.54  0.5  0.5
3.5  1.25  0.01  0.01  -0.3706846242155615  0.7789565039885125  1.622943677278904  20.729066354202118  20.748852042682902  1.0  0.24  0.718  0.042  0.454  0.546  0.6  0.4
4.0  2.5  0.01  0.01  -0.05793971473369063  0.03316782887545111  0.37043816260652224  15.550622846004327  16.198320534760846  1.0  0.485  0.515  0.0  0.474  0.526  0.25  0.75
3.5  2.25  0.01  0.01  0.04292758406441158  -0.46328119643258936  2.079057379469407  24.257607107329342  24.854324901659375  1.0  0.449  0.551  0.0  0.461  0.539  0.475  0.525
5.5  2.25  0.01  0.01  -0.3409781672114318  0.6064872227320419  1.3400705348832134  16.631530096186847  18.943830891062753  1.0  0.367  0.607  0.027  0.456  0.544  0.575  0.425
4.0  1.5  0.01  0.01  0.13193698742973894  -0.7702832956842305  2.504819217624764  34.55948571790746  32.68693759674515  1.0  0.486  0.461  0.053  0.46  0.54  0.5  0.5
6.0  2.5  0.01  0.01  0.040606825386829304  -0.6879053040857077  1.6827274471971965  20.081887222059493  18.115299957989446  1.0  0.448  0.525  0.027  0.459  0.541  0.525  0.475
4.5  1.75  0.01  0.01  -0.050456204974599496  -0.12175075474843666  0.5142013616141857  15.249608635143115  15.29840524939986  1.0  0.429  0.526  0.045  0.464  0.536  0.425  0.575
3.0  1.5  0.01  0.01  0.21779507185363037  -0.9645228581675758  1.4299419044299988  16.823513203029933  15.634645161058302  1.0  0.473  0.523  0.004  0.456  0.544  0.575  0.425
5.0  2.5  0.01  0.01  -0.23529660209775274  0.4601158639629459  0.9405938009803452  14.966884051556988  14.851891403818495  1.0  0.45  0.545  0.005  0.461  0.539  0.475  0.525
5.5  3.25  0.01  0.01  -0.2599759672792356  0.3143963730816419  1.727697103673203  19.285697647550066  17.50102081546181  1.0  0.46  0.539  0.001  0.463  0.537  0.45  0.55
6.0  3.0  0.01  0.01  -0.22942766477322502  0.29017825068711334  1.566923587861602  17.826539850360614  19.836337947696713  1.0  0.446  0.549  0.005  0.466  0.534  0.4  0.6
3.5  1.75  0.01  0.01  0.0765191565701965  -0.5614064944368571  0.5896301524558806  15.023700259655115  15.51856210236933  1.0  0.461  0.534  0.005  0.463  0.537  0.45  0.55
6.0  3.5  0.01  0.01  0.04003081088659017  -0.6015960409034156  0.7454718291915757  15.128030547216413  14.947877020201691  1.0  0.459  0.54  0.001  0.463  0.537  0.45  0.55
5.5  2.75  0.01  0.01  -0.16526870862011692  0.3202273286562658  0.7450437172585719  14.920553650126637  15.14760070372416  1.0  0.467  0.528  0.005  0.473  0.527  0.275  0.725
2.0  1.0  0.01  0.01  0.1389666446124667  -0.7355784002725094  0.40077521203954836  15.372033782123086  15.38812125998516  1.0  0.439  0.556  0.004  0.459  0.541  0.525  0.475
2.0  1.5  0.01  0.01  0.024153652659285263  -0.24111053593516796  2.070901563895492  24.07172109270898  24.661313980511228  1.0  0.451  0.549  0.0  0.464  0.536  0.425  0.575
2.5  0.75  0.01  0.01  -0.21937243733759065  0.5289754321651727  1.2591532039831257  18.817130456633066  17.87094476058964  1.0  0.185  0.712  0.103  0.46  0.54  0.5  0.5
2.5  1.75  0.01  0.01  -0.29676946739656673  0.9066372892356167  0.7825695156679693  15.878203196321355  16.466586205638734  1.0  0.571  0.429  0.0  0.461  0.539  0.475  0.525
2.0  0.5  0.01  0.01  -0.017169697279698925  -0.10433705599486776  1.3873231075526742  22.46212436654462  21.36524631672836  1.0  0.271  0.413  0.316  0.463  0.537  0.45  0.55
5.0  2.5  0.01  0.01  0.07322670900649786  -0.7251199751290045  1.0379813519665968  15.16040795572719  15.537611430462567  1.0  0.453  0.542  0.005  0.454  0.546  0.6  0.4
3.5  1.25  0.01  0.01  -0.15855043764094542  0.3454238647296535  0.7089019998787197  15.606027715928333  15.793380436770041  1.0  0.354  0.577  0.068  0.464  0.536  0.425  0.575
2.5  1.25  0.01  0.01  -0.03996836387460741  -0.060686573393581966  0.5868485953159919  14.946587618120095  15.670200665304645  1.0  0.454  0.541  0.005  0.457  0.543  0.55  0.45
6.0  3.0  0.01  0.01  0.06574106379851073  -0.7156610208882279  0.38594617381026236  15.104853961031184  15.222758697495518  1.0  0.459  0.536  0.005  0.463  0.537  0.45  0.55
4.0  1.5  0.01  0.01  -0.29644778825892437  0.6920693202906432  0.9704325169358514  15.841651337569733  15.511138272533278  1.0  0.326  0.631  0.044  0.454  0.546  0.6  0.4
4.5  2.25  0.01  0.01  -0.05405438791899153  -0.1311400198342758  0.7327592126996121  14.947970852145167  14.858471122606925  1.0  0.459  0.536  0.005  0.463  0.537  0.45  0.55
3.0  2.0  0.01  0.01  0.17479482097508917  -0.8023107505043148  1.8215659936543191  20.27850799171644  24.15506901710023  1.0  0.429  0.571  0.0  0.459  0.541  0.525  0.475
3.5  2.25  0.01  0.01  -0.021051151276762353  -0.2777346247402097  2.107743647999299  24.813616092138606  26.89293598015408  1.0  0.453  0.547  0.0  0.461  0.539  0.475  0.525
3.5  1.75  0.01  0.01  0.16480270606099678  -0.7454828380767844  1.3262487828045932  15.990099448797189  16.591502436233117  1.0  0.482  0.513  0.005  0.471  0.529  0.3  0.7
5.0  3.0  0.01  0.01  -0.06944182630690737  -0.2077152076401052  1.652768328848507  18.527827830762757  18.696899519996993  1.0  0.46  0.54  0.0  0.463  0.537  0.45  0.55
3.0  1.0  0.01  0.01  0.043179507470519754  -0.4200745771026553  0.5725937904168988  15.879003219754283  15.845981198060159  1.0  0.434  0.459  0.108  0.459  0.541  0.525  0.475
4.0  2.5  0.01  0.01  -0.45683036054844933  0.9575022101083954  1.773361344492053  19.894593820390302  19.828861693782564  1.0  0.479  0.521  0.0  0.461  0.539  0.475  0.525
3.0  1.5  0.01  0.01  0.16466423003406086  -0.9316149024822817  0.3791881380476454  15.274110340588052  15.62979531650175  1.0  0.445  0.55  0.004  0.459  0.541  0.525  0.475
5.5  2.25  0.01  0.01  -0.4410708392654298  0.8290424767181399  1.5540668273613618  18.60550487823384  21.263316244670396  1.0  0.34  0.636  0.024  0.453  0.547  0.625  0.375
4.5  1.75  0.01  0.01  -0.22271896579491599  0.6153781506257443  0.4210663442276349  15.26280480494844  15.05622670578541  1.0  0.395  0.565  0.04  0.467  0.533  0.375  0.625
5.5  2.75  0.01  0.01  -0.13042252075831143  0.07053384691838605  0.6098724687529667  14.966560618255958  15.05538793040073  1.0  0.457  0.538  0.005  0.46  0.54  0.5  0.5
4.5  2.75  0.01  0.01  0.12866992039874775  -0.6882533811807889  1.4414769257558049  16.491842477080635  15.485033816336903  1.0  0.461  0.539  0.0  0.467  0.533  0.375  0.625
5.5  3.25  0.01  0.01  0.09037618837903626  -0.7459739994049039  1.9491664183095583  22.326868136198872  24.853001257090977  1.0  0.455  0.545  0.001  0.464  0.536  0.425  0.575
4.0  2.0  0.01  0.01  -0.007959881363357013  -0.28746628181172706  0.5795267697211192  15.005384557463465  14.965859678482223  1.0  0.457  0.538  0.005  0.46  0.54  0.5  0.5
6.0  2.5  0.01  0.01  -0.22406077364474059  0.48305029557530377  0.541606285978788  15.103717731860973  15.176220657075055  1.0  0.423  0.551  0.026  0.466  0.534  0.4  0.6
5.0  2.0  0.01  0.01  -0.1880984957839133  0.19068720845780462  1.6095181288714018  19.626592457265648  16.501162684424077  1.0  0.389  0.576  0.035  0.466  0.534  0.4  0.6
6.0  3.5  0.01  0.01  0.12608229921591654  -0.8349580745354253  0.9495434595373478  15.06280305759243  15.385414082994009  1.0  0.461  0.538  0.001  0.468  0.532  0.35  0.65
2.5  1.25  0.01  0.01  -0.11750475668857648  0.12190181578774895  2.1530389953223343  25.93349856389938  31.303542435620624  1.0  0.428  0.567  0.005  0.464  0.536  0.425  0.575
2.0  1.5  0.01  0.01  -0.23356279369145672  0.5995770883311928  1.144528267069277  16.10058518356906  16.504068658122765  1.0  0.552  0.448  0.0  0.456  0.544  0.575  0.425
3.5  1.25  0.01  0.01  -0.2712965618235475  0.724687646055145  1.0137696433538292  16.210297125276956  15.886505659489114  1.0  0.307  0.637  0.056  0.467  0.533  0.375  0.625
2.0  0.5  0.01  0.01  0.16712112010996505  -0.7436486216089786  0.9558509791915489  19.72143124599506  18.32595929106029  1.0  0.644  0.167  0.189  0.466  0.534  0.4  0.6
2.0  1.0  0.01  0.01  0.17148226405364275  -0.8458019307150344  0.4897624839470331  15.443201875156353  15.349516408607695  1.0  0.436  0.56  0.004  0.461  0.539  0.475  0.525
3.0  2.0  0.01  0.01  -0.2936590829380662  0.5669786093784732  2.055138927846956  24.340689594687408  17.109346889207753  1.0  0.487  0.513  0.0  0.463  0.537  0.45  0.55
2.5  1.75  0.01  0.01  -0.0010232934401292401  -0.19757806090773866  2.0665455135696735  23.953577453560488  24.159578926239963  1.0  0.46  0.54  0.0  0.466  0.534  0.4  0.6
2.5  0.75  0.01  0.01  -0.1903770381757348  0.4462836221214592  1.1707004357808708  18.15938644243166  18.809422669313676  1.0  0.204  0.679  0.118  0.463  0.537  0.45  0.55
3.0  1.0  0.01  0.01  0.07551747705424725  -0.5109693593020348  2.156925189289442  29.07201626382736  35.20412783082817  1.0  0.462  0.432  0.105  0.456  0.544  0.575  0.425
4.0  2.5  0.01  0.01  0.14323917998165872  -0.887979224745232  0.7528068035234741  15.415361580707133  14.751098158919575  1.0  0.433  0.567  0.0  0.457  0.543  0.55  0.45
3.5  1.75  0.01  0.01  0.026610356243040232  -0.37570159074782294  2.0088107470205405  23.875275078529075  21.547565476914542  1.0  0.458  0.537  0.005  0.463  0.537  0.45  0.55
3.0  1.5  0.01  0.01  0.10161372301761457  -0.6601286644177027  0.40984693309206716  15.170006147438837  15.261781829756615  1.0  0.453  0.542  0.005  0.46  0.54  0.5  0.5
3.5  2.25  0.01  0.01  0.1039545723335204  -0.5954105512506997  2.1849407470926088  25.976693280540722  28.628355588333655  1.0  0.45  0.55  0.0  0.464  0.536  0.425  0.575
4.0  1.5  0.01  0.01  -0.36248115947244763  0.9301104220061636  1.0187035811101606  15.890062354186512  17.51183988745408  1.0  0.311  0.651  0.038  0.459  0.541  0.525  0.475
4.5  1.75  0.01  0.01  -0.2284001570404842  0.28092198833514415  1.791424540377377  22.007863123887006  20.281413737683447  1.0  0.354  0.606  0.04  0.461  0.539  0.475  0.525
5.5  3.25  0.01  0.01  -0.13182214322539565  0.04603488892523222  1.5152019635360552  16.958214726763764  16.97282089334427  1.0  0.47  0.53  0.001  0.467  0.533  0.375  0.625
4.0  2.0  0.01  0.01  0.19391635497822804  -0.9267959751846919  1.2653804660580084  15.77928125974653  15.49219428682925  1.0  0.475  0.52  0.005  0.463  0.537  0.45  0.55
4.5  2.25  0.01  0.01  0.12156749180954009  -0.8167603300160009  2.2257080208776445  27.25929076070756  26.601975460764983  1.0  0.459  0.536  0.005  0.454  0.546  0.6  0.4
5.5  2.75  0.01  0.01  -0.09535176367788935  -0.19279115166028116  1.6568739018340841  18.844181226768086  19.563308454761387  1.0  0.446  0.549  0.005  0.461  0.539  0.475  0.525
6.0  3.5  0.01  0.01  -0.04055178339310428  -0.39631433644482206  1.6704115073618093  18.596391429317883  19.280314832512882  1.0  0.456  0.543  0.001  0.461  0.539  0.475  0.525
5.0  3.0  0.01  0.01  -0.08160624670462523  -0.0653297922746161  1.1924836143596975  15.250748044257199  16.375193527287113  1.0  0.47  0.529  0.0  0.466  0.534  0.4  0.6
6.0  2.5  0.01  0.01  -0.13657878002197102  0.0262047247297581  0.6261933865521344  15.094177473895247  15.42840889678906  1.0  0.426  0.548  0.027  0.459  0.541  0.525  0.475
5.0  2.0  0.01  0.01  0.07115524734189776  -0.6121024824048906  0.83178050717873  15.366264992482  15.171077498487103  1.0  0.463  0.5  0.036  0.466  0.534  0.4  0.6
6.0  3.0  0.01  0.01  -0.35104097061934186  0.6592837356414933  1.4074959428338418  16.359417052874008  16.151658328489894  1.0  0.437  0.558  0.005  0.463  0.537  0.45  0.55
5.0  2.5  0.01  0.01  -0.1606480101870388  -0.03367703609330541  1.8958363239317577  22.023214889130916  18.352599461794266  1.0  0.431  0.564  0.005  0.459  0.541  0.525  0.475
5.5  2.25  0.01  0.01  -0.046761594263661124  -0.4039340998602541  2.600092956333287  35.65305175137547  38.01939345334713  1.0  0.424  0.545  0.031  0.47  0.53  0.325  0.675
4.5  2.75  0.01  0.01  0.16230990295883016  -0.8644482381087719  0.6849288205102197  15.338096698785039  15.279062678066106  1.0  0.452  0.548  0.0  0.474  0.526  0.25  0.75
2.0  1.5  0.01  0.01  0.052233888469288954  -0.33925059280803893  1.06219458114597  16.084689730033585  15.617629221556973  1.0  0.438  0.562  0.0  0.461  0.539  0.475  0.525
2.5  1.25  0.01  0.01  0.13008964944453222  -0.7131493904749688  0.4532962613921091  15.224404863936352  15.257300968515011  1.0  0.454  0.541  0.005  0.464  0.536  0.425  0.575
2.5  0.75  0.01  0.01  0.02987860313107547  -0.317687943168971  0.6000645254242033  16.47489165473282  16.615454518177344  1.0  0.404  0.423  0.173  0.46  0.54  0.5  0.5
2.0  1.0  0.01  0.01  -0.028898033546564297  -0.08662109466032497  2.0484725394052288  24.49286268187471  22.620245766300865  1.0  0.446  0.549  0.005  0.467  0.533  0.375  0.625
3.5  1.75  0.01  0.01  0.09293690852920322  -0.5821295659469679  1.136156263018882  15.298769105005514  14.963783581416006  1.0  0.467  0.528  0.005  0.464  0.536  0.425  0.575
3.0  1.0  0.01  0.01  -0.299470075991405  0.9169446467522526  0.7811567655644509  16.214206870525228  15.73362424010772  1.0  0.257  0.681  0.062  0.467  0.533  0.375  0.625
2.5  1.75  0.01  0.01  -0.1874494461460499  0.5921230783755966  0.4610454896823797  16.129748330206652  15.925471343564999  1.0  0.544  0.456  0.0  0.466  0.534  0.4  0.6
3.5  2.25  0.01  0.01  0.10586266885682216  -0.6412255745600088  0.9376392499083943  15.300046725633747  15.682465625349295  1.0  0.444  0.555  0.0  0.463  0.537  0.45  0.55
3.0  1.5  0.01  0.01  -0.23816181482497065  0.7056425565760434  0.5424726237242077  15.076813070725253  14.998366214766303  1.0  0.463  0.532  0.004  0.46  0.54  0.5  0.5
4.5  1.75  0.01  0.01  0.18449002516605745  -0.9992457949617652  2.039355033182371  26.168120211144547  21.349122458028244  1.0  0.494  0.465  0.041  0.459  0.541  0.525  0.475
2.0  0.5  0.01  0.01  -0.03772653002333422  0.02134541168228088  0.7991533522941683  18.492471064122288  17.938350741793585  1.0  0.248  0.442  0.31  0.47  0.53  0.325  0.675
4.0  1.5  0.01  0.01  -0.02373560612581716  -0.2527528245095727  0.5574765293660867  15.358123430773386  15.64420530008076  1.0  0.421  0.523  0.057  0.457  0.543  0.55  0.45
5.0  3.0  0.01  0.01  -0.1367245914235428  0.09670509250050152  0.9516659831200226  15.009981191062616  15.986987037647205  1.0  0.472  0.528  0.0  0.461  0.539  0.475  0.525
5.5  2.25  0.01  0.01  -0.13914587079327628  0.1310479579460988  0.6333653879644167  15.13948250552108  15.29911231253073  1.0  0.424  0.546  0.031  0.463  0.537  0.45  0.55
3.5  1.25  0.01  0.01  0.032389557602968466  -0.41264399682124164  0.5699743009239154  15.577446334988892  15.440913932665683  1.0  0.437  0.487  0.075  0.46  0.54  0.5  0.5
4.0  2.5  0.01  0.01  -0.12278790702952593  0.12189347565858055  0.6826989833702589  15.321616229169383  15.039118778490245  1.0  0.476  0.524  0.0  0.456  0.544  0.575  0.425
4.0  2.0  0.01  0.01  -0.12680432859419272  0.23309693068137305  0.37398303642581293  15.079406687989064  14.976267115595562  1.0  0.463  0.532  0.005  0.463  0.537  0.45  0.55
4.5  2.75  0.01  0.01  -0.34174122991437905  0.8729288007190219  0.9522242428524778  15.103663290960878  15.851769057454954  1.0  0.497  0.503  0.0  0.463  0.537  0.45  0.55
3.0  2.0  0.01  0.01  -0.35466692013486123  0.916532911124261  1.4436682884101948  16.539340309758057  16.748113372603658  1.0  0.528  0.472  0.0  0.467  0.533  0.375  0.625
5.5  3.25  0.01  0.01  -0.3362934368671812  0.5936967060728613  1.3481904068561714  15.906105457873098  14.822363803512545  1.0  0.466  0.533  0.001  0.457  0.543  0.55  0.45
5.5  2.75  0.01  0.01  0.09452813416725281  -0.7478890814896488  0.7243252417627466  14.963635251871606  15.563362402826499  1.0  0.463  0.532  0.005  0.464  0.536  0.425  0.575
5.0  2.0  0.01  0.01  -0.38427045324133363  0.8953678944595844  1.24397260764419  16.38368512692028  15.687600703569064  1.0  0.353  0.619  0.029  0.463  0.537  0.45  0.55
6.0  3.0  0.01  0.01  -0.1473090319203144  0.12752885063202224  0.5954823829636919  14.967501176281552  15.121928017934176  1.0  0.459  0.536  0.005  0.463  0.537  0.45  0.55
5.0  2.5  0.01  0.01  0.02630509392542952  -0.47243820363216726  0.8639924386459333  14.9713745330624  14.835764740662114  1.0  0.461  0.534  0.005  0.463  0.537  0.45  0.55
6.0  3.5  0.01  0.01  -0.30015009720288566  0.47629694429876923  1.5529221412943537  17.37501468603635  18.321403431484185  1.0  0.466  0.533  0.001  0.464  0.536  0.425  0.575
4.5  2.25  0.01  0.01  -0.10461023121534667  0.12369690444478088  0.5548629714362631  15.003609399891799  14.774360954525275  1.0  0.465  0.53  0.005  0.467  0.533  0.375  0.625
6.0  2.5  0.01  0.01  0.13273205560067455  -0.9976530416634826  0.45591208662511185  15.16289845711854  15.615475878528406  1.0  0.465  0.509  0.026  0.461  0.539  0.475  0.525
2.0  1.5  0.01  0.01  -0.01474350136974526  -0.08432445792571386  0.6943437941055786  16.21226372902325  18.24221414058721  1.0  0.473  0.526  0.0  0.467  0.533  0.375  0.625
2.5  1.75  0.01  0.01  -0.1294815615045226  0.35704886875416  0.4611832063476833  16.05630792505535  16.01603374377168  1.0  0.519  0.481  0.0  0.467  0.533  0.375  0.625
3.0  1.5  0.01  0.01  -0.2454105088327545  0.7412698613058122  0.4568119570647296  15.109197674780438  15.272136737472746  1.0  0.464  0.532  0.004  0.457  0.543  0.55  0.45
3.0  1.0  0.01  0.01  -0.24539619851718827  0.8090972817144915  0.40891658421685284  15.820727097941607  15.788624920864748  1.0  0.289  0.636  0.075  0.467  0.533  0.375  0.625
3.5  2.25  0.01  0.01  -0.30769727831446336  0.43526277613962305  2.4623721227332194  30.808199130503887  33.27575328568928  1.0  0.457  0.543  0.0  0.454  0.546  0.6  0.4
3.5  1.75  0.01  0.01  -0.3162311884884763  0.9905760872952443  0.5619845766667324  15.12110343097495  14.850721897463245  1.0  0.469  0.527  0.004  0.461  0.539  0.475  0.525
2.0  1.0  0.01  0.01  -0.03899981644281119  -0.022593490526550575  0.7618241412182368  14.92585332998837  15.083281042243636  1.0  0.454  0.541  0.005  0.459  0.541  0.525  0.475
2.5  0.75  0.01  0.01  -0.2835959854892316  0.8474441851118808  0.7927700143883911  16.948571048543506  17.051727606499675  1.0  0.177  0.749  0.074  0.457  0.543  0.55  0.45
3.5  1.25  0.01  0.01  -0.259310826265612  0.7827669024980715  0.4535206884421734  15.532422053956795  15.644628779458845  1.0  0.326  0.616  0.057  0.46  0.54  0.5  0.5
4.0  2.0  0.01  0.01  -0.0714294460019852  -0.04845858447298612  0.4204248466761029  15.054690404275235  15.049854020853314  1.0  0.456  0.539  0.005  0.457  0.543  0.55  0.45
4.5  1.75  0.01  0.01  -0.16489055260094693  0.11925310984651216  1.5399312718276401  18.915573829894566  18.721369184038064  1.0  0.378  0.58  0.042  0.457  0.543  0.55  0.45
2.5  1.25  0.01  0.01  -0.2029003107771091  0.5462723630393236  0.8812679474062458  14.960404190744313  15.607324401998948  1.0  0.451  0.545  0.004  0.464  0.536  0.425  0.575
4.5  2.75  0.01  0.01  -0.37906365708239287  0.8891466967907287  1.2429069494097718  15.52727582788507  14.948570973980036  1.0  0.489  0.511  0.0  0.46  0.54  0.5  0.5
4.0  1.5  0.01  0.01  -0.30485899248649256  0.981350869340013  0.5319477998377947  15.422749734011862  15.513337315502246  1.0  0.357  0.6  0.043  0.47  0.53  0.325  0.675
2.0  0.5  0.01  0.01  0.01303444432816664  -0.1990861633813843  1.7002982916344092  26.51192665416696  24.4006892587279  1.0  0.326  0.354  0.32  0.467  0.533  0.375  0.625
5.5  2.25  0.01  0.01  0.08195012680869661  -0.7537594727469434  1.340316132874932  16.72458874570356  17.77816412134116  1.0  0.459  0.51  0.031  0.457  0.543  0.55  0.45
6.0  3.0  0.01  0.01  -0.11092318153960444  -0.013389034121415122  0.4221589075357522  15.045359279442707  15.17174542374757  1.0  0.46  0.535  0.005  0.461  0.539  0.475  0.525
4.0  2.5  0.01  0.01  -0.216923609567303  0.36585033234801734  1.4645836455773824  16.45338162620621  17.084226349732194  1.0  0.477  0.523  0.0  0.461  0.539  0.475  0.525
5.0  2.0  0.01  0.01  -0.15945080937377695  -0.06363543390623527  2.5722949049911525  35.16977858565974  40.72957172049873  1.0  0.382  0.583  0.035  0.46  0.54  0.5  0.5
5.0  3.0  0.01  0.01  -0.38565808799057427  0.6000977274367592  2.1330151814849447  25.328828363743355  26.556216210119707  1.0  0.454  0.546  0.0  0.461  0.539  0.475  0.525
6.0  3.5  0.01  0.01  -0.0940395598189587  -0.10129931307284123  0.38444336900955933  15.309995747909  15.9973523670164  1.0  0.468  0.531  0.001  0.46  0.54  0.5  0.5
5.5  2.75  0.01  0.01  -0.16874784865062595  0.21987152132603915  0.8958807591294486  14.935126054884496  14.884165701397146  1.0  0.457  0.539  0.005  0.464  0.536  0.425  0.575
5.5  3.25  0.01  0.01  -0.36950370744046196  0.5115266428417853  2.189545261925623  26.464805069110486  23.134624056045904  1.0  0.451  0.549  0.001  0.46  0.54  0.5  0.5
4.5  2.25  0.01  0.01  -0.25830716297102563  0.6649151490230465  0.44966496461149946  15.036649838789177  15.472902729327567  1.0  0.458  0.537  0.005  0.457  0.543  0.55  0.45
5.0  2.5  0.01  0.01  -0.136548350175416  0.212482498088858  0.46986808596683066  15.02755988007285  15.031115036856757  1.0  0.464  0.531  0.005  0.466  0.534  0.4  0.6
3.0  2.0  0.01  0.01  -0.22774444564356391  0.6582021201966446  0.5797232845125155  15.73790875292725  15.511914654846436  1.0  0.527  0.473  0.0  0.46  0.54  0.5  0.5
6.0  2.5  0.01  0.01  -0.1716528318309721  0.18607855147205798  0.9363772229730313  15.29023049859132  15.110485236078247  1.0  0.423  0.551  0.026  0.464  0.536  0.425  0.575
2.5  1.75  0.01  0.01  -0.2982343611897134  0.5469786226869591  2.700671070781517  35.74806810465886  45.52441594719645  1.0  0.491  0.509  0.0  0.463  0.537  0.45  0.55
2.0  1.0  0.01  0.01  -0.05849276459053389  0.06234504477325231  0.7916868736262392  14.944647036032027  14.598134634922488  1.0  0.454  0.541  0.005  0.46  0.54  0.5  0.5
2.5  1.25  0.01  0.01  -0.015144158264661835  -0.116935910686085  0.5712236746298504  14.987159271318127  15.168684115538138  1.0  0.461  0.533  0.005  0.464  0.536  0.425  0.575
2.5  0.75  0.01  0.01  0.09546160457766943  -0.4986394603226061  2.004297653236764  28.403261120550145  26.227456839884873  1.0  0.493  0.348  0.16  0.46  0.54  0.5  0.5
2.0  1.5  0.01  0.01  -0.24579470750785704  0.8048552291033613  1.250193872822229  16.44178422903984  15.618382501855308  1.0  0.603  0.397  0.0  0.464  0.536  0.425  0.575
2.0  0.5  0.01  0.01  -0.023620467597273275  -0.05528531391426217  0.5293968024815658  17.768749691755666  17.96054791425207  1.0  0.264  0.421  0.315  0.461  0.539  0.475  0.525
3.0  1.0  0.01  0.01  -0.07226242650058129  0.096069026080847  0.5124348452165626  15.773061381196154  15.681591822029372  1.0  0.367  0.527  0.106  0.468  0.532  0.35  0.65
3.5  1.25  0.01  0.01  -0.1498874232850518  0.3520397879489876  0.5841454226317043  15.534681484811044  15.525249223384828  1.0  0.362  0.569  0.069  0.466  0.534  0.4  0.6
4.0  2.5  0.01  0.01  -0.051177661299613715  -0.15707570992630804  1.1138982164216884  15.231896626937116  15.670945377551277  1.0  0.464  0.536  0.0  0.46  0.54  0.5  0.5
4.5  2.75  0.01  0.01  0.060079926090289025  -0.5792649136547183  2.1616918929799827  25.566593089809306  30.19602084039724  1.0  0.453  0.546  0.0  0.463  0.537  0.45  0.55
5.5  2.25  0.01  0.01  -0.11363459569286509  0.03202178107497633  1.3029387122196983  16.550854751670308  16.05662409826755  1.0  0.428  0.542  0.031  0.47  0.53  0.325  0.675
6.0  3.5  0.01  0.01  -0.0018487970643640975  -0.44348989274935513  0.683471317772453  15.138389635614118  15.254511865828542  1.0  0.463  0.537  0.001  0.463  0.537  0.45  0.55
3.5  2.25  0.01  0.01  -0.1499076104447553  0.10787183936227018  2.3078746209857126  27.824490822899918  34.362191045607844  1.0  0.464  0.536  0.0  0.463  0.537  0.45  0.55
5.5  2.75  0.01  0.01  -0.08098884232751452  -0.07584693082568328  0.41791047147863347  15.033661534721395  15.462371861906457  1.0  0.461  0.534  0.005  0.463  0.537  0.45  0.55
4.5  2.25  0.01  0.01  -0.1926087982185242  0.441502984472955  0.41003697384338095  15.04534520783264  15.366173244934876  1.0  0.462  0.533  0.005  0.461  0.539  0.475  0.525
4.5  1.75  0.01  0.01  -0.33414949425963175  0.6935410035275784  1.5375314193676808  18.73905040841259  21.29196098455183  1.0  0.333  0.632  0.035  0.461  0.539  0.475  0.525
3.0  1.5  0.01  0.01  -0.16046137042727782  0.42887145448891517  0.4808797531017502  15.025747319688785  15.364053082075277  1.0  0.464  0.531  0.005  0.464  0.536  0.425  0.575
3.5  1.75  0.01  0.01  -0.16642789879420689  0.36357450533638946  0.6866215428604976  14.92139614155272  15.529611843685412  1.0  0.455  0.54  0.005  0.461  0.539  0.475  0.525
5.0  2.5  0.01  0.01  -0.3204285972650392  0.8484525017086624  0.796025592822013  14.943574699381651  15.226438347632449  1.0  0.458  0.538  0.004  0.466  0.534  0.4  0.6
4.0  2.0  0.01  0.01  0.09515870898921444  -0.6718865191773993  1.151051616624793  15.340335365632047  14.746220447737304  1.0  0.46  0.535  0.005  0.459  0.541  0.525  0.475
4.0  1.5  0.01  0.01  -0.1348785186142355  0.2822303256974892  0.6927152915888688  15.42230505664753  15.256276200922954  1.0  0.396  0.55  0.054  0.47  0.53  0.325  0.675
5.0  3.0  0.01  0.01  0.1230481865160958  -0.8707572555892562  2.39750192333842  29.8754966565241  28.859916823647996  1.0  0.446  0.553  0.0  0.454  0.546  0.6  0.4
3.0  2.0  0.01  0.01  -0.28426034722286403  0.9358290264921019  0.5591883990906743  15.827017858421028  16.139642981004222  1.0  0.557  0.443  0.0  0.47  0.53  0.325  0.675
6.0  2.5  0.01  0.01  -0.25310533377665434  0.15821937146040077  2.1614531572470432  27.629687954043227  23.12395292044467  1.0  0.384  0.591  0.025  0.461  0.539  0.475  0.525
6.0  3.0  0.01  0.01  -0.0829154139004076  -0.10865292246142011  0.6770939765790962  14.962791433494063  14.801526530731536  1.0  0.461  0.534  0.005  0.464  0.536  0.425  0.575
5.5  3.25  0.01  0.01  -0.09684829130772661  -0.03478336489134115  0.4389734323869371  15.33834673136346  15.338030103083046  1.0  0.472  0.528  0.001  0.461  0.539  0.475  0.525
5.0  2.0  0.01  0.01  0.1570396420716581  -0.9269264584586814  1.086463661959861  15.877621825705413  15.049080516149848  1.0  0.482  0.483  0.035  0.463  0.537  0.45  0.55
2.0  0.5  0.01  0.01  0.18284581795221935  -0.8322471325901801  0.8279721408791482  19.110570105571433  20.394796348186766  1.0  0.663  0.167  0.171  0.464  0.536  0.425  0.575
2.0  1.5  0.01  0.01  -0.18409788640630814  0.6968700752264034  0.6592853464874951  16.608181175557267  17.941436595450426  1.0  0.6  0.4  0.0  0.464  0.536  0.425  0.575
2.5  1.75  0.01  0.01  -0.18888424035006943  0.43343868965244003  1.402566639169546  16.193952321968315  17.623290281492693  1.0  0.51  0.49  0.0  0.468  0.532  0.35  0.65
2.5  0.75  0.01  0.01  -0.02787582645004034  -0.11708281627606176  0.6220519354154316  16.446641562299902  16.77844412511726  1.0  0.339  0.489  0.172  0.454  0.546  0.6  0.4
3.0  1.5  0.01  0.01  0.1837422802203443  -0.8129958863281614  2.196357940584264  26.713742772718497  30.960421094770055  1.0  0.48  0.516  0.004  0.457  0.543  0.55  0.45
2.5  1.25  0.01  0.01  -0.07407902771782528  0.10334748947188199  0.6716007296388943  14.957223730222731  14.812161474604205  1.0  0.458  0.537  0.005  0.463  0.537  0.45  0.55
3.0  2.0  0.01  0.01  -0.11194817076200968  0.24333901611697928  0.6291143935177378  15.54806634536765  16.57753195275448  1.0  0.498  0.502  0.0  0.468  0.532  0.35  0.65
4.0  2.0  0.01  0.01  0.08839049664090456  -0.611974990964433  0.6672125520626191  15.037635388411292  14.713462736803303  1.0  0.465  0.53  0.005  0.467  0.533  0.375  0.625
3.0  1.0  0.01  0.01  -0.155085497404173  0.3505701292957373  0.6539293994480501  15.887844394631927  15.881898308661594  1.0  0.309  0.597  0.094  0.459  0.541  0.525  0.475
2.0  1.0  0.01  0.01  -0.20643468578960583  0.6802503115355767  0.6327954651814851  15.15606866073139  14.96092353354108  1.0  0.477  0.519  0.004  0.468  0.532  0.35  0.65
3.5  2.25  0.01  0.01  -0.044432287315645934  -0.07455258149377975  0.9015130633627251  15.267337287899887  14.773079458264482  1.0  0.475  0.525  0.0  0.467  0.533  0.375  0.625
3.5  1.25  0.01  0.01  -0.22386885148504604  0.6952925519914996  0.39409411992877985  15.5213050104209  15.238030616269032  1.0  0.345  0.593  0.062  0.467  0.533  0.375  0.625
5.0  3.0  0.01  0.01  0.11229505896964441  -0.8048881282091043  1.8954387256158258  21.460772657049098  19.131302004896924  1.0  0.451  0.549  0.0  0.461  0.539  0.475  0.525
4.0  1.5  0.01  0.01  -0.19804675197283672  0.35812360420018474  1.2107500627711207  16.427457934784826  18.419680709615754  1.0  0.357  0.593  0.05  0.461  0.539  0.475  0.525
4.5  2.75  0.01  0.01  -0.15469101704473454  0.12775434058759827  1.3113961012512134  15.666196817032391  16.615632262888802  1.0  0.468  0.531  0.0  0.46  0.54  0.5  0.5
4.5  2.25  0.01  0.01  0.17520009549759297  -0.9988451105439204  0.5159171795402803  15.123560612494842  15.292245822521085  1.0  0.462  0.534  0.005  0.467  0.533  0.375  0.625
3.5  1.75  0.01  0.01  0.07424726010517785  -0.5462405274777009  1.2142596642514714  15.549056024685918  15.496569534402232  1.0  0.461  0.534  0.005  0.457  0.543  0.55  0.45
5.0  2.0  0.01  0.01  -0.041270943463954685  -0.2279660528276417  1.3442988602558887  16.957068439676224  15.460839291544321  1.0  0.434  0.529  0.037  0.466  0.534  0.4  0.6
5.5  2.25  0.01  0.01  -0.1594734161977479  -0.14312302686614675  2.5096548927481885  34.000976220123604  32.05103281975786  1.0  0.389  0.581  0.03  0.461  0.539  0.475  0.525
5.5  2.75  0.01  0.01  0.05175349442105143  -0.643869197536028  0.38755635175941855  15.091680439924732  15.400954164721009  1.0  0.458  0.537  0.005  0.461  0.539  0.475  0.525
6.0  3.0  0.01  0.01  -0.014794171077010207  -0.43680531938507716  0.5331801615434789  14.998311968211137  15.449735838542376  1.0  0.456  0.539  0.005  0.459  0.541  0.525  0.475
4.5  1.75  0.01  0.01  -0.3012877922388173  0.8126248221475787  0.7508770611828751  15.350708963564086  15.635387213367778  1.0  0.367  0.597  0.037  0.464  0.536  0.425  0.575
5.0  2.5  0.01  0.01  -0.3265828162540746  0.7712256251464014  1.0255033042803259  15.077321771504787  15.42431424494222  1.0  0.447  0.549  0.004  0.464  0.536  0.425  0.575
4.0  2.5  0.01  0.01  0.12362029620477426  -0.8027080623789342  0.6575639251733962  15.416968599127857  15.68585291033323  1.0  0.439  0.561  0.0  0.46  0.54  0.5  0.5
6.0  3.5  0.01  0.01  -0.06928484848941346  -0.1827122981250222  1.339617893187717  15.837530922424172  15.336872185195512  1.0  0.468  0.532  0.001  0.468  0.532  0.35  0.65
6.0  2.5  0.01  0.01  -0.3890804586678177  0.9380482315181411  1.0225780276222394  15.473917168498332  15.634868364820377  1.0  0.39  0.588  0.023  0.466  0.534  0.4  0.6
5.5  3.25  0.01  0.01  -0.19583350697268317  0.23951476042921716  1.425304828069182  16.23447723239398  14.781619361978107  1.0  0.471  0.529  0.001  0.466  0.534  0.4  0.6
2.0  1.0  0.01  0.01  -0.1440153741248794  0.3291280826431182  1.1173136744269603  15.208890668792423  15.878599665133686  1.0  0.439  0.556  0.004  0.461  0.539  0.475  0.525
2.5  1.25  0.01  0.01  0.0791913846082172  -0.48080396013870796  0.4763197499493613  15.12018547557855  15.111446312839268  1.0  0.464  0.532  0.005  0.468  0.532  0.35  0.65
2.5  0.75  0.01  0.01  -0.286994434535436  0.6632414471437784  1.7808572440636319  24.62750521175676  29.517107899314635  1.0  0.141  0.789  0.07  0.464  0.536  0.425  0.575
2.0  1.5  0.01  0.01  -0.2052538065999094  0.6353639416270611  0.4939406041875857  17.072348395031685  16.154123425781187  1.0  0.574  0.425  0.0  0.457  0.543  0.55  0.45
2.5  1.75  0.01  0.01  0.09008432648785492  -0.5354796038116549  0.5450777535879889  16.062078858571702  15.673042668842474  1.0  0.428  0.572  0.0  0.464  0.536  0.425  0.575
2.0  0.5  0.01  0.01  0.04268701282874833  -0.3376061671456094  2.4055974133504336  38.06684021115131  42.21875333115831  1.0  0.375  0.313  0.312  0.459  0.541  0.525  0.475
4.0  2.5  0.01  0.01  -0.19939825959897783  0.2623420182041052  1.6778766001861476  18.5895722713349  19.31575285947817  1.0  0.469  0.531  0.0  0.461  0.539  0.475  0.525
4.0  2.0  0.01  0.01  -0.32327797998299584  0.7808990960244155  1.4014620297674376  16.406525310641  15.02257245197371  1.0  0.439  0.557  0.004  0.47  0.53  0.325  0.675
3.0  1.5  0.01  0.01  0.11790474066033282  -0.5915708425077046  1.2282859509397357  15.625628452829915  15.461480780095226  1.0  0.476  0.519  0.005  0.467  0.533  0.375  0.625
4.0  1.5  0.01  0.01  -0.15840126296218382  0.14449295052662325  1.6317017315634124  20.016777637012513  23.835937339440356  1.0  0.36  0.587  0.052  0.463  0.537  0.45  0.55
3.0  1.0  0.01  0.01  -0.272267750622872  0.5787229703345098  1.6132245435335744  21.249081720842057  20.56673080529456  1.0  0.227  0.706  0.067  0.463  0.537  0.45  0.55
3.5  1.75  0.01  0.01  0.20451815537018478  -0.9904058602626373  0.9657448420436263  15.209597185753134  15.200193902888259  1.0  0.467  0.529  0.004  0.463  0.537  0.45  0.55
3.5  2.25  0.01  0.01  -0.481290379383561  0.9984268596842936  2.208462548203151  26.3690725659763  30.938313152191444  1.0  0.485  0.515  0.0  0.459  0.541  0.525  0.475
5.0  2.5  0.01  0.01  -0.2658631517297882  0.6598270304499065  0.5903266499301681  14.994388984504772  15.002348614140695  1.0  0.459  0.536  0.005  0.461  0.539  0.475  0.525
4.5  2.75  0.01  0.01  0.086624293892137  -0.5536927365448472  1.2215753694282292  15.466990206251015  15.504703484341695  1.0  0.464  0.535  0.0  0.471  0.529  0.3  0.7
6.0  3.0  0.01  0.01  -0.09685691789509265  -0.0067052332286601235  0.5754859062772982  14.999114765671584  14.747413224784845  1.0  0.465  0.53  0.005  0.467  0.533  0.375  0.625
3.5  1.25  0.01  0.01  -0.2084842209914958  0.5148000600674578  0.9480065036158308  15.936807069282503  16.500426456276834  1.0  0.331  0.605  0.063  0.466  0.534  0.4  0.6
3.0  2.0  0.01  0.01  0.1579349360603141  -0.7970036590638985  2.4139932381256672  30.14003945076405  27.137704884830395  1.0  0.423  0.577  0.0  0.451  0.549  0.65  0.35
5.0  3.0  0.01  0.01  -0.12270359539221765  -0.021172709580527638  1.040415987415797  15.18657281840005  15.185222654466964  1.0  0.464  0.536  0.0  0.457  0.543  0.55  0.45
4.5  2.25  0.01  0.01  -0.19460424342379273  0.42139781560503864  0.4510116697521705  15.040195120644947  15.07089416907898  1.0  0.459  0.537  0.005  0.459  0.541  0.525  0.475
6.0  3.5  0.01  0.01  -0.05409321683887204  -0.23115463052174667  0.5337704944226952  15.225887053514343  15.450169937069301  1.0  0.467  0.532  0.001  0.463  0.537  0.45  0.55
5.5  2.25  0.01  0.01  -0.0856740436396945  -0.15724730761790506  0.8686752780326772  15.268352990801016  15.324087713509096  1.0  0.425  0.544  0.031  0.457  0.543  0.55  0.45
4.5  1.75  0.01  0.01  0.09953918361697972  -0.6595187595486884  0.9303254312573568  15.59295692159066  15.740311078285947  1.0  0.474  0.482  0.044  0.467  0.533  0.375  0.625
5.5  3.25  0.01  0.01  -0.25121910083056304  0.2442369718048969  2.0243825521890995  23.792945178000604  18.786250053056644  1.0  0.456  0.543  0.001  0.464  0.536  0.425  0.575
5.5  2.75  0.01  0.01  0.07334195508522809  -0.625512490118485  0.9158882156578233  14.961524583213455  15.536226811909648  1.0  0.467  0.528  0.005  0.467  0.533  0.375  0.625
6.0  2.5  0.01  0.01  -0.49192342725972754  0.7622770498347247  2.470300681607333  33.345103382809256  26.891786416099773  1.0  0.332  0.647  0.021  0.463  0.537  0.45  0.55
5.0  2.0  0.01  0.01  -0.2487239746895358  0.5715719516035929  0.7334868125059998  15.25007093325251  15.13060450006257  1.0  0.393  0.574  0.033  0.461  0.539  0.475  0.525
2.0  0.5  0.01  0.01  -0.09866349886719393  0.26988044786934684  0.4520178718569431  17.640801454967995  17.876279747344654  1.0  0.176  0.563  0.261  0.467  0.533  0.375  0.625
2.0  1.0  0.01  0.01  -0.06238974722793115  0.024002029699268457  1.8732655070539852  21.36394700570132  23.76839669170751  1.0  0.44  0.555  0.005  0.467  0.533  0.375  0.625
2.0  1.5  0.01  0.01  0.08440871749838737  -0.478100470919099  1.0771783791622602  16.15268472950933  15.377515442523489  1.0  0.416  0.583  0.0  0.454  0.546  0.6  0.4
2.5  1.75  0.01  0.01  -0.15216443064241944  0.42828796335017283  0.4523695081571509  16.00747153574672  17.386914181591184  1.0  0.525  0.475  0.0  0.464  0.536  0.425  0.575
4.5  2.25  0.01  0.01  -0.011037226054739741  -0.24174298864921484  0.4592989167853525  15.050413790564027  14.978089568305762  1.0  0.466  0.529  0.005  0.468  0.532  0.35  0.65
3.0  1.0  0.01  0.01  -0.06745662012890705  -0.06814909022947746  1.7327353718868612  22.48127165598327  23.369978478740514  1.0  0.346  0.548  0.105  0.461  0.539  0.475  0.525
2.5  1.25  0.01  0.01  -0.10808167797707177  0.06471761512065144  2.492663266559255  32.48006704608396  27.890930046228796  1.0  0.424  0.571  0.005  0.467  0.533  0.375  0.625
3.0  2.0  0.01  0.01  0.19805947446423589  -0.8480860680632178  2.0881455732340686  25.055008393852514  22.35903657819586  1.0  0.429  0.571  0.0  0.46  0.54  0.5  0.5
4.0  2.5  0.01  0.01  0.1394984490430898  -0.771491325917729  1.0993776823120265  15.34461037858341  15.23674157590871  1.0  0.447  0.552  0.0  0.466  0.534  0.4  0.6
3.0  1.5  0.01  0.01  -0.054058943566977345  -0.03937582088491087  0.9526490604695618  14.970764088179504  15.019926583450797  1.0  0.455  0.54  0.005  0.461  0.539  0.475  0.525
4.5  2.75  0.01  0.01  -0.31910294645192994  0.9643946625413764  0.4727319493197717  15.489662026880016  15.323047581081335  1.0  0.514  0.486  0.0  0.463  0.537  0.45  0.55
2.5  0.75  0.01  0.01  -0.18712510909439592  0.36065412599348123  1.7452364473681286  24.38509374833279  20.201973844351148  1.0  0.193  0.69  0.118  0.466  0.534  0.4  0.6
4.0  1.5  0.01  0.01  -0.07612842746267534  0.060222327006461684  0.55462426907819  15.348221613275197  15.434746794041368  1.0  0.416  0.528  0.056  0.47  0.53  0.325  0.675
5.0  2.0  0.01  0.01  -0.09244660432535601  -0.11727007314059423  0.4549327355225649  15.18821960153664  15.141579834866064  1.0  0.414  0.549  0.036  0.45  0.55  0.675  0.325
3.5  1.75  0.01  0.01  -0.3514387317066793  0.6794772752396594  1.9748951433168476  23.63191167225181  17.881964154834854  1.0  0.402  0.594  0.004  0.459  0.541  0.525  0.475
5.5  2.75  0.01  0.01  -0.3587154406237416  0.8016409994737503  1.3220432608954613  15.96975429787076  14.81571030285183  1.0  0.443  0.553  0.004  0.468  0.532  0.35  0.65
3.5  2.25  0.01  0.01  -0.38140950576321814  0.8634560147569461  1.6174371947854338  18.252471001114987  16.55842495850333  1.0  0.496  0.504  0.0  0.461  0.539  0.475  0.525
5.0  3.0  0.01  0.01  0.03438899898166711  -0.5413458829999276  0.4884606820127187  15.357953465385428  15.698919429066283  1.0  0.455  0.544  0.0  0.46  0.54  0.5  0.5
3.5  1.25  0.01  0.01  0.14140596608581762  -0.8615041125210536  0.5313307181694269  15.649066749876859  16.027612351209577  1.0  0.485  0.447  0.069  0.459  0.541  0.525  0.475
4.5  1.75  0.01  0.01  -0.3983589426628774  0.64689236094159  2.371726138571579  31.81609052951801  29.35564429757427  1.0  0.292  0.677  0.031  0.46  0.54  0.5  0.5
5.5  2.25  0.01  0.01  -0.00714891920145134  -0.44756173921186515  1.677233443864782  20.130151558968592  18.48591793698708  1.0  0.44  0.529  0.031  0.463  0.537  0.45  0.55
4.0  2.0  0.01  0.01  -0.019375658083248468  -0.29107833436953934  1.1538311626410434  15.265359559053357  15.07164705614141  1.0  0.452  0.543  0.005  0.457  0.543  0.55  0.45
6.0  3.5  0.01  0.01  -0.22603265780424342  0.3579118503393579  0.7282810893460404  15.086983704295154  15.240049287842135  1.0  0.474  0.525  0.001  0.459  0.541  0.525  0.475
6.0  2.5  0.01  0.01  -0.22154914405885331  0.4369118623318984  0.45703725607910867  15.10871334485448  15.128011092650505  1.0  0.421  0.553  0.026  0.461  0.539  0.475  0.525
5.5  3.25  0.01  0.01  -0.2629832859633853  0.6121253743907855  0.5981152377830276  15.229158398039042  15.153845930855633  1.0  0.487  0.512  0.001  0.461  0.539  0.475  0.525
5.0  2.5  0.01  0.01  0.07695271321893586  -0.6853523099092054  0.37904932728898344  15.107399038739882  15.430908748242848  1.0  0.459  0.536  0.005  0.463  0.537  0.45  0.55
6.0  3.0  0.01  0.01  -0.13866273996478604  0.13004576953770686  0.4809341686848241  15.020182756261244  15.081798743164285  1.0  0.462  0.533  0.005  0.464  0.536  0.425  0.575
2.0  1.5  0.01  0.01  -0.0510023950356997  0.029889583297981304  1.1430751076735388  15.94555628183493  15.67826166193131  1.0  0.485  0.515  0.0  0.466  0.534  0.4  0.6
2.5  1.75  0.01  0.01  0.1832244957223995  -0.7550978348140862  1.4852721466826524  17.095089171526  16.02054386508969  1.0  0.418  0.582  0.0  0.463  0.537  0.45  0.55
2.0  0.5  0.01  0.01  0.14572851801674905  -0.6386987629589036  1.3018154957418573  21.819812376746818  22.468589013268407  1.0  0.609  0.176  0.216  0.463  0.537  0.45  0.55
2.5  0.75  0.01  0.01  0.25005667043287605  -0.9747479960599801  1.4328075793445538  20.765491224371537  20.480642370367985  1.0  0.672  0.237  0.092  0.463  0.537  0.45  0.55
3.0  2.0  0.01  0.01  0.056444511699406195  -0.49171189644264723  0.550687218298368  15.727128516221997  16.12809160383839  1.0  0.439  0.561  0.0  0.456  0.544  0.575  0.425
2.0  1.0  0.01  0.01  -0.012615247046005692  -0.1120633573428842  0.4987893081391418  15.04212514698172  14.77619496505821  1.0  0.457  0.537  0.005  0.46  0.54  0.5  0.5
3.0  1.5  0.01  0.01  0.17841052605735588  -0.8191091110304238  1.4631708965056753  16.781962296212345  21.337353140747986  1.0  0.474  0.521  0.004  0.456  0.544  0.575  0.425
3.0  1.0  0.01  0.01  -0.434193940757778  0.9523309868357204  2.6811863174892623  40.257781672359734  36.89019817002254  1.0  0.161  0.808  0.031  0.47  0.53  0.325  0.675
3.5  1.25  0.01  0.01  -0.3112582839607151  0.8649945695920909  0.9389408690967042  16.009993955725992  16.094265169888974  1.0  0.296  0.654  0.05  0.463  0.537  0.45  0.55
2.5  1.25  0.01  0.01  -0.15617057540389953  0.3975784472844581  0.8608090837454158  14.940659087474097  15.214644068562801  1.0  0.455  0.54  0.005  0.466  0.534  0.4  0.6
4.5  1.75  0.01  0.01  0.02623353294633163  -0.5832244795641037  2.312530321456275  30.956887112711293  23.960842407375  1.0  0.432  0.524  0.044  0.454  0.546  0.6  0.4
6.0  3.0  0.01  0.01  -0.371031285657166  0.7846101595087296  1.3913732889281996  16.059363880173635  19.489106409604698  1.0  0.441  0.554  0.005  0.467  0.533  0.375  0.625
4.0  2.5  0.01  0.01  0.11210378884414685  -0.6582549030812797  0.8827625946416167  15.222227150428917  15.69573325423525  1.0  0.453  0.547  0.0  0.468  0.532  0.35  0.65
4.0  1.5  0.01  0.01  -0.046002427073261305  -0.1277351975988421  0.6307925116911592  15.391066255113714  15.39137152778252  1.0  0.417  0.526  0.056  0.461  0.539  0.475  0.525
4.5  2.75  0.01  0.01  -0.10068833501315447  -0.026604126538088524  1.0410524708147613  15.106010373063393  17.19670216628346  1.0  0.467  0.533  0.0  0.459  0.541  0.525  0.475
6.0  3.5  0.01  0.01  -0.17112184361236063  -0.0030894654333253335  1.864100059820496  20.895625743072536  18.92715150175234  1.0  0.458  0.542  0.001  0.461  0.539  0.475  0.525
5.5  2.25  0.01  0.01  -0.5423553823160062  0.98729948229707  2.5212858633082096  34.23831840207062  35.47946466302574  1.0  0.31  0.669  0.021  0.466  0.534  0.4  0.6
3.5  2.25  0.01  0.01  -0.33026044090124085  0.8037175799420424  1.471554138475549  16.648727478914466  17.050380072214764  1.0  0.503  0.496  0.0  0.467  0.533  0.375  0.625
5.0  3.0  0.01  0.01  -0.28751097821884947  0.6714299493959337  0.7025392991643956  15.190214862732404  15.306144059145776  1.0  0.488  0.512  0.0  0.457  0.543  0.55  0.45
4.0  2.0  0.01  0.01  0.00840871817813227  -0.2984835437104012  0.3938635097054757  15.07693594373918  15.232796066500182  1.0  0.464  0.531  0.005  0.467  0.533  0.375  0.625
5.0  2.0  0.01  0.01  -0.07396864699501317  -0.14762542699047732  0.9995377643673632  15.538243748450096  16.008872981368775  1.0  0.422  0.541  0.037  0.46  0.54  0.5  0.5
3.5  1.75  0.01  0.01  0.0051003611475421125  -0.26589711093638435  1.128528217313598  15.241698224984978  14.884952094178157  1.0  0.462  0.533  0.005  0.466  0.534  0.4  0.6
6.0  2.5  0.01  0.01  -0.4114677515369707  0.5300058225350468  2.644332592869835  37.401047538287536  27.816860014455635  1.0  0.346  0.631  0.022  0.46  0.54  0.5  0.5
5.5  2.75  0.01  0.01  0.055263113954167935  -0.6327250266137487  0.5534876381701653  15.019295933554503  15.300777260011483  1.0  0.46  0.535  0.005  0.463  0.537  0.45  0.55
4.5  2.25  0.01  0.01  0.09880067540202664  -0.6236686514851191  1.8858314035077492  21.880461823837212  17.84547087578958  1.0  0.472  0.523  0.005  0.468  0.532  0.35  0.65
5.0  2.5  0.01  0.01  -0.19285282581392554  0.3470230817055182  0.39519265579283996  15.092630890786136  14.570045279542644  1.0  0.456  0.539  0.005  0.454  0.546  0.6  0.4
5.5  3.25  0.01  0.01  -0.09792375263844688  -0.055090699509505514  1.3328869216123131  15.758483720677432  15.371974367321897  1.0  0.469  0.531  0.001  0.467  0.533  0.375  0.625
-------------------------------------------------------------------------------------------------------------------
24005.2647228 sec