0  3.5  1.75  0.01  0.01  0.5526348893893505  -0.032271613230934595  0.9226805783478469  14.425096492343885  14.425096492343885  1.0  0.772  0.222  0.006  0.783  0.217  0.783  0.217  True
0  3.5  1.75  0.01  0.01  0.6264720116680893  -0.19317786414335852  1.1196692181321068  14.39777508717172  14.39777508717172  1.0  0.783  0.212  0.005  0.775  0.225  0.775  0.225  True
0  3.5  1.75  0.01  0.01  0.6288351037545932  -0.05323138017341228  1.5976624912151824  14.97755967308022  14.97755967308022  1.0  0.799  0.196  0.005  0.8  0.2  0.8  0.2  True
0  3.5  1.75  0.01  0.01  0.5814774417817021  0.09638860448849773  1.41351602236677  14.648793945908052  14.648793945908052  1.0  0.797  0.197  0.006  0.792  0.208  0.792  0.208  True
0  3.5  1.75  0.01  0.01  0.6036121307071706  -0.024883791929139237  1.5973146478168945  14.9408884250468  14.9408884250468  1.0  0.793  0.201  0.006  0.783  0.217  0.783  0.217  True
0  3.5  1.75  0.01  0.01  0.5608219718928662  0.00965174157551394  1.062193327237127  14.41507318745202  14.41507318745202  1.0  0.78  0.214  0.006  0.783  0.217  0.783  0.217  True
0  3.5  1.75  0.01  0.01  0.5959336137838877  -0.07510346546930335  1.0622012329593018  14.426011829307182  14.426011829307182  1.0  0.784  0.211  0.006  0.792  0.208  0.792  0.208  True
0  3.5  1.75  0.01  0.01  0.5613564367368276  -0.03606506033857437  1.0726448276016982  14.430934644430174  14.430934644430174  1.0  0.774  0.219  0.006  0.775  0.225  0.775  0.225  True
0  3.5  1.75  0.01  0.01  0.5414746799627848  -0.024239471636378608  1.0521025897567735  14.420468875047693  14.420468875047693  1.0  0.768  0.225  0.007  0.767  0.233  0.767  0.233  True
0  3.5  1.75  0.01  0.01  0.5042932483305533  0.13499999110082278  1.0724467976912997  14.4388200581287  14.4388200581287  1.0  0.77  0.223  0.007  0.775  0.225  0.775  0.225  True
0  3.5  1.75  0.01  0.01  0.640410831890484  -0.35296148390952575  0.9915160637681102  14.435789248605158  14.435789248605158  1.0  0.77  0.225  0.005  0.775  0.225  0.775  0.225  True
0  3.5  1.75  0.01  0.01  0.22913106996122562  0.5649988720896664  1.096002088549526  14.499755055529102  14.499755055529102  1.0  0.695  0.295  0.011  0.783  0.217  0.783  0.217  True
0  3.5  1.75  0.01  0.01  0.5650983293953526  0.0043701069050561415  1.0623375876916135  14.4150051668964  14.4150051668964  1.0  0.78  0.214  0.006  0.783  0.217  0.783  0.217  True
0  3.5  1.75  0.01  0.01  0.4911242524087537  0.18500650346277153  1.9310178441133863  15.200985360069557  15.200985360069557  1.0  0.771  0.222  0.007  0.792  0.208  0.792  0.208  True
0  3.5  1.75  0.01  0.01  0.6077630386764932  -0.20943227949892018  1.0325647322830163  14.417440561303867  14.417440561303867  1.0  0.774  0.221  0.006  0.775  0.225  0.775  0.225  True
0  3.5  1.75  0.01  0.01  0.5425749767228476  0.026292306148679147  1.9315956308908517  15.45054921184062  15.45054921184062  1.0  0.775  0.219  0.006  0.792  0.208  0.792  0.208  True
0  3.5  1.75  0.01  0.01  0.5347407874712526  0.12810909649857422  1.0825596126752746  14.393008467482177  14.393008467482177  1.0  0.782  0.211  0.006  0.783  0.217  0.783  0.217  True
0  3.5  1.75  0.01  0.01  0.3371999657359177  0.5949943046501609  1.1120092675165667  14.480864161483801  14.480864161483801  1.0  0.75  0.242  0.009  0.767  0.233  0.767  0.233  True
0  3.5  1.75  0.01  0.01  0.42175407201460613  0.575002826357444  1.5977869597296166  14.865426055130744  14.865426055130744  1.0  0.785  0.208  0.008  0.783  0.217  0.783  0.217  True
0  3.5  1.75  0.01  0.01  0.5578325427017146  0.04007869610242459  1.0623910342102518  14.391941005315987  14.391941005315987  1.0  0.782  0.212  0.006  0.783  0.217  0.783  0.217  True
0  3.5  1.75  0.01  0.01  0.5930956881198274  -0.1448629983738659  1.0425611156382086  14.400252941815825  14.400252941815825  1.0  0.776  0.218  0.006  0.775  0.225  0.775  0.225  True
0  3.5  1.75  0.01  0.01  0.05076712040704315  0.8249986393150106  1.172474421870251  14.639609637896736  14.639609637896736  1.0  0.638  0.35  0.012  0.792  0.208  0.792  0.208  True
0  3.5  1.75  0.01  0.01  0.5667344273091791  -0.013127875094154608  1.0713396424600805  14.421152197743794  14.421152197743794  1.0  0.78  0.214  0.006  0.783  0.217  0.783  0.217  True
0  3.5  1.75  0.01  0.01  0.4517835791973691  0.21499927844600047  0.9669844300334524  14.445858048512084  14.445858048512084  1.0  0.757  0.236  0.008  0.775  0.225  0.775  0.225  True
0  3.5  1.75  0.01  0.01  0.5463766264019214  0.12305302386374994  1.0823634385004912  14.410763333398538  14.410763333398538  1.0  0.786  0.208  0.006  0.792  0.208  0.792  0.208  True
0  3.5  1.75  0.01  0.01  0.623560497178923  -0.24030808008780907  1.0223731373403275  14.432880019739839  14.432880019739839  1.0  0.776  0.218  0.005  0.783  0.217  0.783  0.217  True
0  3.5  1.75  0.01  0.01  0.39781564257982277  0.5922205273958089  1.413000009732596  14.668988347817441  14.668988347817441  1.0  0.776  0.216  0.008  0.783  0.217  0.783  0.217  True
0  3.5  1.75  0.01  0.01  0.6056973694918676  -0.03499994718801143  1.714976835911353  14.99901220649148  14.99901220649148  1.0  0.793  0.202  0.006  0.783  0.217  0.783  0.217  True
0  3.5  1.75  0.01  0.01  0.6145097734517668  -0.14798236861250222  1.0523860193442631  14.427578603404264  14.427578603404264  1.0  0.783  0.212  0.006  0.792  0.208  0.792  0.208  True
0  3.5  1.75  0.01  0.01  0.33723562608266466  0.3549994762132289  0.9410013211101913  14.483402296984657  14.483402296984657  1.0  0.721  0.269  0.009  0.783  0.217  0.783  0.217  True
1  3.5  1.75  0.01  0.01  0.4623343682852501  -0.08303962580648568  1.3445284976657679  14.60184284019382  14.60184284019382  1.0  0.727  0.265  0.008  0.733  0.267  0.733  0.267  True
1  3.5  1.75  0.01  0.01  0.4121753918309261  -0.0004041481881832602  1.2845120120474405  14.665990019116949  14.665990019116949  1.0  0.714  0.277  0.009  0.725  0.275  0.725  0.275  True
1  3.5  1.75  0.01  0.01  0.5159943267504806  -0.2988268261529895  1.3340610594798408  14.61661496165779  14.61661496165779  1.0  0.724  0.269  0.007  0.733  0.267  0.733  0.267  True
1  3.5  1.75  0.01  0.01  0.38697336441057084  0.19485572109743138  1.606594964453787  14.572044545141823  14.572044545141823  1.0  0.725  0.266  0.009  0.725  0.275  0.725  0.275  True
1  3.5  1.75  0.01  0.01  0.42926880255579236  0.0803703854160871  1.6063707917159182  14.58657758494445  14.58657758494445  1.0  0.731  0.26  0.008  0.733  0.267  0.733  0.267  True
1  3.5  1.75  0.01  0.01  0.45864379013909434  -0.03432740348412114  1.5962167137374417  14.589283773814653  14.589283773814653  1.0  0.732  0.261  0.008  0.733  0.267  0.733  0.267  True
1  3.5  1.75  0.01  0.01  0.33958990705654957  0.3424365740728876  1.6163219161196647  14.61586282948327  14.61586282948327  1.0  0.721  0.269  0.009  0.725  0.275  0.725  0.275  True
1  3.5  1.75  0.01  0.01  0.5006269372548495  -0.19358766093443547  1.5762726373976221  14.599747224795612  14.599747224795612  1.0  0.731  0.262  0.007  0.733  0.267  0.733  0.267  True
1  3.5  1.75  0.01  0.01  0.4602018374946211  -0.09017836391671492  1.5962042833124468  14.602537275520055  14.602537275520055  1.0  0.725  0.267  0.008  0.725  0.275  0.725  0.275  True
1  3.5  1.75  0.01  0.01  0.4082206358261245  0.03367410573587748  1.3244979505680257  14.66258694617827  14.66258694617827  1.0  0.716  0.276  0.009  0.725  0.275  0.725  0.275  True
1  3.5  1.75  0.01  0.01  0.4121652646205739  0.1579203112622552  1.616296439521345  14.56301507003385  14.56301507003385  1.0  0.733  0.258  0.008  0.733  0.267  0.733  0.267  True
1  3.5  1.75  0.01  0.01  0.4496588223414905  0.022587243870498742  1.5964455868109941  14.561896155102321  14.561896155102321  1.0  0.734  0.258  0.008  0.733  0.267  0.733  0.267  True
1  3.5  1.75  0.01  0.01  0.5465931899981866  -0.4104882434997136  1.3341882105415879  14.614305795781029  14.614305795781029  1.0  0.723  0.27  0.007  0.733  0.267  0.733  0.267  True
1  3.5  1.75  0.01  0.01  0.42371811569198903  0.12227075657843256  1.6063807933991743  14.553234922956149  14.553234922956149  1.0  0.734  0.258  0.008  0.733  0.267  0.733  0.267  True
1  3.5  1.75  0.01  0.01  0.48017090760038716  -0.11440782927378063  1.585490614600246  14.591552828835015  14.591552828835015  1.0  0.731  0.261  0.008  0.733  0.267  0.733  0.267  True
1  3.5  1.75  0.01  0.01  0.40668558444102965  0.1847708249359185  1.6069374663613234  14.554066209164121  14.554066209164121  1.0  0.733  0.258  0.009  0.733  0.267  0.733  0.267  True
1  3.5  1.75  0.01  0.01  0.514339729545747  -0.22535486146006006  1.3549107697189302  14.608302225244756  14.608302225244756  1.0  0.732  0.261  0.007  0.742  0.258  0.742  0.258  True
1  3.5  1.75  0.01  0.01  0.42222187245272524  -0.012323397121892534  1.3446921527726043  14.65088101608459  14.65088101608459  1.0  0.717  0.274  0.009  0.725  0.275  0.725  0.275  True
1  3.5  1.75  0.01  0.01  0.3202652947160437  0.32499728697288854  1.6069528705470923  14.587646140712598  14.587646140712598  1.0  0.71  0.281  0.01  0.733  0.267  0.733  0.267  True
1  3.5  1.75  0.01  0.01  0.41309872551365395  0.1614798662985566  1.3643603277979621  14.624698829736396  14.624698829736396  1.0  0.734  0.258  0.008  0.742  0.258  0.742  0.258  True
1  3.5  1.75  0.01  0.01  0.5046689444508456  -0.19939786418448147  1.5722365929727342  14.603707656006597  14.603707656006597  1.0  0.731  0.261  0.007  0.733  0.267  0.733  0.267  True
1  3.5  1.75  0.01  0.01  0.44179220569616273  0.029418132795789066  1.606675078537411  14.591994356882454  14.591994356882454  1.0  0.731  0.261  0.008  0.733  0.267  0.733  0.267  True
1  3.5  1.75  0.01  0.01  0.39056482780388924  0.11499635868982494  1.572138911986099  14.601615920959285  14.601615920959285  1.0  0.717  0.274  0.009  0.725  0.275  0.725  0.275  True
1  3.5  1.75  0.01  0.01  0.054489509400910074  0.6649961393237269  1.5666554923168707  14.677284414252675  14.677284414252675  1.0  0.617  0.37  0.012  0.733  0.267  0.733  0.267  True
1  3.5  1.75  0.01  0.01  0.5186660357313957  -0.3610342010170644  1.3547339926223771  14.638904387924487  14.638904387924487  1.0  0.717  0.275  0.007  0.725  0.275  0.725  0.275  True
1  3.5  1.75  0.01  0.01  0.5717894162810061  -0.4050066298438031  1.3540021971293186  14.579569222659448  14.579569222659448  1.0  0.734  0.259  0.006  0.733  0.267  0.733  0.267  True
1  3.5  1.75  0.01  0.01  0.33852753138304503  0.3719118585353508  1.334859692494987  14.67159687547834  14.67159687547834  1.0  0.724  0.266  0.009  0.733  0.267  0.733  0.267  True
1  3.5  1.75  0.01  0.01  0.5327811796606674  -0.27752890455756407  1.5767861928600189  14.577092895070182  14.577092895070182  1.0  0.734  0.259  0.007  0.733  0.267  0.733  0.267  True
1  3.5  1.75  0.01  0.01  0.43912881089735645  -0.014549596907325893  1.5687863100010118  14.575199423357144  14.575199423357144  1.0  0.725  0.267  0.008  0.725  0.275  0.725  0.275  True
1  3.5  1.75  0.01  0.01  0.44117351722949916  -0.14500170793312056  1.3641614064716698  14.641590719240364  14.641590719240364  1.0  0.709  0.283  0.008  0.725  0.275  0.725  0.275  True
