0  3.5  1.75  0.01  0.01  0.514568868367099  0.3188352252480877  1.2845161491429002  14.422349895211932  14.422349895211932  1.0  0.794  0.199  0.007  0.798  0.202  0.798  0.202  True
0  3.5  1.75  0.01  0.01  0.5075782902738666  0.11096348908599418  1.0362620843863057  14.391717293712206  14.391717293712206  1.0  0.769  0.224  0.007  0.774  0.226  0.774  0.226  True
0  3.5  1.75  0.01  0.01  0.660937193476282  -0.3033479893668121  1.1843276091526689  14.305224936385876  14.305224936385876  1.0  0.784  0.211  0.005  0.774  0.226  0.774  0.226  True
0  3.5  1.75  0.01  0.01  0.5958015732561863  0.005496635521581925  1.6491549003450883  14.508568399185286  14.508568399185286  1.0  0.793  0.201  0.006  0.786  0.214  0.786  0.214  True
0  3.5  1.75  0.01  0.01  0.6053949405906625  -0.0003219316379612833  1.6491769807274217  14.487608869638827  14.487608869638827  1.0  0.796  0.199  0.006  0.786  0.214  0.786  0.214  True
0  3.5  1.75  0.01  0.01  0.5596985190984071  0.12873911547689756  1.2144846018239535  14.380970244267452  14.380970244267452  1.0  0.792  0.202  0.006  0.798  0.202  0.798  0.202  True
0  3.5  1.75  0.01  0.01  0.6249662178768223  0.08100089530718652  1.2443102211553319  14.327894888721673  14.327894888721673  1.0  0.811  0.184  0.005  0.821  0.179  0.821  0.179  True
0  3.5  1.75  0.01  0.01  0.43783244126191717  0.2447827837811974  0.3612811936672162  14.825293047032616  14.825293047032616  1.0  0.754  0.238  0.008  0.81  0.19  0.81  0.19  True
0  3.5  1.75  0.01  0.01  0.5584596880026789  0.09246459368419133  1.2046911229330184  14.346611673764238  14.346611673764238  1.0  0.787  0.206  0.006  0.786  0.214  0.786  0.214  True
0  3.5  1.75  0.01  0.01  0.5860910580228633  -0.002804480788822291  1.9318365249936311  14.837132450854115  14.837132450854115  1.0  0.788  0.206  0.006  0.786  0.214  0.786  0.214  True
0  3.5  1.75  0.01  0.01  0.5171278397314909  0.18339439380742065  1.214334258094217  14.351603734122907  14.351603734122907  1.0  0.781  0.213  0.007  0.774  0.226  0.774  0.226  True
0  3.5  1.75  0.01  0.01  0.6876940540067153  -0.3428927945915883  1.1746248917095077  14.348727185039479  14.348727185039479  1.0  0.789  0.206  0.005  0.798  0.202  0.798  0.202  True
0  3.5  1.75  0.01  0.01  0.6088976235216168  -0.07284570917181794  1.2045000983934675  14.32458458845608  14.32458458845608  1.0  0.79  0.205  0.006  0.786  0.214  0.786  0.214  True
0  3.5  1.75  0.01  0.01  0.5363231796908614  0.11136414654394164  1.2046722486001764  14.342801781313844  14.342801781313844  1.0  0.781  0.213  0.006  0.774  0.226  0.774  0.226  True
0  3.5  1.75  0.01  0.01  0.5525259784688756  0.04622871261005654  1.204892346451215  14.343801747599858  14.343801747599858  1.0  0.781  0.213  0.006  0.774  0.226  0.774  0.226  True
0  3.5  1.75  0.01  0.01  0.5338273259856009  0.1451767334460881  1.6495769349098772  14.500527057812368  14.500527057812368  1.0  0.784  0.209  0.006  0.774  0.226  0.774  0.226  True
0  3.5  1.75  0.01  0.01  0.4863093557752879  0.31021916174308783  1.15428018632787  14.397317638193059  14.397317638193059  1.0  0.782  0.211  0.007  0.786  0.214  0.786  0.214  True
0  3.5  1.75  0.01  0.01  0.5336678429882207  0.09717692538526197  1.204699953326495  14.366825628571409  14.366825628571409  1.0  0.779  0.215  0.007  0.774  0.226  0.774  0.226  True
0  3.5  1.75  0.01  0.01  0.5800809149879551  0.011910613686716733  1.2143596221018436  14.354092294870021  14.354092294870021  1.0  0.787  0.207  0.006  0.786  0.214  0.786  0.214  True
0  3.5  1.75  0.01  0.01  0.7468689260665629  -0.4545352417939237  1.194310683724564  14.278023655255089  14.278023655255089  1.0  0.798  0.198  0.004  0.798  0.202  0.798  0.202  True
0  3.5  1.75  0.01  0.01  0.5824315823501225  -0.11500610114548412  1.1943487320791568  14.36797686117623  14.36797686117623  1.0  0.774  0.22  0.006  0.774  0.226  0.774  0.226  True
0  3.5  1.75  0.01  0.01  0.591384792766994  0.001950665780382995  1.1373838202507416  14.343531040164905  14.343531040164905  1.0  0.79  0.204  0.006  0.798  0.202  0.798  0.202  True
0  3.5  1.75  0.01  0.01  0.6521583467755354  -0.05977453962346261  1.2042041580373428  14.332573975015029  14.332573975015029  1.0  0.807  0.188  0.005  0.821  0.179  0.821  0.179  True
0  3.5  1.75  0.01  0.01  0.5291538180167108  0.040683854270913825  1.2242303165737523  14.387283274321492  14.387283274321492  1.0  0.77  0.223  0.007  0.762  0.238  0.762  0.238  True
0  3.5  1.75  0.01  0.01  0.706588831793169  -0.40495098096291715  1.1849953912919324  14.29076584237343  14.29076584237343  1.0  0.789  0.206  0.004  0.786  0.214  0.786  0.214  True
0  3.5  1.75  0.01  0.01  0.533694047053693  0.16499955194094168  1.2249957755607526  14.405331376327302  14.405331376327302  1.0  0.785  0.208  0.006  0.798  0.202  0.798  0.202  True
0  3.5  1.75  0.01  0.01  0.6917672868504992  -0.37256483154397757  1.184359296519363  14.322413320633055  14.322413320633055  1.0  0.787  0.208  0.005  0.786  0.214  0.786  0.214  True
0  3.5  1.75  0.01  0.01  0.4328642324439915  0.42431909781416544  1.214040528951859  14.450781683714126  14.450781683714126  1.0  0.772  0.22  0.008  0.774  0.226  0.774  0.226  True
0  3.5  1.75  0.01  0.01  0.3429057978953215  0.8834240007924281  1.9312858848671008  14.850759964781984  14.850759964781984  1.0  0.784  0.208  0.008  0.798  0.202  0.798  0.202  True
0  3.5  1.75  0.01  0.01  0.45031721067274677  0.18213359090963535  1.054000165791781  14.400588624622241  14.400588624622241  1.0  0.753  0.24  0.008  0.774  0.226  0.774  0.226  True
1  3.5  1.75  0.01  0.01  0.4900155853464686  -0.19920176807675083  1.0282430499580801  14.666130432307913  14.666130432307913  1.0  0.725  0.268  0.008  0.744  0.256  0.744  0.256  True
1  3.5  1.75  0.01  0.01  0.4315507141748727  0.12048721869485686  1.1522085429674933  14.646360976538523  14.646360976538523  1.0  0.737  0.254  0.008  0.75  0.25  0.75  0.25  True
1  3.5  1.75  0.01  0.01  0.482541548804716  -0.1621458779477824  0.9625303240501446  14.671124177531773  14.671124177531773  1.0  0.726  0.266  0.008  0.75  0.25  0.75  0.25  True
1  3.5  1.75  0.01  0.01  0.49175220502692585  -0.1106021545410108  1.1220561751792504  14.632981300543038  14.632981300543038  1.0  0.737  0.256  0.007  0.75  0.25  0.75  0.25  True
1  3.5  1.75  0.01  0.01  0.44144829626623605  -0.09997864216464913  1.0100792378629675  14.730343007730275  14.730343007730275  1.0  0.715  0.277  0.008  0.737  0.263  0.737  0.263  True
1  3.5  1.75  0.01  0.01  0.4770410851031502  -0.13199850120265227  1.106129226398266  14.678754738429275  14.678754738429275  1.0  0.728  0.265  0.008  0.744  0.256  0.744  0.256  True
1  3.5  1.75  0.01  0.01  0.35344164144789414  0.38228585206106525  1.1927728053490727  14.679014082633667  14.679014082633667  1.0  0.732  0.258  0.009  0.744  0.256  0.744  0.256  True
1  3.5  1.75  0.01  0.01  0.3711715839933428  0.4029545891393145  1.4424037804075902  14.795900881214575  14.795900881214575  1.0  0.743  0.248  0.009  0.75  0.25  0.75  0.25  True
1  3.5  1.75  0.01  0.01  0.46480224677975557  -0.031134826800417865  1.4135935051400708  14.788217048798273  14.788217048798273  1.0  0.734  0.258  0.008  0.737  0.263  0.737  0.263  True
1  3.5  1.75  0.01  0.01  0.5542862375388873  -0.23330326890426822  1.4164405576172832  14.743782251006182  14.743782251006182  1.0  0.749  0.244  0.007  0.75  0.25  0.75  0.25  True
1  3.5  1.75  0.01  0.01  0.41479482534809387  0.23247501383271124  1.172189307888385  14.644574206202334  14.644574206202334  1.0  0.743  0.249  0.008  0.756  0.244  0.756  0.244  True
1  3.5  1.75  0.01  0.01  0.5105608180993289  -0.18163084585919081  1.1224797241817488  14.634353765618348  14.634353765618348  1.0  0.736  0.256  0.007  0.75  0.25  0.75  0.25  True
1  3.5  1.75  0.01  0.01  0.4539983468466089  0.019511389628915007  1.1428123736400275  14.660944093635734  14.660944093635734  1.0  0.735  0.257  0.008  0.75  0.25  0.75  0.25  True
1  3.5  1.75  0.01  0.01  0.42135906123288847  0.06587395585070355  1.1526477939454556  14.667856347483895  14.667856347483895  1.0  0.727  0.265  0.008  0.737  0.263  0.737  0.263  True
1  3.5  1.75  0.01  0.01  0.3450828953736361  0.3149974739825365  1.142237193550499  14.714800870053995  14.714800870053995  1.0  0.72  0.271  0.009  0.737  0.263  0.737  0.263  True
1  3.5  1.75  0.01  0.01  0.4292291101571591  0.06573158664950349  1.1529257570185076  14.673710306236321  14.673710306236321  1.0  0.73  0.261  0.008  0.744  0.256  0.744  0.256  True
1  3.5  1.75  0.01  0.01  0.46255215106204994  -0.00294141171844823  1.142416639230639  14.63911401734594  14.63911401734594  1.0  0.737  0.255  0.008  0.75  0.25  0.75  0.25  True
1  3.5  1.75  0.01  0.01  0.31366930880415606  0.4749976514923988  1.4229995393738795  14.81433239162851  14.81433239162851  1.0  0.725  0.266  0.01  0.744  0.256  0.744  0.256  True
1  3.5  1.75  0.01  0.01  0.3622114148104921  0.32274231527938535  1.162713371052358  14.69820328127125  14.69820328127125  1.0  0.729  0.262  0.009  0.744  0.256  0.744  0.256  True
1  3.5  1.75  0.01  0.01  0.4714536606549443  -0.039494150375978344  1.1523487942006758  14.657361451969496  14.657361451969496  1.0  0.736  0.256  0.008  0.75  0.25  0.75  0.25  True
1  3.5  1.75  0.01  0.01  0.45326690020339  0.03884400374539183  1.1514508270092707  14.6421633735995  14.6421633735995  1.0  0.738  0.255  0.008  0.75  0.25  0.75  0.25  True
1  3.5  1.75  0.01  0.01  0.39868952465169805  0.23184690765255542  1.162762590066016  14.674383169960857  14.674383169960857  1.0  0.735  0.256  0.009  0.75  0.25  0.75  0.25  True
1  3.5  1.75  0.01  0.01  0.4387707716259812  0.03421575011332097  1.1427818469002347  14.672907742606132  14.672907742606132  1.0  0.73  0.262  0.008  0.744  0.256  0.744  0.256  True
1  3.5  1.75  0.01  0.01  0.545906559625035  -0.2049979423395185  1.7800405706684708  14.914968719435992  14.914968719435992  1.0  0.749  0.244  0.007  0.744  0.256  0.744  0.256  True
1  3.5  1.75  0.01  0.01  0.532628654382199  -0.2947744021159464  1.082065143740229  14.650507721488166  14.650507721488166  1.0  0.733  0.26  0.007  0.75  0.25  0.75  0.25  True
1  3.5  1.75  0.01  0.01  0.5024700860685714  -0.1949987993133665  1.7169938797476294  14.933918534810326  14.933918534810326  1.0  0.732  0.261  0.007  0.737  0.263  0.737  0.263  True
1  3.5  1.75  0.01  0.01  0.45627776109163154  -0.06681257639067074  1.1322503460680031  14.663803380911112  14.663803380911112  1.0  0.726  0.266  0.008  0.737  0.263  0.737  0.263  True
1  3.5  1.75  0.01  0.01  0.4387739892956519  0.02841443071924872  1.1422957692861486  14.67290774237164  14.67290774237164  1.0  0.73  0.262  0.008  0.744  0.256  0.744  0.256  True
1  3.5  1.75  0.01  0.01  0.356183595260766  0.3649997746459245  1.182332279429786  14.702792901300082  14.702792901300082  1.0  0.731  0.26  0.009  0.744  0.256  0.744  0.256  True
1  3.5  1.75  0.01  0.01  0.5392323407987702  -0.4049335874807889  1.1229988791458676  14.670785793044278  14.670785793044278  1.0  0.722  0.272  0.007  0.744  0.256  0.744  0.256  True
