0  5  2.5  0.01  0.01  -0.16107623394054676  0.13926490283748777  0.5028274207664667  14.924178243941885  14.924178243941885  1.0  0.448  0.548  0.005  0.452  0.548  0.452  0.548
0  5  2.5  0.01  0.01  -0.19002386405156754  0.037293143928374184  1.8176297303955733  23.56911692639908  23.56911692639908  1.0  0.426  0.569  0.005  0.452  0.548  0.452  0.548
0  5  2.5  0.01  0.01  -0.1265964229152796  0.022711412380544443  0.4107627768770593  14.961200656504984  14.961200656504984  1.0  0.449  0.546  0.005  0.452  0.548  0.452  0.548
0  5  2.5  0.01  0.01  -0.13723340309397963  0.057030736659900216  0.419593586281794  14.956488316683638  14.956488316683638  1.0  0.449  0.546  0.005  0.452  0.548  0.452  0.548
0  5  2.5  0.01  0.01  -0.15478433419822324  0.11285865803384298  0.5446638131264513  14.910788749256264  14.910788749256264  1.0  0.447  0.548  0.005  0.452  0.548  0.452  0.548
0  5  2.5  0.01  0.01  -0.22322482219456818  0.19507862945692706  1.4662781786144923  18.085166023369865  18.085166023369865  1.0  0.429  0.566  0.005  0.452  0.548  0.452  0.548
0  5  2.5  0.01  0.01  -0.13044834097597552  0.023032673704513895  0.5249856378730219  14.918548377462892  14.918548377462892  1.0  0.448  0.547  0.005  0.452  0.548  0.452  0.548
0  5  2.5  0.01  0.01  -0.17450534921449518  0.19654692009656471  0.4559621982128  14.941022990627822  14.941022990627822  1.0  0.448  0.547  0.005  0.452  0.548  0.452  0.548
0  5  2.5  0.01  0.01  -0.20546673936358664  0.030244948782763015  2.3611549640608356  34.33039932857927  34.33039932857927  1.0  0.419  0.576  0.005  0.452  0.548  0.452  0.548
0  5  2.5  0.01  0.01  -0.20853160643585678  0.12175005069035577  1.8308672264101349  23.876938006758444  23.876938006758444  1.0  0.427  0.568  0.005  0.452  0.548  0.452  0.548
0  5  2.5  0.01  0.01  -0.13352073849999882  0.053819088633733414  0.3806285757455797  14.973153428840398  14.973153428840398  1.0  0.449  0.546  0.005  0.452  0.548  0.452  0.548
0  5  2.5  0.01  0.01  -0.09623319708135221  -0.11121575170714211  0.5091337806797093  14.928144088386755  14.928144088386755  1.0  0.448  0.547  0.005  0.452  0.548  0.452  0.548
0  5  2.5  0.01  0.01  -0.11417370509326177  -0.03784812913598254  0.4973355659323901  14.929501412994854  14.929501412994854  1.0  0.448  0.547  0.005  0.452  0.548  0.452  0.548
0  5  2.5  0.01  0.01  -0.18278789707659807  -0.08863804389258623  2.209576607118841  31.879017872164937  31.879017872164937  1.0  0.416  0.579  0.005  0.452  0.548  0.452  0.548
0  5  2.5  0.01  0.01  -0.11690808605621636  -0.12270917104529766  1.050908393475234  15.366536322282014  15.366536322282014  1.0  0.439  0.556  0.005  0.452  0.548  0.452  0.548
0  5  2.5  0.01  0.01  -0.14569653141747446  -0.07553389238779534  1.8717422928794651  24.72552016081109  24.72552016081109  1.0  0.432  0.563  0.005  0.452  0.548  0.452  0.548
0  5  2.5  0.01  0.01  -0.19604458811109954  0.13524456419474074  1.0663973474486048  15.39043607412273  15.39043607412273  1.0  0.434  0.561  0.005  0.452  0.548  0.452  0.548
0  5  2.5  0.01  0.01  -0.10150252292314658  -0.14649594728707985  0.9757776567085111  15.157395246287306  15.157395246287306  1.0  0.442  0.553  0.005  0.452  0.548  0.452  0.548
0  5  2.5  0.01  0.01  -0.13399825950802213  0.02390523891149851  0.6230119796542545  14.892452641751934  14.892452641751934  1.0  0.446  0.549  0.005  0.452  0.548  0.452  0.548
0  5  2.5  0.01  0.01  -0.17343348088882  0.015124939036112117  1.828086071514784  23.868821808886867  23.868821808886867  1.0  0.431  0.564  0.005  0.452  0.548  0.452  0.548
0  5  2.5  0.01  0.01  -0.20994147414922493  0.18989181523575094  1.041750059305774  15.364163958119663  15.364163958119663  1.0  0.433  0.562  0.005  0.452  0.548  0.452  0.548
0  5  2.5  0.01  0.01  -0.14867383044914714  0.06082770311888652  0.7230705586549256  14.880746155261786  14.880746155261786  1.0  0.444  0.551  0.005  0.452  0.548  0.452  0.548
0  5  2.5  0.01  0.01  -0.18206869510896315  -0.03542519049735787  2.481372863729159  36.61774962372195  36.61774962372195  1.0  0.422  0.574  0.005  0.452  0.548  0.452  0.548
0  5  2.5  0.01  0.01  -0.14870936329900517  0.06950030819316061  0.6531383685750444  14.886126483282276  14.886126483282276  1.0  0.445  0.55  0.005  0.452  0.548  0.452  0.548
0  5  2.5  0.01  0.01  -0.13523876858500883  -0.06678453308549753  1.4235282613455709  17.495546940185292  17.495546940185292  1.0  0.437  0.558  0.005  0.452  0.548  0.452  0.548
0  5  2.5  0.01  0.01  -0.2133178272763368  0.197601135490226  1.0442954651184952  15.367758134395531  15.367758134395531  1.0  0.433  0.562  0.005  0.452  0.548  0.452  0.548
0  5  2.5  0.01  0.01  -0.12263893853451337  -0.04939018283346003  0.8473352000756172  14.912087414129255  14.912087414129255  1.0  0.444  0.551  0.005  0.452  0.548  0.452  0.548
0  5  2.5  0.01  0.01  -0.15705920942563653  0.14463024942144037  0.40218421345693706  14.962364637485164  14.962364637485164  1.0  0.449  0.546  0.005  0.452  0.548  0.452  0.548
0  5  2.5  0.01  0.01  -0.08522094740975614  -0.18712129256426385  0.9604404384119556  15.059397559923818  15.059397559923818  1.0  0.445  0.55  0.005  0.452  0.548  0.452  0.548
0  5  2.5  0.01  0.01  -0.11803361453730682  -0.058882559196767714  0.7959303300197004  14.891972136409455  14.891972136409455  1.0  0.445  0.55  0.005  0.452  0.548  0.452  0.548
1  5  2.5  0.01  0.01  -0.052176967796164486  -0.08349955758353622  0.9189342899173779  14.924620293851362  14.924620293851362  1.0  0.469  0.526  0.005  0.472  0.528  0.472  0.528
1  5  2.5  0.01  0.01  -0.07684223085459285  -0.12786960430662747  1.8573491632259722  18.044387053402435  18.044387053402435  1.0  0.454  0.541  0.005  0.472  0.528  0.472  0.528
1  5  2.5  0.01  0.01  -0.08525797623905464  0.08722906534615532  0.3814143865390602  15.166579925444909  15.166579925444909  1.0  0.472  0.522  0.005  0.472  0.528  0.472  0.528
1  5  2.5  0.01  0.01  -0.0730776607030953  -0.048073324286640906  1.3925444974377579  15.246660070504353  15.246660070504353  1.0  0.463  0.532  0.005  0.472  0.528  0.472  0.528
1  5  2.5  0.01  0.01  -0.054234690425514744  -0.08083144623593973  1.0285175561987097  14.902544174385975  14.902544174385975  1.0  0.468  0.527  0.005  0.472  0.528  0.472  0.528
1  5  2.5  0.01  0.01  -0.11402436257748814  0.09710553110588016  1.280542076524587  15.107166068623506  15.107166068623506  1.0  0.462  0.533  0.005  0.472  0.528  0.472  0.528
1  5  2.5  0.01  0.01  -0.06582775550915183  -0.006052422907690896  0.6392567577551764  15.034028494602893  15.034028494602893  1.0  0.47  0.525  0.005  0.472  0.528  0.472  0.528
1  5  2.5  0.01  0.01  -0.09887177862413488  0.07148493934787176  1.1876042586965807  14.91976221789587  14.91976221789587  1.0  0.465  0.53  0.005  0.472  0.528  0.472  0.528
1  5  2.5  0.01  0.01  -0.049178257792055556  -0.13173166193142222  1.3916164930479789  15.253832048035338  15.253832048035338  1.0  0.465  0.53  0.005  0.472  0.528  0.472  0.528
1  5  2.5  0.01  0.01  -0.04947463599048798  -0.08438967177961354  0.6861431924107131  15.01500982384552  15.01500982384552  1.0  0.47  0.525  0.005  0.472  0.528  0.472  0.528
1  5  2.5  0.01  0.01  -0.05748123107878195  -0.05564607044797196  0.8982558820152897  14.929532034043582  14.929532034043582  1.0  0.469  0.526  0.005  0.472  0.528  0.472  0.528
1  5  2.5  0.01  0.01  -0.07906632664695121  -0.021838363847758252  1.2787905227053717  15.111916946008016  15.111916946008016  1.0  0.464  0.531  0.005  0.472  0.528  0.472  0.528
1  5  2.5  0.01  0.01  -0.07319856764689542  -0.020488085899671826  1.158486039920499  14.911033542909601  14.911033542909601  1.0  0.466  0.529  0.005  0.472  0.528  0.472  0.528
1  5  2.5  0.01  0.01  -0.05275271487602705  -0.05702033845360349  0.547665305098773  15.081866093524324  15.081866093524324  1.0  0.47  0.524  0.005  0.472  0.528  0.472  0.528
1  5  2.5  0.01  0.01  -0.039265058518358154  -0.11760913390539147  0.6318023533160838  15.042210574081215  15.042210574081215  1.0  0.47  0.525  0.005  0.472  0.528  0.472  0.528
1  5  2.5  0.01  0.01  -0.038094050508732345  -0.12046834552300267  0.49054952307540256  15.113798545431848  15.113798545431848  1.0  0.47  0.525  0.005  0.472  0.528  0.472  0.528
1  5  2.5  0.01  0.01  -0.05330425279112692  -0.04664390143449007  0.3944573548504252  15.162950838205749  15.162950838205749  1.0  0.471  0.524  0.005  0.472  0.528  0.472  0.528
1  5  2.5  0.01  0.01  -0.06820756151758756  0.012378499818576694  0.4570086847009902  15.1270021712283  15.1270021712283  1.0  0.471  0.524  0.005  0.472  0.528  0.472  0.528
1  5  2.5  0.01  0.01  -0.06619767479305333  -0.016589708350187415  0.785429188838009  14.969329437774013  14.969329437774013  1.0  0.469  0.526  0.005  0.472  0.528  0.472  0.528
1  5  2.5  0.01  0.01  -0.09274682549124005  0.1249940242807876  0.39522030015366455  15.158878990461716  15.158878990461716  1.0  0.473  0.522  0.005  0.472  0.528  0.472  0.528
1  5  2.5  0.01  0.01  -0.06429381553761557  -0.10046478190794406  1.5012253814549914  15.721235325663352  15.721235325663352  1.0  0.462  0.533  0.005  0.472  0.528  0.472  0.528
1  5  2.5  0.01  0.01  -0.09941855612701157  0.143032667137103  0.4953540561657629  15.104732551203174  15.104732551203174  1.0  0.472  0.523  0.005  0.472  0.528  0.472  0.528
1  5  2.5  0.01  0.01  -0.04285271490480228  -0.10819982866233918  0.7508831556582327  14.987488046051444  14.987488046051444  1.0  0.469  0.526  0.005  0.472  0.528  0.472  0.528
1  5  2.5  0.01  0.01  -0.11576491656715097  -0.0040346580644938235  1.6148546357890123  16.614619120625676  16.614619120625676  1.0  0.451  0.544  0.005  0.472  0.528  0.472  0.528
1  5  2.5  0.01  0.01  -0.09046743909398246  0.08690585402519496  0.6301308719563775  15.036284225904907  15.036284225904907  1.0  0.47  0.525  0.005  0.472  0.528  0.472  0.528
1  5  2.5  0.01  0.01  -0.07164184367852465  -0.03151249064480499  1.2331870686960726  14.96562264669268  14.96562264669268  1.0  0.466  0.529  0.005  0.472  0.528  0.472  0.528
1  5  2.5  0.01  0.01  -0.02392263548060999  -0.18966053284617124  0.9420458319381506  14.925866053795907  14.925866053795907  1.0  0.469  0.526  0.005  0.472  0.528  0.472  0.528
1  5  2.5  0.01  0.01  -0.14899871678194773  0.026514270301711912  2.366536635334008  25.087018796323296  25.087018796323296  1.0  0.441  0.554  0.005  0.472  0.528  0.472  0.528
1  5  2.5  0.01  0.01  -0.0650770587462037  -0.14673552704744483  2.1598246090848727  21.69434614001833  21.69434614001833  1.0  0.457  0.538  0.005  0.472  0.528  0.472  0.528
1  5  2.5  0.01  0.01  -0.11443324114487112  -0.03485503001089102  2.206228436052786  22.13934677882564  22.13934677882564  1.0  0.449  0.546  0.005  0.472  0.528  0.472  0.528
0  5  2.5  0.01  0.01  -0.13522276157627142  0.8054582195529258  14.892500207254676  14.892500207254676  1.0  0.444  0.551  0.005  0.452  0.548  0.452  0.548
0  5  2.5  0.01  0.01  -0.19664174898737136  2.3039997953449753  33.347892238991555  33.347892238991555  1.0  0.42  0.575  0.005  0.452  0.548  0.452  0.548
0  5  2.5  0.01  0.01  -0.12389177139246114  0.4766043993244499  14.93583962980176  14.93583962980176  1.0  0.448  0.547  0.005  0.452  0.548  0.452  0.548
0  5  2.5  0.01  0.01  -0.15780737912454945  1.3173497971915653  16.587860925687945  16.587860925687945  1.0  0.435  0.56  0.005  0.452  0.548  0.452  0.548
0  5  2.5  0.01  0.01  -0.13259609487067223  0.7284876495422525  14.88246523572551  14.88246523572551  1.0  0.445  0.55  0.005  0.452  0.548  0.452  0.548
0  5  2.5  0.01  0.01  -0.21923404719506465  2.602184125345143  39.86769013319749  39.86769013319749  1.0  0.411  0.584  0.005  0.452  0.548  0.452  0.548
0  5  2.5  0.01  0.01  -0.12096442157952425  0.38399756075116365  14.9728532064688  14.9728532064688  1.0  0.449  0.546  0.005  0.452  0.548  0.452  0.548
0  5  2.5  0.01  0.01  -0.13987966674274574  0.9227760574846553  14.97536307641283  14.97536307641283  1.0  0.442  0.553  0.005  0.452  0.548  0.452  0.548
0  5  2.5  0.01  0.01  -0.13915474917408446  0.9062720724076931  14.95537637825493  14.95537637825493  1.0  0.442  0.553  0.005  0.452  0.548  0.452  0.548
0  5  2.5  0.01  0.01  -0.15065933440313908  1.44250552434303  17.831118679597857  17.831118679597857  1.0  0.438  0.557  0.005  0.452  0.548  0.452  0.548
0  5  2.5  0.01  0.01  -0.12712891804809748  0.5754857867840972  14.90385619657301  14.90385619657301  1.0  0.447  0.548  0.005  0.452  0.548  0.452  0.548
0  5  2.5  0.01  0.01  -0.1528007217644501  1.2115590908187146  15.972065748841027  15.972065748841027  1.0  0.437  0.558  0.005  0.452  0.548  0.452  0.548
0  5  2.5  0.01  0.01  -0.1569072256589039  1.3057775082443601  16.526408549735873  16.526408549735873  1.0  0.435  0.56  0.005  0.452  0.548  0.452  0.548
0  5  2.5  0.01  0.01  -0.2152251822131315  2.2231182634610227  32.011072025592505  32.011072025592505  1.0  0.413  0.583  0.005  0.452  0.548  0.452  0.548
0  5  2.5  0.01  0.01  -0.2082551189458396  2.053524070288623  28.6157848617515  28.6157848617515  1.0  0.415  0.58  0.005  0.452  0.548  0.452  0.548
0  5  2.5  0.01  0.01  -0.121183456035149  0.3907483580294244  14.970042872227072  14.970042872227072  1.0  0.449  0.546  0.005  0.452  0.548  0.452  0.548
0  5  2.5  0.01  0.01  -0.17427558304305857  1.7878352913993114  23.06721150609874  23.06721150609874  1.0  0.428  0.567  0.005  0.452  0.548  0.452  0.548
0  5  2.5  0.01  0.01  -0.13928342955988485  0.9075681196183466  14.956319748748463  14.956319748748463  1.0  0.442  0.553  0.005  0.452  0.548  0.452  0.548
0  5  2.5  0.01  0.01  -0.12050568782438514  0.3687935408123272  14.979038201668867  14.979038201668867  1.0  0.45  0.545  0.005  0.452  0.548  0.452  0.548
0  5  2.5  0.01  0.01  -0.12878720321533127  0.6245913848582061  14.892565790600457  14.892565790600457  1.0  0.446  0.549  0.005  0.452  0.548  0.452  0.548
0  5  2.5  0.01  0.01  -0.13160970794946283  0.7067681391530141  14.882552100611056  14.882552100611056  1.0  0.445  0.55  0.005  0.452  0.548  0.452  0.548
0  5  2.5  0.01  0.01  -0.17862905406221627  1.9355555197049261  26.531533374678073  26.531533374678073  1.0  0.427  0.568  0.005  0.452  0.548  0.452  0.548
0  5  2.5  0.01  0.01  -0.13908334528008037  0.9010250407051204  14.952344538789829  14.952344538789829  1.0  0.442  0.553  0.005  0.452  0.548  0.452  0.548
0  5  2.5  0.01  0.01  -0.15184611992705213  1.286478506803158  16.358088760895964  16.358088760895964  1.0  0.437  0.558  0.005  0.452  0.548  0.452  0.548
0  5  2.5  0.01  0.01  -0.12603702339892098  0.5168452378886793  14.921922613904657  14.921922613904657  1.0  0.447  0.548  0.005  0.452  0.548  0.452  0.548
0  5  2.5  0.01  0.01  -0.12174782427708218  0.4095276622945072  14.961906614596789  14.961906614596789  1.0  0.449  0.546  0.005  0.452  0.548  0.452  0.548
0  5  2.5  0.01  0.01  -0.15131157040354468  1.2758405923810716  16.31056603022478  16.31056603022478  1.0  0.437  0.558  0.005  0.452  0.548  0.452  0.548
0  5  2.5  0.01  0.01  -0.21795129891261997  2.426706030394152  35.530909675128306  35.530909675128306  1.0  0.412  0.584  0.005  0.452  0.548  0.452  0.548
0  5  2.5  0.01  0.01  -0.13757252559564406  0.8662744644650033  14.921456743162436  14.921456743162436  1.0  0.443  0.552  0.005  0.452  0.548  0.452  0.548
0  5  2.5  0.01  0.01  -0.21449216243281946  2.213421192861998  31.908780996972702  31.908780996972702  1.0  0.413  0.582  0.005  0.452  0.548  0.452  0.548
1  5  2.5  0.01  0.01  -0.065366591962009  0.4292787241978246  15.142078128751741  15.142078128751741  1.0  0.471  0.524  0.005  0.472  0.528  0.472  0.528
1  5  2.5  0.01  0.01  -0.16292287027468305  2.411579822403209  26.123203182619328  26.123203182619328  1.0  0.433  0.562  0.005  0.472  0.528  0.472  0.528
1  5  2.5  0.01  0.01  -0.07249739239240187  0.8629949803878062  14.939454418204322  14.939454418204322  1.0  0.469  0.526  0.005  0.472  0.528  0.472  0.528
1  5  2.5  0.01  0.01  -0.12508206774917124  1.9908084238531998  19.19462570818262  19.19462570818262  1.0  0.448  0.547  0.005  0.472  0.528  0.472  0.528
1  5  2.5  0.01  0.01  -0.07479262300597134  0.9766932723175451  14.9074444975817  14.9074444975817  1.0  0.468  0.527  0.005  0.472  0.528  0.472  0.528
1  5  2.5  0.01  0.01  -0.12324213633643841  1.814239584927406  17.726460818220858  17.726460818220858  1.0  0.449  0.546  0.005  0.472  0.528  0.472  0.528
1  5  2.5  0.01  0.01  -0.07524800281491849  1.0030891803122772  14.90260516114446  14.90260516114446  1.0  0.468  0.527  0.005  0.472  0.528  0.472  0.528
1  5  2.5  0.01  0.01  -0.06523793507609932  0.421481261131242  15.146355244395483  15.146355244395483  1.0  0.471  0.523  0.005  0.472  0.528  0.472  0.528
1  5  2.5  0.01  0.01  -0.13101691962760523  1.8905926103495008  18.40970515716127  18.40970515716127  1.0  0.445  0.55  0.005  0.472  0.528  0.472  0.528
1  5  2.5  0.01  0.01  -0.07517815417287346  1.00302373019761  14.902605169398987  14.902605169398987  1.0  0.468  0.527  0.005  0.472  0.528  0.472  0.528
1  5  2.5  0.01  0.01  -0.06497273285056199  0.41050569452908253  15.152630227264245  15.152630227264245  1.0  0.472  0.523  0.005  0.472  0.528  0.472  0.528
1  5  2.5  0.01  0.01  -0.07935257728052206  1.1923595406253833  14.92929611737331  14.92929611737331  1.0  0.466  0.529  0.005  0.472  0.528  0.472  0.528
1  5  2.5  0.01  0.01  -0.08652883791112621  1.3317538635424793  15.155551806955938  15.155551806955938  1.0  0.463  0.532  0.005  0.472  0.528  0.472  0.528
1  5  2.5  0.01  0.01  -0.10017811335678438  1.541237031463776  16.12013348121734  16.12013348121734  1.0  0.458  0.537  0.005  0.472  0.528  0.472  0.528
1  5  2.5  0.01  0.01  -0.1177588858713928  1.6737402025964359  16.747223435635515  16.747223435635515  1.0  0.451  0.544  0.005  0.472  0.528  0.472  0.528
1  5  2.5  0.01  0.01  -0.11789640083943252  1.6747127772427903  16.751538271954065  16.751538271954065  1.0  0.451  0.544  0.005  0.472  0.528  0.472  0.528
1  5  2.5  0.01  0.01  -0.06468672529664402  0.39227052439389815  15.162392224985629  15.162392224985629  1.0  0.472  0.523  0.005  0.472  0.528  0.472  0.528
1  5  2.5  0.01  0.01  -0.1062586981411566  1.5915155569574606  16.362336639173378  16.362336639173378  1.0  0.455  0.54  0.005  0.472  0.528  0.472  0.528
1  5  2.5  0.01  0.01  -0.0791842287993028  1.1915455734252378  14.92929469754405  14.92929469754405  1.0  0.466  0.529  0.005  0.472  0.528  0.472  0.528
1  5  2.5  0.01  0.01  -0.07444233676128746  0.9580522092141366  14.910476120338974  14.910476120338974  1.0  0.468  0.527  0.005  0.472  0.528  0.472  0.528
1  5  2.5  0.01  0.01  -0.06534590702412385  0.4292104011479311  15.142078127506213  15.142078127506213  1.0  0.471  0.524  0.005  0.472  0.528  0.472  0.528
1  5  2.5  0.01  0.01  -0.118559549560435  1.694231600079192  16.818387707932672  16.818387707932672  1.0  0.45  0.545  0.005  0.472  0.528  0.472  0.528
1  5  2.5  0.01  0.01  -0.06714366299246624  0.5472465899499954  15.07997474517933  15.07997474517933  1.0  0.471  0.524  0.005  0.472  0.528  0.472  0.528
1  5  2.5  0.01  0.01  -0.1883367940950931  2.5384736441876465  28.338093125430316  28.338093125430316  1.0  0.423  0.572  0.005  0.472  0.528  0.472  0.528
1  5  2.5  0.01  0.01  -0.07682531011889725  1.0739476801364192  14.89715909661793  14.89715909661793  1.0  0.467  0.528  0.005  0.472  0.528  0.472  0.528
1  5  2.5  0.01  0.01  -0.07590171077635245  1.0318596847834163  14.899173312903741  14.899173312903741  1.0  0.467  0.528  0.005  0.472  0.528  0.472  0.528
1  5  2.5  0.01  0.01  -0.09515104913593525  1.5002419151138096  15.689005251840923  15.689005251840923  1.0  0.46  0.535  0.005  0.472  0.528  0.472  0.528
1  5  2.5  0.01  0.01  -0.12441160453661661  1.9550968474851247  18.937911286313827  18.937911286313827  1.0  0.448  0.547  0.005  0.472  0.528  0.472  0.528
1  5  2.5  0.01  0.01  -0.06611433255326182  0.4819137955025929  15.114141465288318  15.114141465288318  1.0  0.471  0.524  0.005  0.472  0.528  0.472  0.528
1  5  2.5  0.01  0.01  -0.07405187683851437  0.9381129200352987  14.915445966540906  14.915445966540906  1.0  0.468  0.527  0.005  0.472  0.528  0.472  0.528
0  5  2.5  0.01  0.01  0.3096195352089054  -0.09013487798647857  0.5960378511557815  17.780873601792617  20.68227890299566  1.0  0.61  0.385  0.004  0.428  0.572  0.5  0.5
0  5  2.5  0.01  0.01  0.31499911501590744  -0.18368890328776666  0.770333435963859  18.910234060964868  14.359430315494189  1.0  0.603  0.392  0.004  0.439  0.561  0.35  0.65
0  5  2.5  0.01  0.01  0.18773378411296934  0.1647952442396204  0.9248669715362041  21.38114942268959  15.0362780151444  1.0  0.588  0.408  0.005  0.436  0.564  0.4  0.6
0  5  2.5  0.01  0.01  0.27627305385563344  0.04977739261261957  1.5420145639959086  34.50323122654477  27.104109651512108  1.0  0.611  0.384  0.005  0.436  0.564  0.4  0.6
0  5  2.5  0.01  0.01  0.23277337113024804  0.02818549764227765  0.5808924633620954  18.226438609774554  14.367246682636836  1.0  0.592  0.403  0.005  0.432  0.568  0.45  0.55
0  5  2.5  0.01  0.01  0.256114493026411  -0.01620594371802797  0.5726985700319938  18.207621181245617  14.516851936585326  1.0  0.596  0.399  0.005  0.432  0.568  0.45  0.55
0  5  2.5  0.01  0.01  0.2072359700765846  0.15485732213806236  1.1407642388115755  27.00371623116001  20.457351314593513  1.0  0.594  0.401  0.005  0.428  0.572  0.5  0.5
0  5  2.5  0.01  0.01  0.2291042751166328  -0.05627952659025648  0.6299516241859968  18.31169533646161  14.397246712658582  1.0  0.582  0.413  0.005  0.443  0.557  0.3  0.7
0  5  2.5  0.01  0.01  0.2443407466553031  -0.10108061826638073  1.390266117016576  29.07603058317039  33.689287995468504  1.0  0.584  0.411  0.005  0.458  0.542  0.1  0.9
0  5  2.5  0.01  0.01  0.2117397267528338  0.15234890935104234  1.3809490163253832  29.381452485647895  27.592431302349894  1.0  0.596  0.399  0.005  0.439  0.561  0.35  0.65
0  5  2.5  0.01  0.01  0.3942200163930807  -0.08935866841941938  1.5834055169517198  36.83589571259293  40.321899750432834  1.0  0.642  0.354  0.004  0.424  0.576  0.55  0.45
0  5  2.5  0.01  0.01  0.22753618140887097  -0.007676834392000786  1.2504104089789279  26.943843571619116  39.88638927590466  1.0  0.586  0.409  0.005  0.443  0.557  0.3  0.7
0  5  2.5  0.01  0.01  0.29236763563482654  -0.19721524574166893  0.821727531192528  20.496552424207366  14.29361106512919  1.0  0.593  0.403  0.005  0.447  0.553  0.25  0.75
0  5  2.5  0.01  0.01  0.29829139249657965  -0.06364256898801784  1.574414872041089  36.03804578308018  45.52452583594821  1.0  0.609  0.387  0.005  0.443  0.557  0.3  0.7
0  5  2.5  0.01  0.01  0.19292644282405866  -0.0581346924654044  0.6744844290248339  17.917948141120384  21.06689951593122  1.0  0.568  0.427  0.005  0.451  0.549  0.2  0.8
0  5  2.5  0.01  0.01  0.33105323987846413  0.03292466824241749  1.3557377210775983  29.69952259981285  20.799136861727227  1.0  0.63  0.366  0.004  0.424  0.576  0.55  0.45
0  5  2.5  0.01  0.01  0.243195477205234  0.10252565816240189  0.881192416506564  20.115194084019606  27.200656066562118  1.0  0.603  0.392  0.005  0.428  0.572  0.5  0.5
0  5  2.5  0.01  0.01  0.33847809134725027  -0.1439144812804457  0.7481214346465874  18.746799830344706  14.486007085412272  1.0  0.616  0.379  0.004  0.428  0.572  0.5  0.5
0  5  2.5  0.01  0.01  0.3171189729235819  0.05794339668507492  0.9577986877836763  22.425270009036023  21.78023617645627  1.0  0.627  0.368  0.004  0.417  0.583  0.65  0.35
0  5  2.5  0.01  0.01  0.3242763898388186  -0.03227492008005664  1.601270605736616  37.974978134421576  35.111103786162275  1.0  0.621  0.374  0.004  0.428  0.572  0.5  0.5
0  5  2.5  0.01  0.01  0.2897463296551617  -0.16034594034834165  0.7724370414876117  18.273386239626777  22.994827246110788  1.0  0.596  0.4  0.005  0.443  0.557  0.3  0.7
0  5  2.5  0.01  0.01  0.21385876110348662  -0.12172580086397287  0.47724485076732365  16.140588679932193  21.933750965409658  1.0  0.57  0.425  0.005  0.455  0.545  0.15  0.85
0  5  2.5  0.01  0.01  0.20656807308788078  0.14644448120385195  0.43304284590930353  16.526607742304417  14.310721665915565  1.0  0.594  0.401  0.005  0.428  0.572  0.5  0.5
0  5  2.5  0.01  0.01  0.13114994105036926  0.18299029995136773  0.6114808632073383  18.278001256174583  14.245216915595739  1.0  0.567  0.428  0.005  0.443  0.557  0.3  0.7
0  5  2.5  0.01  0.01  0.29745493226241637  -0.1392326304128537  0.8867405740324257  21.025548266243458  16.11557142047969  1.0  0.601  0.395  0.005  0.439  0.561  0.35  0.65
0  5  2.5  0.01  0.01  0.32144876280114376  0.03421168511871722  1.0703835370623962  24.755823445881372  22.71159743979596  1.0  0.626  0.369  0.004  0.417  0.583  0.65  0.35
0  5  2.5  0.01  0.01  0.24736781933427462  -0.01769712699192838  0.66853539361498  18.4152956731708  14.23631548234017  1.0  0.593  0.402  0.005  0.436  0.564  0.4  0.6
0  5  2.5  0.01  0.01  0.28066367442513196  -0.14877859114194833  1.4357188896055966  28.908090964631576  46.93435937099883  1.0  0.593  0.402  0.005  0.455  0.545  0.15  0.85
0  5  2.5  0.01  0.01  0.4848831401832998  -0.19896651671006033  1.4516775782017382  30.2451497853008  36.85412658861198  1.0  0.664  0.332  0.004  0.428  0.572  0.5  0.5
0  5  2.5  0.01  0.01  0.18016979802314628  0.19893198095184678  0.46348160802192817  16.034892009761947  22.071850170597298  1.0  0.589  0.407  0.005  0.432  0.568  0.45  0.55
1  5  2.5  0.01  0.01  -0.01955367976298554  0.19983728510364462  1.007856440799591  27.01817860324036  26.383880489631014  1.0  0.51  0.485  0.005  0.479  0.521  0.3  0.7
1  5  2.5  0.01  0.01  0.17503985265755978  -0.10106783065602754  0.47839495709914526  16.761045777515754  15.056706694776182  1.0  0.557  0.438  0.005  0.465  0.535  0.5  0.5
1  5  2.5  0.01  0.01  0.14766407441365043  -0.11764313310298379  0.5471238325853055  17.93377224125216  20.652580775669357  1.0  0.544  0.451  0.005  0.468  0.532  0.45  0.55
1  5  2.5  0.01  0.01  0.3261740848183588  -0.04802640871284708  1.4954622609137058  34.373168190808734  26.784137309097975  1.0  0.62  0.375  0.004  0.461  0.539  0.55  0.45
1  5  2.5  0.01  0.01  0.14938580329898293  -0.1410351745058634  0.6972858547811233  20.615240106777197  20.319989110157582  1.0  0.543  0.452  0.005  0.475  0.525  0.35  0.65
1  5  2.5  0.01  0.01  0.14168682380153028  -0.0705136473740808  0.49492357024164063  17.158862683948268  14.837135108619085  1.0  0.547  0.448  0.005  0.472  0.528  0.4  0.6
1  5  2.5  0.01  0.01  0.17331570129065746  -0.09503167180927492  0.4549296010957752  16.674886004056397  14.332517258839141  1.0  0.556  0.439  0.005  0.465  0.535  0.5  0.5
1  5  2.5  0.01  0.01  0.18887328457358002  0.10617480901343396  1.1833965971214422  29.634730138165004  21.442012974574432  1.0  0.583  0.412  0.005  0.454  0.546  0.65  0.35
1  5  2.5  0.01  0.01  0.1468580607071771  0.1740196793973176  1.2952866714792186  31.408875932832256  27.060599896406398  1.0  0.573  0.422  0.005  0.461  0.539  0.55  0.45
1  5  2.5  0.01  0.01  0.14519897842009316  0.03517035495568083  0.5751904033122746  18.80101044379596  14.457614347608635  1.0  0.559  0.436  0.005  0.457  0.543  0.6  0.4
1  5  2.5  0.01  0.01  0.251673460787752  -0.11010207985216014  1.3054412755530194  31.364689788107615  28.358773724824555  1.0  0.586  0.409  0.005  0.468  0.532  0.45  0.55
1  5  2.5  0.01  0.01  0.18640672507842918  -0.07484031890978246  0.5110542277701157  17.13784366631912  16.676803572916974  1.0  0.564  0.431  0.005  0.461  0.539  0.55  0.45
1  5  2.5  0.01  0.01  0.10201748300560447  0.013725397978803011  0.5490008692276094  18.361062538264456  14.798801738966361  1.0  0.539  0.456  0.005  0.468  0.532  0.45  0.55
1  5  2.5  0.01  0.01  0.09567531948811829  0.07640308320383338  0.7362278053039693  20.19735252651498  30.261584179400813  1.0  0.544  0.451  0.005  0.465  0.535  0.5  0.5
1  5  2.5  0.01  0.01  0.07644115422182257  0.12658571295751914  1.1559129089565683  29.573961473241393  20.532026657886966  1.0  0.541  0.454  0.005  0.472  0.528  0.4  0.6
1  5  2.5  0.01  0.01  0.14310543284672567  -0.10330706340587055  0.44535264758741544  16.630961546540085  14.331352392735038  1.0  0.544  0.451  0.005  0.472  0.528  0.4  0.6
1  5  2.5  0.01  0.01  0.14436483229419653  0.19627384071633858  0.8767950663450729  24.1028397284473  22.246589593323716  1.0  0.575  0.421  0.005  0.447  0.553  0.75  0.25
1  5  2.5  0.01  0.01  0.12335162734363123  -0.034071656512478565  0.9138288066837669  24.130534578322152  26.74743776827514  1.0  0.544  0.451  0.005  0.472  0.528  0.4  0.6
1  5  2.5  0.01  0.01  0.25386865057476793  -0.0033164153330319246  1.2598592503198112  30.732330141827696  21.18361393243697  1.0  0.598  0.398  0.005  0.457  0.543  0.6  0.4
1  5  2.5  0.01  0.01  0.18501949844887688  0.15403108017456163  1.3674275212335942  31.503843019799508  38.98178470798137  1.0  0.586  0.41  0.005  0.457  0.543  0.6  0.4
1  5  2.5  0.01  0.01  0.2788222285942228  -0.04805674113077893  1.2460907148786882  29.94107672524132  26.932185869146814  1.0  0.602  0.393  0.005  0.45  0.55  0.7  0.3
1  5  2.5  0.01  0.01  0.14357222837049585  -0.10368842776040643  0.4454103020354741  16.61101473824178  14.612498798471751  1.0  0.545  0.45  0.005  0.472  0.528  0.4  0.6
1  5  2.5  0.01  0.01  0.1767202821783519  -0.02623140434972346  0.9355418118101582  25.678306661774734  20.35826479510167  1.0  0.565  0.43  0.005  0.465  0.535  0.5  0.5
1  5  2.5  0.01  0.01  0.24089224819269558  -0.18123097459073653  0.7845830397786451  21.777583768232244  21.334435353628386  1.0  0.575  0.42  0.005  0.461  0.539  0.55  0.45
1  5  2.5  0.01  0.01  0.23702858688612868  -0.1778440380163011  0.6908190568730899  20.019407166848854  28.26242252820196  1.0  0.573  0.422  0.005  0.454  0.546  0.65  0.35
1  5  2.5  0.01  0.01  0.10206121919699614  0.14281953964826494  0.40001499929002743  16.435323387094734  14.793278640067637  1.0  0.552  0.443  0.005  0.457  0.543  0.6  0.4
1  5  2.5  0.01  0.01  0.2584022075952656  0.06461813411774686  1.5526738131111801  35.250929224286175  51.21920979161122  1.0  0.605  0.39  0.005  0.461  0.539  0.55  0.45
1  5  2.5  0.01  0.01  0.2559859107597592  0.03525229529065249  1.3730487764666885  31.962546762656554  32.994721580842885  1.0  0.602  0.393  0.005  0.457  0.543  0.6  0.4
1  5  2.5  0.01  0.01  0.1654731239603207  -0.08157693049198694  0.37880805279793683  15.955029034745802  20.70165249078222  1.0  0.555  0.44  0.005  0.461  0.539  0.55  0.45
1  5  2.5  0.01  0.01  0.2598919400473796  -0.15346341406320657  1.3005265459335777  31.03943506170812  32.531857926101495  1.0  0.585  0.41  0.005  0.468  0.532  0.45  0.55
0  5  2.25  0.01  0.01  0.6419132129961197  -0.03481492888600349  0.5634062470049755  14.86099473075208  15.175078090256326  1.0  0.773  0.22  0.007  0.797  0.203  0.7  0.3
0  5  2.25  0.01  0.01  0.5669762158818576  0.15110056902638408  0.5043187770187224  14.95609973285571  15.126968698686587  1.0  0.76  0.232  0.008  0.783  0.217  0.75  0.25
0  5  2.25  0.01  0.01  0.5548090408770951  0.0788945733397623  0.621687092331867  14.960919055165531  14.769953539914411  1.0  0.75  0.241  0.009  0.768  0.232  0.8  0.2
0  5  2.25  0.01  0.01  0.6409584810444031  0.12214027121538851  1.2268854810244507  14.601046763519461  14.617413842891605  1.0  0.784  0.209  0.007  0.768  0.232  0.8  0.2
0  5  2.25  0.01  0.01  0.5802901145612287  -0.07614372626962473  0.4707307776002083  14.967050078760177  14.988459656161947  1.0  0.746  0.245  0.008  0.768  0.232  0.8  0.2
0  5  2.25  0.01  0.01  0.5374525477035507  0.1577156932316156  0.5546576409322074  14.97601251613419  14.944863481664635  1.0  0.75  0.241  0.009  0.768  0.232  0.8  0.2
0  5  2.25  0.01  0.01  0.7042989413167134  -0.04642545699796302  1.084386502338187  14.574245098138029  14.898588046321384  1.0  0.792  0.201  0.006  0.783  0.217  0.75  0.25
0  5  2.25  0.01  0.01  0.5704005528074075  0.16999998849686193  0.7611287897097023  14.821029946328126  14.990037144988387  1.0  0.763  0.229  0.008  0.768  0.232  0.8  0.2
0  5  2.25  0.01  0.01  0.4827136701078242  0.17681733527569654  0.740090475129206  14.973796562049367  14.550840540701367  1.0  0.73  0.26  0.01  0.739  0.261  0.9  0.1
0  5  2.25  0.01  0.01  0.516183965343003  0.04685709402671226  0.6730253327931914  14.933903854394496  14.731015131257681  1.0  0.733  0.258  0.009  0.739  0.261  0.9  0.1
0  5  2.25  0.01  0.01  0.8206897954279238  -0.17877990238953423  1.3959040438436374  14.391008997326773  14.755530910322596  1.0  0.819  0.176  0.005  0.797  0.203  0.7  0.3
0  5  2.25  0.01  0.01  0.5871174565155738  0.053509901163283524  1.0168341536748013  14.747589004282224  14.543975406171128  1.0  0.76  0.232  0.008  0.754  0.246  0.85  0.15
0  5  2.25  0.01  0.01  0.5541136437722298  -0.10782103511201951  0.38227476156178863  15.004372856626244  15.056814551715174  1.0  0.734  0.257  0.009  0.754  0.246  0.85  0.15
0  5  2.25  0.01  0.01  0.6377172657652811  0.10477186249560905  1.4064142522396195  14.55516569233907  14.378490801668994  1.0  0.781  0.211  0.007  0.754  0.246  0.85  0.15
0  5  2.25  0.01  0.01  0.585422077372583  0.003150613877224151  0.659946061316035  14.883778046965256  14.878336234825928  1.0  0.755  0.237  0.008  0.768  0.232  0.8  0.2
0  5  2.25  0.01  0.01  0.4434256814709057  0.1316130360350103  0.4054768893779264  15.09824925036006  14.89795685030515  1.0  0.71  0.279  0.01  0.725  0.275  0.95  0.05
0  5  2.25  0.01  0.01  0.706096396081936  -0.021388448121412246  1.447394095159764  14.481731284133224  14.442626684140137  1.0  0.795  0.198  0.006  0.768  0.232  0.8  0.2
0  5  2.25  0.01  0.01  0.6278679003106935  -0.18017935341200167  0.42183018567540453  14.934672460257627  15.151589865699625  1.0  0.756  0.237  0.008  0.783  0.217  0.75  0.25
0  5  2.25  0.01  0.01  0.6759226227526487  0.1906986202798433  1.2490057089942257  14.585515735954004  14.685126366655481  1.0  0.801  0.193  0.007  0.797  0.203  0.7  0.3
0  5  2.25  0.01  0.01  0.6509982285061409  0.13249040016076508  1.1470201163566327  14.64268514520276  14.660464012572968  1.0  0.788  0.205  0.007  0.783  0.217  0.75  0.25
0  5  2.25  0.01  0.01  0.7507019924137619  -0.1882778057608434  1.2097284919836728  14.507572493896959  14.739312049485173  1.0  0.797  0.197  0.006  0.783  0.217  0.75  0.25
0  5  2.25  0.01  0.01  0.5592030225364192  -0.1475685793779885  0.8141685364350384  14.907988047126857  14.341909528710698  1.0  0.732  0.259  0.009  0.739  0.261  0.9  0.1
0  5  2.25  0.01  0.01  0.5673435176847361  0.10781328093468545  0.48825079093344015  14.981381170387333  15.044658942541071  1.0  0.757  0.235  0.008  0.783  0.217  0.75  0.25
0  5  2.25  0.01  0.01  0.6440249353006651  -0.14805732486627843  1.1525208834598821  14.686290844558995  14.292285175484931  1.0  0.764  0.229  0.007  0.754  0.246  0.85  0.15
0  5  2.25  0.01  0.01  0.6506212499092078  -0.11769409334123844  1.1907971355972407  14.634154184780964  14.403893768907125  1.0  0.769  0.224  0.007  0.754  0.246  0.85  0.15
0  5  2.25  0.01  0.01  0.6761025509293338  0.156720402708032  1.506543452633263  14.470317674590852  14.518142519573814  1.0  0.799  0.195  0.007  0.768  0.232  0.8  0.2
0  5  2.25  0.01  0.01  0.6392062667922888  -0.14814811685672305  1.0543045326916036  14.698309805444714  14.471517254471749  1.0  0.762  0.23  0.007  0.754  0.246  0.85  0.15
0  5  2.25  0.01  0.01  0.7145812338051878  0.0264579530145245  1.3694439594818226  14.509831309449114  14.545328011709909  1.0  0.802  0.192  0.006  0.783  0.217  0.75  0.25
0  5  2.25  0.01  0.01  0.4925754589491939  0.18520487232655974  0.4647448387452693  15.049000364018273  14.943617654677727  1.0  0.735  0.255  0.009  0.754  0.246  0.85  0.15
0  5  2.25  0.01  0.01  0.680441165311637  0.08372532114578607  1.4039044878439997  14.511591872429404  14.509904409032828  1.0  0.794  0.199  0.007  0.768  0.232  0.8  0.2
1  5  2.25  0.01  0.01  0.5792624828578559  -0.01398063052546386  0.37828420785890676  15.004490112627753  15.582177884855875  1.0  0.752  0.24  0.008  0.779  0.221  0.632  0.368
1  5  2.25  0.01  0.01  0.6943537414239351  -0.19238176226387532  0.6711671884315665  14.772869352050845  15.683097121635758  1.0  0.778  0.215  0.007  0.794  0.206  0.579  0.421
1  5  2.25  0.01  0.01  0.5738036310077536  0.09830863776055276  0.5719725815258185  14.93924779495781  15.403242459540811  1.0  0.759  0.233  0.008  0.779  0.221  0.632  0.368
1  5  2.25  0.01  0.01  0.8379041888306551  -0.13553296591205602  1.529428923586603  14.380434882782527  15.461238021629484  1.0  0.827  0.169  0.005  0.794  0.206  0.579  0.421
1  5  2.25  0.01  0.01  0.5928940124943227  0.004007970939225697  1.0070096367512473  14.752268078406738  14.997252514653283  1.0  0.758  0.234  0.008  0.75  0.25  0.737  0.263
1  5  2.25  0.01  0.01  0.5760145085782474  0.005155501873914281  0.4068717356837646  14.999821283898305  15.53876268466134  1.0  0.752  0.239  0.008  0.779  0.221  0.632  0.368
1  5  2.25  0.01  0.01  0.5470178439254527  0.15445183185756617  0.9161171266463466  14.801878952497594  15.083458205317505  1.0  0.753  0.239  0.009  0.75  0.25  0.737  0.263
1  5  2.25  0.01  0.01  0.5789669520169813  -0.14957449935832173  0.5076746349040798  15.017243297567166  15.146499695021886  1.0  0.74  0.252  0.008  0.765  0.235  0.684  0.316
1  5  2.25  0.01  0.01  0.4983190764075314  0.17688103659153354  0.9688271663069353  14.86363942189021  14.758869966238867  1.0  0.737  0.254  0.009  0.735  0.265  0.789  0.211
1  5  2.25  0.01  0.01  0.5186222466033297  -0.009530746464829098  0.3781846622712113  15.06760579742811  15.33121933227791  1.0  0.729  0.262  0.009  0.75  0.25  0.737  0.263
1  5  2.25  0.01  0.01  0.47687299144462086  0.17567195552568798  0.4060295034200044  15.098102395480202  15.253059652048774  1.0  0.728  0.262  0.01  0.75  0.25  0.737  0.263
1  5  2.25  0.01  0.01  0.5789931035412363  0.19083686711843656  0.4088488551173303  14.94952427601983  15.843903848398257  1.0  0.768  0.224  0.008  0.794  0.206  0.579  0.421
1  5  2.25  0.01  0.01  0.4568267266119478  -0.004088999869536092  0.49830085827512655  15.121435179264143  14.868373281302226  1.0  0.705  0.285  0.01  0.721  0.279  0.842  0.158
1  5  2.25  0.01  0.01  0.5252182037978416  -0.037896661123314856  0.7146047492379448  14.951398920254405  14.936504776767011  1.0  0.729  0.262  0.009  0.735  0.265  0.789  0.211
1  5  2.25  0.01  0.01  0.5740256176704016  -0.04882774902909448  0.8733622431012387  14.855871290013535  14.90631209958817  1.0  0.747  0.245  0.008  0.75  0.25  0.737  0.263
1  5  2.25  0.01  0.01  0.5824784857092825  -0.1475545660400273  0.5295460417842327  14.99915634217314  15.162417896616795  1.0  0.741  0.25  0.008  0.765  0.235  0.684  0.316
1  5  2.25  0.01  0.01  0.5331983418417768  0.16921608802212157  0.9209195463603005  14.839402190387412  14.946761099145935  1.0  0.749  0.242  0.009  0.75  0.25  0.737  0.263
1  5  2.25  0.01  0.01  0.5601729430203323  0.1074636757074302  0.41460963267743456  14.992665724118455  15.59797838358468  1.0  0.754  0.237  0.008  0.779  0.221  0.632  0.368
1  5  2.25  0.01  0.01  0.6797738319444635  -0.19157986183626652  1.1420216407387844  14.697493105301568  14.873131969184083  1.0  0.773  0.22  0.007  0.765  0.235  0.684  0.316
1  5  2.25  0.01  0.01  0.5456351260323204  0.0869500192477341  1.311934586628807  14.654608420644536  14.75627558695686  1.0  0.747  0.244  0.009  0.721  0.279  0.842  0.158
1  5  2.25  0.01  0.01  0.5469259972812395  0.15933565939024774  0.918608228259903  14.791511002721352  15.121423601898542  1.0  0.754  0.238  0.009  0.75  0.25  0.737  0.263
1  5  2.25  0.01  0.01  0.6312307738511583  -0.15413592152593797  0.8258117886315642  14.809580257181224  15.159710838992698  1.0  0.759  0.233  0.008  0.765  0.235  0.684  0.316
1  5  2.25  0.01  0.01  0.56341203457666  -0.08183948058999731  0.6073646780674671  14.926740681264736  15.25870786452974  1.0  0.74  0.251  0.009  0.75  0.25  0.737  0.263
1  5  2.25  0.01  0.01  0.5747781203984534  0.02761236971963532  0.45889887085978803  14.987597309021684  15.466337071236431  1.0  0.753  0.238  0.008  0.779  0.221  0.632  0.368
1  5  2.25  0.01  0.01  0.6211374811912577  0.09186658567309114  0.9105947773656872  14.754759444237825  15.263599421380171  1.0  0.775  0.218  0.008  0.779  0.221  0.632  0.368
1  5  2.25  0.01  0.01  0.5499622149652017  -0.01446445446227701  0.37984229352086285  15.028681536179667  15.477436939327767  1.0  0.741  0.251  0.009  0.765  0.235  0.684  0.316
1  5  2.25  0.01  0.01  0.7498147119281743  -0.16956472012384816  1.5793208271335553  14.566358633131712  14.685803511857479  1.0  0.798  0.196  0.006  0.765  0.235  0.684  0.316
1  5  2.25  0.01  0.01  0.54420283591531  -0.10878645490359018  0.48441813789383315  15.033961873278349  15.15276398862222  1.0  0.73  0.261  0.009  0.75  0.25  0.737  0.263
1  5  2.25  0.01  0.01  0.6188805194977056  -0.1144524586962966  1.064673436601361  14.757849619286276  14.824360727551385  1.0  0.758  0.234  0.008  0.75  0.25  0.737  0.263
1  5  2.25  0.01  0.01  0.544623652644366  0.04065829858341813  1.0493566411213924  14.804600762093301  14.735744768551841  1.0  0.743  0.248  0.009  0.735  0.265  0.789  0.211
