3.5  1.75  0.01  0.01  0.6957589382823406  0.7828270181261109  0.5957546194732691  14.732870762956235  14.732870762956235  1.0  0.78  0.158  0.062  0.775  0.225  0.775  0.225  1.0  0.739  0.189  0.072  0.747  0.253  0.747  0.253
3.5  1.75  0.01  0.01  0.6340272955168  0.5084531420152077  0.5566826270201143  14.229863829287654  14.229863829287654  1.0  0.755  0.177  0.068  0.775  0.225  0.775  0.225  1.0  0.722  0.202  0.076  0.747  0.253  0.747  0.253
3.5  1.75  0.01  0.01  0.6453055834599859  0.562698827517374  0.5664940364759465  14.252770249695963  14.252770249695963  1.0  0.76  0.173  0.067  0.775  0.225  0.775  0.225  1.0  0.726  0.198  0.075  0.747  0.253  0.747  0.253
3.5  1.75  0.01  0.01  0.6180371738454964  0.4306760612775755  0.5432733684583462  14.225235114857531  14.225235114857531  1.0  0.748  0.182  0.07  0.775  0.225  0.775  0.225  1.0  0.716  0.206  0.078  0.747  0.253  0.747  0.253
3.5  1.75  0.01  0.01  0.6656852069485732  0.6549614886907319  0.5706022678825291  14.593566147808634  14.593566147808634  1.0  0.768  0.167  0.065  0.775  0.225  0.775  0.225  1.0  0.728  0.197  0.075  0.747  0.253  0.747  0.253
3.5  1.75  0.01  0.01  0.6950783749271645  0.8358773833104066  0.6070341662466096  14.945181096238194  14.945181096238194  1.0  0.779  0.158  0.062  0.775  0.225  0.775  0.225  1.0  0.744  0.185  0.071  0.747  0.253  0.747  0.253
3.5  1.75  0.01  0.01  0.690088905761999  0.815785485010353  0.6027583467630543  14.943675255583265  14.943675255583265  1.0  0.777  0.16  0.063  0.775  0.225  0.775  0.225  1.0  0.742  0.186  0.072  0.747  0.253  0.747  0.253
3.5  1.75  0.01  0.01  0.6929883508067896  0.7712978627353757  0.5935562990611688  14.70409356128255  14.70409356128255  1.0  0.779  0.159  0.062  0.775  0.225  0.775  0.225  1.0  0.738  0.189  0.073  0.747  0.253  0.747  0.253
3.5  1.75  0.01  0.01  0.6444384402703346  0.5580437392377428  0.5660376401947982  14.25240202405151  14.25240202405151  1.0  0.759  0.173  0.067  0.775  0.225  0.775  0.225  1.0  0.726  0.198  0.075  0.747  0.253  0.747  0.253
3.5  1.75  0.01  0.01  0.648162413357177  0.5751951861004874  0.5689672375722351  14.270057865498176  14.270057865498176  1.0  0.761  0.172  0.067  0.775  0.225  0.775  0.225  1.0  0.728  0.197  0.075  0.747  0.253  0.747  0.253
3.5  1.75  0.01  0.01  0.6255648255190922  0.46767218793770376  0.5496170678272038  14.224850202681699  14.224850202681699  1.0  0.752  0.179  0.069  0.775  0.225  0.775  0.225  1.0  0.719  0.204  0.077  0.747  0.253  0.747  0.253
3.5  1.75  0.01  0.01  0.6833515239960096  0.7319142910359449  0.5854002946819393  14.639559186569302  14.639559186569302  1.0  0.775  0.162  0.063  0.775  0.225  0.775  0.225  1.0  0.735  0.192  0.073  0.747  0.253  0.747  0.253
3.5  1.75  0.01  0.01  0.6904797065466028  0.817809016441625  0.6031091919249738  14.943441101810164  14.943441101810164  1.0  0.778  0.16  0.063  0.775  0.225  0.775  0.225  1.0  0.742  0.186  0.072  0.747  0.253  0.747  0.253
3.5  1.75  0.01  0.01  0.6766960063064138  0.7021683066367511  0.5796830666109234  14.61387696226901  14.61387696226901  1.0  0.772  0.164  0.064  0.775  0.225  0.775  0.225  1.0  0.732  0.194  0.074  0.747  0.253  0.747  0.253
3.5  1.75  0.01  0.01  0.653280828122358  0.5992729633740695  0.573348661617294  14.292139344309605  14.292139344309605  1.0  0.763  0.171  0.066  0.775  0.225  0.775  0.225  1.0  0.729  0.196  0.075  0.747  0.253  0.747  0.253
3.5  1.75  0.01  0.01  0.6343462730988498  0.5102196111408399  0.5573224804179812  14.228574409149195  14.228574409149195  1.0  0.755  0.176  0.068  0.775  0.225  0.775  0.225  1.0  0.722  0.201  0.076  0.747  0.253  0.747  0.253
3.5  1.75  0.01  0.01  0.7061314431235227  0.8794643308104464  0.6163549673544777  14.953669957988474  14.953669957988474  1.0  0.784  0.155  0.061  0.775  0.225  0.775  0.225  1.0  0.748  0.182  0.07  0.747  0.253  0.747  0.253
3.5  1.75  0.01  0.01  0.6499118008891867  0.5837197148492528  0.5705050047363698  14.269312909594726  14.269312909594726  1.0  0.762  0.172  0.067  0.775  0.225  0.775  0.225  1.0  0.728  0.197  0.075  0.747  0.253  0.747  0.253
3.5  1.75  0.01  0.01  0.6674499743036129  0.6628470882575265  0.572063455566652  14.595976463599555  14.595976463599555  1.0  0.769  0.166  0.065  0.775  0.225  0.775  0.225  1.0  0.729  0.196  0.075  0.747  0.253  0.747  0.253
3.5  1.75  0.01  0.01  0.6949877847519815  0.8358232743914792  0.6069434983300084  14.945181097215299  14.945181097215299  1.0  0.779  0.158  0.062  0.775  0.225  0.775  0.225  1.0  0.744  0.185  0.071  0.747  0.253  0.747  0.253
3.5  1.75  0.01  0.01  0.6124085529751827  0.40062525104512847  0.5383491779560298  14.230212823208563  14.230212823208563  1.0  0.746  0.183  0.071  0.775  0.225  0.775  0.225  1.0  0.714  0.208  0.078  0.747  0.253  0.747  0.253
3.5  1.75  0.01  0.01  0.6689559474293804  0.6690092173784135  0.5731491470562446  14.59469588556672  14.59469588556672  1.0  0.769  0.166  0.065  0.775  0.225  0.775  0.225  1.0  0.729  0.196  0.075  0.747  0.253  0.747  0.253
3.5  1.75  0.01  0.01  0.6352656893103188  0.5140692867888238  0.5579595078533057  14.234435093423848  14.234435093423848  1.0  0.756  0.176  0.068  0.775  0.225  0.775  0.225  1.0  0.723  0.201  0.076  0.747  0.253  0.747  0.253
3.5  1.75  0.01  0.01  0.6092320244284566  0.3835218031337085  0.5355784074980066  14.23381674814603  14.23381674814603  1.0  0.745  0.184  0.071  0.775  0.225  0.775  0.225  1.0  0.713  0.209  0.078  0.747  0.253  0.747  0.253
3.5  1.75  0.01  0.01  0.6375501333219669  0.525206801791148  0.5598918956724039  14.23739164820841  14.23739164820841  1.0  0.756  0.175  0.068  0.775  0.225  0.775  0.225  1.0  0.724  0.2  0.076  0.747  0.253  0.747  0.253
3.5  1.75  0.01  0.01  0.6693221755135657  0.6713848125541505  0.5737245617103202  14.599849401587768  14.599849401587768  1.0  0.769  0.166  0.065  0.775  0.225  0.775  0.225  1.0  0.73  0.196  0.075  0.747  0.253  0.747  0.253
3.5  1.75  0.01  0.01  0.684001508230982  0.7330121606043302  0.5860259242974873  14.638873204204646  14.638873204204646  1.0  0.775  0.162  0.063  0.775  0.225  0.775  0.225  1.0  0.735  0.192  0.073  0.747  0.253  0.747  0.253
3.5  1.75  0.01  0.01  0.6661360256334558  0.6573568358086144  0.5712270247031068  14.592339385594961  14.592339385594961  1.0  0.768  0.167  0.065  0.775  0.225  0.775  0.225  1.0  0.728  0.197  0.075  0.747  0.253  0.747  0.253
3.5  1.75  0.01  0.01  0.6322725055470263  0.5007278229403735  0.5554011037953319  14.226397577728887  14.226397577728887  1.0  0.754  0.177  0.069  0.775  0.225  0.775  0.225  1.0  0.722  0.202  0.076  0.747  0.253  0.747  0.253
3.5  1.75  0.01  0.01  0.6673053443768793  0.6624546152937314  0.5719637277403449  14.595976469836813  14.595976469836813  1.0  0.768  0.166  0.065  0.775  0.225  0.775  0.225  1.0  0.729  0.196  0.075  0.747  0.253  0.747  0.253
