0  5  2.25  0.01  0.01  0.8685022398302503  -0.4035707636983905  0.4233528670041378  14.400425582030518  14.400425582030518  1.0  0.811  0.178  0.011  0.8  0.2  0.8  0.2
0  5  2.25  0.01  0.01  0.8557301433762954  -0.36769974192622423  0.39953040556545977  14.414893854523958  14.414893854523958  1.0  0.809  0.179  0.012  0.8  0.2  0.8  0.2
0  5  2.25  0.01  0.01  0.8145936848526183  0.7083685240842899  1.537663647088354  15.12837912420667  15.12837912420667  1.0  0.867  0.122  0.011  0.8  0.2  0.8  0.2
0  5  2.25  0.01  0.01  1.0191295344550166  -0.8743479413591839  0.5437205737181116  14.312387016903877  14.312387016903877  1.0  0.818  0.173  0.008  0.8  0.2  0.8  0.2
0  5  2.25  0.01  0.01  0.9874327638557172  -0.7876888441119785  0.500644074835057  14.333841882905894  14.333841882905894  1.0  0.816  0.175  0.009  0.8  0.2  0.8  0.2
0  5  2.25  0.01  0.01  1.4580219046232545  -0.8354091302057771  1.7369044738578536  16.852650912028047  16.852650912028047  1.0  0.91  0.088  0.002  0.8  0.2  0.8  0.2
0  5  2.25  0.01  0.01  0.9883922081974176  0.5234877170141623  1.9574831937281314  18.812773687370274  18.812773687370274  1.0  0.896  0.096  0.007  0.8  0.2  0.8  0.2
0  5  2.25  0.01  0.01  1.1575583217416605  -0.6562932254498943  1.1812406687596375  14.233175985787714  14.233175985787714  1.0  0.867  0.127  0.005  0.8  0.2  0.8  0.2
0  5  2.25  0.01  0.01  0.9643009809798255  -0.6829820044006814  0.522116987569511  14.330888942386386  14.330888942386386  1.0  0.818  0.173  0.009  0.8  0.2  0.8  0.2
0  5  2.25  0.01  0.01  0.8920302613373786  -0.18171174716901484  0.7748538947550838  14.279272217758102  14.279272217758102  1.0  0.833  0.156  0.01  0.8  0.2  0.8  0.2
0  5  2.25  0.01  0.01  1.2342864263464943  -0.17509705179688506  1.7820476749696301  16.843377794224185  16.843377794224185  1.0  0.908  0.088  0.004  0.8  0.2  0.8  0.2
0  5  2.25  0.01  0.01  0.7266104214289799  0.1896069932251736  0.469228859942968  14.46444434946038  14.46444434946038  1.0  0.81  0.176  0.014  0.8  0.2  0.8  0.2
0  5  2.25  0.01  0.01  0.7309449851563902  0.35896602283046675  0.7250003910676381  14.381798372039045  14.381798372039045  1.0  0.823  0.163  0.014  0.8  0.2  0.8  0.2
0  5  2.25  0.01  0.01  0.8353727150276555  0.18926457802324448  0.9750964412227502  14.277193565090117  14.277193565090117  1.0  0.842  0.147  0.011  0.8  0.2  0.8  0.2
0  5  2.25  0.01  0.01  0.9245371578654779  -0.4294132639094397  0.6293196204351822  14.30692307057707  14.30692307057707  1.0  0.825  0.165  0.01  0.8  0.2  0.8  0.2
0  5  2.25  0.01  0.01  0.6782700666014437  0.3428237675007284  0.41336327555581476  14.521540932954698  14.521540932954698  1.0  0.805  0.18  0.015  0.8  0.2  0.8  0.2
0  5  2.25  0.01  0.01  0.9830068924839899  -0.5425195895096009  0.7389810524753206  14.25800020757268  14.25800020757268  1.0  0.833  0.158  0.009  0.8  0.2  0.8  0.2
0  5  2.25  0.01  0.01  0.9362410773537558  -0.5236423947374762  0.5783307581068685  14.319332277755183  14.319332277755183  1.0  0.822  0.168  0.01  0.8  0.2  0.8  0.2
0  5  2.25  0.01  0.01  1.0121502435538388  0.2799311509680369  1.6519443937026923  16.408608788092774  16.408608788092774  1.0  0.89  0.103  0.007  0.8  0.2  0.8  0.2
0  5  2.25  0.01  0.01  0.7525622227311074  0.1832502554405211  0.5908176419835678  14.406059326657102  14.406059326657102  1.0  0.817  0.169  0.014  0.8  0.2  0.8  0.2
0  5  2.25  0.01  0.01  0.856711145495027  -0.27753886193892097  0.5093648342649747  14.374170229629957  14.374170229629957  1.0  0.816  0.172  0.012  0.8  0.2  0.8  0.2
0  5  2.25  0.01  0.01  1.038145818081094  -0.7973763444376989  0.6799721449080093  14.263704100415938  14.263704100415938  1.0  0.829  0.163  0.008  0.8  0.2  0.8  0.2
0  5  2.25  0.01  0.01  0.7798291677097208  0.985037435816509  1.7374085419868126  16.545581244103758  16.545581244103758  1.0  0.874  0.115  0.011  0.8  0.2  0.8  0.2
0  5  2.25  0.01  0.01  0.7038838600259802  0.5789126734817562  0.9005114134331398  14.366564129349293  14.366564129349293  1.0  0.829  0.157  0.014  0.8  0.2  0.8  0.2
0  5  2.25  0.01  0.01  0.9444011960823141  0.12323151891308903  1.2944919791244127  14.337314875632115  14.337314875632115  1.0  0.866  0.126  0.009  0.8  0.2  0.8  0.2
0  5  2.25  0.01  0.01  0.8561310230023621  -0.2553826520317808  0.5305771164300144  14.367177854692136  14.367177854692136  1.0  0.818  0.171  0.012  0.8  0.2  0.8  0.2
0  5  2.25  0.01  0.01  1.0642634994994207  -0.9642048991523013  0.6187772577919333  14.280145535115558  14.280145535115558  1.0  0.823  0.169  0.007  0.8  0.2  0.8  0.2
0  5  2.25  0.01  0.01  0.7603277560807119  0.4178291137552801  0.9494799686326318  14.321665935589438  14.321665935589438  1.0  0.836  0.152  0.013  0.8  0.2  0.8  0.2
0  5  2.25  0.01  0.01  0.7280717331968728  0.3062875313447595  0.64205058428399  14.406829119654882  14.406829119654882  1.0  0.819  0.167  0.014  0.8  0.2  0.8  0.2
0  5  2.25  0.01  0.01  1.174141294531931  -0.9097502746913555  1.0135219763999397  14.198939004173008  14.198939004173008  1.0  0.854  0.141  0.005  0.8  0.2  0.8  0.2
1  5  2.25  0.01  0.01  1.1911406389872043  -0.968639787699074  2.243293355321344  22.76870877830012  22.76870877830012  1.0  0.854  0.141  0.005  0.745  0.255  0.745  0.255
1  5  2.25  0.01  0.01  0.49501347852424116  0.853392021551703  1.7809034672879216  17.442876548324147  17.442876548324147  1.0  0.78  0.201  0.019  0.745  0.255  0.745  0.255
1  5  2.25  0.01  0.01  0.677991903297244  -0.3277531257251811  0.754552036301063  14.754131466007175  14.754131466007175  1.0  0.754  0.23  0.017  0.745  0.255  0.745  0.255
1  5  2.25  0.01  0.01  0.3953091751372272  0.7230372670903225  0.47592004465640736  14.96377075956463  14.96377075956463  1.0  0.732  0.245  0.023  0.745  0.255  0.745  0.255
1  5  2.25  0.01  0.01  1.1162011563973147  -0.8271799818425498  2.1997381893317423  22.110419072318585  22.110419072318585  1.0  0.846  0.147  0.006  0.745  0.255  0.745  0.255
1  5  2.25  0.01  0.01  1.0586532071102677  -0.901007490476045  1.8366971576301776  17.816998021463963  17.816998021463963  1.0  0.827  0.166  0.008  0.745  0.255  0.745  0.255
1  5  2.25  0.01  0.01  0.46168985542182744  0.5902096359268361  0.8244572584769866  14.797389214363104  14.797389214363104  1.0  0.747  0.231  0.021  0.745  0.255  0.745  0.255
1  5  2.25  0.01  0.01  0.828473617083993  -0.6914618214634074  1.0703412703783048  14.759049730761532  14.759049730761532  1.0  0.776  0.211  0.013  0.745  0.255  0.745  0.255
1  5  2.25  0.01  0.01  0.5413458928173382  0.921071432319575  2.2821210297933043  22.417244736440995  22.417244736440995  1.0  0.801  0.181  0.018  0.745  0.255  0.745  0.255
1  5  2.25  0.01  0.01  0.455962300603578  0.9850776457062547  1.8138037991249583  17.506360307164424  17.506360307164424  1.0  0.777  0.203  0.02  0.745  0.255  0.745  0.255
1  5  2.25  0.01  0.01  0.7251875127240793  -0.5776873675166505  0.6790165819399  14.77623169399986  14.77623169399986  1.0  0.749  0.235  0.016  0.745  0.255  0.745  0.255
1  5  2.25  0.01  0.01  0.9909690556520068  -0.8178085902808059  1.6189962786890515  16.666369173403556  16.666369173403556  1.0  0.815  0.177  0.009  0.745  0.255  0.745  0.255
1  5  2.25  0.01  0.01  0.4923672011923747  0.302158612405675  0.4859845609840549  14.895177241337505  14.895177241337505  1.0  0.736  0.243  0.021  0.745  0.255  0.745  0.255
1  5  2.25  0.01  0.01  0.623625414319478  -0.28206894469655697  0.477014745660844  14.851461161522039  14.851461161522039  1.0  0.738  0.244  0.018  0.745  0.255  0.745  0.255
1  5  2.25  0.01  0.01  0.38122320070565074  0.8102806906811326  0.5469758347271233  14.947364542857784  14.947364542857784  1.0  0.734  0.243  0.023  0.745  0.255  0.745  0.255
1  5  2.25  0.01  0.01  0.8083975006204325  -0.021899012343253643  2.6412588034766995  29.030057387511306  29.030057387511306  1.0  0.82  0.167  0.012  0.745  0.255  0.745  0.255
1  5  2.25  0.01  0.01  0.7430487300149375  -0.8382938743445258  0.4272078345704499  14.86823001721459  14.86823001721459  1.0  0.733  0.252  0.016  0.745  0.255  0.745  0.255
1  5  2.25  0.01  0.01  0.5977726798020405  0.7706140106648725  2.25338127032986  22.00819885656195  22.00819885656195  1.0  0.809  0.174  0.017  0.745  0.255  0.745  0.255
1  5  2.25  0.01  0.01  0.5523865211328842  0.4452976464821896  1.2380441587686606  14.797211065842838  14.797211065842838  1.0  0.77  0.211  0.019  0.745  0.255  0.745  0.255
1  5  2.25  0.01  0.01  0.48304274211238035  0.4415239390098695  0.691055314017902  14.82508635167179  14.82508635167179  1.0  0.743  0.235  0.021  0.745  0.255  0.745  0.255
1  5  2.25  0.01  0.01  0.8068468155965937  -0.7005057616642669  0.9552382454017491  14.740478091981561  14.740478091981561  1.0  0.768  0.219  0.014  0.745  0.255  0.745  0.255
1  5  2.25  0.01  0.01  0.680250162199084  -0.03660645230715498  1.1966141130200851  14.769541523748222  14.769541523748222  1.0  0.778  0.206  0.016  0.745  0.255  0.745  0.255
1  5  2.25  0.01  0.01  0.9368066235156969  -0.39163639344084866  1.9734795210232636  18.402495523985525  18.402495523985525  1.0  0.831  0.159  0.01  0.745  0.255  0.745  0.255
1  5  2.25  0.01  0.01  1.0293572517370784  -0.7905920918446787  1.8522344690913233  17.844083296082957  17.844083296082957  1.0  0.827  0.165  0.008  0.745  0.255  0.745  0.255
1  5  2.25  0.01  0.01  0.7493697825580379  0.04536867368446429  1.7557046569269226  17.17726802691856  17.17726802691856  1.0  0.807  0.179  0.014  0.745  0.255  0.745  0.255
1  5  2.25  0.01  0.01  0.6214682083854253  0.04792634474072677  0.9948875246861997  14.719724166264161  14.719724166264161  1.0  0.764  0.218  0.018  0.745  0.255  0.745  0.255
1  5  2.25  0.01  0.01  0.49789151847789126  0.5326779748421455  0.9984246259530656  14.749156882665455  14.749156882665455  1.0  0.756  0.223  0.02  0.745  0.255  0.745  0.255
1  5  2.25  0.01  0.01  0.7582154892993676  -0.8068433551226557  0.5563085751899234  14.821116369570566  14.821116369570566  1.0  0.741  0.244  0.015  0.745  0.255  0.745  0.255
1  5  2.25  0.01  0.01  0.7008699743334527  0.07419849651663535  1.5616299783268979  16.11043650199567  16.11043650199567  1.0  0.793  0.192  0.015  0.745  0.255  0.745  0.255
1  5  2.25  0.01  0.01  0.5429439134279708  0.10137237043648306  0.5262290708619903  14.856285285322803  14.856285285322803  1.0  0.739  0.241  0.02  0.745  0.255  0.745  0.255
----------------------------------------------------------------------------------------------------------------------------------------------------------------------------------------

0  5  2.25  0.01  0.01  0.9977984762637323  -0.45781331520100044  0.9286007795795371  14.230250340198113  14.153215022102406  1.0  0.843  0.149  0.008  0.787  0.213  0.857  0.143
0  5  2.25  0.01  0.01  0.8284271745128845  -0.046229539958980714  0.6054897298485288  14.285399131214826  14.695589030702124  1.0  0.824  0.164  0.012  0.787  0.213  0.857  0.143
0  5  2.25  0.01  0.01  1.2102368264405907  0.24532276303276013  2.244095744574884  21.826105167172802  26.56507073100528  1.0  0.923  0.073  0.004  0.787  0.213  0.857  0.143
0  5  2.25  0.01  0.01  0.7436082043075427  0.4239265489128352  1.2530391908712775  14.457761954474263  13.886824259124301  1.0  0.831  0.156  0.013  0.77  0.23  0.929  0.071
0  5  2.25  0.01  0.01  1.489401638788467  0.37759807354017383  2.6495177435946196  35.03521776069604  24.496018572558253  1.0  0.96  0.039  0.001  0.803  0.197  0.786  0.214
0  5  2.25  0.01  0.01  0.8702587754263071  0.00969215833950754  0.7990733559630304  14.309255922859226  14.241515165966536  1.0  0.84  0.149  0.011  0.82  0.18  0.714  0.286
0  5  2.25  0.01  0.01  0.9049856524485306  0.05910077430038285  0.6936279644952207  14.22572842540415  14.887953935172865  1.0  0.852  0.138  0.01  0.836  0.164  0.643  0.357
0  5  2.25  0.01  0.01  1.05262704741634  -0.925936946209653  0.5880157354401438  14.308102335245291  14.222403528200688  1.0  0.823  0.17  0.008  0.803  0.197  0.786  0.214
0  5  2.25  0.01  0.01  1.7805634344427956  -0.5961101260949679  2.550764562201031  31.530776228267268  27.117089083583725  1.0  0.955  0.044  0.0  0.82  0.18  0.714  0.286
0  5  2.25  0.01  0.01  0.8084407307495005  0.9195888887420367  1.3378450084882922  14.46414652553642  14.788535001630434  1.0  0.877  0.113  0.01  0.836  0.164  0.643  0.357
0  5  2.25  0.01  0.01  0.9214432738985706  -0.3095767283469617  0.728084818097476  14.251407004208192  14.411377070974883  1.0  0.833  0.157  0.01  0.803  0.197  0.786  0.214
0  5  2.25  0.01  0.01  0.8800165716415834  0.7591373212241705  1.5552755831225562  15.504548982585172  15.44974458192911  1.0  0.885  0.106  0.009  0.82  0.18  0.714  0.286
0  5  2.25  0.01  0.01  1.1250238383435716  -0.46636721844639495  1.4432106826139561  14.791003954971874  13.715065098931191  1.0  0.872  0.122  0.006  0.787  0.213  0.857  0.143
0  5  2.25  0.01  0.01  0.9393007789456446  0.8319261000455447  1.701277439968634  15.45054994733459  20.981237135985975  1.0  0.901  0.091  0.007  0.836  0.164  0.643  0.357
0  5  2.25  0.01  0.01  1.5348635247593874  -0.21639687879175562  2.5943199320779176  34.90629833032602  19.902682994302474  1.0  0.946  0.053  0.001  0.803  0.197  0.786  0.214
0  5  2.25  0.01  0.01  1.1356785205337623  0.4675723176711837  2.1498631137979074  22.096614820118848  15.409783963825873  1.0  0.921  0.075  0.005  0.82  0.18  0.714  0.286
0  5  2.25  0.01  0.01  0.8522017182601704  0.2530574934347267  0.9707988387875369  14.145570536841733  14.910680992060533  1.0  0.85  0.139  0.011  0.787  0.213  0.857  0.143
0  5  2.25  0.01  0.01  1.0588112753988714  -0.5150916833128565  1.2837484352949882  14.233091181054213  14.618774885798242  1.0  0.854  0.139  0.007  0.787  0.213  0.857  0.143
0  5  2.25  0.01  0.01  0.7139471703455189  0.5607602170882031  1.050616632649247  14.351939266593373  14.25410468792434  1.0  0.831  0.155  0.014  0.787  0.213  0.857  0.143
0  5  2.25  0.01  0.01  0.8187677541230901  0.3674706342147367  0.6632774346909166  14.289165114701602  14.977148566808072  1.0  0.849  0.14  0.011  0.836  0.164  0.643  0.357
0  5  2.25  0.01  0.01  0.6553604971851514  0.9919437220442799  1.1757389524738964  14.425522058839437  14.50243890763276  1.0  0.841  0.145  0.014  0.803  0.197  0.786  0.214
0  5  2.25  0.01  0.01  1.0962892181719621  -0.05714439856738074  1.5964976922247378  16.081110189328243  14.21786722890947  1.0  0.889  0.105  0.006  0.77  0.23  0.929  0.071
0  5  2.25  0.01  0.01  1.0018592580763108  0.5092369472021883  1.6617114441925362  15.566058729017636  20.125473401320033  1.0  0.899  0.095  0.007  0.787  0.213  0.857  0.143
0  5  2.25  0.01  0.01  0.6253700541616813  0.9849181830529543  0.9705678573227507  14.334024805917705  14.943021465244  1.0  0.832  0.153  0.015  0.803  0.197  0.786  0.214
0  5  2.25  0.01  0.01  1.1172738819466794  -0.37652898972803883  1.0595760213439673  14.08059785821299  14.812389430822224  1.0  0.876  0.118  0.006  0.82  0.18  0.714  0.286
0  5  2.25  0.01  0.01  1.1905997173368228  -0.061878541811569265  1.8872152658939065  18.42051218808809  13.982103414057471  1.0  0.907  0.089  0.004  0.787  0.213  0.857  0.143
0  5  2.25  0.01  0.01  1.2193314798146944  -0.014237952091719075  2.5059263625442267  28.77585094990013  27.93389801120752  1.0  0.914  0.082  0.004  0.77  0.23  0.929  0.071
0  5  2.25  0.01  0.01  1.1240241566181293  -0.8871261143412743  0.8200507130854235  14.239414878922425  14.139636921069917  1.0  0.844  0.15  0.006  0.82  0.18  0.714  0.286
0  5  2.25  0.01  0.01  0.9320949458930587  -0.7430918377444569  0.49825640089569195  14.323669111780523  14.40325816060199  1.0  0.804  0.186  0.01  0.77  0.23  0.929  0.071
0  5  2.25  0.01  0.01  1.0813712538938893  -0.7469880106077122  0.8323625444927194  14.195193626995708  14.332467577492706  1.0  0.844  0.15  0.007  0.803  0.197  0.786  0.214
1  5  2.25  0.01  0.01  0.5683255464599996  0.8814131127164104  2.070362247147558  19.80868329835482  17.714290328267705  1.0  0.807  0.176  0.017  0.756  0.244  0.692  0.308
1  5  2.25  0.01  0.01  0.3537810498578642  0.8607983194509299  0.6925587787791995  14.887102739671496  14.913535885166823  1.0  0.727  0.249  0.023  0.732  0.268  0.808  0.192
1  5  2.25  0.01  0.01  0.35661935917434145  0.9120455211003489  0.3772071175687602  14.999963681541372  15.289141426107346  1.0  0.733  0.244  0.023  0.748  0.252  0.731  0.269
1  5  2.25  0.01  0.01  0.43493199537020766  0.2591436724924985  0.4111088204207995  15.02676652402597  14.45259122695386  1.0  0.709  0.268  0.023  0.724  0.276  0.846  0.154
1  5  2.25  0.01  0.01  0.4400334400513794  0.4827175181899954  0.4615859313146427  14.915210612375633  15.000437965787372  1.0  0.73  0.248  0.022  0.74  0.26  0.769  0.231
1  5  2.25  0.01  0.01  0.3961566537051199  0.9096230812979629  0.563326774961649  14.890736109595037  15.291268733323914  1.0  0.748  0.23  0.022  0.756  0.244  0.692  0.308
1  5  2.25  0.01  0.01  0.5846646324944802  0.4713281576804649  2.6637499550670456  27.690121286671445  35.96470753972864  1.0  0.783  0.199  0.018  0.74  0.26  0.769  0.231
1  5  2.25  0.01  0.01  1.2189346169211306  -0.9726955057966269  2.1838652817365642  21.85561128865551  22.970996415570752  1.0  0.86  0.136  0.005  0.756  0.244  0.692  0.308
1  5  2.25  0.01  0.01  0.628321258549895  0.5515986514262252  2.1585001611570256  20.819012086288534  22.463830467444264  1.0  0.804  0.18  0.016  0.74  0.26  0.769  0.231
1  5  2.25  0.01  0.01  0.6964978031436336  0.27546942412099495  1.4767973703546469  15.30270474296274  16.594047569854876  1.0  0.807  0.178  0.015  0.772  0.228  0.615  0.385
1  5  2.25  0.01  0.01  0.3141853467313503  0.9548093761559662  0.4871791560614306  15.024007002571445  14.916131784128178  1.0  0.719  0.257  0.024  0.732  0.268  0.808  0.192
1  5  2.25  0.01  0.01  0.7885310219716892  -0.02402879326549079  1.9242425234675045  18.579716129742476  15.026038179912327  1.0  0.814  0.173  0.013  0.748  0.252  0.731  0.269
1  5  2.25  0.01  0.01  0.9041893137469964  -0.4328747505169941  1.7122532865026252  16.888396216743754  18.203942871511508  1.0  0.819  0.17  0.011  0.74  0.26  0.769  0.231
1  5  2.25  0.01  0.01  0.8364328633340375  -0.6794176592314278  1.274422190938195  15.00815014466936  14.5627409542439  1.0  0.779  0.208  0.013  0.74  0.26  0.769  0.231
1  5  2.25  0.01  0.01  0.7166882460244849  -0.4288435533231234  0.6815169845412756  14.71041940745414  15.076517520898054  1.0  0.759  0.225  0.016  0.748  0.252  0.731  0.269
1  5  2.25  0.01  0.01  0.8116704297807293  -0.4024240139734683  1.5761095286417557  16.20482482605307  16.19407576860837  1.0  0.793  0.194  0.013  0.74  0.26  0.769  0.231
1  5  2.25  0.01  0.01  0.6489900237153373  -0.5783021766518226  0.4280605245018109  14.856964547411176  14.903900230464112  1.0  0.721  0.261  0.018  0.724  0.276  0.846  0.154
1  5  2.25  0.01  0.01  0.6654432740229469  0.3093002982660984  2.024351959893682  19.042364245239902  18.037296116900002  1.0  0.799  0.185  0.016  0.732  0.268  0.808  0.192
1  5  2.25  0.01  0.01  0.7049749927802293  -0.3918914244495346  0.6634165338371245  14.763977792620489  14.86094565722642  1.0  0.758  0.226  0.016  0.756  0.244  0.692  0.308
1  5  2.25  0.01  0.01  0.6653863995486127  0.5207278428999138  2.069569216594116  19.593383862232198  19.231316925053346  1.0  0.814  0.171  0.015  0.756  0.244  0.692  0.308
1  5  2.25  0.01  0.01  0.4632156642410665  0.5613220730729442  0.5986135411484941  14.88246467111072  14.872847329693439  1.0  0.746  0.233  0.021  0.756  0.244  0.692  0.308
1  5  2.25  0.01  0.01  0.4269460404541795  0.9107957973415397  0.4794184117155926  14.954246079127904  15.24195985489458  1.0  0.76  0.219  0.021  0.78  0.22  0.577  0.423
1  5  2.25  0.01  0.01  0.5934306698457485  0.8445146728154447  2.2537640185364145  22.221130999608445  20.875749515670876  1.0  0.812  0.171  0.016  0.756  0.244  0.692  0.308
1  5  2.25  0.01  0.01  0.7005316184478131  -0.0519412130625001  0.8181136727096937  14.68643406579592  15.045968936331828  1.0  0.784  0.201  0.016  0.78  0.22  0.577  0.423
1  5  2.25  0.01  0.01  0.6226607493848709  0.06731245453979229  0.7742996648871805  14.751833448338331  14.818644162148386  1.0  0.766  0.216  0.018  0.764  0.236  0.654  0.346
1  5  2.25  0.01  0.01  0.6647032762340569  -0.09370929741074874  0.6725460098756811  14.679397255315019  15.304226369020101  1.0  0.768  0.215  0.017  0.764  0.236  0.654  0.346
1  5  2.25  0.01  0.01  0.7284158705825601  -0.42110193879432867  0.6934176545788587  14.700085447090428  15.112946566782657  1.0  0.764  0.221  0.015  0.756  0.244  0.692  0.308
1  5  2.25  0.01  0.01  0.6243576048579901  0.5070186950062998  2.060448034620074  20.1850218229576  15.751121011827514  1.0  0.8  0.184  0.017  0.732  0.268  0.808  0.192
1  5  2.25  0.01  0.01  0.47490574932204904  0.16048738278883334  0.3833679411896142  14.99463553649557  14.60683275961516  1.0  0.717  0.261  0.022  0.732  0.268  0.808  0.192
1  5  2.25  0.01  0.01  0.7698760777283911  -0.052929438226378744  1.496997962376356  15.596543067887549  15.715898503351822  1.0  0.806  0.18  0.014  0.756  0.244  0.692  0.308
--------------------------------------------------------------------------------------------------------------------------------------------------------------------------------------------

0  5  2.25  0.01  0.01  0.7823097385674297  0.502867074209638  14.416051672752134  14.416051672752134  1.0  0.814  0.173  0.013  0.8  0.2  0.8  0.2
0  5  2.25  0.01  0.01  0.8243582011720108  0.69727636904689  14.331499289743014  14.331499289743014  1.0  0.826  0.162  0.012  0.8  0.2  0.8  0.2
0  5  2.25  0.01  0.01  0.7657414745237877  0.4190377251093792  14.456003270175595  14.456003270175595  1.0  0.809  0.178  0.014  0.8  0.2  0.8  0.2
0  5  2.25  0.01  0.01  0.8721802049816301  0.9003434549981331  14.265748828614086  14.265748828614086  1.0  0.84  0.149  0.011  0.8  0.2  0.8  0.2
0  5  2.25  0.01  0.01  0.866162950643392  0.8769857878440922  14.271728126343362  14.271728126343362  1.0  0.838  0.151  0.011  0.8  0.2  0.8  0.2
0  5  2.25  0.01  0.01  0.7620992307470339  0.39889175080491446  14.465975439526789  14.465975439526789  1.0  0.808  0.179  0.014  0.8  0.2  0.8  0.2
0  5  2.25  0.01  0.01  1.1187339562571763  1.6057608210407648  15.77144437263653  15.77144437263653  1.0  0.897  0.098  0.005  0.8  0.2  0.8  0.2
0  5  2.25  0.01  0.01  0.7615381279493288  0.39736143589472084  14.466683265897275  14.466683265897275  1.0  0.807  0.179  0.014  0.8  0.2  0.8  0.2
0  5  2.25  0.01  0.01  1.0005554794777667  1.3467586045934088  14.391961804836768  14.391961804836768  1.0  0.872  0.12  0.008  0.8  0.2  0.8  0.2
0  5  2.25  0.01  0.01  1.122673282920982  1.6771578886784606  16.479894988797433  16.479894988797433  1.0  0.897  0.097  0.005  0.8  0.2  0.8  0.2
0  5  2.25  0.01  0.01  0.834687407232807  0.7448421756094146  14.313210871351961  14.313210871351961  1.0  0.829  0.159  0.012  0.8  0.2  0.8  0.2
0  5  2.25  0.01  0.01  0.7709062043672582  0.4422671651045163  14.444619614400922  14.444619614400922  1.0  0.81  0.176  0.013  0.8  0.2  0.8  0.2
0  5  2.25  0.01  0.01  0.9347959939719729  1.1311750370237288  14.249672804087197  14.249672804087197  1.0  0.856  0.135  0.009  0.8  0.2  0.8  0.2
0  5  2.25  0.01  0.01  1.057160506879358  1.5090520190403278  14.876756273321977  14.876756273321977  1.0  0.884  0.109  0.007  0.8  0.2  0.8  0.2
0  5  2.25  0.01  0.01  0.8857263874743401  0.9526145496093757  14.254373146496542  14.254373146496542  1.0  0.844  0.146  0.01  0.8  0.2  0.8  0.2
0  5  2.25  0.01  0.01  0.8239179423865941  0.6978078901081338  14.331499169487003  14.331499169487003  1.0  0.826  0.162  0.012  0.8  0.2  0.8  0.2
0  5  2.25  0.01  0.01  0.8149980933874387  0.6554150270225059  14.348175402345069  14.348175402345069  1.0  0.824  0.164  0.012  0.8  0.2  0.8  0.2
0  5  2.25  0.01  0.01  1.5437813043685755  2.6764644002240043  33.65887582190226  33.65887582190226  1.0  0.954  0.045  0.001  0.8  0.2  0.8  0.2
0  5  2.25  0.01  0.01  1.2589169774028262  2.2117488977043136  21.93755122161252  21.93755122161252  1.0  0.92  0.076  0.003  0.8  0.2  0.8  0.2
0  5  2.25  0.01  0.01  1.1789965822691546  1.9289569357907137  18.775315392563332  18.775315392563332  1.0  0.908  0.088  0.004  0.8  0.2  0.8  0.2
0  5  2.25  0.01  0.01  0.9584620300563881  1.2135585534203108  14.27388974396726  14.27388974396726  1.0  0.862  0.129  0.009  0.8  0.2  0.8  0.2
0  5  2.25  0.01  0.01  1.3601734890285562  2.561850583803908  31.29505647375042  31.29505647375042  1.0  0.934  0.063  0.002  0.8  0.2  0.8  0.2
0  5  2.25  0.01  0.01  0.8588125245004845  0.846487973223325  14.280054577589347  14.280054577589347  1.0  0.836  0.153  0.011  0.8  0.2  0.8  0.2
0  5  2.25  0.01  0.01  0.7683862133824831  0.43291406890400796  14.449467417529352  14.449467417529352  1.0  0.81  0.177  0.014  0.8  0.2  0.8  0.2
0  5  2.25  0.01  0.01  1.0727855465931804  1.5520430392721127  15.200226916969116  15.200226916969116  1.0  0.888  0.106  0.006  0.8  0.2  0.8  0.2
0  5  2.25  0.01  0.01  1.1108027313609021  1.647037232525128  16.423832259223374  16.423832259223374  1.0  0.895  0.099  0.006  0.8  0.2  0.8  0.2
0  5  2.25  0.01  0.01  0.9425246645603894  1.1591719547910924  14.256508756690659  14.256508756690659  1.0  0.858  0.133  0.009  0.8  0.2  0.8  0.2
0  5  2.25  0.01  0.01  1.1491251291274711  1.7416019185864038  16.647611489231387  16.647611489231387  1.0  0.902  0.093  0.005  0.8  0.2  0.8  0.2
0  5  2.25  0.01  0.01  1.0727945468461384  1.5529987166151245  15.200226917046466  15.200226917046466  1.0  0.888  0.106  0.006  0.8  0.2  0.8  0.2
0  5  2.25  0.01  0.01  0.8311410601933562  0.727390729674846  14.319971069163458  14.319971069163458  1.0  0.828  0.16  0.012  0.8  0.2  0.8  0.2
1  5  2.25  0.01  0.01  0.5852921049978088  0.6692102648681147  14.792393745511154  14.792393745511154  1.0  0.747  0.234  0.019  0.745  0.255  0.745  0.255
1  5  2.25  0.01  0.01  0.6110908593701758  0.8452799773478596  14.739432660150806  14.739432660150806  1.0  0.756  0.226  0.018  0.745  0.255  0.745  0.255
1  5  2.25  0.01  0.01  0.7598818243182488  1.7801673354620897  17.47600997538832  17.47600997538832  1.0  0.807  0.179  0.014  0.745  0.255  0.745  0.255
1  5  2.25  0.01  0.01  0.7435376710524496  1.6145411477119562  16.47092214911641  16.47092214911641  1.0  0.802  0.184  0.014  0.745  0.255  0.745  0.255
1  5  2.25  0.01  0.01  0.7190770533162164  1.5027584659651447  15.64635377598137  15.64635377598137  1.0  0.794  0.191  0.015  0.745  0.255  0.745  0.255
1  5  2.25  0.01  0.01  0.8359214936060655  2.20118038821433  21.808356318340383  21.808356318340383  1.0  0.83  0.159  0.012  0.745  0.255  0.745  0.255
1  5  2.25  0.01  0.01  0.5886393383344493  0.6961094709685967  14.782984919531994  14.782984919531994  1.0  0.748  0.233  0.019  0.745  0.255  0.745  0.255
1  5  2.25  0.01  0.01  0.8707170059426492  2.4550471633933246  24.698441339701283  24.698441339701283  1.0  0.839  0.15  0.011  0.745  0.255  0.745  0.255
1  5  2.25  0.01  0.01  0.691171504535891  1.3165739509321108  14.909368113882007  14.909368113882007  1.0  0.784  0.2  0.016  0.745  0.255  0.745  0.255
1  5  2.25  0.01  0.01  0.7719906034043565  1.8277760207474598  17.582972816552505  17.582972816552505  1.0  0.811  0.176  0.013  0.745  0.255  0.745  0.255
1  5  2.25  0.01  0.01  0.5481875224997415  0.38424786671126615  14.909603742858724  14.909603742858724  1.0  0.732  0.247  0.02  0.745  0.255  0.745  0.255
1  5  2.25  0.01  0.01  0.5534213501361926  0.4253671631432972  14.89116464972945  14.89116464972945  1.0  0.734  0.246  0.02  0.745  0.255  0.745  0.255
1  5  2.25  0.01  0.01  0.8709139704512923  2.457343563302958  24.727906924935755  24.727906924935755  1.0  0.84  0.15  0.011  0.745  0.255  0.745  0.255
1  5  2.25  0.01  0.01  0.8050580202520883  2.655010082482964  29.11360552056887  29.11360552056887  1.0  0.821  0.167  0.012  0.745  0.255  0.745  0.255
1  5  2.25  0.01  0.01  0.5739909366526589  0.5860407655352969  14.823646395930972  14.823646395930972  1.0  0.742  0.238  0.019  0.745  0.255  0.745  0.255
1  5  2.25  0.01  0.01  0.5775264164759517  0.6124380920635117  14.813027552416086  14.813027552416086  1.0  0.744  0.237  0.019  0.745  0.255  0.745  0.255
1  5  2.25  0.01  0.01  0.6812465612802405  1.261773041014128  14.82457109174702  14.82457109174702  1.0  0.781  0.203  0.016  0.745  0.255  0.745  0.255
1  5  2.25  0.01  0.01  0.786474104454349  1.889855095789419  17.80043930834693  17.80043930834693  1.0  0.815  0.172  0.013  0.745  0.255  0.745  0.255
1  5  2.25  0.01  0.01  0.6049208145821702  0.8070456610747697  14.749150141091883  14.749150141091883  1.0  0.754  0.228  0.018  0.745  0.255  0.745  0.255
1  5  2.25  0.01  0.01  0.6734996158860486  1.2213737930121575  14.785363870826714  14.785363870826714  1.0  0.778  0.205  0.016  0.745  0.255  0.745  0.255
1  5  2.25  0.01  0.01  0.6738893919261907  1.226574246227946  14.790687321284238  14.790687321284238  1.0  0.779  0.205  0.016  0.745  0.255  0.745  0.255
1  5  2.25  0.01  0.01  0.5475562081269638  0.3791235939922975  14.911829200138158  14.911829200138158  1.0  0.732  0.248  0.02  0.745  0.255  0.745  0.255
1  5  2.25  0.01  0.01  0.5472806144395054  0.37760024192991015  14.912763787998369  14.912763787998369  1.0  0.732  0.248  0.02  0.745  0.255  0.745  0.255
1  5  2.25  0.01  0.01  0.6214318985702045  0.9103906707667211  14.726887392048136  14.726887392048136  1.0  0.76  0.222  0.018  0.745  0.255  0.745  0.255
1  5  2.25  0.01  0.01  0.8293441519831006  2.09229137167787  20.5341022659424  20.5341022659424  1.0  0.828  0.16  0.012  0.745  0.255  0.745  0.255
1  5  2.25  0.01  0.01  0.6006573982385898  0.7772215022725769  14.757453267014549  14.757453267014549  1.0  0.752  0.229  0.019  0.745  0.255  0.745  0.255
1  5  2.25  0.01  0.01  0.6044937199456969  0.8031132701187788  14.750178834632296  14.750178834632296  1.0  0.754  0.228  0.018  0.745  0.255  0.745  0.255
1  5  2.25  0.01  0.01  0.6626845493330802  1.162568673095461  14.74746423624582  14.74746423624582  1.0  0.775  0.209  0.017  0.745  0.255  0.745  0.255
1  5  2.25  0.01  0.01  0.6116871552849923  0.8485334106105727  14.73877787677729  14.73877787677729  1.0  0.756  0.225  0.018  0.745  0.255  0.745  0.255
1  5  2.25  0.01  0.01  0.5906600706892141  0.7072342637624452  14.77934024857594  14.77934024857594  1.0  0.749  0.233  0.019  0.745  0.255  0.745  0.255
0  5  2.25  0.01  0.01  1.1208376498466532  1.723209100369582  16.97104014668469  14.919805072088142  1.0  0.897  0.098  0.005  0.803  0.197  0.786  0.214
0  5  2.25  0.01  0.01  0.7929506644659078  0.6451518536566387  14.285442918445913  14.64521914142749  1.0  0.817  0.17  0.013  0.77  0.23  0.929  0.071
0  5  2.25  0.01  0.01  1.0044621559483198  1.5338998110589726  15.309424432762762  13.733153480979277  1.0  0.873  0.12  0.008  0.787  0.213  0.857  0.143
0  5  2.25  0.01  0.01  0.8220110255125375  0.8679801617031312  14.267414441278545  14.3091208458019  1.0  0.826  0.162  0.012  0.77  0.23  0.929  0.071
0  5  2.25  0.01  0.01  0.9143897506350659  0.9282912730776601  14.255152058705942  14.28286551871837  1.0  0.851  0.139  0.01  0.82  0.18  0.714  0.286
0  5  2.25  0.01  0.01  1.0948293725145457  1.8454404295898152  17.92091893049923  13.928400102446146  1.0  0.892  0.102  0.006  0.77  0.23  0.929  0.071
0  5  2.25  0.01  0.01  1.0702192294956774  1.264327456586558  14.250617096523346  14.558686551431961  1.0  0.887  0.107  0.006  0.836  0.164  0.643  0.357
0  5  2.25  0.01  0.01  0.7656096564737106  0.3746553476723122  14.460137384365039  14.555298804045247  1.0  0.809  0.178  0.014  0.803  0.197  0.786  0.214
0  5  2.25  0.01  0.01  0.9408349025189727  0.7431656462127425  14.17751706264368  14.952988289380608  1.0  0.858  0.133  0.009  0.836  0.164  0.643  0.357
0  5  2.25  0.01  0.01  1.330592928631903  2.003634652887852  20.068195271998366  14.871354461160822  1.0  0.931  0.067  0.003  0.803  0.197  0.786  0.214
0  5  2.25  0.01  0.01  1.1684167521315043  1.8830949425965913  15.262069528154715  27.253697689483666  1.0  0.906  0.09  0.005  0.787  0.213  0.857  0.143
0  5  2.25  0.01  0.01  1.1014594404555464  1.9367056740812272  19.763262369866528  14.62154985815759  1.0  0.893  0.101  0.006  0.77  0.23  0.929  0.071
0  5  2.25  0.01  0.01  1.249588837581094  2.5344295090105433  29.681502807541676  30.6313271929539  1.0  0.919  0.077  0.004  0.82  0.18  0.714  0.286
0  5  2.25  0.01  0.01  0.9319587409406112  0.6908546325838558  14.193885601750488  14.993238652156752  1.0  0.856  0.135  0.009  0.836  0.164  0.643  0.357
0  5  2.25  0.01  0.01  0.7459403023323924  0.39094434388463756  14.530338600158844  14.209482652009951  1.0  0.802  0.183  0.014  0.803  0.197  0.786  0.214
0  5  2.25  0.01  0.01  1.3210166251800781  1.7858153357277415  17.298686677731155  14.789542867563304  1.0  0.929  0.068  0.003  0.82  0.18  0.714  0.286
0  5  2.25  0.01  0.01  1.0333421074164448  1.3516572254235546  14.408490022858128  14.352023884959753  1.0  0.879  0.114  0.007  0.787  0.213  0.857  0.143
0  5  2.25  0.01  0.01  0.996782901552763  1.1456618334161632  14.14735868499521  14.726158000437627  1.0  0.871  0.121  0.008  0.836  0.164  0.643  0.357
0  5  2.25  0.01  0.01  1.235686664348962  1.9321357789067621  18.50632288061318  20.024868619284057  1.0  0.917  0.079  0.004  0.82  0.18  0.714  0.286
0  5  2.25  0.01  0.01  0.898787275648729  0.41966885226025713  14.287836260322882  15.262088477237635  1.0  0.847  0.143  0.01  0.852  0.148  0.571  0.429
0  5  2.25  0.01  0.01  1.2314440923562626  1.946464858597634  19.87657625160057  14.308558641455987  1.0  0.916  0.08  0.004  0.803  0.197  0.786  0.214
0  5  2.25  0.01  0.01  0.7013628488015928  0.3739648040149261  14.591097322941156  14.003154701688619  1.0  0.788  0.197  0.015  0.787  0.213  0.857  0.143
0  5  2.25  0.01  0.01  0.900818998126988  1.1008114152231634  14.288386021531837  14.06417648108699  1.0  0.848  0.143  0.01  0.787  0.213  0.857  0.143
0  5  2.25  0.01  0.01  1.050516322924092  1.3779683214234841  14.481526460289606  14.263041091490376  1.0  0.883  0.11  0.007  0.803  0.197  0.786  0.214
0  5  2.25  0.01  0.01  0.8643108435416609  0.5601793823464051  14.342134770803279  14.616343649356995  1.0  0.838  0.151  0.011  0.836  0.164  0.643  0.357
0  5  2.25  0.01  0.01  1.1171765891236705  1.690263362941736  15.813617230395975  19.51635027854389  1.0  0.896  0.098  0.005  0.803  0.197  0.786  0.214
0  5  2.25  0.01  0.01  1.434731907929634  2.6907317408957083  33.01439027061318  37.068292382731215  1.0  0.943  0.055  0.002  0.77  0.23  0.929  0.071
0  5  2.25  0.01  0.01  1.0215915286956998  1.3722779690808709  14.391707680989983  14.590984272538579  1.0  0.877  0.116  0.007  0.82  0.18  0.714  0.286
0  5  2.25  0.01  0.01  0.921499346196695  1.1388688396782027  14.279135809027313  14.134949392136852  1.0  0.853  0.138  0.009  0.787  0.213  0.857  0.143
0  5  2.25  0.01  0.01  0.8197763768408161  0.4913926347787438  14.309781228223875  14.911763163652612  1.0  0.825  0.163  0.012  0.803  0.197  0.786  0.214
1  5  2.25  0.01  0.01  0.562723306433521  0.46044626913539316  14.876487207403773  14.874084679119962  1.0  0.738  0.242  0.02  0.748  0.252  0.731  0.269
1  5  2.25  0.01  0.01  0.8233946197442142  2.067191608973925  19.201308239515203  21.53699122293705  1.0  0.826  0.162  0.012  0.764  0.236  0.654  0.346
1  5  2.25  0.01  0.01  0.821403456273271  2.3134736003305747  22.734565288646866  24.278785940684866  1.0  0.826  0.162  0.012  0.748  0.252  0.731  0.269
1  5  2.25  0.01  0.01  0.6166340864864204  1.192360523424089  14.837918203050547  14.42410178815237  1.0  0.758  0.224  0.018  0.732  0.268  0.808  0.192
1  5  2.25  0.01  0.01  0.6866092737982034  2.3235419509217077  23.455267421875295  22.537444817634636  1.0  0.783  0.201  0.016  0.715  0.285  0.885  0.115
1  5  2.25  0.01  0.01  0.5921813245425305  0.40199798219438254  14.860128386830391  15.10523837538033  1.0  0.749  0.232  0.019  0.764  0.236  0.654  0.346
1  5  2.25  0.01  0.01  0.6584501892266242  1.2560439146082072  14.900308606944789  14.443863298614222  1.0  0.773  0.21  0.017  0.74  0.26  0.769  0.231
1  5  2.25  0.01  0.01  0.48409592537005464  0.5439433362271235  14.982215763150274  14.207099214586892  1.0  0.707  0.271  0.022  0.715  0.285  0.885  0.115
1  5  2.25  0.01  0.01  0.5423651334938964  0.7878349453541063  14.85005150847516  14.319577463409766  1.0  0.73  0.25  0.02  0.724  0.276  0.846  0.154
1  5  2.25  0.01  0.01  0.5972102535288378  0.5772313736122877  14.80574325495127  14.931442180960756  1.0  0.751  0.23  0.019  0.756  0.244  0.692  0.308
1  5  2.25  0.01  0.01  0.6164097822391099  0.7122294187502158  14.764171934728818  14.840942213535369  1.0  0.758  0.224  0.018  0.756  0.244  0.692  0.308
1  5  2.25  0.01  0.01  0.5657524875439834  0.8045377811204234  14.753306005371451  14.740530482903457  1.0  0.739  0.241  0.02  0.724  0.276  0.846  0.154
1  5  2.25  0.01  0.01  0.7226139551365547  2.524814214616802  24.903592317341072  30.582976287606876  1.0  0.795  0.19  0.015  0.724  0.276  0.846  0.154
1  5  2.25  0.01  0.01  0.5805116252802145  0.6674709619962875  14.87342625053196  14.413678369417465  1.0  0.745  0.236  0.019  0.756  0.244  0.692  0.308
1  5  2.25  0.01  0.01  0.553640018007532  0.7981409496686791  14.859369183699528  14.251651819838228  1.0  0.734  0.246  0.02  0.732  0.268  0.808  0.192
1  5  2.25  0.01  0.01  0.725177759784909  2.203640636891405  23.34189819356786  15.666829624700624  1.0  0.796  0.189  0.015  0.724  0.276  0.846  0.154
1  5  2.25  0.01  0.01  0.6280819727376682  0.673316344160414  14.76722315529539  14.9123235174935  1.0  0.762  0.22  0.018  0.764  0.236  0.654  0.346
1  5  2.25  0.01  0.01  0.6908701997691222  1.5345058987522464  16.08612148843376  14.52893988292779  1.0  0.784  0.2  0.016  0.732  0.268  0.808  0.192
1  5  2.25  0.01  0.01  0.6318028024035611  0.5405519136001881  14.731242341141115  15.387285841007175  1.0  0.764  0.219  0.018  0.764  0.236  0.654  0.346
1  5  2.25  0.01  0.01  0.7282076497800648  1.5661229337948432  16.44751598382439  14.583065225421425  1.0  0.797  0.189  0.015  0.748  0.252  0.731  0.269
1  5  2.25  0.01  0.01  0.8098515668043098  1.9036571697129583  18.432461485770663  15.107232179895194  1.0  0.822  0.166  0.012  0.748  0.252  0.731  0.269
1  5  2.25  0.01  0.01  0.5836299636998531  0.4620118854580856  14.850862246845002  14.990277048796447  1.0  0.746  0.235  0.019  0.756  0.244  0.692  0.308
1  5  2.25  0.01  0.01  0.5443506185559216  0.4940978547341892  14.900438880362122  14.677631907717402  1.0  0.731  0.249  0.02  0.74  0.26  0.769  0.231
1  5  2.25  0.01  0.01  0.749868600689897  1.9105804867296605  18.497292653455293  15.034434914122611  1.0  0.804  0.182  0.014  0.74  0.26  0.769  0.231
1  5  2.25  0.01  0.01  0.5415042862134267  0.5294654907433904  14.850522396152972  14.830995673523297  1.0  0.73  0.25  0.02  0.732  0.268  0.808  0.192
1  5  2.25  0.01  0.01  0.7169437472448054  1.4505415558452857  15.52863717079305  15.272808359374947  1.0  0.793  0.192  0.015  0.748  0.252  0.731  0.269
1  5  2.25  0.01  0.01  0.5973881760748724  0.908464068117293  14.791951884059413  14.422510413533416  1.0  0.751  0.23  0.019  0.74  0.26  0.769  0.231
1  5  2.25  0.01  0.01  0.6680551486422834  1.3002525180688214  14.85034592849477  15.0269738842651  1.0  0.777  0.207  0.016  0.732  0.268  0.808  0.192
1  5  2.25  0.01  0.01  0.6590961182201186  1.3928712861215347  14.852046722299047  16.4228621296632  1.0  0.773  0.21  0.017  0.724  0.276  0.846  0.154
1  5  2.25  0.01  0.01  0.8303743155027272  2.0236491490375395  19.428726846290992  16.803890371019875  1.0  0.828  0.16  0.012  0.748  0.252  0.731  0.269
