0.7311235680249999   0.24879690470853655
0.6886163838375001   0.2349748544469511
0.7693800337937502   0.17277562826981685
0.7268728496062504   0.1589535780082314
0.7268728496062504   0.1589535780082314
0.7268728496062504   0.1589535780082314
0.6376077628125008   0.15204255287743856
0.6376077628125008   0.15204255287743856
0.6376077628125008   0.15204255287743856
0.6376077628125008   0.15204255287743856
0.6285749861726571   0.1408121370399004
0.6531494520310553   0.14534749728198315
0.6531494520310553   0.14534749728198315
0.6531494520310553   0.14534749728198315
0.6531494520310553   0.14534749728198315
0.6465990285302864   0.14533399918602455
0.6465990285302864   0.14533399918602455
0.6465990285302864   0.14533399918602455
0.6465990285302864   0.14533399918602455
0.6438349200077423   0.14504800827790215
0.6414306592907895   0.1454634965441272
0.6347003118872248   0.14509925886099495
0.6265266167515366   0.14574811655187891
0.6197962693479719   0.14538387886874665
0.6197962693479719   0.14538387886874665
0.6173920086310191   0.1457993671349717
0.614627900108475   0.14551337622684932
0.614627900108475   0.14551337622684932
0.614627900108475   0.14551337622684932
0.6158821785627869   0.1457261821459463
0.6158821785627869   0.1457261821459463
0.6153828151425911   0.145549968721362
0.6153828151425911   0.145549968721362
0.6155998191629712   0.14568399400520854
0.6155998191629712   0.14568399400520854
0.6155998191629712   0.14568399400520854
0.6155789398709903   0.1455967351461881
0.6155789398709903   0.1455967351461881
