3.5  1.75  0.01  0.01  3.5  1.75  0.01  0.01  0.4488600382130779  0.0913981108701277  0.4704712660045399  14.133349494188652  14.133349494188652  1.0  0.684  0.23  0.085  0.765  0.235  0.765  0.235  True
3.5  1.75  0.01  0.01  3.5  1.75  0.01  0.01  0.45039780571047494  0.048026860139659816  0.4931517186460946  14.116561481326793  14.116561481326793  1.0  0.68  0.234  0.086  0.756  0.244  0.756  0.244  True
3.5  1.75  0.01  0.01  3.5  1.75  0.01  0.01  0.5601579718909773  0.027920958759479527  0.9605963634673444  13.96316893525963  13.96316893525963  1.0  0.727  0.197  0.076  0.774  0.226  0.774  0.226  True
3.5  1.75  0.01  0.01  3.5  1.75  0.01  0.01  0.48275627611497124  0.1557253881140685  0.9928534728364979  14.033234185252073  14.033234185252073  1.0  0.709  0.21  0.081  0.765  0.235  0.765  0.235  True
3.5  1.75  0.01  0.01  3.5  1.75  0.01  0.01  0.2203810633868135  0.5349995350109413  0.8017619313221014  14.037901256018355  14.037901256018355  1.0  0.633  0.27  0.097  0.765  0.235  0.765  0.235  True
3.5  1.75  0.01  0.01  3.5  1.75  0.01  0.01  0.4561428307831083  -0.02891320376085799  0.42043382316446093  14.155057474712953  14.155057474712953  1.0  0.672  0.241  0.086  0.756  0.244  0.756  0.244  True
3.5  1.75  0.01  0.01  3.5  1.75  0.01  0.01  0.399342145579272  0.3501906544406118  0.6702059760703514  14.05993147928569  14.05993147928569  1.0  0.694  0.22  0.086  0.769  0.231  0.769  0.231  True
3.5  1.75  0.01  0.01  3.5  1.75  0.01  0.01  0.5609321756631056  -0.09765737286161391  0.6602582426035513  14.0585004591857  14.0585004591857  1.0  0.712  0.211  0.077  0.778  0.222  0.778  0.222  True
3.5  1.75  0.01  0.01  3.5  1.75  0.01  0.01  0.43355501260834206  0.12046149766096956  0.5234551192985107  14.14331674914741  14.14331674914741  1.0  0.681  0.232  0.086  0.761  0.239  0.761  0.239  True
3.5  1.75  0.01  0.01  3.5  1.75  0.01  0.01  0.5706477883879799  -0.041396344779278185  0.9422910862729955  13.967131596724315  13.967131596724315  1.0  0.723  0.201  0.075  0.774  0.226  0.774  0.226  True
3.5  1.75  0.01  0.01  3.5  1.75  0.01  0.01  0.5255896753022571  -0.0619418403173572  0.8025694455214065  14.005291457134987  14.005291457134987  1.0  0.701  0.219  0.08  0.765  0.235  0.765  0.235  True
3.5  1.75  0.01  0.01  3.5  1.75  0.01  0.01  0.45755981823073305  0.04119649532706489  0.48020357847337636  14.163986431973008  14.163986431973008  1.0  0.682  0.233  0.085  0.765  0.235  0.765  0.235  True
3.5  1.75  0.01  0.01  3.5  1.75  0.01  0.01  0.5483651050877891  -0.18135708949083426  0.4503014647691441  14.094833112703661  14.094833112703661  1.0  0.696  0.225  0.079  0.774  0.226  0.774  0.226  True
3.5  1.75  0.01  0.01  3.5  1.75  0.01  0.01  0.37647501910381814  0.38235206991724213  0.8239653313513609  14.008020002130566  14.008020002130566  1.0  0.688  0.225  0.087  0.756  0.244  0.756  0.244  True
3.5  1.75  0.01  0.01  3.5  1.75  0.01  0.01  0.5029478869435794  0.07856817155398407  0.7004261495030473  14.029665676172032  14.029665676172032  1.0  0.708  0.212  0.08  0.778  0.222  0.778  0.222  True
3.5  1.75  0.01  0.01  3.5  1.75  0.01  0.01  0.48348113211222665  -0.01641467282183989  0.5905657120448501  14.140927939887927  14.140927939887927  1.0  0.687  0.23  0.084  0.756  0.244  0.756  0.244  True
3.5  1.75  0.01  0.01  3.5  1.75  0.01  0.01  0.48287594362712827  0.12327871717542475  0.8521627967499769  13.957201759096698  13.957201759096698  1.0  0.704  0.214  0.082  0.765  0.235  0.765  0.235  True
3.5  1.75  0.01  0.01  3.5  1.75  0.01  0.01  0.49532742667410173  -0.06673873933340382  0.4306948056109391  14.159832298020705  14.159832298020705  1.0  0.686  0.231  0.083  0.769  0.231  0.769  0.231  True
3.5  1.75  0.01  0.01  3.5  1.75  0.01  0.01  0.5198390496985026  -0.13134305596413445  0.44045607201915327  14.113369252129647  14.113369252129647  1.0  0.689  0.229  0.082  0.769  0.231  0.769  0.231  True
3.5  1.75  0.01  0.01  3.5  1.75  0.01  0.01  0.5450873854448453  0.12304186258295957  0.8724519901246861  13.899281829021112  13.899281829021112  1.0  0.731  0.193  0.076  0.791  0.209  0.791  0.209  True
3.5  1.75  0.01  0.01  3.5  1.75  0.01  0.01  0.3414996733531909  0.434995154923175  0.8230049627847604  14.002330228008702  14.002330228008702  1.0  0.678  0.233  0.09  0.765  0.235  0.765  0.235  True
3.5  1.75  0.01  0.01  3.5  1.75  0.01  0.01  0.4956433166619929  -0.06478005256746523  0.3701064042929906  14.128644013198953  14.128644013198953  1.0  0.687  0.23  0.083  0.774  0.226  0.774  0.226  True
3.5  1.75  0.01  0.01  3.5  1.75  0.01  0.01  0.315854230605807  0.5940002343840374  0.9033184183234706  14.002287824399524  14.002287824399524  1.0  0.686  0.225  0.089  0.752  0.248  0.752  0.248  True
3.5  1.75  0.01  0.01  3.5  1.75  0.01  0.01  0.4700386838313195  0.09499961348556113  0.5530264911406289  14.110584390589178  14.110584390589178  1.0  0.694  0.222  0.084  0.769  0.231  0.769  0.231  True
3.5  1.75  0.01  0.01  3.5  1.75  0.01  0.01  0.5838238472859405  -0.2836724411578374  0.4734765524691386  14.08082998802713  14.08082998802713  1.0  0.699  0.224  0.077  0.774  0.226  0.774  0.226  True
3.5  1.75  0.01  0.01  3.5  1.75  0.01  0.01  0.4890315599226933  0.10563433311088563  0.8028451940257794  13.940898166115167  13.940898166115167  1.0  0.705  0.213  0.081  0.765  0.235  0.765  0.235  True
3.5  1.75  0.01  0.01  3.5  1.75  0.01  0.01  0.46907080628585185  -0.03497236533954111  0.47321708302678855  14.125998485198357  14.125998485198357  1.0  0.678  0.236  0.085  0.756  0.244  0.756  0.244  True
3.5  1.75  0.01  0.01  3.5  1.75  0.01  0.01  0.020934985355846203  0.6849998028942432  0.6545106231977645  14.247615503902828  14.247615503902828  1.0  0.555  0.341  0.104  0.765  0.235  0.765  0.235  True
3.5  1.75  0.01  0.01  3.5  1.75  0.01  0.01  0.5075707972687691  0.001601558609672575  0.812473504416882  14.00085850568377  14.00085850568377  1.0  0.7  0.219  0.081  0.765  0.235  0.765  0.235  True
3.5  1.75  0.01  0.01  3.5  1.75  0.01  0.01  0.3677143468056497  0.3047287755189324  0.5139978506003959  14.134768792016246  14.134768792016246  1.0  0.673  0.237  0.09  0.748  0.252  0.748  0.252  True
