0  5  2.25  0.01  0.01  0.6897394127651186  0.7070252876451346  1.095122813976077  14.494749633088478  14.156800870643028  1.0  0.833  0.153  0.014  0.8  0.2  0.8  0.2
0  5  2.25  0.01  0.01  1.1234970192559404  -0.23261264471406817  1.3659637280775438  14.497190437270488  17.050630246991812  1.0  0.886  0.109  0.006  0.811  0.189  0.75  0.25
0  5  2.25  0.01  0.01  1.557152642147866  -0.8816469792186266  2.716314076959042  36.77030206629193  43.66453082442443  1.0  0.922  0.077  0.001  0.811  0.189  0.75  0.25
0  5  2.25  0.01  0.01  1.0359890445943611  -0.8513463922798867  0.38383893639084243  14.336912984954331  15.037982615049065  1.0  0.825  0.168  0.008  0.822  0.178  0.7  0.3
0  5  2.25  0.01  0.01  0.6663682896430083  0.8269481716876501  0.848214963549837  14.377633504481249  14.873388866963783  1.0  0.834  0.151  0.014  0.811  0.189  0.75  0.25
0  5  2.25  0.01  0.01  1.4141435910336724  -0.4713630669384654  2.3197886303692035  25.97808758059839  28.65288672637984  1.0  0.922  0.076  0.002  0.811  0.189  0.75  0.25
0  5  2.25  0.01  0.01  0.6036455779135627  0.5998618231801147  0.3906779112500151  14.61309048425558  14.590375511900072  1.0  0.799  0.184  0.017  0.8  0.2  0.8  0.2
0  5  2.25  0.01  0.01  0.87491836801927  -0.30581956491063855  0.6083777933046491  14.420634887778046  14.297499538160775  1.0  0.82  0.169  0.011  0.8  0.2  0.8  0.2
0  5  2.25  0.01  0.01  0.9448608365484104  -0.44423859030551904  0.7609956988542831  14.373684641706062  14.28444819992139  1.0  0.83  0.16  0.01  0.8  0.2  0.8  0.2
0  5  2.25  0.01  0.01  1.0175699280582837  -0.6891262290061446  0.5741816532165419  14.379512443082033  14.484475232552077  1.0  0.832  0.16  0.008  0.822  0.178  0.7  0.3
0  5  2.25  0.01  0.01  0.8952210370990474  -0.28151629001657397  0.4561431806801229  14.338130252367323  14.996683314676952  1.0  0.827  0.162  0.011  0.811  0.189  0.75  0.25
0  5  2.25  0.01  0.01  1.3038119410282984  -0.6497710454551477  1.4465392561163737  15.741105106520248  15.45493173411062  1.0  0.896  0.1  0.003  0.8  0.2  0.8  0.2
0  5  2.25  0.01  0.01  1.0059755903686407  -0.9542049202202647  0.5975868910202693  14.398254224805191  14.384909567549474  1.0  0.808  0.183  0.009  0.778  0.222  0.9  0.1
0  5  2.25  0.01  0.01  0.8585839239501126  0.1132195301190464  1.1553913007389427  14.559429504867987  13.888319246725146  1.0  0.843  0.146  0.011  0.789  0.211  0.85  0.15
0  5  2.25  0.01  0.01  1.065791043220195  -0.6064041961474593  1.030644919274933  14.288850976912743  14.862075419445727  1.0  0.849  0.143  0.007  0.789  0.211  0.85  0.15
0  5  2.25  0.01  0.01  1.429162494835999  -0.08054697188032622  2.7038350401979483  36.46467799584868  43.42432266009384  1.0  0.94  0.058  0.002  0.811  0.189  0.75  0.25
0  5  2.25  0.01  0.01  0.9771928044737992  -0.21870293228058602  0.8574321980344394  14.216288282983664  14.972121349632994  1.0  0.853  0.138  0.008  0.811  0.189  0.75  0.25
0  5  2.25  0.01  0.01  0.8385463312041206  -0.06980923164275454  0.5489480416090006  14.386793255083234  14.669676527266475  1.0  0.826  0.163  0.012  0.811  0.189  0.75  0.25
0  5  2.25  0.01  0.01  1.2204640261770214  -0.9874756602350159  1.1557981655166285  14.642856926093026  14.18693967121221  1.0  0.859  0.137  0.005  0.789  0.211  0.85  0.15
0  5  2.25  0.01  0.01  1.05717612873574  -0.9093483747329985  0.4401689217523556  14.33915679998112  14.9096016671519  1.0  0.826  0.167  0.008  0.822  0.178  0.7  0.3
0  5  2.25  0.01  0.01  0.9078064617419708  0.597258555301571  2.294804598124512  27.274393285205804  18.852522244276138  1.0  0.883  0.108  0.009  0.811  0.189  0.75  0.25
0  5  2.25  0.01  0.01  0.8997476567173317  0.8225866678605354  2.180313178522381  23.61917496180129  27.901009248177935  1.0  0.893  0.099  0.008  0.833  0.167  0.65  0.35
0  5  2.25  0.01  0.01  0.905918253263831  -0.2119855064183227  0.646378098017651  14.361827667468424  14.539254918616939  1.0  0.835  0.155  0.01  0.822  0.178  0.7  0.3
0  5  2.25  0.01  0.01  0.909952243571338  -0.32666635909614183  0.5099967855649963  14.375594603745023  14.691552269314126  1.0  0.828  0.162  0.01  0.822  0.178  0.7  0.3
0  5  2.25  0.01  0.01  0.9020295183789305  -0.2635803426040968  0.7914956780331615  14.308890549747124  14.567581862377107  1.0  0.831  0.159  0.01  0.789  0.211  0.85  0.15
0  5  2.25  0.01  0.01  0.9377582268359013  -0.36218488768525625  0.9588841394602549  14.458934277266781  13.901260592914877  1.0  0.834  0.157  0.01  0.789  0.211  0.85  0.15
0  5  2.25  0.01  0.01  0.8210151590840842  -0.08309362660138486  0.6282976102507645  14.46153091283261  14.166468633164962  1.0  0.82  0.168  0.012  0.811  0.189  0.75  0.25
0  5  2.25  0.01  0.01  0.9202805111888818  0.43590878397023625  1.3734448519164066  14.956207633263327  14.652287692690354  1.0  0.878  0.113  0.009  0.822  0.178  0.7  0.3
0  5  2.25  0.01  0.01  0.992911195859051  -0.48746333491017513  0.7329727754206427  14.313312242935748  14.579014716884481  1.0  0.839  0.152  0.008  0.811  0.189  0.75  0.25
0  5  2.25  0.01  0.01  0.9818691545454264  0.12639815777549712  1.5637690449707602  16.615138937100667  16.406286611788282  1.0  0.875  0.117  0.008  0.789  0.211  0.85  0.15
1  5  2.25  0.01  0.01  0.2786127742667773  0.867727824368109  0.3721987266600811  15.129660805729154  15.204466086497229  1.0  0.697  0.278  0.025  0.713  0.287  0.8  0.2
1  5  2.25  0.01  0.01  0.7195387487085191  -0.7461911106500512  1.1722282447929226  14.780672007333484  14.27098398455043  1.0  0.732  0.252  0.016  0.702  0.298  0.85  0.15
1  5  2.25  0.01  0.01  0.4436841335117247  0.47135714852915855  0.41259448632134954  14.958718745693714  15.452349519205635  1.0  0.731  0.247  0.022  0.745  0.255  0.65  0.35
1  5  2.25  0.01  0.01  0.7636257137198168  0.147838511424899  1.699418272114919  15.35870786377239  15.506735975744581  1.0  0.819  0.168  0.013  0.755  0.245  0.6  0.4
1  5  2.25  0.01  0.01  0.5498075774581394  -0.1632691881243784  0.4876104204909629  14.94555829356738  14.85271151115874  1.0  0.719  0.26  0.02  0.734  0.266  0.7  0.3
1  5  2.25  0.01  0.01  0.3811546122620587  0.8496471320390102  1.7664630352602444  15.669801241412998  14.335836684636908  1.0  0.737  0.24  0.023  0.702  0.298  0.85  0.15
1  5  2.25  0.01  0.01  0.36951555978280864  0.7283787038993506  0.5157428513420103  14.988407638241043  15.291546351728503  1.0  0.723  0.254  0.023  0.734  0.266  0.7  0.3
1  5  2.25  0.01  0.01  0.4796253040150364  -0.21902193210227772  0.4413280665654179  15.073789424691112  14.370463270635394  1.0  0.685  0.292  0.023  0.702  0.298  0.85  0.15
1  5  2.25  0.01  0.01  0.31477698767765216  0.7228611983448037  0.8939222827930049  14.947514420906815  14.53222917682876  1.0  0.699  0.276  0.025  0.702  0.298  0.85  0.15
1  5  2.25  0.01  0.01  0.5853129697931784  -0.2620885578963634  0.9710771645425339  14.793463435454049  14.430909154921494  1.0  0.725  0.256  0.02  0.713  0.287  0.8  0.2
1  5  2.25  0.01  0.01  0.6443355503876964  -0.8117513366244653  0.537024486803642  14.985160294188763  14.413040889220108  1.0  0.698  0.284  0.018  0.713  0.287  0.8  0.2
1  5  2.25  0.01  0.01  0.4717830708625618  0.998591823384593  1.9073235432140832  15.619244218760013  16.070671735380746  1.0  0.783  0.198  0.019  0.734  0.266  0.7  0.3
1  5  2.25  0.01  0.01  0.6543672545806769  -0.3682140129109839  0.76574738367332  14.752918041887705  14.997760877311805  1.0  0.741  0.241  0.018  0.734  0.266  0.7  0.3
1  5  2.25  0.01  0.01  0.6135171021719132  0.038113418153313816  1.6217046872142784  14.721962862349688  18.20351121950221  1.0  0.76  0.222  0.018  0.713  0.287  0.8  0.2
1  5  2.25  0.01  0.01  0.696351788004156  -0.8364876606220031  0.43426247780386795  14.856792117536417  15.265924670798125  1.0  0.715  0.268  0.017  0.723  0.277  0.75  0.25
1  5  2.25  0.01  0.01  0.918709670494458  -0.6187910481206125  1.563613594712044  15.478301210010612  14.815701011724759  1.0  0.809  0.18  0.01  0.745  0.255  0.65  0.35
1  5  2.25  0.01  0.01  0.6397822712345126  -0.2515358972355384  0.460964885802568  14.788518915798015  15.656852966804598  1.0  0.746  0.236  0.018  0.755  0.245  0.6  0.4
1  5  2.25  0.01  0.01  0.3185780047357798  0.9141265560966141  0.7619635689235233  14.935851225885898  15.098850666735306  1.0  0.717  0.259  0.024  0.723  0.277  0.75  0.25
1  5  2.25  0.01  0.01  0.708468120974768  -0.588467556001486  0.7989036656788242  14.742211354969003  14.941280737436946  1.0  0.742  0.241  0.016  0.734  0.266  0.7  0.3
1  5  2.25  0.01  0.01  0.5438666485659419  0.006631579560914869  1.0187229708398626  14.735761287004214  14.720573873774658  1.0  0.732  0.248  0.02  0.713  0.287  0.8  0.2
1  5  2.25  0.01  0.01  1.049604453721063  -0.4636187527310729  2.1376540735719707  19.28235772652198  15.874514742182203  1.0  0.856  0.137  0.007  0.745  0.255  0.65  0.35
1  5  2.25  0.01  0.01  0.4615774659558535  0.4351120435153262  1.1105676397358142  14.791844068123169  14.604420462705857  1.0  0.735  0.243  0.022  0.723  0.277  0.75  0.25
1  5  2.25  0.01  0.01  0.6339012972079958  0.6647011617903738  1.8153323643076025  15.617872312562039  14.949621040234723  1.0  0.813  0.171  0.016  0.755  0.245  0.6  0.4
1  5  2.25  0.01  0.01  0.4783741127327643  0.5013290442670979  1.7869778929478957  15.663601737594071  14.487435799864361  1.0  0.747  0.232  0.021  0.702  0.298  0.85  0.15
1  5  2.25  0.01  0.01  0.836510026611699  -0.5020081628898856  2.06680598667124  17.21099483044764  18.450402125780784  1.0  0.794  0.194  0.012  0.702  0.298  0.85  0.15
1  5  2.25  0.01  0.01  0.6306977963722564  -0.015528647301927379  0.5590910679304928  14.720479794740882  15.851446015678473  1.0  0.762  0.221  0.018  0.766  0.234  0.55  0.45
1  5  2.25  0.01  0.01  0.8649950686807997  -0.3631117797549941  1.6211457947276644  15.465689434134868  14.889650888318346  1.0  0.813  0.176  0.011  0.745  0.255  0.65  0.35
1  5  2.25  0.01  0.01  0.7213363790043087  -0.8500947841795174  0.5433373289085848  14.847968272721694  15.03355493801256  1.0  0.724  0.26  0.016  0.734  0.266  0.7  0.3
1  5  2.25  0.01  0.01  0.29791689538567123  0.8237562665069151  0.6229485677031468  15.06051125290612  14.770106429210959  1.0  0.701  0.274  0.025  0.713  0.287  0.8  0.2
1  5  2.25  0.01  0.01  0.8075266657352318  -0.6188582713652524  1.8166855085088516  16.04113394595267  13.924129850313316  1.0  0.774  0.212  0.013  0.702  0.298  0.85  0.15
--------------------------------------------------------------------------------------------------------------------------------------------------------------------------------------

0  5  2.25  0.01  0.01  1.0830505494352283  0.3807075683767813  2.6566910693473793  37.44459515675057  37.44459515675057  1.0  0.908  0.087  0.006  0.8  0.2  0.8  0.2
0  5  2.25  0.01  0.01  0.7039170038296906  0.28806491598688777  0.5220349802187214  14.491683955868337  14.491683955868337  1.0  0.81  0.175  0.015  0.8  0.2  0.8  0.2
0  5  2.25  0.01  0.01  0.5456045675401218  0.8974987657447331  0.5182118240105589  14.613229809673527  14.613229809673527  1.0  0.801  0.181  0.018  0.8  0.2  0.8  0.2
0  5  2.25  0.01  0.01  1.4480885017681482  -0.6466686870223666  2.0990277005334805  22.728229530946507  22.728229530946507  1.0  0.919  0.079  0.002  0.8  0.2  0.8  0.2
0  5  2.25  0.01  0.01  0.5068605274289938  0.9900934372563059  0.4045358942871705  14.693139127084667  14.693139127084667  1.0  0.794  0.187  0.018  0.8  0.2  0.8  0.2
0  5  2.25  0.01  0.01  1.0891872738448958  -0.03225549395920457  1.738946124054934  18.53427171204563  18.53427171204563  1.0  0.889  0.105  0.006  0.8  0.2  0.8  0.2
0  5  2.25  0.01  0.01  0.6529467216916907  0.8213544417806857  1.0362206431145178  14.438232501267017  14.438232501267017  1.0  0.83  0.156  0.015  0.8  0.2  0.8  0.2
0  5  2.25  0.01  0.01  0.8584319605849404  -0.2065287834729681  0.6357428567928025  14.395701538182118  14.395701538182118  1.0  0.822  0.167  0.011  0.8  0.2  0.8  0.2
0  5  2.25  0.01  0.01  1.0559269419241333  -0.7430392666775045  0.8404585033707809  14.357536339152626  14.357536339152626  1.0  0.838  0.155  0.007  0.8  0.2  0.8  0.2
0  5  2.25  0.01  0.01  0.8344669710023632  0.013342512846161725  0.7936885094416556  14.370744770086839  14.370744770086839  1.0  0.83  0.158  0.012  0.8  0.2  0.8  0.2
0  5  2.25  0.01  0.01  0.988349296163036  -0.9164727532631569  0.4083879266131772  14.450716569338994  14.450716569338994  1.0  0.806  0.185  0.009  0.8  0.2  0.8  0.2
0  5  2.25  0.01  0.01  0.542725244453704  0.9486917825377137  0.5968116955826605  14.588572088153782  14.588572088153782  1.0  0.804  0.179  0.018  0.8  0.2  0.8  0.2
0  5  2.25  0.01  0.01  1.2969743189361231  -0.9052512291853585  1.4124929068057848  15.624245793126285  15.624245793126285  1.0  0.879  0.117  0.004  0.8  0.2  0.8  0.2
0  5  2.25  0.01  0.01  0.8057765901084905  -0.11253561315994931  0.5160448141998841  14.445935980184636  14.445935980184636  1.0  0.813  0.174  0.013  0.8  0.2  0.8  0.2
0  5  2.25  0.01  0.01  0.9929746993961563  -0.843271583852272  0.5092211105141672  14.416466217534094  14.416466217534094  1.0  0.814  0.178  0.009  0.8  0.2  0.8  0.2
0  5  2.25  0.01  0.01  0.6097505306629697  0.7040621730620356  0.6004119658814648  14.53104183797751  14.53104183797751  1.0  0.808  0.175  0.016  0.8  0.2  0.8  0.2
0  5  2.25  0.01  0.01  0.8189283155744052  -0.2119507268485712  0.4514955975133276  14.462273214435191  14.462273214435191  1.0  0.81  0.177  0.012  0.8  0.2  0.8  0.2
0  5  2.25  0.01  0.01  0.7733226331030728  0.9296376352393227  1.894802324987425  19.596856182707487  19.596856182707487  1.0  0.869  0.12  0.011  0.8  0.2  0.8  0.2
0  5  2.25  0.01  0.01  0.9358017648790126  -0.6767043259125394  0.4421272116805556  14.440153157717154  14.440153157717154  1.0  0.81  0.18  0.01  0.8  0.2  0.8  0.2
0  5  2.25  0.01  0.01  1.2958932730318014  -0.7632412701670783  1.528573806091015  16.334428405957038  16.334428405957038  1.0  0.888  0.108  0.004  0.8  0.2  0.8  0.2
0  5  2.25  0.01  0.01  0.9551896297816194  -0.554963857046985  0.6602296137470721  14.37578753374219  14.37578753374219  1.0  0.825  0.166  0.009  0.8  0.2  0.8  0.2
0  5  2.25  0.01  0.01  1.1275226417590543  0.19551316872418734  2.57106179864915  34.21403182979339  34.21403182979339  1.0  0.908  0.087  0.005  0.8  0.2  0.8  0.2
0  5  2.25  0.01  0.01  0.5351462551839561  0.8601463494627675  0.37062079316142243  14.677930120534501  14.677930120534501  1.0  0.795  0.187  0.018  0.8  0.2  0.8  0.2
0  5  2.25  0.01  0.01  0.6713812513508624  0.7600592667983093  1.0371274699020367  14.430880443727043  14.430880443727043  1.0  0.831  0.154  0.014  0.8  0.2  0.8  0.2
0  5  2.25  0.01  0.01  1.249012262664119  -0.7177671113899966  1.450539098079559  15.740414370431676  15.740414370431676  1.0  0.882  0.114  0.004  0.8  0.2  0.8  0.2
0  5  2.25  0.01  0.01  1.0802139502340269  -0.5648507207798616  1.0843727722330614  14.421563108746723  14.421563108746723  1.0  0.856  0.137  0.007  0.8  0.2  0.8  0.2
0  5  2.25  0.01  0.01  0.7336709626337763  0.115113808439407  0.4462580142072007  14.501281515097736  14.501281515097736  1.0  0.807  0.179  0.014  0.8  0.2  0.8  0.2
0  5  2.25  0.01  0.01  0.7358202846496837  0.20934430775225765  0.5818479316447014  14.455864480242255  14.455864480242255  1.0  0.814  0.172  0.014  0.8  0.2  0.8  0.2
0  5  2.25  0.01  0.01  0.9513026654641654  0.7003769943261957  2.6187353471633337  35.62603858471318  35.62603858471318  1.0  0.897  0.095  0.007  0.8  0.2  0.8  0.2
0  5  2.25  0.01  0.01  1.4533292208566684  -0.7298255684532178  2.0515683913822933  22.208397479959505  22.208397479959505  1.0  0.915  0.083  0.002  0.8  0.2  0.8  0.2
1  5  2.25  0.01  0.01  0.3585592391177491  0.9037663605425992  1.124983931250684  14.8371138222802  14.8371138222802  1.0  0.733  0.244  0.023  0.728  0.272  0.728  0.272
1  5  2.25  0.01  0.01  0.37379682371943723  0.8567860381397618  1.175435024852973  14.82291463782923  14.82291463782923  1.0  0.735  0.242  0.023  0.728  0.272  0.728  0.272
1  5  2.25  0.01  0.01  0.6573890376085569  -0.6743429951118838  0.4904398849465966  14.903876939143245  14.903876939143245  1.0  0.716  0.266  0.018  0.728  0.272  0.728  0.272
1  5  2.25  0.01  0.01  0.6144195851389088  0.14228364264041415  1.4998401898730054  14.89889637731268  14.89889637731268  1.0  0.768  0.214  0.018  0.728  0.272  0.728  0.272
1  5  2.25  0.01  0.01  0.7058818494446685  -0.6132330460745876  0.884570532156483  14.74648047654557  14.74648047654557  1.0  0.74  0.244  0.016  0.728  0.272  0.728  0.272
1  5  2.25  0.01  0.01  0.8501890609243884  -0.34098359064225314  1.8615977566971487  15.725706914269825  15.725706914269825  1.0  0.81  0.178  0.012  0.728  0.272  0.728  0.272
1  5  2.25  0.01  0.01  0.3686618605664631  0.7746685646040814  0.8743681440265687  14.887810739001903  14.887810739001903  1.0  0.726  0.251  0.023  0.728  0.272  0.728  0.272
1  5  2.25  0.01  0.01  0.5324164139601252  0.5174428757471885  1.585471068218757  15.315005355477608  15.315005355477608  1.0  0.768  0.212  0.019  0.728  0.272  0.728  0.272
1  5  2.25  0.01  0.01  0.7454081275928054  -0.07157033226054099  1.7772268565990434  15.485740346953266  15.485740346953266  1.0  0.797  0.188  0.014  0.728  0.272  0.728  0.272
1  5  2.25  0.01  0.01  1.0091030278523043  -0.5011898007271545  2.4347453702273114  21.58033659973772  21.58033659973772  1.0  0.843  0.149  0.008  0.728  0.272  0.728  0.272
1  5  2.25  0.01  0.01  0.5602933367266133  -0.00020818441902958895  0.9081329763735856  14.765870653168896  14.765870653168896  1.0  0.737  0.243  0.02  0.728  0.272  0.728  0.272
1  5  2.25  0.01  0.01  0.5363338162306  -0.013280081143240974  0.7109971312540136  14.842542139459473  14.842542139459473  1.0  0.727  0.253  0.021  0.728  0.272  0.728  0.272
1  5  2.25  0.01  0.01  0.3465343228030985  0.6927083451075959  0.38450822458636164  15.097854993415956  15.097854993415956  1.0  0.71  0.266  0.024  0.728  0.272  0.728  0.272
1  5  2.25  0.01  0.01  0.8609622726274595  -0.0538298734642817  2.5305819337021274  22.286662124599836  22.286662124599836  1.0  0.833  0.155  0.011  0.728  0.272  0.728  0.272
1  5  2.25  0.01  0.01  1.0432926326383107  -0.9278037395997898  1.8833493103697538  15.96601689718414  15.96601689718414  1.0  0.82  0.172  0.008  0.728  0.272  0.728  0.272
1  5  2.25  0.01  0.01  0.33532472777652494  0.9200877851093656  0.9165043207337707  14.904061698422106  14.904061698422106  1.0  0.725  0.251  0.024  0.728  0.272  0.728  0.272
1  5  2.25  0.01  0.01  0.5362944870559179  0.2648556298767264  1.2105379635845093  14.723935028808524  14.723935028808524  1.0  0.749  0.231  0.02  0.728  0.272  0.728  0.272
1  5  2.25  0.01  0.01  0.49199388662762594  0.28323409616283324  0.911623825591136  14.79428718401942  14.79428718401942  1.0  0.734  0.245  0.021  0.728  0.272  0.728  0.272
1  5  2.25  0.01  0.01  0.571920125088226  0.08212480000121469  1.1318504576555122  14.713154391795621  14.713154391795621  1.0  0.748  0.233  0.019  0.728  0.272  0.728  0.272
1  5  2.25  0.01  0.01  0.29511200216146766  0.9267332767317495  0.3966580343969496  15.144230554437238  15.144230554437238  1.0  0.709  0.266  0.025  0.728  0.272  0.728  0.272
1  5  2.25  0.01  0.01  0.3303814978574493  0.7671104391115933  0.398013346300794  15.106906483727307  15.106906483727307  1.0  0.71  0.266  0.024  0.728  0.272  0.728  0.272
1  5  2.25  0.01  0.01  0.5839366064385135  -0.14185102600408817  0.8331530294026641  14.782185279539553  14.782185279539553  1.0  0.734  0.246  0.019  0.728  0.272  0.728  0.272
1  5  2.25  0.01  0.01  1.0704764572885257  -0.9535265157081256  1.9452267262012197  16.26343859112174  16.26343859112174  1.0  0.826  0.167  0.007  0.728  0.272  0.728  0.272
1  5  2.25  0.01  0.01  0.8750379270007064  -0.09180301298794546  2.471880131615623  21.682941879291914  21.682941879291914  1.0  0.835  0.154  0.011  0.728  0.272  0.728  0.272
1  5  2.25  0.01  0.01  0.7202232351121274  0.137714177748135  1.9588317846837389  16.03230005179072  16.03230005179072  1.0  0.804  0.181  0.015  0.728  0.272  0.728  0.272
1  5  2.25  0.01  0.01  0.889778649479791  -0.8164230955570466  1.5019083337359247  14.880617227322983  14.880617227322983  1.0  0.784  0.204  0.011  0.728  0.272  0.728  0.272
1  5  2.25  0.01  0.01  0.48759998391036996  0.07287360625147743  0.44164076325702734  14.972955823504668  14.972955823504668  1.0  0.714  0.264  0.022  0.728  0.272  0.728  0.272
1  5  2.25  0.01  0.01  0.5040333090296497  0.9226517240647634  2.5096478011108014  21.906628211925614  21.906628211925614  1.0  0.788  0.193  0.019  0.728  0.272  0.728  0.272
1  5  2.25  0.01  0.01  0.7006723918658109  -0.6994644193549293  0.7296796206276984  14.802630510385066  14.802630510385066  1.0  0.73  0.254  0.017  0.728  0.272  0.728  0.272
1  5  2.25  0.01  0.01  0.34531732040862395  0.8131825675790232  0.7156745527717877  14.963699331189764  14.963699331189764  1.0  0.72  0.257  0.024  0.728  0.272  0.728  0.272
-----------------------------------------------------------------------------------------------------------------------------------------------------------------------------------

0  5  2.25  0.01  0.01  1.1633595806957133  2.031959372205752  21.673365347361546  21.673365347361546  1.0  0.905  0.09  0.005  0.8  0.2  0.8  0.2
0  5  2.25  0.01  0.01  1.1507311199919648  2.178527823743182  24.548677915787426  24.548677915787426  1.0  0.903  0.093  0.005  0.8  0.2  0.8  0.2
0  5  2.25  0.01  0.01  0.8474970853790533  0.8356321633035902  14.362487411647688  14.362487411647688  1.0  0.833  0.156  0.011  0.8  0.2  0.8  0.2
0  5  2.25  0.01  0.01  0.9491446586910877  1.22000853292846  14.513630601144525  14.513630601144525  1.0  0.86  0.131  0.009  0.8  0.2  0.8  0.2
0  5  2.25  0.01  0.01  0.771878189725955  0.4902768613810019  14.467875227673204  14.467875227673204  1.0  0.811  0.176  0.013  0.8  0.2  0.8  0.2
0  5  2.25  0.01  0.01  1.0909667052375325  1.8162699508845908  19.24451441055589  19.24451441055589  1.0  0.891  0.103  0.006  0.8  0.2  0.8  0.2
0  5  2.25  0.01  0.01  1.1968821741257896  2.4178524649169417  28.156705066826234  28.156705066826234  1.0  0.911  0.085  0.004  0.8  0.2  0.8  0.2
0  5  2.25  0.01  0.01  0.7497976854373556  0.3722326504713103  14.518814515038875  14.518814515038875  1.0  0.804  0.182  0.014  0.8  0.2  0.8  0.2
0  5  2.25  0.01  0.01  1.0727506151215949  1.7701871676730663  19.030906711489564  19.030906711489564  1.0  0.888  0.106  0.006  0.8  0.2  0.8  0.2
0  5  2.25  0.01  0.01  0.9413648315292498  1.191135164651318  14.474212074195616  14.474212074195616  1.0  0.858  0.133  0.009  0.8  0.2  0.8  0.2
0  5  2.25  0.01  0.01  0.8366651925961773  0.7901174681048436  14.370578369083908  14.370578369083908  1.0  0.83  0.158  0.012  0.8  0.2  0.8  0.2
0  5  2.25  0.01  0.01  0.8042362880426985  0.6424733102333541  14.40996589087877  14.40996589087877  1.0  0.82  0.167  0.012  0.8  0.2  0.8  0.2
0  5  2.25  0.01  0.01  1.0000902930310143  1.3833065590291589  15.024815907682841  15.024815907682841  1.0  0.872  0.12  0.008  0.8  0.2  0.8  0.2
0  5  2.25  0.01  0.01  1.1727769270484845  2.054934564434571  21.873168914194316  21.873168914194316  1.0  0.906  0.089  0.005  0.8  0.2  0.8  0.2
0  5  2.25  0.01  0.01  1.131068595990798  2.0030653202172344  21.244006340148925  21.244006340148925  1.0  0.899  0.096  0.005  0.8  0.2  0.8  0.2
0  5  2.25  0.01  0.01  1.0941722727758598  1.8224177530965138  19.268877731722572  19.268877731722572  1.0  0.892  0.102  0.006  0.8  0.2  0.8  0.2
0  5  2.25  0.01  0.01  0.8266433226022073  0.747598144436697  14.380084369071378  14.380084369071378  1.0  0.827  0.161  0.012  0.8  0.2  0.8  0.2
0  5  2.25  0.01  0.01  0.8995361873707821  1.0443126604860797  14.375241764943569  14.375241764943569  1.0  0.847  0.143  0.01  0.8  0.2  0.8  0.2
0  5  2.25  0.01  0.01  0.9268319181225173  1.143455949874645  14.4301700984729  14.4301700984729  1.0  0.854  0.136  0.009  0.8  0.2  0.8  0.2
0  5  2.25  0.01  0.01  0.9129148429801891  1.0919739280203964  14.393731373097461  14.393731373097461  1.0  0.851  0.14  0.01  0.8  0.2  0.8  0.2
0  5  2.25  0.01  0.01  0.9492263337397043  1.2208079247991017  14.51363060530383  14.51363060530383  1.0  0.86  0.131  0.009  0.8  0.2  0.8  0.2
0  5  2.25  0.01  0.01  0.8242816471623814  0.7360034745410257  14.382611602101216  14.382611602101216  1.0  0.826  0.162  0.012  0.8  0.2  0.8  0.2
0  5  2.25  0.01  0.01  0.8439933718563088  0.8228070230561575  14.363944590557661  14.363944590557661  1.0  0.832  0.157  0.011  0.8  0.2  0.8  0.2
0  5  2.25  0.01  0.01  1.0936592788085404  1.8217796554112236  19.26567329719604  19.26567329719604  1.0  0.892  0.102  0.006  0.8  0.2  0.8  0.2
0  5  2.25  0.01  0.01  0.9702607309757124  1.2909404264365962  14.646591144056764  14.646591144056764  1.0  0.865  0.127  0.008  0.8  0.2  0.8  0.2
0  5  2.25  0.01  0.01  0.7612979524799428  0.43300978710803556  14.492177998637215  14.492177998637215  1.0  0.807  0.179  0.014  0.8  0.2  0.8  0.2
0  5  2.25  0.01  0.01  0.8303553874284774  0.7635488054056225  14.376376275242727  14.376376275242727  1.0  0.828  0.16  0.012  0.8  0.2  0.8  0.2
0  5  2.25  0.01  0.01  0.9131490039981994  1.0935842825166153  14.396702271897627  14.396702271897627  1.0  0.851  0.14  0.01  0.8  0.2  0.8  0.2
0  5  2.25  0.01  0.01  0.9877232138471188  1.3456333645619185  14.823159505857271  14.823159505857271  1.0  0.869  0.123  0.008  0.8  0.2  0.8  0.2
0  5  2.25  0.01  0.01  0.8601625541373095  0.8890258477387535  14.357472636800003  14.357472636800003  1.0  0.837  0.152  0.011  0.8  0.2  0.8  0.2
1  5  2.25  0.01  0.01  0.5155727052309038  0.553287760172522  14.913199707067607  14.913199707067607  1.0  0.719  0.259  0.021  0.728  0.272  0.728  0.272
1  5  2.25  0.01  0.01  0.8263228312476343  2.2997831717352146  20.222029220940968  20.222029220940968  1.0  0.827  0.161  0.012  0.728  0.272  0.728  0.272
1  5  2.25  0.01  0.01  0.5499299773366808  0.8298190610908232  14.795018856320622  14.795018856320622  1.0  0.733  0.247  0.02  0.728  0.272  0.728  0.272
1  5  2.25  0.01  0.01  0.5023308978272057  0.4365880330218716  14.968310880354776  14.968310880354776  1.0  0.714  0.264  0.022  0.728  0.272  0.728  0.272
1  5  2.25  0.01  0.01  0.5342813610811535  0.7084676637717224  14.843914586865095  14.843914586865095  1.0  0.727  0.252  0.021  0.728  0.272  0.728  0.272
1  5  2.25  0.01  0.01  0.6011713124859766  1.1887415450149497  14.701008499583514  14.701008499583514  1.0  0.752  0.229  0.019  0.728  0.272  0.728  0.272
1  5  2.25  0.01  0.01  0.5248120020471501  0.6283459152208167  14.878797884514135  14.878797884514135  1.0  0.723  0.256  0.021  0.728  0.272  0.728  0.272
1  5  2.25  0.01  0.01  0.560033069314901  0.9058308663978504  14.767141573525345  14.767141573525345  1.0  0.737  0.243  0.02  0.728  0.272  0.728  0.272
1  5  2.25  0.01  0.01  0.5390762431199073  0.7475829089852667  14.827789853283265  14.827789853283265  1.0  0.729  0.251  0.02  0.728  0.272  0.728  0.272
1  5  2.25  0.01  0.01  0.5596192363239806  0.9024313684181896  14.767826127461042  14.767826127461042  1.0  0.737  0.243  0.02  0.728  0.272  0.728  0.272
1  5  2.25  0.01  0.01  0.7721399968528735  1.9849987255006643  16.208031588569483  16.208031588569483  1.0  0.811  0.176  0.013  0.728  0.272  0.728  0.272
1  5  2.25  0.01  0.01  0.862805183127175  2.596291543136711  22.91783191886936  22.91783191886936  1.0  0.837  0.152  0.011  0.728  0.272  0.728  0.272
1  5  2.25  0.01  0.01  0.608660233796666  1.2341083708273444  14.698566619273752  14.698566619273752  1.0  0.755  0.226  0.018  0.728  0.272  0.728  0.272
1  5  2.25  0.01  0.01  0.5402166130032875  0.7582969333098276  14.823008077354803  14.823008077354803  1.0  0.729  0.25  0.02  0.728  0.272  0.728  0.272
1  5  2.25  0.01  0.01  0.7783189184393444  2.1239315649618344  18.516403617769917  18.516403617769917  1.0  0.813  0.174  0.013  0.728  0.272  0.728  0.272
1  5  2.25  0.01  0.01  0.8555168711846444  2.5717779342965645  22.628571239008515  22.628571239008515  1.0  0.835  0.154  0.011  0.728  0.272  0.728  0.272
1  5  2.25  0.01  0.01  0.822731827383095  2.403805972783221  21.235422428232535  21.235422428232535  1.0  0.826  0.162  0.012  0.728  0.272  0.728  0.272
1  5  2.25  0.01  0.01  0.5826483562833135  1.0652694618759195  14.720020247875373  14.720020247875373  1.0  0.746  0.235  0.019  0.728  0.272  0.728  0.272
1  5  2.25  0.01  0.01  0.5369449493769958  0.7309014318287578  14.835032441336883  14.835032441336883  1.0  0.728  0.252  0.021  0.728  0.272  0.728  0.272
1  5  2.25  0.01  0.01  0.4967624171912916  0.3869575570577903  14.992405652971486  14.992405652971486  1.0  0.712  0.266  0.022  0.728  0.272  0.728  0.272
1  5  2.25  0.01  0.01  0.5012354726519288  0.4260705153921266  14.973105473764363  14.973105473764363  1.0  0.714  0.265  0.022  0.728  0.272  0.728  0.272
1  5  2.25  0.01  0.01  0.49811066959628075  0.3976553580024657  14.986928343087813  14.986928343087813  1.0  0.712  0.266  0.022  0.728  0.272  0.728  0.272
1  5  2.25  0.01  0.01  0.5123516071645561  0.5250494425484877  14.926071350579257  14.926071350579257  1.0  0.718  0.261  0.021  0.728  0.272  0.728  0.272
1  5  2.25  0.01  0.01  0.5763144736823094  1.0218659032284132  14.730448431409167  14.730448431409167  1.0  0.743  0.238  0.019  0.728  0.272  0.728  0.272
1  5  2.25  0.01  0.01  0.5246969454225506  0.6293778718066321  14.878621669232988  14.878621669232988  1.0  0.723  0.256  0.021  0.728  0.272  0.728  0.272
1  5  2.25  0.01  0.01  0.6258029030761302  1.3384997642270482  14.720163463675316  14.720163463675316  1.0  0.762  0.221  0.018  0.728  0.272  0.728  0.272
1  5  2.25  0.01  0.01  0.823001430923133  2.231407003818716  19.42837105577175  19.42837105577175  1.0  0.826  0.162  0.012  0.728  0.272  0.728  0.272
1  5  2.25  0.01  0.01  0.5557384015324132  0.8744422212861128  14.777865856842768  14.777865856842768  1.0  0.735  0.245  0.02  0.728  0.272  0.728  0.272
1  5  2.25  0.01  0.01  0.7879405658542659  2.1603574729018735  18.684969854878013  18.684969854878013  1.0  0.816  0.171  0.013  0.728  0.272  0.728  0.272
1  5  2.25  0.01  0.01  0.5957656787723098  1.152493826778047  14.703548651521919  14.703548651521919  1.0  0.75  0.231  0.019  0.728  0.272  0.728  0.272
--------------------------------------------------------------------------------------------------------------------------------------------------------------

0  5  2.25  0.01  0.01  0.8750127356542885  0.7504987165303543  14.28219415455924  14.825733316033316  1.0  0.841  0.149  0.011  0.811  0.189  0.75  0.25
0  5  2.25  0.01  0.01  0.7770511504259717  0.4416135609129608  14.443677852600171  14.687395416565801  1.0  0.812  0.174  0.013  0.8  0.2  0.8  0.2
0  5  2.25  0.01  0.01  1.3695638919836777  2.4444005790584855  27.447732421739467  35.85033540334095  1.0  0.936  0.062  0.002  0.822  0.178  0.7  0.3
0  5  2.25  0.01  0.01  1.2197749374418525  2.6434584498545686  37.66297759904943  34.79876157181731  1.0  0.914  0.082  0.004  0.811  0.189  0.75  0.25
0  5  2.25  0.01  0.01  1.206642729628347  1.9458779588618191  21.155371839204072  19.236499864250938  1.0  0.912  0.084  0.004  0.833  0.167  0.65  0.35
0  5  2.25  0.01  0.01  0.8944221705151905  1.173819576275399  14.475375872305754  14.38388497536713  1.0  0.846  0.144  0.01  0.778  0.222  0.9  0.1
0  5  2.25  0.01  0.01  0.7432698511699081  0.6513251704897958  14.486910754053286  14.062373241117996  1.0  0.802  0.184  0.014  0.778  0.222  0.9  0.1
0  5  2.25  0.01  0.01  1.2153813104770288  2.4851570024377327  26.446021541118586  45.79720015253371  1.0  0.914  0.082  0.004  0.8  0.2  0.8  0.2
0  5  2.25  0.01  0.01  0.8305491704973474  0.5868973722877776  14.362304796266656  14.741242801992328  1.0  0.828  0.16  0.012  0.811  0.189  0.75  0.25
0  5  2.25  0.01  0.01  1.2270997593052553  1.4662023784424107  15.704607218087984  15.495355288053378  1.0  0.916  0.081  0.004  0.844  0.156  0.6  0.4
0  5  2.25  0.01  0.01  0.8095650240918105  0.7521838283294207  14.402949895160042  14.267650880011933  1.0  0.822  0.166  0.012  0.789  0.211  0.85  0.15
0  5  2.25  0.01  0.01  1.051778571186391  1.3052112389051285  14.683838920306018  14.72725380051088  1.0  0.883  0.11  0.007  0.811  0.189  0.75  0.25
0  5  2.25  0.01  0.01  1.0918611175879482  1.6126820121846697  17.008850298366994  18.03030435003894  1.0  0.891  0.103  0.006  0.811  0.189  0.75  0.25
0  5  2.25  0.01  0.01  0.8948237019050127  1.0333933307684604  14.448347799776148  14.028649327639991  1.0  0.846  0.144  0.01  0.811  0.189  0.75  0.25
0  5  2.25  0.01  0.01  1.002194104125043  1.2443683273445876  14.59987264589572  14.351915993590557  1.0  0.872  0.12  0.008  0.822  0.178  0.7  0.3
0  5  2.25  0.01  0.01  0.7605195483174417  0.5640285796229989  14.468846788817405  14.30304299301786  1.0  0.807  0.179  0.014  0.789  0.211  0.85  0.15
0  5  2.25  0.01  0.01  0.8411883936009652  0.4920486295815503  14.411499727964724  14.733310039932837  1.0  0.831  0.157  0.011  0.833  0.167  0.65  0.35
0  5  2.25  0.01  0.01  0.7966156939132133  0.6395509863150978  14.43378911846708  14.312005656403954  1.0  0.818  0.169  0.013  0.8  0.2  0.8  0.2
0  5  2.25  0.01  0.01  0.9272366148263962  0.8031621042740826  14.213934236251115  15.091924727786846  1.0  0.854  0.136  0.009  0.811  0.189  0.75  0.25
0  5  2.25  0.01  0.01  0.9900277199223342  1.3223004107998606  14.882031975969424  14.047242313177236  1.0  0.87  0.123  0.008  0.811  0.189  0.75  0.25
0  5  2.25  0.01  0.01  0.9573716374937679  1.0408000374634112  14.251420810121635  14.937422611775697  1.0  0.862  0.13  0.009  0.8  0.2  0.8  0.2
0  5  2.25  0.01  0.01  1.037411300869101  1.275133615941737  14.325507837721517  15.92549130036348  1.0  0.88  0.113  0.007  0.811  0.189  0.75  0.25
0  5  2.25  0.01  0.01  0.7718773110656896  0.45946062830422635  14.451441895686354  14.613357239433489  1.0  0.811  0.176  0.013  0.8  0.2  0.8  0.2
0  5  2.25  0.01  0.01  0.9550360439169171  1.2442514800524616  14.59013652930957  14.38860391065513  1.0  0.861  0.13  0.009  0.789  0.211  0.85  0.15
0  5  2.25  0.01  0.01  1.1305016707728919  2.0604509966251983  22.61694017175207  18.768083195442813  1.0  0.899  0.096  0.005  0.789  0.211  0.85  0.15
0  5  2.25  0.01  0.01  1.1535745004892242  1.3849679764801561  14.901911535842123  15.671041635496701  1.0  0.903  0.092  0.005  0.833  0.167  0.65  0.35
0  5  2.25  0.01  0.01  0.8875307544330344  0.6012497991024585  14.289746247048813  15.062866438219723  1.0  0.844  0.146  0.01  0.833  0.167  0.65  0.35
0  5  2.25  0.01  0.01  1.303236420784178  2.231098391594463  24.933844042707097  25.55550320699374  1.0  0.927  0.07  0.003  0.822  0.178  0.7  0.3
0  5  2.25  0.01  0.01  0.8084808945872751  0.6565940731625287  14.425276982389432  14.318586123320031  1.0  0.822  0.166  0.012  0.811  0.189  0.75  0.25
0  5  2.25  0.01  0.01  0.7816527902661157  0.9338740126895233  14.454690015067381  13.946564028354118  1.0  0.814  0.173  0.013  0.767  0.233  0.95  0.05
1  5  2.25  0.01  0.01  0.507651578993689  0.467383534863774  14.997935911748213  14.743999014339106  1.0  0.716  0.262  0.021  0.734  0.266  0.7  0.3
1  5  2.25  0.01  0.01  0.480214100666836  0.379617755073805  15.033132510639744  14.82037761679516  1.0  0.705  0.273  0.022  0.723  0.277  0.75  0.25
1  5  2.25  0.01  0.01  0.5326843838476929  1.1727470307746926  14.780226394911283  14.349510644515068  1.0  0.726  0.253  0.021  0.702  0.298  0.85  0.15
1  5  2.25  0.01  0.01  0.7865497838741882  2.101889620855922  18.210062415515427  19.432037742342693  1.0  0.815  0.172  0.013  0.723  0.277  0.75  0.25
1  5  2.25  0.01  0.01  0.6490514442646876  1.6802264051281754  14.70563289283253  18.5080578198462  1.0  0.77  0.213  0.017  0.713  0.287  0.8  0.2
1  5  2.25  0.01  0.01  0.884396635260571  1.9642458418805144  16.07696081496834  16.114381977272878  1.0  0.843  0.146  0.01  0.755  0.245  0.6  0.4
1  5  2.25  0.01  0.01  0.5451900257499154  0.796641012996156  14.854249871555787  14.59075746807712  1.0  0.731  0.249  0.02  0.734  0.266  0.7  0.3
1  5  2.25  0.01  0.01  0.49261610993615734  0.4967162725509227  14.982125148297218  14.742382601998381  1.0  0.71  0.268  0.022  0.723  0.277  0.75  0.25
1  5  2.25  0.01  0.01  0.8405657677316243  1.7301818675973957  15.423307429524355  15.458658136526655  1.0  0.831  0.157  0.012  0.755  0.245  0.6  0.4
1  5  2.25  0.01  0.01  0.674296709241853  1.4275362597924228  14.768681999371678  14.829724259703136  1.0  0.779  0.205  0.016  0.745  0.255  0.65  0.35
1  5  2.25  0.01  0.01  0.5253799282549261  0.868543305604573  14.785399662209691  14.759452910772987  1.0  0.723  0.256  0.021  0.713  0.287  0.8  0.2
1  5  2.25  0.01  0.01  0.5743031302634783  1.4069548441118127  14.838752214453548  14.405907007406714  1.0  0.742  0.238  0.019  0.702  0.298  0.85  0.15
1  5  2.25  0.01  0.01  0.5047597670101793  0.6658175745369298  14.934178829058974  14.529810615665088  1.0  0.715  0.263  0.022  0.723  0.277  0.75  0.25
1  5  2.25  0.01  0.01  0.8016654140519921  2.5334129742887526  21.688526440795076  25.15638210012077  1.0  0.82  0.168  0.013  0.713  0.287  0.8  0.2
1  5  2.25  0.01  0.01  0.6391173804960938  1.2548728670847424  14.674925208769544  14.818316309662134  1.0  0.766  0.216  0.017  0.734  0.266  0.7  0.3
1  5  2.25  0.01  0.01  0.5453650561567733  0.7852140458769173  14.838289943551125  14.690192633628573  1.0  0.731  0.248  0.02  0.734  0.266  0.7  0.3
1  5  2.25  0.01  0.01  0.7160029719747272  1.5513790721516512  14.626363332631898  17.112220495972192  1.0  0.793  0.192  0.015  0.755  0.245  0.6  0.4
1  5  2.25  0.01  0.01  0.6659025930992675  1.2709905337408767  14.658274098399637  14.923294694111775  1.0  0.776  0.208  0.017  0.745  0.255  0.65  0.35
1  5  2.25  0.01  0.01  0.871945428374016  2.584272388339118  22.109720352542514  25.737802540210673  1.0  0.84  0.15  0.011  0.734  0.266  0.7  0.3
1  5  2.25  0.01  0.01  0.6264815481185089  1.2785677920370695  14.73487177955056  14.561751279243719  1.0  0.762  0.22  0.018  0.734  0.266  0.7  0.3
1  5  2.25  0.01  0.01  0.636389556650614  0.9437816740992128  14.61818914466312  15.41613099489505  1.0  0.765  0.217  0.017  0.745  0.255  0.65  0.35
1  5  2.25  0.01  0.01  0.5471289518005618  1.013759935848429  14.818205397319561  14.33501028595207  1.0  0.732  0.248  0.02  0.723  0.277  0.75  0.25
1  5  2.25  0.01  0.01  0.5170057167819552  0.7625234078147706  14.874457394626432  14.57464924103861  1.0  0.72  0.259  0.021  0.723  0.277  0.75  0.25
1  5  2.25  0.01  0.01  0.4958706591889937  0.6104486750488903  14.976048076129139  14.473647440185895  1.0  0.712  0.267  0.022  0.723  0.277  0.75  0.25
1  5  2.25  0.01  0.01  0.81897426827873  2.22204988403787  20.200974817839434  15.428434920268241  1.0  0.825  0.163  0.012  0.723  0.277  0.75  0.25
1  5  2.25  0.01  0.01  0.845592163186448  2.535375148788253  22.312325901147727  22.35464905777021  1.0  0.832  0.156  0.011  0.723  0.277  0.75  0.25
1  5  2.25  0.01  0.01  0.5508472311470299  1.1640913004825142  14.7847878783099  14.321214928799781  1.0  0.733  0.247  0.02  0.713  0.287  0.8  0.2
1  5  2.25  0.01  0.01  0.7037049890830006  1.5168651312982662  14.97153087788075  14.774147225900407  1.0  0.789  0.196  0.015  0.745  0.255  0.65  0.35
1  5  2.25  0.01  0.01  0.5613605508899484  1.0327278612195614  14.755006896582017  14.599496063374229  1.0  0.737  0.243  0.02  0.723  0.277  0.75  0.25
1  5  2.25  0.01  0.01  0.7580336897197805  1.3322313361845426  14.569064393289825  15.47762412949425  1.0  0.806  0.18  0.014  0.766  0.234  0.55  0.45
--------------------------------------------------------------------------------------------------------------------------------------------------------------
