3.5  1.75  0.01  0.01  0.45764489162057176  0.16324501398295183  0.8176031840026269  13.996212048702592  13.996212048702592  1.0  0.697  0.219  0.084  0.765  0.235  0.765  0.235  True
3.5  1.75  0.01  0.01  0.44301347279361697  0.1670694570146291  0.49026388465789206  14.09388504702874  14.09388504702874  1.0  0.692  0.223  0.085  0.769  0.231  0.769  0.231  True
3.5  1.75  0.01  0.01  0.4536364754442903  0.14067038895678843  0.5034220551598629  14.091301438904752  14.091301438904752  1.0  0.693  0.223  0.084  0.769  0.231  0.769  0.231  True
3.5  1.75  0.01  0.01  0.49629394227867263  -0.12286988595583415  0.45043721509923146  14.125609328799374  14.125609328799374  1.0  0.68  0.237  0.084  0.756  0.244  0.756  0.244  True
3.5  1.75  0.01  0.01  0.3872220696554758  0.1997720452155573  0.5132117815593579  14.155852564069601  14.155852564069601  1.0  0.669  0.241  0.089  0.748  0.252  0.748  0.252  True
3.5  1.75  0.01  0.01  0.4914232643480001  -0.03181160182897834  0.44034773341692546  14.12821711626709  14.12821711626709  1.0  0.689  0.228  0.083  0.769  0.231  0.769  0.231  True
3.5  1.75  0.01  0.01  0.5080957107444346  -0.13791791769192135  0.5004866795213997  14.141382960777104  14.141382960777104  1.0  0.683  0.235  0.083  0.761  0.239  0.761  0.239  True
3.5  1.75  0.01  0.01  0.6312923228582104  -0.2783590673103676  0.9012030158837369  14.018943191613822  14.018943191613822  1.0  0.721  0.207  0.072  0.769  0.231  0.769  0.231  True
3.5  1.75  0.01  0.01  0.5312115284547931  -0.10886837178866708  0.5205706468300458  14.075310531524403  14.075310531524403  1.0  0.697  0.223  0.08  0.769  0.231  0.769  0.231  True
3.5  1.75  0.01  0.01  0.41939164690587  0.05473120053550071  0.48339386177932675  14.154681617041941  14.154681617041941  1.0  0.665  0.246  0.089  0.744  0.256  0.744  0.256  True
3.5  1.75  0.01  0.01  0.40442234995160903  0.29187248954281675  0.8372142655492889  14.0103829490862  14.0103829490862  1.0  0.689  0.224  0.087  0.756  0.244  0.756  0.244  True
3.5  1.75  0.01  0.01  0.4761305675241494  -0.00312837339407155  0.45020175116975253  14.082720424257534  14.082720424257534  1.0  0.686  0.23  0.084  0.761  0.239  0.761  0.239  True
3.5  1.75  0.01  0.01  0.5205088300641691  -0.0014818817153987415  0.6605751707339811  14.002105523001283  14.002105523001283  1.0  0.706  0.214  0.08  0.774  0.226  0.774  0.226  True
3.5  1.75  0.01  0.01  0.6104616058006052  -0.1941762261746709  0.9274311395195037  14.051590993558518  14.051590993558518  1.0  0.723  0.204  0.073  0.769  0.231  0.769  0.231  True
3.5  1.75  0.01  0.01  0.577717993795431  -0.08065040843258756  0.9125223795065063  13.95425373412101  13.95425373412101  1.0  0.722  0.203  0.075  0.769  0.231  0.769  0.231  True
3.5  1.75  0.01  0.01  0.46380230059186833  0.16185665722046727  0.49360683396475674  14.052094424699586  14.052094424699586  1.0  0.7  0.217  0.083  0.778  0.222  0.778  0.222  True
3.5  1.75  0.01  0.01  0.45681176884870744  0.11280626632103725  0.8077878246273522  14.015634840722047  14.015634840722047  1.0  0.691  0.225  0.084  0.756  0.244  0.756  0.244  True
3.5  1.75  0.01  0.01  0.5345285620777408  -0.1459313207932747  0.4735096152087129  14.077392107074623  14.077392107074623  1.0  0.694  0.226  0.08  0.769  0.231  0.769  0.231  True
3.5  1.75  0.01  0.01  0.383825975267601  0.34499683983210805  0.6800029648010835  14.086045352568377  14.086045352568377  1.0  0.686  0.227  0.088  0.761  0.239  0.761  0.239  True
3.5  1.75  0.01  0.01  0.5663247294549434  -0.13849903700655208  0.8122853193355998  13.992118397808115  13.992118397808115  1.0  0.709  0.214  0.077  0.769  0.231  0.769  0.231  True
3.5  1.75  0.01  0.01  0.5300143938166793  -0.14623996514188414  0.33349250896520866  14.082199673345398  14.082199673345398  1.0  0.691  0.228  0.081  0.778  0.222  0.778  0.222  True
3.5  1.75  0.01  0.01  0.4720895969212531  0.0041372956432360235  0.4605462143868772  14.105775974528232  14.105775974528232  1.0  0.684  0.232  0.085  0.761  0.239  0.761  0.239  True
3.5  1.75  0.01  0.01  0.5422083920454164  -0.16565092046069763  0.8123569389054915  14.001041282604605  14.001041282604605  1.0  0.695  0.226  0.08  0.752  0.248  0.752  0.248  True
3.5  1.75  0.01  0.01  0.4510576241150207  0.07268412972956512  0.48074311112681367  14.15378866112693  14.15378866112693  1.0  0.683  0.232  0.086  0.765  0.235  0.765  0.235  True
3.5  1.75  0.01  0.01  0.44022556518662576  0.1149876215612303  0.49099949902106976  14.110635157146023  14.110635157146023  1.0  0.683  0.231  0.086  0.765  0.235  0.765  0.235  True
3.5  1.75  0.01  0.01  0.3365993120188071  0.4549955808516006  0.9029982597987104  13.984555839738796  13.984555839738796  1.0  0.678  0.232  0.09  0.756  0.244  0.756  0.244  True
3.5  1.75  0.01  0.01  0.4999742831901155  -0.08499834988745936  0.6609986189288172  14.136779293804144  14.136779293804144  1.0  0.687  0.231  0.083  0.761  0.239  0.761  0.239  True
3.5  1.75  0.01  0.01  0.5098146314196139  0.04058523587388199  0.8426520395630972  13.960891819210168  13.960891819210168  1.0  0.706  0.213  0.08  0.765  0.235  0.765  0.235  True
3.5  1.75  0.01  0.01  0.47611139034069117  0.012416127893095702  0.49068677985070813  14.10015585230849  14.10015585230849  1.0  0.687  0.229  0.084  0.765  0.235  0.765  0.235  True
3.5  1.75  0.01  0.01  0.4879760927788117  0.07689096806663051  0.8071136580607338  13.987302092667077  13.987302092667077  1.0  0.701  0.217  0.082  0.765  0.235  0.765  0.235  True
