5.5  2.75  0.01  0.01  1.2478250083596178  -0.43347723020452533  15.07634125149693  15.07634125149693  1.0  0.787  0.157  0.055  0.761  0.239  0.761  0.239
5.5  2.75  0.01  0.01  1.1038168562490747  -0.047809069667734905  15.039179342787213  15.039179342787213  1.0  0.779  0.16  0.062  0.761  0.239  0.761  0.239
5.5  2.75  0.01  0.01  1.3966017364426702  -0.8165239985339299  15.133224830461437  15.133224830461437  1.0  0.794  0.157  0.049  0.761  0.239  0.761  0.239
5.5  2.75  0.01  0.01  1.0431129815065037  0.1097731704257332  15.028997217049623  15.028997217049623  1.0  0.775  0.161  0.064  0.761  0.239  0.761  0.239
5.5  2.75  0.01  0.01  0.8379748740803356  0.6478634486031054  15.01941883183025  15.01941883183025  1.0  0.76  0.168  0.072  0.761  0.239  0.761  0.239
5.5  2.75  0.01  0.01  1.4500303115468625  -0.9644260036619221  15.15827847409675  15.15827847409675  1.0  0.796  0.157  0.046  0.761  0.239  0.761  0.239
5.5  2.75  0.01  0.01  1.3095415105806425  -0.5911836807083766  15.097387013746129  15.097387013746129  1.0  0.791  0.157  0.053  0.761  0.239  0.761  0.239
5.5  2.75  0.01  0.01  0.7802545131024055  0.7963483189917748  15.023830290652358  15.023830290652358  1.0  0.756  0.171  0.073  0.761  0.239  0.761  0.239
5.5  2.75  0.01  0.01  1.4232402537102413  -0.8919200045350171  15.145443810748413  15.145443810748413  1.0  0.795  0.157  0.048  0.761  0.239  0.761  0.239
5.5  2.75  0.01  0.01  0.8948216945058032  0.49825333227596436  15.01814820003127  15.01814820003127  1.0  0.764  0.166  0.07  0.761  0.239  0.761  0.239
5.5  2.75  0.01  0.01  1.3852221100796214  -0.7875184044234682  15.1281760026335  15.1281760026335  1.0  0.794  0.157  0.049  0.761  0.239  0.761  0.239
5.5  2.75  0.01  0.01  0.7922990069116903  0.77271747580042  15.022692417685608  15.022692417685608  1.0  0.757  0.17  0.073  0.761  0.239  0.761  0.239
5.5  2.75  0.01  0.01  1.2863391119170542  -0.5316421746062516  15.08912146312516  15.08912146312516  1.0  0.789  0.157  0.054  0.761  0.239  0.761  0.239
5.5  2.75  0.01  0.01  0.7545178597209228  0.8736382573315922  15.02698973531891  15.02698973531891  1.0  0.754  0.172  0.074  0.761  0.239  0.761  0.239
5.5  2.75  0.01  0.01  1.385307576712727  -0.7937106467120909  15.12817600488935  15.12817600488935  1.0  0.794  0.157  0.049  0.761  0.239  0.761  0.239
5.5  2.75  0.01  0.01  1.1836783630691117  -0.25878800663929646  15.057476172862458  15.057476172862458  1.0  0.784  0.158  0.058  0.761  0.239  0.761  0.239
5.5  2.75  0.01  0.01  0.8796214253235697  0.5415859605707254  15.018184710892678  15.018184710892678  1.0  0.763  0.167  0.07  0.761  0.239  0.761  0.239
5.5  2.75  0.01  0.01  1.3585915814012701  -0.717342963483351  15.116832692277734  15.116832692277734  1.0  0.793  0.157  0.05  0.761  0.239  0.761  0.239
5.5  2.75  0.01  0.01  1.134232871180847  -0.13255150059702392  15.04549337414016  15.04549337414016  1.0  0.781  0.159  0.06  0.761  0.239  0.761  0.239
5.5  2.75  0.01  0.01  1.313127517153461  -0.5982092208459429  15.09880811307462  15.09880811307462  1.0  0.791  0.157  0.053  0.761  0.239  0.761  0.239
5.5  2.75  0.01  0.01  1.373912597019401  -0.7645786313217939  15.1232396800072  15.1232396800072  1.0  0.793  0.157  0.05  0.761  0.239  0.761  0.239
5.5  2.75  0.01  0.01  0.7200228256747551  0.9565905348641912  15.032103478529582  15.032103478529582  1.0  0.752  0.173  0.075  0.761  0.239  0.761  0.239
5.5  2.75  0.01  0.01  1.092589571484683  -0.015287403471966554  15.037020993770026  15.037020993770026  1.0  0.778  0.16  0.062  0.761  0.239  0.761  0.239
5.5  2.75  0.01  0.01  1.4422501177089333  -0.9421789876209075  15.15454843656871  15.15454843656871  1.0  0.796  0.157  0.047  0.761  0.239  0.761  0.239
5.5  2.75  0.01  0.01  1.1038685953890965  -0.047715687669597884  15.039179339994137  15.039179339994137  1.0  0.779  0.16  0.062  0.761  0.239  0.761  0.239
5.5  2.75  0.01  0.01  1.2369956547333238  -0.40381926637482435  15.072749891421536  15.072749891421536  1.0  0.787  0.157  0.056  0.761  0.239  0.761  0.239
5.5  2.75  0.01  0.01  1.2453273588940506  -0.42191497518711785  15.075131779098802  15.075131779098802  1.0  0.787  0.157  0.055  0.761  0.239  0.761  0.239
5.5  2.75  0.01  0.01  1.2291786858524938  -0.38120204776941136  15.070418074295235  15.070418074295235  1.0  0.786  0.157  0.056  0.761  0.239  0.761  0.239
5.5  2.75  0.01  0.01  0.9782147325856233  0.27974498980915175  15.021799964235633  15.021799964235633  1.0  0.77  0.163  0.067  0.761  0.239  0.761  0.239
5.5  2.75  0.01  0.01  0.9025024312366063  0.4801043715678095  15.018211614062375  15.018211614062375  1.0  0.765  0.166  0.069  0.761  0.239  0.761  0.239
