0  3.5  1.75  0.01  0.01  0.7807935032522679  0.16485713860633944  0.5402557036456594  13.563733973186643  13.563733973186643  1.0  0.826  0.122  0.051  0.885  0.115  0.885  0.115  True
0  3.5  1.75  0.01  0.01  0.8459188245633632  -0.06071114032207191  0.4905800511296872  13.559239754520904  13.559239754520904  1.0  0.827  0.125  0.048  0.885  0.115  0.885  0.115  True
0  3.5  1.75  0.01  0.01  0.8793270612494517  -0.16489322444793525  0.4801374467333261  13.560043572707828  13.560043572707828  1.0  0.829  0.125  0.046  0.885  0.115  0.885  0.115  True
0  3.5  1.75  0.01  0.01  0.8573332675242781  -0.10155208277193212  0.48060470389454085  13.559554996451798  13.559554996451798  1.0  0.827  0.125  0.047  0.885  0.115  0.885  0.115  True
0  3.5  1.75  0.01  0.01  0.9159335390836328  -0.2520134480654216  0.4905418701923391  13.563233578852417  13.563233578852417  1.0  0.832  0.124  0.044  0.885  0.115  0.885  0.115  True
0  3.5  1.75  0.01  0.01  0.9090482214817108  -0.06405873561272557  0.803326385594315  13.485824538153505  13.485824538153505  1.0  0.847  0.111  0.042  0.885  0.115  0.885  0.115  True
0  3.5  1.75  0.01  0.01  0.8568346892492953  -0.08797655794915604  0.4902329034223972  13.559196921041464  13.559196921041464  1.0  0.828  0.125  0.047  0.885  0.115  0.885  0.115  True
0  3.5  1.75  0.01  0.01  0.7749848003306614  0.1625063288434767  0.520149138102311  13.564056494168813  13.564056494168813  1.0  0.824  0.124  0.052  0.885  0.115  0.885  0.115  True
0  3.5  1.75  0.01  0.01  0.8307898279700092  -0.012628989341462275  0.5004698398214482  13.559391931034861  13.559391931034861  1.0  0.827  0.124  0.049  0.885  0.115  0.885  0.115  True
0  3.5  1.75  0.01  0.01  0.19615505393195043  0.9749958682519178  0.6200021903307948  13.774606219604653  13.774606219604653  1.0  0.682  0.229  0.09  0.885  0.115  0.885  0.115  True
0  3.5  1.75  0.01  0.01  0.879971110774816  -0.18343861492655772  0.46028898077441677  13.561178523689744  13.561178523689744  1.0  0.827  0.127  0.046  0.885  0.115  0.885  0.115  True
0  3.5  1.75  0.01  0.01  0.7635081796538085  0.15600212149909298  0.4802314021534047  13.569389892392937  13.569389892392937  1.0  0.821  0.126  0.053  0.885  0.115  0.885  0.115  True
0  3.5  1.75  0.01  0.01  0.9129813509698192  -0.6917413258273988  0.0038901055657503446  13.724223062858224  13.724223062858224  1.0  0.784  0.168  0.048  0.885  0.115  0.885  0.115  True
0  3.5  1.75  0.01  0.01  0.973077551182183  -0.2184689884266962  0.8036111903758014  13.50311740544368  13.50311740544368  1.0  0.852  0.11  0.038  0.885  0.115  0.885  0.115  True
0  3.5  1.75  0.01  0.01  0.4892498920211831  0.9349939342559067  0.8920923689139705  13.532073228903103  13.532073228903103  1.0  0.799  0.136  0.065  0.885  0.115  0.885  0.115  True
0  3.5  1.75  0.01  0.01  0.9080485760667887  -0.02029476334499898  0.843616994012423  13.492169892782137  13.492169892782137  1.0  0.85  0.108  0.042  0.885  0.115  0.885  0.115  True
0  3.5  1.75  0.01  0.01  0.8307578023598867  -0.009792541277259013  0.5004140415369535  13.55939193060586  13.55939193060586  1.0  0.827  0.124  0.049  0.885  0.115  0.885  0.115  True
0  3.5  1.75  0.01  0.01  0.8197938312037922  0.02288206180760661  0.5004484307829246  13.559941325086776  13.559941325086776  1.0  0.826  0.124  0.05  0.885  0.115  0.885  0.115  True
0  3.5  1.75  0.01  0.01  0.8323179350042205  0.024169377302114898  0.5407156845026919  13.561338120522494  13.561338120522494  1.0  0.83  0.121  0.048  0.885  0.115  0.885  0.115  True
0  3.5  1.75  0.01  0.01  0.9895396420517817  -0.21913812720166786  0.8434166645196931  13.519404407819145  13.519404407819145  1.0  0.857  0.106  0.037  0.885  0.115  0.885  0.115  True
0  3.5  1.75  0.01  0.01  0.840733413900238  -0.021986558213153914  0.5203570345560162  13.559596703939667  13.559596703939667  1.0  0.829  0.123  0.048  0.885  0.115  0.885  0.115  True
0  3.5  1.75  0.01  0.01  0.9907593839018896  -0.5149184109761158  0.43003376008429  13.577719342288217  13.577719342288217  1.0  0.83  0.131  0.04  0.885  0.115  0.885  0.115  True
0  3.5  1.75  0.01  0.01  0.01963599047788938  1.4149888697922461  1.1856043021734552  13.697416170098666  13.697416170098666  1.0  0.665  0.247  0.088  0.885  0.115  0.885  0.115  True
0  3.5  1.75  0.01  0.01  0.012245089871036136  1.4449866102046771  1.1959931074278154  13.702504264835358  13.702504264835358  1.0  0.667  0.246  0.087  0.885  0.115  0.885  0.115  True
0  3.5  1.75  0.01  0.01  0.9582721485386432  0.005952016168735753  0.9993929144925764  13.654939721870962  13.654939721870962  1.0  0.867  0.096  0.037  0.885  0.115  0.885  0.115  True
0  3.5  1.75  0.01  0.01  0.8245967732191023  -0.012899849791061891  0.4802414611310125  13.560732400046234  13.560732400046234  1.0  0.825  0.126  0.049  0.885  0.115  0.885  0.115  True
0  3.5  1.75  0.01  0.01  0.6772119856947494  0.4049640981680263  0.8139989744260863  13.480900581727361  13.480900581727361  1.0  0.814  0.129  0.058  0.885  0.115  0.885  0.115  True
0  3.5  1.75  0.01  0.01  0.6841718275684449  0.4536140619025968  0.5702741066307111  13.58510639525782  13.58510639525782  1.0  0.821  0.123  0.056  0.885  0.115  0.885  0.115  True
0  3.5  1.75  0.01  0.01  0.839052945365347  -0.052989458808289494  0.480553258208021  13.559923587886265  13.559923587886265  1.0  0.826  0.125  0.049  0.885  0.115  0.885  0.115  True
0  3.5  1.75  0.01  0.01  0.7488855340851341  0.05479672626109604  0.28303849789779295  13.63272958697371  13.63272958697371  1.0  0.805  0.139  0.056  0.885  0.115  0.885  0.115  True
1  3.5  1.75  0.01  0.01  0.4421461717295033  -0.23431203081307006  0.7972009058784794  14.102736948190094  14.102736948190094  1.0  0.639  0.271  0.09  0.696  0.304  0.696  0.304  True
1  3.5  1.75  0.01  0.01  0.3301198121295891  0.044769916040358265  0.4330075366483756  14.245869214543468  14.245869214543468  1.0  0.62  0.283  0.096  0.696  0.304  0.696  0.304  True
1  3.5  1.75  0.01  0.01  0.36510260034081043  0.0289946240379967  0.837529874147718  14.09245950480126  14.09245950480126  1.0  0.636  0.27  0.094  0.696  0.304  0.696  0.304  True
1  3.5  1.75  0.01  0.01  0.3641054650387865  -0.09185330687586078  0.40367921280512764  14.248747379147353  14.248747379147353  1.0  0.62  0.285  0.095  0.696  0.304  0.696  0.304  True
1  3.5  1.75  0.01  0.01  0.2959042075976346  0.16686151220537826  0.46353926610529095  14.249103201014417  14.249103201014417  1.0  0.621  0.282  0.097  0.696  0.304  0.696  0.304  True
1  3.5  1.75  0.01  0.01  0.36132910027036447  -0.11207759465291472  0.31351072859401935  14.267582853126388  14.267582853126388  1.0  0.615  0.289  0.095  0.696  0.304  0.696  0.304  True
1  3.5  1.75  0.01  0.01  0.3750198372724547  0.03620321416693203  0.9566197300723284  14.117081507115028  14.117081507115028  1.0  0.643  0.265  0.093  0.696  0.304  0.696  0.304  True
1  3.5  1.75  0.01  0.01  0.3891570604253781  -0.08858409472403313  0.7174748984649304  14.105245899311628  14.105245899311628  1.0  0.632  0.275  0.093  0.696  0.304  0.696  0.304  True
1  3.5  1.75  0.01  0.01  0.34251111792700906  -0.012881035428584674  0.413593471571861  14.246990196845678  14.246990196845678  1.0  0.62  0.284  0.096  0.696  0.304  0.696  0.304  True
1  3.5  1.75  0.01  0.01  0.400724640337505  -0.028046866329088975  0.9802183666778831  14.13429328873346  14.13429328873346  1.0  0.646  0.263  0.091  0.696  0.304  0.696  0.304  True
1  3.5  1.75  0.01  0.01  0.3229287240771336  0.07933988470206965  0.48212147273278594  14.24940599048872  14.24940599048872  1.0  0.622  0.282  0.096  0.696  0.304  0.696  0.304  True
1  3.5  1.75  0.01  0.01  0.3281691684736626  0.0533540409531041  0.44334918544946794  14.245688472899609  14.245688472899609  1.0  0.621  0.283  0.096  0.696  0.304  0.696  0.304  True
1  3.5  1.75  0.01  0.01  0.35970170399301205  0.09956978150823863  0.9942850215256422  14.137901863772516  14.137901863772516  1.0  0.643  0.264  0.093  0.696  0.304  0.696  0.304  True
1  3.5  1.75  0.01  0.01  0.37554942231086974  -0.11965543485537325  0.43335114894051935  14.248163557013413  14.248163557013413  1.0  0.621  0.285  0.094  0.696  0.304  0.696  0.304  True
1  3.5  1.75  0.01  0.01  0.3211611310766004  0.06449023095456505  0.3932900127019918  14.25083338464547  14.25083338464547  1.0  0.619  0.285  0.097  0.696  0.304  0.696  0.304  True
1  3.5  1.75  0.01  0.01  0.3764549387074233  -0.13311555951581516  0.4135145723959047  14.249077609147161  14.249077609147161  1.0  0.62  0.285  0.094  0.696  0.304  0.696  0.304  True
1  3.5  1.75  0.01  0.01  0.28948477388656824  0.18738161165434714  0.45382761978070196  14.250023240200072  14.250023240200072  1.0  0.62  0.282  0.097  0.696  0.304  0.696  0.304  True
1  3.5  1.75  0.01  0.01  0.42077994726790136  -0.17380979131357283  0.7779602399862601  14.099666612922467  14.099666612922467  1.0  0.637  0.272  0.091  0.696  0.304  0.696  0.304  True
1  3.5  1.75  0.01  0.01  0.3588659824984778  0.04957646927067956  0.8372864775221213  14.09251767386926  14.09251767386926  1.0  0.636  0.27  0.094  0.696  0.304  0.696  0.304  True
1  3.5  1.75  0.01  0.01  0.31766498248162706  0.08915500836766885  0.453388165436267  14.246333839740462  14.246333839740462  1.0  0.621  0.282  0.097  0.696  0.304  0.696  0.304  True
1  3.5  1.75  0.01  0.01  0.42698218609852934  -0.19460580075171036  0.7771593552413301  14.100787234781949  14.100787234781949  1.0  0.637  0.272  0.091  0.696  0.304  0.696  0.304  True
1  3.5  1.75  0.01  0.01  0.3371837848882657  0.16826437098884162  0.9974583441830609  14.136381988835984  14.136381988835984  1.0  0.641  0.265  0.094  0.696  0.304  0.696  0.304  True
1  3.5  1.75  0.01  0.01  0.34895186504085784  -0.02266733699412666  0.45345416206159966  14.246030462358569  14.246030462358569  1.0  0.622  0.283  0.095  0.696  0.304  0.696  0.304  True
1  3.5  1.75  0.01  0.01  0.31333336467678796  0.21826753447398078  0.9165472337983942  14.105043132304363  14.105043132304363  1.0  0.636  0.268  0.095  0.696  0.304  0.696  0.304  True
1  3.5  1.75  0.01  0.01  0.4048737281618423  -0.07451154453369363  0.9076274815455214  14.10450954435963  14.10450954435963  1.0  0.642  0.266  0.091  0.696  0.304  0.696  0.304  True
1  3.5  1.75  0.01  0.01  0.39967917941369624  -0.08378847093898789  0.8375707169000484  14.094604400516987  14.094604400516987  1.0  0.639  0.27  0.092  0.696  0.304  0.696  0.304  True
1  3.5  1.75  0.01  0.01  0.35939095330542015  -0.06536398516536174  0.4135663533653586  14.247463854798612  14.247463854798612  1.0  0.62  0.285  0.095  0.696  0.304  0.696  0.304  True
1  3.5  1.75  0.01  0.01  0.34004745301000616  0.02296931809608843  0.4820450650763374  14.249571969328075  14.249571969328075  1.0  0.623  0.282  0.096  0.696  0.304  0.696  0.304  True
1  3.5  1.75  0.01  0.01  0.36198135651277275  0.03895355913122793  0.8375494279611642  14.092471250284866  14.092471250284866  1.0  0.636  0.27  0.094  0.696  0.304  0.696  0.304  True
1  3.5  1.75  0.01  0.01  0.30918804079592405  0.11986401424343013  0.45371417626121385  14.247096587287086  14.247096587287086  1.0  0.621  0.282  0.097  0.696  0.304  0.696  0.304  True
0  3.5  1.75  0.01  0.01  0.8375493410252969  -0.01548931970020324  0.5104077629689907  13.559223772259951  13.559223772259951  1.0  0.828  0.123  0.048  0.885  0.115  0.885  0.115  True
0  3.5  1.75  0.01  0.01  0.8365310848657388  0.22067976584882204  0.9133780321682557  13.499501181864783  13.499501181864783  1.0  0.85  0.105  0.045  0.885  0.115  0.885  0.115  True
0  3.5  1.75  0.01  0.01  0.834401824244249  -0.017048152003585115  0.500507893418463  13.559266819677982  13.559266819677982  1.0  0.827  0.124  0.049  0.885  0.115  0.885  0.115  True
0  3.5  1.75  0.01  0.01  0.8186638757035322  0.03823427798541201  0.5200805700767136  13.560016123493016  13.560016123493016  1.0  0.828  0.123  0.049  0.885  0.115  0.885  0.115  True
0  3.5  1.75  0.01  0.01  0.8298042529449088  0.1483020230385092  0.8136350147202103  13.475042132386587  13.475042132386587  1.0  0.841  0.112  0.047  0.885  0.115  0.885  0.115  True
0  3.5  1.75  0.01  0.01  0.8676061965514733  0.19500762624708473  0.9230063914471134  13.508485657685465  13.508485657685465  1.0  0.857  0.1  0.043  0.885  0.115  0.885  0.115  True
0  3.5  1.75  0.01  0.01  0.8021205454564522  0.09499840390397854  0.5300097289067043  13.561260217263293  13.561260217263293  1.0  0.827  0.123  0.05  0.885  0.115  0.885  0.115  True
0  3.5  1.75  0.01  0.01  0.6602450011002465  0.5149589234435634  0.5700061529420868  13.592387409024035  13.592387409024035  1.0  0.818  0.124  0.057  0.885  0.115  0.885  0.115  True
0  3.5  1.75  0.01  0.01  0.9249832505381461  0.04722342271326696  0.9611355174448817  13.574378972839405  13.574378972839405  1.0  0.861  0.099  0.039  0.885  0.115  0.885  0.115  True
0  3.5  1.75  0.01  0.01  0.9127544264805034  -0.25778358217451236  0.47057961514055774  13.562820106195742  13.562820106195742  1.0  0.83  0.126  0.044  0.885  0.115  0.885  0.115  True
0  3.5  1.75  0.01  0.01  0.8906204199484777  -0.2045547144093037  0.4704285349956757  13.561014871037404  13.561014871037404  1.0  0.828  0.126  0.046  0.885  0.115  0.885  0.115  True
0  3.5  1.75  0.01  0.01  0.7865122057585019  0.11915819866587582  0.5106214936921664  13.562762655179956  13.562762655179956  1.0  0.825  0.124  0.051  0.885  0.115  0.885  0.115  True
0  3.5  1.75  0.01  0.01  0.8852122797782056  -0.0009518029291095511  0.8037893404438048  13.481287552896255  13.481287552896255  1.0  0.845  0.111  0.044  0.885  0.115  0.885  0.115  True
0  3.5  1.75  0.01  0.01  0.9101758751741615  0.02822570260949513  0.9022240314696255  13.516814017589075  13.516814017589075  1.0  0.855  0.104  0.041  0.885  0.115  0.885  0.115  True
0  3.5  1.75  0.01  0.01  0.6390533260761773  0.781397606666917  1.002703592917638  13.537169071698537  13.537169071698537  1.0  0.836  0.11  0.054  0.885  0.115  0.885  0.115  True
0  3.5  1.75  0.01  0.01  0.9463814227409099  -0.544998678632362  0.37046205884620387  13.5849246821302  13.5849246821302  1.0  0.812  0.144  0.044  0.885  0.115  0.885  0.115  True
0  3.5  1.75  0.01  0.01  0.8071190829876973  0.08483833414568197  0.5307685436426186  13.561034335349966  13.561034335349966  1.0  0.828  0.122  0.05  0.885  0.115  0.885  0.115  True
0  3.5  1.75  0.01  0.01  0.9124636652234045  -0.2547118430516183  0.48094543264642453  13.562653407887725  13.562653407887725  1.0  0.831  0.125  0.044  0.885  0.115  0.885  0.115  True
0  3.5  1.75  0.01  0.01  0.8141942536644831  0.18835492607338333  0.813398755386944  13.474177800441742  13.474177800441742  1.0  0.84  0.112  0.048  0.885  0.115  0.885  0.115  True
0  3.5  1.75  0.01  0.01  0.8385816648196245  -0.041868716261641695  0.49007485891833374  13.559410886316723  13.559410886316723  1.0  0.827  0.125  0.049  0.885  0.115  0.885  0.115  True
0  3.5  1.75  0.01  0.01  0.8773662457062963  0.015367220095766562  0.8033864671310269  13.480016409940134  13.480016409940134  1.0  0.845  0.111  0.044  0.885  0.115  0.885  0.115  True
0  3.5  1.75  0.01  0.01  0.7894478973172194  0.12186475251374129  0.5202911995368068  13.562228466401718  13.562228466401718  1.0  0.826  0.123  0.051  0.885  0.115  0.885  0.115  True
0  3.5  1.75  0.01  0.01  0.9286449261184491  -0.09240259193213626  0.8232272281738752  13.493386734724172  13.493386734724172  1.0  0.85  0.109  0.041  0.885  0.115  0.885  0.115  True
0  3.5  1.75  0.01  0.01  0.8380734764344776  -0.02656467580206307  0.5006927826352222  13.559170585388129  13.559170585388129  1.0  0.828  0.124  0.048  0.885  0.115  0.885  0.115  True
0  3.5  1.75  0.01  0.01  0.7302751964823734  0.43498744182508564  0.8520686847029201  13.477121122856996  13.477121122856996  1.0  0.834  0.114  0.052  0.885  0.115  0.885  0.115  True
0  3.5  1.75  0.01  0.01  0.8294056295905567  -0.025006669749810983  0.5000539659910519  13.55923516575756  13.55923516575756  1.0  0.825  0.126  0.049  0.885  0.115  0.885  0.115  True
0  3.5  1.75  0.01  0.01  0.8296740061776424  0.005968918624241306  0.5208714259813358  13.559675020614879  13.559675020614879  1.0  0.829  0.123  0.049  0.885  0.115  0.885  0.115  True
0  3.5  1.75  0.01  0.01  0.8892201516514795  -0.012483480698863519  0.8031470490619175  13.481968564141164  13.481968564141164  1.0  0.846  0.111  0.043  0.885  0.115  0.885  0.115  True
0  3.5  1.75  0.01  0.01  0.8633944463667435  -0.10455006010199233  0.49923812235748205  13.560138245812736  13.560138245812736  1.0  0.829  0.124  0.047  0.885  0.115  0.885  0.115  True
0  3.5  1.75  0.01  0.01  0.7924182695708796  0.20499757483080389  0.5001899944371923  13.570068583235393  13.570068583235393  1.0  0.834  0.117  0.05  0.885  0.115  0.885  0.115  True
1  3.5  1.75  0.01  0.01  0.42798392495482473  -0.11407167615641403  0.9854295504568948  14.144116528405632  14.144116528405632  1.0  0.648  0.262  0.09  0.696  0.304  0.696  0.304  True
1  3.5  1.75  0.01  0.01  0.3043543352768273  0.13967082111605983  0.4631284073740705  14.247956817237954  14.247956817237954  1.0  0.621  0.282  0.097  0.696  0.304  0.696  0.304  True
1  3.5  1.75  0.01  0.01  0.40280497469306653  -0.09293338044855595  0.8376391471273501  14.095004895374785  14.095004895374785  1.0  0.639  0.269  0.092  0.696  0.304  0.696  0.304  True
1  3.5  1.75  0.01  0.01  0.3490559723668639  -0.02564478624874441  0.42343211523650953  14.246275735925726  14.246275735925726  1.0  0.62  0.284  0.096  0.696  0.304  0.696  0.304  True
1  3.5  1.75  0.01  0.01  0.26215825960579464  0.2855443399497941  0.46319395411607456  14.256680408919346  14.256680408919346  1.0  0.621  0.281  0.098  0.696  0.304  0.696  0.304  True
1  3.5  1.75  0.01  0.01  0.37367720821065975  -0.10725362570495144  0.4437950040534495  14.24801757734617  14.24801757734617  1.0  0.622  0.284  0.094  0.696  0.304  0.696  0.304  True
1  3.5  1.75  0.01  0.01  0.42742467806683687  -0.12222996846928041  0.9568753047222766  14.127188486955145  14.127188486955145  1.0  0.647  0.263  0.09  0.696  0.304  0.696  0.304  True
1  3.5  1.75  0.01  0.01  0.26918691361068414  0.2295876471370093  0.3230918516304219  14.281200463051327  14.281200463051327  1.0  0.616  0.286  0.098  0.696  0.304  0.696  0.304  True
1  3.5  1.75  0.01  0.01  0.43397590115207424  -0.2006734517587058  0.8075363801848413  14.100460442676603  14.100460442676603  1.0  0.639  0.271  0.09  0.696  0.304  0.696  0.304  True
1  3.5  1.75  0.01  0.01  0.3773218693914787  -0.06513980987513485  0.6636299221069372  14.118487054905426  14.118487054905426  1.0  0.629  0.277  0.094  0.696  0.304  0.696  0.304  True
1  3.5  1.75  0.01  0.01  0.3244897040299851  0.06357070733308082  0.43352550828005254  14.246158193668848  14.246158193668848  1.0  0.62  0.283  0.096  0.696  0.304  0.696  0.304  True
1  3.5  1.75  0.01  0.01  0.4021062651581513  -0.2239899103846923  0.4135466729805075  14.253622345745358  14.253622345745358  1.0  0.621  0.286  0.093  0.696  0.304  0.696  0.304  True
1  3.5  1.75  0.01  0.01  0.30028463386779414  0.2682632353625233  0.9465028910536922  14.115424777290814  14.115424777290814  1.0  0.637  0.268  0.096  0.696  0.304  0.696  0.304  True
1  3.5  1.75  0.01  0.01  0.4212814344180452  -0.15893004454075568  0.807677236784374  14.097905362186447  14.097905362186447  1.0  0.638  0.271  0.091  0.696  0.304  0.696  0.304  True
1  3.5  1.75  0.01  0.01  0.34451739099893103  0.12089052081274052  0.9127194973248319  14.10174097351625  14.10174097351625  1.0  0.638  0.268  0.094  0.696  0.304  0.696  0.304  True
1  3.5  1.75  0.01  0.01  0.004706233468614061  0.5049549039868984  0.4430006012274869  14.335206383136585  14.335206383136585  1.0  0.52  0.373  0.107  0.696  0.304  0.696  0.304  True
1  3.5  1.75  0.01  0.01  0.37796074132757673  0.012325065790786922  0.8976861379332645  14.098940643665145  14.098940643665145  1.0  0.64  0.267  0.093  0.696  0.304  0.696  0.304  True
1  3.5  1.75  0.01  0.01  0.34616558358613725  -0.01959522480314798  0.42333810625177  14.246212640159104  14.246212640159104  1.0  0.62  0.284  0.096  0.696  0.304  0.696  0.304  True
1  3.5  1.75  0.01  0.01  0.3281362246696265  0.05341111282356689  0.4433777177970516  14.24568847385331  14.24568847385331  1.0  0.621  0.283  0.096  0.696  0.304  0.696  0.304  True
1  3.5  1.75  0.01  0.01  0.45776747556648784  -0.29301194260038144  0.7721495733770796  14.108841609257018  14.108841609257018  1.0  0.639  0.272  0.089  0.696  0.304  0.696  0.304  True
1  3.5  1.75  0.01  0.01  0.2657299355028617  0.25948184494269555  0.39306111472499494  14.263342356057693  14.263342356057693  1.0  0.618  0.284  0.098  0.696  0.304  0.696  0.304  True
1  3.5  1.75  0.01  0.01  0.3588398817432421  0.05102062842081119  0.8376885401138237  14.092517674733413  14.092517674733413  1.0  0.636  0.27  0.094  0.696  0.304  0.696  0.304  True
1  3.5  1.75  0.01  0.01  0.3879598373400016  -0.05120215875584501  0.8172243145285821  14.093392680436452  14.093392680436452  1.0  0.637  0.271  0.093  0.696  0.304  0.696  0.304  True
1  3.5  1.75  0.01  0.01  0.35372492020563584  -0.039598372860305056  0.4434383485127717  14.245993406701349  14.245993406701349  1.0  0.621  0.284  0.095  0.696  0.304  0.696  0.304  True
1  3.5  1.75  0.01  0.01  0.28875909614286877  0.18775956209934191  0.4436423032163409  14.25042580599576  14.25042580599576  1.0  0.62  0.282  0.098  0.696  0.304  0.696  0.304  True
1  3.5  1.75  0.01  0.01  0.35559716609191294  -0.052804901814325844  0.4335903753160889  14.246156878556206  14.246156878556206  1.0  0.621  0.284  0.095  0.696  0.304  0.696  0.304  True
1  3.5  1.75  0.01  0.01  0.3644204885253479  0.04498691433324078  0.8170728110583751  14.092753448235339  14.092753448235339  1.0  0.637  0.269  0.094  0.696  0.304  0.696  0.304  True
1  3.5  1.75  0.01  0.01  0.3641245589558181  -0.0819322805007494  0.43336765466885985  14.246826727525518  14.246826727525518  1.0  0.621  0.284  0.095  0.696  0.304  0.696  0.304  True
1  3.5  1.75  0.01  0.01  0.26550726336880803  0.5549985955694119  0.962816389175116  14.15380930541683  14.15380930541683  1.0  0.657  0.249  0.094  0.696  0.304  0.696  0.304  True
1  3.5  1.75  0.01  0.01  0.4015844009291579  -0.06498306983913028  0.8379995798617508  14.093980234652722  14.093980234652722  1.0  0.642  0.266  0.092  0.696  0.304  0.696  0.304  True
