0  3.5  1.75  0.01  0.01  0.6745734714626724  -0.0037054964353100315  2.242130201210971  14.128455116284846  14.128455116284846  1.0  0.821  0.175  0.004  0.8  0.2  0.8  0.2  True
0  3.5  1.75  0.01  0.01  0.8531723954821422  -0.12049931542343864  2.1823996639194454  13.925141287662893  13.925141287662893  1.0  0.864  0.134  0.002  0.878  0.122  0.878  0.122  True
0  3.5  1.75  0.01  0.01  0.6751805714681001  0.051274136796273476  2.172293790796202  14.130855786978984  14.130855786978984  1.0  0.826  0.17  0.004  0.822  0.178  0.822  0.178  True
0  3.5  1.75  0.01  0.01  0.7663003900876239  -0.012052811834342092  2.2623243928561694  13.98072653897788  13.98072653897788  1.0  0.849  0.148  0.003  0.844  0.156  0.844  0.156  True
0  3.5  1.75  0.01  0.01  0.7703173497609661  0.16423512494841186  2.539580344979504  13.913131495626532  13.913131495626532  1.0  0.865  0.132  0.003  0.856  0.144  0.856  0.144  True
0  3.5  1.75  0.01  0.01  0.7932214323868889  0.08716237070770785  2.2627078801900264  13.893804793382257  13.893804793382257  1.0  0.865  0.132  0.003  0.867  0.133  0.867  0.133  True
0  3.5  1.75  0.01  0.01  0.7819076965761791  0.21248041000982465  2.302461456492793  13.87618233391473  13.87618233391473  1.0  0.872  0.125  0.003  0.878  0.122  0.878  0.122  True
0  3.5  1.75  0.01  0.01  0.8190086338884373  0.04468886736575517  2.1927073735448297  13.905566419676132  13.905566419676132  1.0  0.868  0.129  0.003  0.878  0.122  0.878  0.122  True
0  3.5  1.75  0.01  0.01  0.8347328315208609  0.013987762382619721  2.526903889457917  13.957265849562866  13.957265849562866  1.0  0.87  0.127  0.003  0.867  0.133  0.867  0.133  True
0  3.5  1.75  0.01  0.01  0.8014637692659003  0.004204064439565506  2.2527137145236193  13.922606864710444  13.922606864710444  1.0  0.86  0.137  0.003  0.856  0.144  0.856  0.144  True
0  3.5  1.75  0.01  0.01  0.6143219023663666  0.3165267564444467  2.2924019930967146  14.09640907521073  14.09640907521073  1.0  0.831  0.164  0.005  0.822  0.178  0.822  0.178  True
0  3.5  1.75  0.01  0.01  0.7839544504850264  -0.03500619142492983  2.2624469319732414  13.951466088162  13.951466088162  1.0  0.852  0.145  0.003  0.844  0.156  0.844  0.156  True
0  3.5  1.75  0.01  0.01  -0.013422779263274164  -0.08499957328128879  2.212005680627684  14.57619452354114  14.57619452354114  1.0  0.475  0.513  0.013  0.833  0.167  0.833  0.167  True
0  3.5  1.75  0.01  0.01  0.6880955793885195  0.32877845745033485  2.526493461605253  13.998693878773956  13.998693878773956  1.0  0.855  0.141  0.004  0.844  0.156  0.844  0.156  True
0  3.5  1.75  0.01  0.01  0.8022462337077989  0.06163179230689399  2.28227234781502  13.889412291081335  13.889412291081335  1.0  0.865  0.132  0.003  0.867  0.133  0.867  0.133  True
0  3.5  1.75  0.01  0.01  0.7007264329576102  -0.03640887415501366  2.2721796020224785  14.091358274931004  14.091358274931004  1.0  0.826  0.17  0.004  0.811  0.189  0.811  0.189  True
0  3.5  1.75  0.01  0.01  0.7214583430887389  -0.02822625733680473  2.1515228596057314  14.082433756731977  14.082433756731977  1.0  0.833  0.163  0.004  0.833  0.167  0.833  0.167  True
0  3.5  1.75  0.01  0.01  0.6741314011489128  0.06499769734354607  2.2522817958660535  14.003716190802844  14.003716190802844  1.0  0.826  0.169  0.004  0.833  0.167  0.833  0.167  True
0  3.5  1.75  0.01  0.01  0.7795115582685317  -0.10830392587178661  2.222951987013959  13.98661033982153  13.98661033982153  1.0  0.844  0.153  0.003  0.833  0.167  0.833  0.167  True
0  3.5  1.75  0.01  0.01  0.8218325428380111  -0.10010145100561617  2.1623718736499735  13.926390782277274  13.926390782277274  1.0  0.857  0.14  0.003  0.856  0.144  0.856  0.144  True
0  3.5  1.75  0.01  0.01  0.7010728169505533  0.09499921345610306  2.526694893922563  14.06368009938827  14.06368009938827  1.0  0.838  0.158  0.004  0.822  0.178  0.822  0.178  True
0  3.5  1.75  0.01  0.01  0.7362343259049571  -0.26499110273700854  3.1749950511410567  14.31304525140758  14.31304525140758  1.0  0.815  0.181  0.004  0.833  0.167  0.833  0.167  True
0  3.5  1.75  0.01  0.01  0.8353030535257921  -0.13500101168463097  2.2528752231723805  13.939346828289299  13.939346828289299  1.0  0.857  0.14  0.003  0.844  0.156  0.844  0.156  True
0  3.5  1.75  0.01  0.01  0.8124894424429872  -0.3157999495771743  2.1921906081408737  14.024480744600766  14.024480744600766  1.0  0.834  0.163  0.003  0.822  0.178  0.822  0.178  True
0  3.5  1.75  0.01  0.01  0.9674216059179284  -0.3578986986342072  2.222752787929641  13.789910218193187  13.789910218193187  1.0  0.872  0.126  0.002  0.878  0.122  0.878  0.122  True
0  3.5  1.75  0.01  0.01  0.760280731987351  -0.0024321748210957153  2.5254112023778092  14.010871396724893  14.010871396724893  1.0  0.848  0.148  0.003  0.833  0.167  0.833  0.167  True
0  3.5  1.75  0.01  0.01  -0.043128690394418745  1.0148731521398888  2.3620072196761797  14.395798152650638  14.395798152650638  1.0  0.615  0.373  0.012  0.833  0.167  0.833  0.167  True
0  3.5  1.75  0.01  0.01  1.045684816978536  -0.6449178411633486  2.212222340060867  13.783570768751822  13.783570768751822  1.0  0.865  0.134  0.001  0.878  0.122  0.878  0.122  True
0  3.5  1.75  0.01  0.01  0.42701046041591073  0.4448387402967771  2.0470001747582485  14.10753702951228  14.10753702951228  1.0  0.772  0.22  0.008  0.856  0.144  0.856  0.144  True
0  3.5  1.75  0.01  0.01  0.7048618823218895  0.17496317785484372  2.282586100778969  14.000621064556377  14.000621064556377  1.0  0.847  0.15  0.004  0.833  0.167  0.833  0.167  True
1  3.5  1.75  0.01  0.01  0.37038876512507535  -0.18557448740367216  1.0554926173344705  15.025376891111213  15.025376891111213  1.0  0.669  0.321  0.01  0.715  0.285  0.715  0.285  True
1  3.5  1.75  0.01  0.01  0.34657676644021873  0.1680173469736871  1.8686432726459803  14.672905227682808  14.672905227682808  1.0  0.704  0.287  0.01  0.708  0.292  0.708  0.292  True
1  3.5  1.75  0.01  0.01  0.28862434911983803  0.18969563729132444  0.9955274762524738  15.051453118381794  15.051453118381794  1.0  0.678  0.312  0.01  0.715  0.285  0.715  0.285  True
1  3.5  1.75  0.01  0.01  0.45002408428207746  -0.12153366809799915  1.8385549765379412  14.624274417884246  14.624274417884246  1.0  0.717  0.275  0.008  0.722  0.278  0.722  0.278  True
1  3.5  1.75  0.01  0.01  0.39294813492053116  0.14842739961351448  2.249484737199957  14.585398558114727  14.585398558114727  1.0  0.723  0.268  0.009  0.722  0.278  0.722  0.278  True
1  3.5  1.75  0.01  0.01  0.42300403856719604  -0.012919642106744914  1.838309649303904  14.613164065834882  14.613164065834882  1.0  0.718  0.274  0.009  0.722  0.278  0.722  0.278  True
1  3.5  1.75  0.01  0.01  0.3830281171932356  0.07951054126729559  1.8484018646963958  14.649674182869326  14.649674182869326  1.0  0.71  0.281  0.009  0.715  0.285  0.715  0.285  True
1  3.5  1.75  0.01  0.01  0.3336379634155273  -0.12312365227870611  0.9648783034718473  15.048725459436007  15.048725459436007  1.0  0.66  0.33  0.01  0.701  0.299  0.701  0.299  True
1  3.5  1.75  0.01  0.01  0.41524942266150633  0.020477218250171333  1.848211368475954  14.613656918269944  14.613656918269944  1.0  0.718  0.274  0.009  0.722  0.278  0.722  0.278  True
1  3.5  1.75  0.01  0.01  0.4825236503572803  -0.7445799444897312  1.0950065731075622  15.014326034351619  15.014326034351619  1.0  0.648  0.344  0.008  0.701  0.299  0.701  0.299  True
1  3.5  1.75  0.01  0.01  0.38834969305968825  0.014647290248149142  1.8281985287596718  14.643848553348088  14.643848553348088  1.0  0.704  0.287  0.009  0.708  0.292  0.708  0.292  True
1  3.5  1.75  0.01  0.01  0.3702406467729856  0.09009332752691582  1.8485557695762513  14.64033906940643  14.64033906940643  1.0  0.705  0.286  0.009  0.708  0.292  0.708  0.292  True
1  3.5  1.75  0.01  0.01  0.3170306905107304  0.2849401403018097  1.8484636886347625  14.668604847311197  14.668604847311197  1.0  0.703  0.287  0.01  0.708  0.292  0.708  0.292  True
1  3.5  1.75  0.01  0.01  0.3663684206180877  0.02603549393169156  1.84808721680152  14.69026372755358  14.69026372755358  1.0  0.696  0.295  0.009  0.701  0.299  0.701  0.299  True
1  3.5  1.75  0.01  0.01  0.3735707592885497  0.06933189233560098  1.858447448895949  14.656771892308402  14.656771892308402  1.0  0.704  0.287  0.009  0.708  0.292  0.708  0.292  True
1  3.5  1.75  0.01  0.01  0.3621603134383908  0.1811083938935592  2.242815298473444  14.640594012121714  14.640594012121714  1.0  0.712  0.278  0.009  0.715  0.285  0.715  0.285  True
1  3.5  1.75  0.01  0.01  0.40223792405206105  -0.008741184291254346  1.8585283423358645  14.618158926837136  14.618158926837136  1.0  0.708  0.283  0.009  0.708  0.292  0.708  0.292  True
1  3.5  1.75  0.01  0.01  0.38490493029662765  0.0698972831310955  1.838217494317987  14.647411314765106  14.647411314765106  1.0  0.71  0.281  0.009  0.715  0.285  0.715  0.285  True
1  3.5  1.75  0.01  0.01  0.44633658683832117  -0.1390156194842832  1.8387840254366878  14.618400620798505  14.618400620798505  1.0  0.712  0.279  0.008  0.715  0.285  0.715  0.285  True
1  3.5  1.75  0.01  0.01  0.44926649925363127  -0.23499757491653117  1.8085519143255264  14.629698841202874  14.629698841202874  1.0  0.702  0.29  0.008  0.708  0.292  0.708  0.292  True
1  3.5  1.75  0.01  0.01  0.5763421818226773  -0.6649998989354817  1.7480002160893844  14.693296186720042  14.693296186720042  1.0  0.703  0.29  0.006  0.708  0.292  0.708  0.292  True
1  3.5  1.75  0.01  0.01  0.4722322973821138  -0.26895907561257126  1.827399089783641  14.603749016987555  14.603749016987555  1.0  0.708  0.284  0.008  0.708  0.292  0.708  0.292  True
1  3.5  1.75  0.01  0.01  0.4164279484209322  0.003130639611530832  1.8383753994078904  14.632825776262154  14.632825776262154  1.0  0.716  0.276  0.009  0.722  0.278  0.722  0.278  True
1  3.5  1.75  0.01  0.01  0.4612516932392948  -0.20499904122527413  1.7989931864296471  14.603828257646253  14.603828257646253  1.0  0.712  0.28  0.008  0.715  0.285  0.715  0.285  True
1  3.5  1.75  0.01  0.01  0.2817891226022018  0.4349465680350536  1.8380165295898927  14.741298473823775  14.741298473823775  1.0  0.704  0.285  0.01  0.715  0.285  0.715  0.285  True
1  3.5  1.75  0.01  0.01  0.31587835139535597  0.26476479226519306  1.8688785595912825  14.719444596849732  14.719444596849732  1.0  0.7  0.29  0.01  0.708  0.292  0.708  0.292  True
1  3.5  1.75  0.01  0.01  0.3790746180757907  0.10731333070663598  1.8583453149397031  14.63091051293104  14.63091051293104  1.0  0.712  0.279  0.009  0.715  0.285  0.715  0.285  True
1  3.5  1.75  0.01  0.01  0.43636354911531045  -0.20726345067884097  1.8486323521798675  14.655264100467958  14.655264100467958  1.0  0.699  0.293  0.009  0.701  0.299  0.701  0.299  True
1  3.5  1.75  0.01  0.01  0.2637947545128207  0.2849998267677071  1.907353667696318  14.652711916513482  14.652711916513482  1.0  0.677  0.313  0.011  0.708  0.292  0.708  0.292  True
1  3.5  1.75  0.01  0.01  0.4533480742354501  -0.09500254983732548  1.8530720368126103  14.653476352080958  14.653476352080958  1.0  0.721  0.271  0.008  0.708  0.292  0.708  0.292  True
