3.5  1.75  0.01  0.01  0.5405356744265133  0.4452323316498896  0.3895913417211363  14.83977976593027  14.83977976593027  1.0  0.77  0.223  0.007  0.8  0.2  0.8  0.2  1.0  0.703  0.288  0.009  0.745  0.255  0.745  0.255
3.5  1.75  0.01  0.01  0.5639975351576784  0.6083917273902233  0.4045056801932299  14.743005726755845  14.743005726755845  1.0  0.78  0.214  0.006  0.8  0.2  0.8  0.2  1.0  0.71  0.281  0.009  0.745  0.255  0.745  0.255
3.5  1.75  0.01  0.01  0.5410045198133565  0.44948442054474025  0.38995022057595663  14.837561173830549  14.837561173830549  1.0  0.771  0.223  0.007  0.8  0.2  0.8  0.2  1.0  0.703  0.288  0.009  0.745  0.255  0.745  0.255
3.5  1.75  0.01  0.01  0.5598285221272084  0.5806403962981155  0.40188346800252306  14.759705656459833  14.759705656459833  1.0  0.778  0.216  0.006  0.8  0.2  0.8  0.2  1.0  0.709  0.282  0.009  0.745  0.255  0.745  0.255
3.5  1.75  0.01  0.01  0.5345429169749328  0.40364000991060034  0.38589622881175506  14.865885918290541  14.865885918290541  1.0  0.768  0.225  0.007  0.8  0.2  0.8  0.2  1.0  0.701  0.29  0.009  0.745  0.255  0.745  0.255
3.5  1.75  0.01  0.01  0.5370179762890966  0.4182057430330561  0.38722018606583636  14.856085693549135  14.856085693549135  1.0  0.769  0.225  0.007  0.8  0.2  0.8  0.2  1.0  0.702  0.289  0.009  0.745  0.255  0.745  0.255
3.5  1.75  0.01  0.01  0.5767700432641293  0.6912670929912405  0.41258621167906995  14.696081551004834  14.696081551004834  1.0  0.785  0.209  0.006  0.8  0.2  0.8  0.2  1.0  0.714  0.277  0.009  0.745  0.255  0.745  0.255
3.5  1.75  0.01  0.01  0.5776606873483439  0.6974728536840192  0.4130770659005491  14.693456368320815  14.693456368320815  1.0  0.785  0.209  0.006  0.8  0.2  0.8  0.2  1.0  0.714  0.277  0.009  0.745  0.255  0.745  0.255
3.5  1.75  0.01  0.01  0.5304910301353328  0.3711844767368387  0.38331670265851303  14.884792247313129  14.884792247313129  1.0  0.766  0.227  0.007  0.8  0.2  0.8  0.2  1.0  0.7  0.291  0.009  0.745  0.255  0.745  0.255
3.5  1.75  0.01  0.01  0.5489482158492051  0.505633684451602  0.3949710003775355  14.803583526778214  14.803583526778214  1.0  0.774  0.22  0.006  0.8  0.2  0.8  0.2  1.0  0.706  0.285  0.009  0.745  0.255  0.745  0.255
3.5  1.75  0.01  0.01  0.534566059161375  0.40349551870418154  0.38594645562003604  14.865885917417264  14.865885917417264  1.0  0.768  0.225  0.007  0.8  0.2  0.8  0.2  1.0  0.701  0.29  0.009  0.745  0.255  0.745  0.255
3.5  1.75  0.01  0.01  0.5955314200458264  0.8073847362710712  0.4242983464179732  14.636122057273436  14.636122057273436  1.0  0.792  0.202  0.006  0.8  0.2  0.8  0.2  1.0  0.719  0.272  0.008  0.745  0.255  0.745  0.255
3.5  1.75  0.01  0.01  0.545162736091128  0.4790278133777838  0.3926118570241109  14.819405986130263  14.819405986130263  1.0  0.772  0.221  0.006  0.8  0.2  0.8  0.2  1.0  0.705  0.286  0.009  0.745  0.255  0.745  0.255
3.5  1.75  0.01  0.01  0.597616028624944  0.8206730141139035  0.42555984087090376  14.629870278803116  14.629870278803116  1.0  0.793  0.201  0.006  0.8  0.2  0.8  0.2  1.0  0.72  0.271  0.008  0.745  0.255  0.745  0.255
3.5  1.75  0.01  0.01  0.6096297621813744  0.8886919217215936  0.4329425187883868  14.598033832461388  14.598033832461388  1.0  0.797  0.197  0.005  0.8  0.2  0.8  0.2  1.0  0.723  0.268  0.008  0.745  0.255  0.745  0.255
3.5  1.75  0.01  0.01  0.5897340621090474  0.7729607225820195  0.4206399610784853  14.653259210424084  14.653259210424084  1.0  0.79  0.204  0.006  0.8  0.2  0.8  0.2  1.0  0.718  0.274  0.009  0.745  0.255  0.745  0.255
3.5  1.75  0.01  0.01  0.5532683387496455  0.535409349278614  0.39768144027856356  14.785734584073497  14.785734584073497  1.0  0.775  0.218  0.006  0.8  0.2  0.8  0.2  1.0  0.707  0.284  0.009  0.745  0.255  0.745  0.255
3.5  1.75  0.01  0.01  0.5852130126797851  0.7447450144095922  0.4178405823726408  14.668125356409336  14.668125356409336  1.0  0.788  0.206  0.006  0.8  0.2  0.8  0.2  1.0  0.716  0.275  0.009  0.745  0.255  0.745  0.255
3.5  1.75  0.01  0.01  0.5718384158606203  0.6607520631347342  0.40941250397813106  14.71404738184584  14.71404738184584  1.0  0.783  0.211  0.006  0.8  0.2  0.8  0.2  1.0  0.713  0.279  0.009  0.745  0.255  0.745  0.255
3.5  1.75  0.01  0.01  0.5431355574364607  0.46406388703712564  0.3913340362113785  14.828381623436913  14.828381623436913  1.0  0.771  0.222  0.007  0.8  0.2  0.8  0.2  1.0  0.704  0.287  0.009  0.745  0.255  0.745  0.255
3.5  1.75  0.01  0.01  0.559714066600785  0.5805953963575963  0.40181255561931145  14.759705646431645  14.759705646431645  1.0  0.778  0.216  0.006  0.8  0.2  0.8  0.2  1.0  0.709  0.282  0.009  0.745  0.255  0.745  0.255
3.5  1.75  0.01  0.01  0.5929436841509894  0.7927401019569246  0.422780859318677  14.643094167603417  14.643094167603417  1.0  0.791  0.203  0.006  0.8  0.2  0.8  0.2  1.0  0.719  0.273  0.009  0.745  0.255  0.745  0.255
3.5  1.75  0.01  0.01  0.5686255687197844  0.6398434241871089  0.40742893256806983  14.725691861418374  14.725691861418374  1.0  0.782  0.212  0.006  0.8  0.2  0.8  0.2  1.0  0.712  0.28  0.009  0.745  0.255  0.745  0.255
3.5  1.75  0.01  0.01  0.6140658020538626  0.9145229590899979  0.43569846614052177  14.586977010090859  14.586977010090859  1.0  0.799  0.196  0.005  0.8  0.2  0.8  0.2  1.0  0.725  0.267  0.008  0.745  0.255  0.745  0.255
3.5  1.75  0.01  0.01  0.5682582968487504  0.6365360794026867  0.40713808546553143  14.727506200112686  14.727506200112686  1.0  0.781  0.212  0.006  0.8  0.2  0.8  0.2  1.0  0.711  0.28  0.009  0.745  0.255  0.745  0.255
3.5  1.75  0.01  0.01  0.5701224145086855  0.6490305523486908  0.40827730414933133  14.720054473462856  14.720054473462856  1.0  0.782  0.212  0.006  0.8  0.2  0.8  0.2  1.0  0.712  0.279  0.009  0.745  0.255  0.745  0.255
3.5  1.75  0.01  0.01  0.5686576828302043  0.6387290177383631  0.40742312280177173  14.72591291134288  14.72591291134288  1.0  0.782  0.212  0.006  0.8  0.2  0.8  0.2  1.0  0.712  0.28  0.009  0.745  0.255  0.745  0.255
3.5  1.75  0.01  0.01  0.6166166938337411  0.9282750436645945  0.43722088424135236  14.58126071062875  14.58126071062875  1.0  0.8  0.195  0.005  0.8  0.2  0.8  0.2  1.0  0.725  0.266  0.008  0.745  0.255  0.745  0.255
3.5  1.75  0.01  0.01  0.5352687916165644  0.4069725574298118  0.3863784717731087  14.863995161884725  14.863995161884725  1.0  0.768  0.225  0.007  0.8  0.2  0.8  0.2  1.0  0.702  0.289  0.009  0.745  0.255  0.745  0.255
3.5  1.75  0.01  0.01  0.5406962042847743  0.44719645143714937  0.38977786790799573  14.838758114917985  14.838758114917985  1.0  0.77  0.223  0.007  0.8  0.2  0.8  0.2  1.0  0.703  0.288  0.009  0.745  0.255  0.745  0.255
