3.5  1.75  0.01  0.01  0.5363164014669677  -0.10774061698282683  1.1429067775827668  14.536715874504969  14.536715874504969  1.0  0.756  0.237  0.007  0.767  0.233  0.767  0.233  True
3.5  1.75  0.01  0.01  0.5361352713985204  -0.18673505802560114  1.1222874437013093  14.574783784801209  14.574783784801209  1.0  0.746  0.247  0.007  0.758  0.242  0.758  0.242  True
3.5  1.75  0.01  0.01  0.55052877659654  -0.23188370863559526  1.1324795881381722  14.564722374254654  14.564722374254654  1.0  0.748  0.246  0.007  0.758  0.242  0.758  0.242  True
3.5  1.75  0.01  0.01  0.4742449119080131  0.03718398699365616  1.192475332492465  14.583672031653498  14.583672031653498  1.0  0.747  0.246  0.008  0.754  0.246  0.754  0.246  True
3.5  1.75  0.01  0.01  0.49011846408561477  0.011371768852055243  1.1621669553243414  14.555470561028821  14.555470561028821  1.0  0.75  0.242  0.007  0.758  0.242  0.758  0.242  True
3.5  1.75  0.01  0.01  0.4510371897834127  -0.16629161801834136  0.39222487230640635  14.876189155179768  14.876189155179768  1.0  0.711  0.281  0.008  0.762  0.238  0.762  0.238  True
3.5  1.75  0.01  0.01  0.4693524193533658  0.03168414654027435  1.1524088295043726  14.563191545569753  14.563191545569753  1.0  0.744  0.249  0.008  0.75  0.25  0.75  0.25  True
3.5  1.75  0.01  0.01  0.4148654078349422  0.3815623084019504  1.2224066395263322  14.597404954837616  14.597404954837616  1.0  0.76  0.232  0.008  0.771  0.229  0.771  0.229  True
3.5  1.75  0.01  0.01  0.5678574446657272  -0.2541067293464724  1.1426888005163756  14.519902479273107  14.519902479273107  1.0  0.753  0.241  0.006  0.758  0.242  0.758  0.242  True
3.5  1.75  0.01  0.01  0.483816151252217  0.010505564289924715  1.1624305219329214  14.55604606507704  14.55604606507704  1.0  0.747  0.245  0.007  0.754  0.246  0.754  0.246  True
3.5  1.75  0.01  0.01  0.4971552451280996  -0.06275786548327525  1.132569928254755  14.59739963065879  14.59739963065879  1.0  0.745  0.248  0.007  0.758  0.242  0.758  0.242  True
3.5  1.75  0.01  0.01  0.45479188849295504  0.17281867329871298  1.1729466680176799  14.558899935590595  14.558899935590595  1.0  0.753  0.239  0.008  0.762  0.238  0.762  0.238  True
3.5  1.75  0.01  0.01  0.4829010296332176  0.1354765232119059  1.6263475883621556  14.84178921405689  14.84178921405689  1.0  0.762  0.231  0.007  0.758  0.242  0.758  0.242  True
3.5  1.75  0.01  0.01  0.5367673231799301  -0.14567797555051232  1.1526473663967274  14.537394543430407  14.537394543430407  1.0  0.751  0.242  0.007  0.758  0.242  0.758  0.242  True
3.5  1.75  0.01  0.01  0.5741334756376564  -0.2991308211396343  1.1323203575865246  14.54538732142115  14.54538732142115  1.0  0.749  0.245  0.006  0.758  0.242  0.758  0.242  True
3.5  1.75  0.01  0.01  0.5485435405314217  -0.14232435336887  1.1423768849565858  14.521206134291775  14.521206134291775  1.0  0.758  0.236  0.007  0.767  0.233  0.767  0.233  True
3.5  1.75  0.01  0.01  0.5135395002889815  -0.015222263447966233  1.1623697831146718  14.571328414594843  14.571328414594843  1.0  0.757  0.236  0.007  0.771  0.229  0.771  0.229  True
3.5  1.75  0.01  0.01  0.4712059228137697  -0.0008304035129219198  1.0223562162879825  14.59718981013793  14.59718981013793  1.0  0.741  0.252  0.008  0.758  0.242  0.758  0.242  True
3.5  1.75  0.01  0.01  0.48231976071980004  0.018741805201222095  1.1722654877343501  14.556482526602322  14.556482526602322  1.0  0.748  0.244  0.007  0.754  0.246  0.754  0.246  True
3.5  1.75  0.01  0.01  0.6145065366395928  -0.3549976171833034  1.1223754180833119  14.542344045439377  14.542344045439377  1.0  0.76  0.235  0.006  0.775  0.225  0.775  0.225  True
3.5  1.75  0.01  0.01  0.5541064687492407  -0.24339638341219877  1.1325644814833224  14.559668105744718  14.559668105744718  1.0  0.748  0.245  0.007  0.758  0.242  0.758  0.242  True
3.5  1.75  0.01  0.01  0.06260471171008322  0.9049996455396829  1.936384616338024  15.110588743521141  15.110588743521141  1.0  0.655  0.333  0.012  0.758  0.242  0.758  0.242  True
3.5  1.75  0.01  0.01  0.45227017198284547  0.1158590505957991  1.1623214051282484  14.567491269344808  14.567491269344808  1.0  0.747  0.246  0.008  0.754  0.246  0.754  0.246  True
3.5  1.75  0.01  0.01  0.37863898782401795  0.3049995297094227  1.1929990690425687  14.57502322544395  14.57502322544395  1.0  0.735  0.257  0.009  0.762  0.238  0.762  0.238  True
3.5  1.75  0.01  0.01  0.36026964741119194  0.30499995984631967  0.8770000166893751  14.6963103972092  14.6963103972092  1.0  0.726  0.265  0.009  0.758  0.242  0.758  0.242  True
3.5  1.75  0.01  0.01  0.5284644814316594  -0.14505986529734066  1.1320195693171993  14.535966052015546  14.535966052015546  1.0  0.748  0.245  0.007  0.754  0.246  0.754  0.246  True
3.5  1.75  0.01  0.01  0.5598051073031782  -0.2849941895733328  1.122002066884174  14.577612723733605  14.577612723733605  1.0  0.746  0.248  0.007  0.758  0.242  0.758  0.242  True
3.5  1.75  0.01  0.01  0.5938577758621596  -0.37281509808754076  1.1124527954179366  14.563209339334078  14.563209339334078  1.0  0.749  0.245  0.006  0.762  0.238  0.762  0.238  True
3.5  1.75  0.01  0.01  0.4658874050399414  0.1650182126758566  1.5970188067016533  14.751325211468334  14.751325211468334  1.0  0.758  0.234  0.008  0.754  0.246  0.754  0.246  True
3.5  1.75  0.01  0.01  0.218941962529828  0.4449989258327134  1.202999190418322  14.654982860458995  14.654982860458995  1.0  0.674  0.315  0.011  0.754  0.246  0.754  0.246  True
