0  3.5  1.75  0.01  0.01  -0.4293896636465501  0.1724971424600582  0.6045565276952604  14.496132908597968  14.775632439255459  1.0  0.641  0.269  0.09  0.649  0.351  0.632  0.368
0  3.5  1.75  0.01  0.01  -0.2547999000784941  -0.005726255581810419  0.47440823527276826  14.55221608890708  14.385301489988539  1.0  0.578  0.32  0.102  0.614  0.386  0.737  0.263
0  3.5  1.75  0.01  0.01  -0.3909973518482056  0.05537182724522524  0.8698001885503547  14.556664889875815  20.838649984745043  1.0  0.637  0.271  0.092  0.649  0.351  0.632  0.368
0  3.5  1.75  0.01  0.01  -0.23458090117067362  -0.10703013586901461  0.7180932886779297  14.862238623592642  14.143943408279615  1.0  0.582  0.316  0.102  0.614  0.386  0.737  0.263
0  3.5  1.75  0.01  0.01  -0.34722575600451594  0.083173510882731  0.49734066365981916  14.602954353749285  14.234328457205505  1.0  0.612  0.291  0.096  0.649  0.351  0.632  0.368
0  3.5  1.75  0.01  0.01  -0.22906060660947639  -0.05690929870479583  0.4772690073823878  14.601435593108636  14.235341739059768  1.0  0.572  0.325  0.103  0.614  0.386  0.737  0.263
0  3.5  1.75  0.01  0.01  -0.2659469950812001  0.02267152019750282  0.41649750005452313  14.50697449063902  14.531393583458085  1.0  0.58  0.319  0.101  0.614  0.386  0.737  0.263
0  3.5  1.75  0.01  0.01  -0.24967163047131835  -0.1297510285654011  0.5236990389905198  14.4734402277251  14.614371144185887  1.0  0.592  0.307  0.101  0.632  0.368  0.684  0.316
0  3.5  1.75  0.01  0.01  -0.3442959573646523  0.055614569245459045  0.744407553952946  14.447891512173475  15.828708474298384  1.0  0.614  0.29  0.096  0.632  0.368  0.684  0.316
0  3.5  1.75  0.01  0.01  -0.29082673886741195  0.07090388531221672  0.8766369695318085  16.815745823952717  14.121016093397863  1.0  0.585  0.315  0.1  0.614  0.386  0.737  0.263
0  3.5  1.75  0.01  0.01  -0.30365836005233793  -0.09029297994176277  0.3685433623976298  14.443662624525786  14.744470124343492  1.0  0.614  0.288  0.098  0.649  0.351  0.632  0.368
0  3.5  1.75  0.01  0.01  -0.32440822157903054  0.14305160847871565  0.6535137709915819  14.686712372162372  14.39021292696026  1.0  0.593  0.309  0.098  0.614  0.386  0.737  0.263
0  3.5  1.75  0.01  0.01  -0.291747589453771  -0.013822545342622755  0.44215370248166974  14.515187332527368  14.48531587802916  1.0  0.597  0.304  0.099  0.632  0.368  0.684  0.316
0  3.5  1.75  0.01  0.01  -0.3173421588072693  0.028776287393270372  0.8675899579625437  16.798246111948828  14.105970889181146  1.0  0.604  0.298  0.098  0.632  0.368  0.684  0.316
0  3.5  1.75  0.01  0.01  -0.34178368966391787  0.021057474881432336  0.40987178313093164  14.462692393231844  14.652440368567415  1.0  0.618  0.286  0.096  0.649  0.351  0.632  0.368
0  3.5  1.75  0.01  0.01  -0.20984887507244648  -0.14079664311268986  0.8100189980709742  16.718673198260003  14.196777705302836  1.0  0.573  0.324  0.103  0.614  0.386  0.737  0.263
0  3.5  1.75  0.01  0.01  -0.3407949406584784  0.0880283467683975  0.6512373832100344  14.64227458711752  14.485028295622822  1.0  0.608  0.295  0.097  0.632  0.368  0.684  0.316
0  3.5  1.75  0.01  0.01  -0.3022374628599578  0.015839321528349715  0.38366651670954677  14.47339127073941  14.638978297385359  1.0  0.598  0.303  0.099  0.632  0.368  0.684  0.316
0  3.5  1.75  0.01  0.01  -0.3044728398144985  -0.04719720461565324  0.9915938395786258  16.658128601841728  15.189506145223696  1.0  0.609  0.293  0.098  0.632  0.368  0.684  0.316
0  3.5  1.75  0.01  0.01  -0.46365549865984446  0.179508514432801  0.8070537646710294  16.624934208354663  14.520676037010581  1.0  0.656  0.256  0.087  0.667  0.333  0.579  0.421
0  3.5  1.75  0.01  0.01  -0.4269610043637926  -0.05682370619192045  0.6512169168181487  14.490080002486483  14.91088922901278  1.0  0.67  0.242  0.088  0.684  0.316  0.526  0.474
0  3.5  1.75  0.01  0.01  -0.20516016917742136  -0.1882170627082146  0.688773421724787  14.768406981241391  14.165921630345792  1.0  0.578  0.319  0.103  0.614  0.386  0.737  0.263
0  3.5  1.75  0.01  0.01  -0.32775391231081885  0.12438429094274893  0.5566230242810759  14.64775614903922  14.182393461835108  1.0  0.597  0.305  0.098  0.632  0.368  0.684  0.316
0  3.5  1.75  0.01  0.01  -0.3124813771498553  -0.009645983106565392  0.708819831967437  14.79239834949224  14.303806591139606  1.0  0.607  0.295  0.098  0.632  0.368  0.684  0.316
0  3.5  1.75  0.01  0.01  -0.38691685007195736  -0.0036908840267406706  0.5137559903485358  14.434718299057876  14.748746546593027  1.0  0.643  0.265  0.092  0.667  0.333  0.579  0.421
0  3.5  1.75  0.01  0.01  -0.353404735899744  -0.14060703083189352  0.812462936270273  16.566209765798742  14.639413069089366  1.0  0.645  0.262  0.093  0.667  0.333  0.579  0.421
0  3.5  1.75  0.01  0.01  -0.21229994118700177  -0.17387372148095953  0.5669070898131213  14.556680049579017  14.413050408538723  1.0  0.579  0.319  0.103  0.614  0.386  0.737  0.263
0  3.5  1.75  0.01  0.01  -0.32979157608397053  0.014627864155261516  0.38935547856560565  14.488948402472385  14.585136859224628  1.0  0.613  0.29  0.097  0.649  0.351  0.632  0.368
0  3.5  1.75  0.01  0.01  -0.31437211066196974  -0.08485128170661999  0.5327838840222184  14.510380518912386  14.51293270636578  1.0  0.618  0.285  0.097  0.649  0.351  0.632  0.368
0  3.5  1.75  0.01  0.01  -0.2379401914041679  -0.06272429737622437  0.5633150658149794  14.64931481564999  14.151506899770595  1.0  0.576  0.321  0.102  0.614  0.386  0.737  0.263
1  3.5  1.75  0.01  0.01  -0.8305478763753638  -0.10436526365436988  0.72674851732574  15.221514774436844  13.764679917596004  1.0  0.837  0.115  0.047  0.85  0.15  0.85  0.15
1  3.5  1.75  0.01  0.01  -0.7976277187263572  -0.04270536755753335  0.6343092843129817  13.756447945336513  15.650677000282332  1.0  0.821  0.128  0.051  0.838  0.162  0.9  0.1
1  3.5  1.75  0.01  0.01  -0.9591280117884546  0.15355624574642396  0.5413413048352775  13.775697200949036  14.588377865495897  1.0  0.854  0.107  0.039  0.875  0.125  0.75  0.25
1  3.5  1.75  0.01  0.01  -0.8981662696238389  0.09035493768258417  0.8082475052924383  15.203272296171622  13.609350420910127  1.0  0.841  0.115  0.044  0.838  0.162  0.9  0.1
1  3.5  1.75  0.01  0.01  -0.8649524613848762  0.16561919790760224  0.4144182699827323  13.826474081391314  14.239679560467167  1.0  0.823  0.129  0.048  0.838  0.162  0.9  0.1
1  3.5  1.75  0.01  0.01  -0.7403682999654602  -0.142344818146743  0.6877895338190106  15.390287761751733  13.231643280875511  1.0  0.811  0.134  0.056  0.838  0.162  0.9  0.1
1  3.5  1.75  0.01  0.01  -0.8576327321057323  -0.03383219241480892  0.7861701738476777  15.16939757038229  13.804235938544318  1.0  0.839  0.115  0.046  0.838  0.162  0.9  0.1
1  3.5  1.75  0.01  0.01  -0.771129881281075  -0.11891374949058048  0.5135188610554372  13.78560513098662  14.482040858017976  1.0  0.819  0.128  0.053  0.85  0.15  0.85  0.15
1  3.5  1.75  0.01  0.01  -0.7351726040482418  -0.06600654809783141  0.42407548023860314  13.990510193596275  13.676036735822507  1.0  0.802  0.141  0.057  0.838  0.162  0.9  0.1
1  3.5  1.75  0.01  0.01  -1.015828310043691  0.11734610203632645  0.8986822799502925  15.066483007188253  14.073939095924317  1.0  0.872  0.094  0.034  0.862  0.138  0.8  0.2
1  3.5  1.75  0.01  0.01  -0.8863499059207797  0.0317682970095495  0.7673715888893444  13.632727199160428  19.97196626293593  1.0  0.843  0.113  0.044  0.85  0.15  0.85  0.15
1  3.5  1.75  0.01  0.01  -0.861806562609015  0.1022020490294564  0.7072775027356394  13.724785206274513  19.718280662552164  1.0  0.829  0.124  0.047  0.838  0.162  0.9  0.1
1  3.5  1.75  0.01  0.01  -0.8415383379119133  -0.05591559766871079  0.49498197310348496  13.866627233799449  14.169755042911998  1.0  0.837  0.116  0.047  0.875  0.125  0.75  0.25
1  3.5  1.75  0.01  0.01  -0.7745860258291387  -0.002473210984105245  0.38262784243180126  13.898971521822755  14.038788446994397  1.0  0.809  0.137  0.054  0.838  0.162  0.9  0.1
1  3.5  1.75  0.01  0.01  -1.0090699630983548  0.1998514495142464  0.8499166506426383  15.141117512312679  13.81610644563925  1.0  0.864  0.101  0.035  0.862  0.138  0.8  0.2
1  3.5  1.75  0.01  0.01  -0.8056885452499725  -0.030781542073708534  0.3773559200518625  13.869208632433748  14.20040056967564  1.0  0.822  0.127  0.051  0.862  0.138  0.8  0.2
1  3.5  1.75  0.01  0.01  -0.8205239829205196  -0.04721109689294911  0.38166724678477915  13.756477714629103  14.662192897487198  1.0  0.829  0.122  0.049  0.875  0.125  0.75  0.25
1  3.5  1.75  0.01  0.01  -0.761420603586941  -0.1763779250885455  0.45695546763140615  13.849162417975725  14.276486262844546  1.0  0.822  0.125  0.053  0.875  0.125  0.75  0.25
1  3.5  1.75  0.01  0.01  -0.8221046689425195  -0.09974751421659855  0.6212490406343935  14.080175712922872  13.92663119909227  1.0  0.834  0.117  0.048  0.85  0.15  0.85  0.15
1  3.5  1.75  0.01  0.01  -0.8991054745254248  0.18917758957042707  0.7059866206019964  15.282778843268236  13.470887922907519  1.0  0.832  0.123  0.045  0.85  0.15  0.85  0.15
1  3.5  1.75  0.01  0.01  -0.8248061617423719  -0.09801346772715192  0.8956254525349837  15.233289969233805  13.391163231728772  1.0  0.835  0.117  0.048  0.825  0.175  0.95  0.05
1  3.5  1.75  0.01  0.01  -0.814898194620214  0.03870062693251436  0.4468665461761368  13.91181591824215  13.915541605789594  1.0  0.819  0.13  0.051  0.85  0.15  0.85  0.15
1  3.5  1.75  0.01  0.01  -0.6641452761089647  -0.12921700907495182  0.40000813911113986  14.100974226234133  13.314905876722738  1.0  0.781  0.155  0.063  0.825  0.175  0.95  0.05
1  3.5  1.75  0.01  0.01  -0.8467829243479935  0.14234626578166734  0.6532345037890005  15.341703320167037  13.373441735950617  1.0  0.82  0.131  0.049  0.838  0.162  0.9  0.1
1  3.5  1.75  0.01  0.01  -0.8276328079358414  -0.026347776297213826  0.7849462464348342  15.252653879911858  13.483122664595982  1.0  0.83  0.122  0.049  0.838  0.162  0.9  0.1
1  3.5  1.75  0.01  0.01  -0.8091399550094153  -0.11397998443134977  0.8315079906681143  15.246369586826512  13.437238886067046  1.0  0.831  0.12  0.049  0.825  0.175  0.95  0.05
1  3.5  1.75  0.01  0.01  -0.8309150190701224  -0.16364213632637947  0.9364756031633863  15.206308141824076  13.454463189459696  1.0  0.843  0.111  0.047  0.825  0.175  0.95  0.05
--------------------------------------------------------------------------
1  3.5  1.75  0.01  0.01  0.9923186451258741  -0.15046436167017357  0.8878881583664004  15.139821957283903  13.773368897600118  1.0  0.863  0.1  0.036  0.862  0.138  0.8  0.2
1  3.5  1.75  0.01  0.01  0.7826697727233833  0.08487536659086015  0.4821635126999033  13.91973414744005  13.912303349820911  1.0  0.819  0.128  0.052  0.85  0.15  0.85  0.15
1  3.5  1.75  0.01  0.01  0.8201482945327284  -0.12267826127942474  0.45649719340105194  13.940386772057654  13.775517595078352  1.0  0.813  0.136  0.051  0.838  0.162  0.9  0.1

0  3.5  1.75  0.01  0.01  0.3551638363455279  -0.05990975621654468  0.6008563298661143  14.608079702520248  14.347555096879816  1.0  0.619  0.285  0.095  0.649  0.351  0.632  0.368
0  3.5  1.75  0.01  0.01  0.19407464560740806  0.18596104864517277  0.8026045967433272  16.721266312317645  14.173628298954958  1.0  0.572  0.324  0.104  0.614  0.386  0.737  0.263
0  3.5  1.75  0.01  0.01  0.35064772734908967  -0.19973723853071768  0.4030216678611075  14.563069775507737  14.3879955921599  1.0  0.598  0.305  0.097  0.632  0.368  0.684  0.316
0  3.5  1.75  0.01  0.01  0.28277903843092306  0.10993031199430608  0.6752750986707038  14.678482714353597  14.386308181851991  1.0  0.606  0.295  0.099  0.632  0.368  0.684  0.316
0  3.5  1.75  0.01  0.01  0.26197566975230363  0.18910814641921975  0.41845068938654234  14.570222661015476  14.335233465173578  1.0  0.607  0.294  0.099  0.649  0.351  0.632  0.368
0  3.5  1.75  0.01  0.01  0.3167908575062495  -0.12597397065488605  0.7007456994502456  14.800778231383518  14.30850296454798  1.0  0.59  0.311  0.099  0.614  0.386  0.737  0.263
0  3.5  1.75  0.01  0.01  0.2762183874143738  0.03350109260385231  0.7962049834086918  14.494817550032634  20.840128273741552  1.0  0.592  0.308  0.1  0.614  0.386  0.737  0.263
0  3.5  1.75  0.01  0.01  0.3126665894468591  -0.02928427037899267  0.6030553847231649  14.646358038108396  14.25174468565228  1.0  0.602  0.3  0.098  0.632  0.368  0.684  0.316
0  3.5  1.75  0.01  0.01  0.24944060525139503  0.16080614903542617  0.47404637846626907  14.478754413376352  14.58816713145037  1.0  0.596  0.303  0.101  0.632  0.368  0.684  0.316
0  3.5  1.75  0.01  0.01  0.2939196668706802  0.13442889571317052  0.5411482520960327  14.434969440595161  14.74633179085704  1.0  0.614  0.288  0.098  0.649  0.351  0.632  0.368
0  3.5  1.75  0.01  0.01  0.3485894278324918  0.017309226931368216  0.5699085910215493  14.44250899472674  14.760564929637662  1.0  0.627  0.278  0.095  0.649  0.351  0.632  0.368
0  3.5  1.75  0.01  0.01  0.391926706767991  -0.13944729955854057  0.4302286689576502  14.428056277388322  14.766036255794114  1.0  0.627  0.28  0.093  0.649  0.351  0.632  0.368
0  3.5  1.75  0.01  0.01  0.32227682200757124  0.04303159713333771  0.8076136701328971  16.569748823843184  14.620119568917408  1.0  0.616  0.287  0.097  0.649  0.351  0.632  0.368
0  3.5  1.75  0.01  0.01  0.2018657809030201  0.047061471720645454  0.42576440620324013  14.520447492591629  14.51171416447244  1.0  0.556  0.339  0.104  0.596  0.404  0.789  0.211
0  3.5  1.75  0.01  0.01  0.3041142287370714  0.1335049586059861  0.5376523026495719  14.504422120003975  14.524683335898736  1.0  0.62  0.283  0.097  0.649  0.351  0.632  0.368
0  3.5  1.75  0.01  0.01  0.33645705018991984  0.08287108953196631  0.4118074623814283  14.514873449559966  14.509217929884786  1.0  0.629  0.276  0.095  0.667  0.333  0.579  0.421
0  3.5  1.75  0.01  0.01  0.19535523961722545  0.14852046733870228  0.45610859112901475  14.639633931128547  14.129388815377734  1.0  0.567  0.329  0.104  0.614  0.386  0.737  0.263
0  3.5  1.75  0.01  0.01  0.25893074980000164  0.15143415407566663  0.7319239474447411  14.507337878676488  15.374511020965919  1.0  0.6  0.3  0.1  0.632  0.368  0.684  0.316
0  3.5  1.75  0.01  0.01  0.25651996749738903  0.042459822338883624  0.7156071612930035  14.459194244021523  15.393049933305223  1.0  0.583  0.316  0.101  0.614  0.386  0.737  0.263
0  3.5  1.75  0.01  0.01  0.31829753667271427  0.06348141344980196  0.5516429834415547  14.555560179982916  14.40361138902025  1.0  0.617  0.286  0.097  0.649  0.351  0.632  0.368
0  3.5  1.75  0.01  0.01  0.2964594375739877  0.18725299233792697  0.6837222026568095  14.64455216609298  14.51242378168289  1.0  0.624  0.279  0.097  0.649  0.351  0.632  0.368
0  3.5  1.75  0.01  0.01  0.347706076395975  -0.1605458151081967  0.7490134960224297  14.360910997543813  16.1917004833857  1.0  0.602  0.302  0.097  0.614  0.386  0.737  0.263
0  3.5  1.75  0.01  0.01  0.31367108890460604  0.0619503449176963  0.407825246554023  14.449303448344638  14.694443628974577  1.0  0.615  0.288  0.097  0.649  0.351  0.632  0.368
0  3.5  1.75  0.01  0.01  0.267568704527852  -0.00936235527305973  0.5785293270890859  14.58801965418775  14.366271446262425  1.0  0.582  0.317  0.101  0.614  0.386  0.737  0.263
0  3.5  1.75  0.01  0.01  0.26843785230779754  -0.0350554178891333  0.40795055592948526  14.50854299197892  14.53254659267752  1.0  0.578  0.321  0.101  0.614  0.386  0.737  0.263
0  3.5  1.75  0.01  0.01  0.2774511512458287  -0.0783631215344772  0.46080130089893556  14.592182281509235  14.27190687729312  1.0  0.577  0.322  0.101  0.614  0.386  0.737  0.263
0  3.5  1.75  0.01  0.01  0.24635007892347832  0.06636176053314569  0.8011393328936494  16.550047176738115  14.679556988835586  1.0  0.582  0.316  0.102  0.614  0.386  0.737  0.263
0  3.5  1.75  0.01  0.01  0.35783453304594665  -0.10757458598844832  0.744362579302673  14.470646349377606  15.80447252961595  1.0  0.614  0.291  0.096  0.632  0.368  0.684  0.316
0  3.5  1.75  0.01  0.01  0.36238915487604406  -0.11133255470286191  0.4090781099859294  14.448319560188711  14.704850486244176  1.0  0.616  0.289  0.095  0.649  0.351  0.632  0.368
0  3.5  1.75  0.01  0.01  0.42540753447534707  -0.15513606241554112  0.4774071596594692  14.506787396613413  14.548929035507863  1.0  0.64  0.269  0.091  0.667  0.333  0.579  0.421
1  3.5  1.75  0.01  0.01  0.7441016389207914  0.028165377638383005  0.3982556875290522  13.98141249197728  13.713890390584414  1.0  0.801  0.142  0.057  0.838  0.162  0.9  0.1
1  3.5  1.75  0.01  0.01  0.8852602794928816  -0.16476723177803676  0.5503062716710988  13.996643213749186  13.703939184559122  1.0  0.831  0.124  0.046  0.862  0.138  0.8  0.2
1  3.5  1.75  0.01  0.01  0.8423934584987274  -0.020921044520488985  0.5455073675680414  13.928222639491926  13.998090205259558  1.0  0.83  0.122  0.048  0.85  0.15  0.85  0.15
1  3.5  1.75  0.01  0.01  0.9972979555662022  -0.17424904399021562  0.7805156159917848  15.106686908428088  14.04879057647995  1.0  0.863  0.101  0.036  0.875  0.125  0.75  0.25
1  3.5  1.75  0.01  0.01  0.8268384158707113  -0.1964011037293748  0.47795464569889107  14.020746166701745  13.453362817026692  1.0  0.807  0.141  0.052  0.838  0.162  0.9  0.1
1  3.5  1.75  0.01  0.01  0.8517510574742346  -0.08574318590694907  0.5191251929073872  13.720468270684103  14.719621303069179  1.0  0.826  0.126  0.048  0.85  0.15  0.85  0.15
1  3.5  1.75  0.01  0.01  0.8642536299865772  -0.09392314337351558  0.4829430817859962  13.851481538310562  14.132946342582319  1.0  0.83  0.123  0.047  0.85  0.15  0.85  0.15
1  3.5  1.75  0.01  0.01  0.8446819061021634  -0.03519593933727866  0.6859127852149854  15.25511341956555  13.670900000165464  1.0  0.829  0.123  0.048  0.838  0.162  0.9  0.1
1  3.5  1.75  0.01  0.01  0.8026786707397137  -0.11354169830038181  0.6450098413805617  15.387729237994737  13.235135552124182  1.0  0.808  0.139  0.053  0.825  0.175  0.95  0.05
1  3.5  1.75  0.01  0.01  0.9294642513579406  -0.10612673520191916  0.7696875871841554  15.161674099600072  13.842340642390383  1.0  0.849  0.11  0.041  0.85  0.15  0.85  0.15
1  3.5  1.75  0.01  0.01  0.8774604087686052  -0.041821554212642276  0.7280723918426586  15.232444664145362  13.659784802626016  1.0  0.839  0.116  0.045  0.862  0.138  0.8  0.2
1  3.5  1.75  0.01  0.01  0.8123414636914015  0.020223276053095374  0.7294308202692998  15.30032399257314  13.414363400207268  1.0  0.824  0.126  0.05  0.838  0.162  0.9  0.1
1  3.5  1.75  0.01  0.01  0.8500944608761012  0.07591358427907524  0.650087785435143  13.65107477520753  20.24936587893256  1.0  0.841  0.113  0.046  0.862  0.138  0.8  0.2
1  3.5  1.75  0.01  0.01  0.8007460858397542  -0.01830742382863884  0.39653290730078294  13.894766832304128  14.035959503297164  1.0  0.816  0.132  0.052  0.85  0.15  0.85  0.15
1  3.5  1.75  0.01  0.01  0.8204366850790789  -0.047105295263667524  0.4167697703839068  13.905372204739257  13.95794601608747  1.0  0.82  0.13  0.05  0.862  0.138  0.8  0.2
1  3.5  1.75  0.01  0.01  0.7564055037775039  0.052755030599495434  0.5735693821750405  14.06862287158799  13.52410799750171  1.0  0.807  0.137  0.055  0.825  0.175  0.95  0.05
1  3.5  1.75  0.01  0.01  0.7608837937232986  0.15876893917486307  0.4924547496829494  13.975296128663786  13.732473379470681  1.0  0.82  0.127  0.053  0.862  0.138  0.8  0.2
1  3.5  1.75  0.01  0.01  0.8945936749095631  0.055233553518794554  0.730078443806815  15.136243293544634  14.090111080744865  1.0  0.853  0.105  0.042  0.862  0.138  0.8  0.2
1  3.5  1.75  0.01  0.01  0.9312160614005054  0.01464304625563645  0.8142028181149333  15.071016583478661  14.152568339400705  1.0  0.86  0.101  0.039  0.862  0.138  0.8  0.2
1  3.5  1.75  0.01  0.01  0.8418479329874338  0.16439904070330363  0.6597355467217021  15.145986511317412  14.30948537733794  1.0  0.846  0.109  0.046  0.862  0.138  0.8  0.2
1  3.5  1.75  0.01  0.01  0.7309926976255418  0.16171823748543512  0.3893394804275114  13.952642286834566  13.926572446336644  1.0  0.809  0.135  0.056  0.85  0.15  0.85  0.15
1  3.5  1.75  0.01  0.01  0.8263042337159453  -0.019383843954046576  0.36988969380361336  13.844436209808908  14.286695720757564  1.0  0.825  0.126  0.049  0.862  0.138  0.8  0.2
1  3.5  1.75  0.01  0.01  0.7178853771016684  0.044596308708066884  0.41057124728861005  14.02016263163271  13.551716811590968  1.0  0.792  0.148  0.059  0.825  0.175  0.95  0.05
--------------------------------------including success flag------------------------------------------------------------------------------------------------------------------------------------
0  3.5  1.75  0.01  0.01  0.28265317659229683  0.04143622637969452  0.5792319155635822  14.634060347216362  14.201115196315596  1.0  0.596  0.304  0.1  0.632  0.368  0.684  0.316  False
0  3.5  1.75  0.01  0.01  0.34470641556834186  -0.07853113182700291  0.7532243427139059  14.430657957931897  16.043315408794307  1.0  0.611  0.292  0.096  0.632  0.368  0.684  0.316  False
0  3.5  1.75  0.01  0.01  0.2939722065172265  -0.0894994027374208  0.7391552838682346  15.013471109591766  14.049880197841272  1.0  0.584  0.316  0.1  0.614  0.386  0.737  0.263  False
0  3.5  1.75  0.01  0.01  0.44786925798837895  -0.18359687113119194  0.49834496234209474  14.453988121093657  14.72876197987714  1.0  0.649  0.263  0.089  0.667  0.333  0.579  0.421  False
0  3.5  1.75  0.01  0.01  0.38120324085268215  -0.1742198641564431  0.8037092750960715  14.518355228646508  20.804754614826226  1.0  0.617  0.289  0.094  0.632  0.368  0.684  0.316  False
0  3.5  1.75  0.01  0.01  0.2584634159517348  0.07047945278926593  0.7718423016052635  15.134512979436268  14.225347697866118  1.0  0.588  0.311  0.101  0.614  0.386  0.737  0.263  False
0  3.5  1.75  0.01  0.01  0.3097151437728115  -0.1282261562513256  0.5311801470747608  14.434871953786736  14.8058424723597  1.0  0.587  0.314  0.099  0.614  0.386  0.737  0.263  False
0  3.5  1.75  0.01  0.01  0.4402065555844719  -0.01593514345013486  0.7510286066660711  14.783062747781702  14.958278237158463  1.0  0.666  0.246  0.088  0.667  0.333  0.579  0.421  False
0  3.5  1.75  0.01  0.01  0.39310214858369436  -0.1734776880818365  0.5285283167430118  14.558037907053407  14.420975897518815  1.0  0.623  0.284  0.093  0.649  0.351  0.632  0.368  False
0  3.5  1.75  0.01  0.01  0.2817886050887231  0.05220844604205105  0.3979429078498489  14.47310625767757  14.629429585561079  1.0  0.597  0.303  0.1  0.632  0.368  0.684  0.316  False
0  3.5  1.75  0.01  0.01  0.16928645001997522  0.1276335533221275  0.38117459356870803  14.57482720124355  14.39295417303355  1.0  0.551  0.344  0.105  0.596  0.404  0.789  0.211  False
0  3.5  1.75  0.01  0.01  0.23557263586528177  0.010355025893903524  0.7778537323341312  14.528523705058452  16.13577179313941  1.0  0.568  0.329  0.103  0.596  0.404  0.789  0.211  False
0  3.5  1.75  0.01  0.01  0.3267025284200731  -0.1915730447449814  0.48675499803864714  14.533573235505168  14.486601402345816  1.0  0.587  0.315  0.099  0.614  0.386  0.737  0.263  False
0  3.5  1.75  0.01  0.01  0.3288403777959379  -0.03199688237143489  0.36973134456064227  14.492228864507215  14.591163664265695  1.0  0.61  0.293  0.097  0.649  0.351  0.632  0.368  False
0  3.5  1.75  0.01  0.01  0.2760617289775708  0.05945305892037367  0.38132214819296445  14.46050287683816  14.68525503413782  1.0  0.596  0.304  0.1  0.632  0.368  0.684  0.316  False
0  3.5  1.75  0.01  0.01  0.29638048879905887  0.04435442960883132  0.4957725801356914  14.47257873786821  14.607037029284479  1.0  0.603  0.298  0.099  0.632  0.368  0.684  0.316  False
0  3.5  1.75  0.01  0.01  0.3501634487865425  0.05700527474073647  0.7902338001999716  15.109493549385162  14.592468316497138  1.0  0.633  0.273  0.094  0.649  0.351  0.632  0.368  False
0  3.5  1.75  0.01  0.01  0.3988432206307003  -0.06063904777635726  0.701321867518947  14.659709119043045  14.74349761097861  1.0  0.641  0.267  0.092  0.649  0.351  0.632  0.368  False
0  3.5  1.75  0.01  0.01  0.4165940284772647  -0.11534417878034949  0.47600772409073105  14.439425317804353  14.74351231604658  1.0  0.641  0.268  0.091  0.667  0.333  0.579  0.421  False
0  3.5  1.75  0.01  0.01  0.30200545144465435  -0.04792654873206531  0.7901602195001294  14.516681108423432  16.490132583841717  1.0  0.594  0.307  0.099  0.614  0.386  0.737  0.263  False
0  3.5  1.75  0.01  0.01  0.3746810794983295  -0.04267930936986328  0.7205043707268642  14.439456504503395  15.482439695016112  1.0  0.632  0.275  0.094  0.649  0.351  0.632  0.368  False
0  3.5  1.75  0.01  0.01  0.2692926487699805  -0.01716058425353778  0.5488470263711683  14.580363789278488  14.344786850993549  1.0  0.581  0.318  0.101  0.614  0.386  0.737  0.263  False
0  3.5  1.75  0.01  0.01  0.3958236180017503  0.03221901747351197  0.7668401503232813  15.015065028917427  14.399255547565868  1.0  0.651  0.258  0.091  0.667  0.333  0.579  0.421  False
0  3.5  1.75  0.01  0.01  0.3671241407448718  -0.0017977199648541442  0.7885638012332159  15.199158303363362  14.374795993571237  1.0  0.633  0.273  0.094  0.649  0.351  0.632  0.368  False
0  3.5  1.75  0.01  0.01  0.2876892853967384  0.12189097826728035  0.7746316540159959  15.070657227245533  14.371806533803024  1.0  0.61  0.292  0.098  0.632  0.368  0.684  0.316  False
0  3.5  1.75  0.01  0.01  0.3262046678803815  -0.0617616772992616  0.8150203145706109  16.656149139535945  14.39847705010656  1.0  0.605  0.298  0.098  0.632  0.368  0.684  0.316  False
0  3.5  1.75  0.01  0.01  0.3936666112848344  -0.09565486246389417  0.6738735161258081  14.725285961560934  14.347561268585244  1.0  0.633  0.274  0.093  0.649  0.351  0.632  0.368  False
0  3.5  1.75  0.01  0.01  0.4002759580075618  -0.19977939283051113  0.45657719999120006  14.51112774350365  14.536480040689845  1.0  0.623  0.284  0.093  0.649  0.351  0.632  0.368  False
0  3.5  1.75  0.01  0.01  0.3071511378512417  0.02079747319953093  0.6417348109608786  14.639431422482993  14.392774344124348  1.0  0.606  0.296  0.098  0.632  0.368  0.684  0.316  False
0  3.5  1.75  0.01  0.01  0.3196612389363008  0.1761356271597993  0.42072968796622173  14.425417262481604  14.779798230280846  1.0  0.634  0.271  0.095  0.667  0.333  0.579  0.421  False
--------------------------------------------------------------------------- new without max-iteration constraint-----------------------------------------------------------------------------------0  3.5  1.75  0.01  0.01  0.3144585060843809  -0.04962642221964342  0.6503595488579309  14.491946544338813  14.869808639052373  1.0  0.6  0.302  0.098  0.632  0.368  0.684  0.316  False
0  3.5  1.75  0.01  0.01  0.2660453459825391  0.09081183344655341  0.40251304911730185  14.476667088922015  14.620466795761256  1.0  0.595  0.305  0.1  0.632  0.368  0.684  0.316  False
0  3.5  1.75  0.01  0.01  0.3677259119868649  -0.1962076597084603  0.5788242129820307  14.6227417007276  14.326676827550234  1.0  0.606  0.298  0.096  0.632  0.368  0.684  0.316  False
0  3.5  1.75  0.01  0.01  0.24351231669831302  0.14884966903232916  0.44704974690528365  14.538736564818983  14.41247432983011  1.0  0.592  0.307  0.101  0.632  0.368  0.684  0.316  False
0  3.5  1.75  0.01  0.01  0.295586988103816  -0.015675798551362863  0.802999795460717  14.461694781318513  20.944157325449584  1.0  0.595  0.306  0.099  0.614  0.386  0.737  0.263  False
0  3.5  1.75  0.01  0.01  0.3813900062212596  -0.18890066196623023  0.6963807923317278  14.720649413104997  14.582504438973166  1.0  0.614  0.291  0.094  0.632  0.368  0.684  0.316  False
-------------------------------------another optimization method, N-F

0  3.5  1.75  0.01  0.01  0.3001435845936381  0.04260083069004013  0.5935471192800729  14.405476354692507  14.923880935942442  1.0  0.605  0.296  0.098  0.632  0.368  0.684  0.316  True
0  3.5  1.75  0.01  0.01  0.3607125057417654  -0.17146261023851705  0.5106125020055444  14.481311054474395  14.630313173710178  1.0  0.607  0.297  0.096  0.632  0.368  0.684  0.316  True
0  3.5  1.75  0.01  0.01  0.3485203203800359  -0.07834850038890659  0.3905096584967202  14.540881182299621  14.432235731606497  1.0  0.613  0.291  0.096  0.649  0.351  0.632  0.368  True
0  3.5  1.75  0.01  0.01  0.10978237856663305  0.2199481613245974  0.4805364259877764  14.528524385117914  14.518238322502402  1.0  0.533  0.36  0.107  0.579  0.421  0.842  0.158  True
0  3.5  1.75  0.01  0.01  0.3288819602817495  -0.1493593369552984  0.3405945308875218  14.55469086500895  14.441502778794467  1.0  0.594  0.308  0.098  0.632  0.368  0.684  0.316  True
0  3.5  1.75  0.01  0.01  0.30037819141715294  0.13337193541944048  0.513644415982346  14.395112945023948  14.840397552725069  1.0  0.618  0.285  0.097  0.649  0.351  0.632  0.368  True
0  3.5  1.75  0.01  0.01  0.32019055890841563  0.1345730710412903  0.6236786460046099  14.341327225061997  15.174940624364638  1.0  0.628  0.276  0.096  0.649  0.351  0.632  0.368  True
0  3.5  1.75  0.01  0.01  0.37632507526324555  -0.19128682174772588  0.5832686329055166  14.406350252425689  14.990369519120337  1.0  0.612  0.293  0.095  0.632  0.368  0.684  0.316  True
0  3.5  1.75  0.01  0.01  0.3119965629988676  0.04853080352824069  0.42047908883438817  14.521151285231618  14.466754485326414  1.0  0.613  0.29  0.097  0.649  0.351  0.632  0.368  True
0  3.5  1.75  0.01  0.01  0.3616735086159904  0.05658000114461501  0.4605483089796229  14.416916532411586  14.778856664738349  1.0  0.639  0.268  0.094  0.667  0.333  0.579  0.421  True
0  3.5  1.75  0.01  0.01  0.29572571895426936  0.0737726783073264  0.4405668110296833  14.596258073276125  14.231479394080853  1.0  0.607  0.294  0.098  0.649  0.351  0.632  0.368  True
0  3.5  1.75  0.01  0.01  0.3965179113965558  -0.25441871987606046  0.7550770889857071  14.42414053283468  16.2467167691601  1.0  0.614  0.292  0.094  0.632  0.368  0.684  0.316  True
0  3.5  1.75  0.01  0.01  0.221489566839859  0.08433597842760068  0.37058930000368473  14.569104345733043  14.3800868385528  1.0  0.571  0.326  0.103  0.614  0.386  0.737  0.263  True
0  3.5  1.75  0.01  0.01  0.34462942520266093  0.12736730427885107  0.4703186847209885  14.376294875605518  14.901784594207847  1.0  0.64  0.266  0.094  0.667  0.333  0.579  0.421  True
0  3.5  1.75  0.01  0.01  0.20593526505663692  -0.10258545171967151  0.4507214076881302  14.620935193964845  14.257860472298669  1.0  0.537  0.358  0.105  0.579  0.421  0.842  0.158  True
0  3.5  1.75  0.01  0.01  0.26663252159050405  -0.2178893065710239  0.33015400359617086  14.657886934493717  14.200685077972105  1.0  0.552  0.346  0.103  0.596  0.404  0.789  0.211  True
0  3.5  1.75  0.01  0.01  0.29529283126621464  -0.0876561453624623  0.6431301172665626  14.454773035601304  15.014243784788624  1.0  0.585  0.315  0.1  0.614  0.386  0.737  0.263  True
0  3.5  1.75  0.01  0.01  0.39806217367229124  0.037173800458572895  0.4304364896880278  14.440407173869662  14.74006127463589  1.0  0.654  0.256  0.091  0.684  0.316  0.526  0.474  True
0  3.5  1.75  0.01  0.01  0.2962748702332185  0.10198511899115167  0.4403913626117348  14.522045493793929  14.455396748530143  1.0  0.612  0.29  0.098  0.649  0.351  0.632  0.368  True
0  3.5  1.75  0.01  0.01  0.22608652492231862  -0.01090799674274235  0.42026428003094674  14.489923749814713  14.597659271102918  1.0  0.56  0.336  0.104  0.596  0.404  0.789  0.211  True
0  3.5  1.75  0.01  0.01  0.30942663727289643  0.0842703228385687  0.4203059723536276  14.480187212712586  14.59134467364179  1.0  0.615  0.287  0.097  0.649  0.351  0.632  0.368  True
0  3.5  1.75  0.01  0.01  0.35330968576923416  0.03143111605138445  0.6132535420403223  14.32429521921265  15.223918154809112  1.0  0.63  0.275  0.095  0.649  0.351  0.632  0.368  True
0  3.5  1.75  0.01  0.01  0.37578455883525863  -0.1638685633498292  0.5934327852704758  14.359454436471133  15.140219327451623  1.0  0.616  0.29  0.095  0.632  0.368  0.684  0.316  True
0  3.5  1.75  0.01  0.01  0.3709557618557968  0.07227538187353208  0.6534532336007156  14.383133919607205  15.189879833986769  1.0  0.645  0.263  0.093  0.667  0.333  0.579  0.421  True
0  3.5  1.75  0.01  0.01  0.27780698869105636  -0.018238802317875082  0.7987853253258327  14.42740686228311  21.05502944828707  1.0  0.586  0.314  0.101  0.614  0.386  0.737  0.263  True
0  3.5  1.75  0.01  0.01  0.34428892930288363  0.06326289493135469  0.4402407032211029  14.520458083421092  14.467341125994677  1.0  0.63  0.275  0.095  0.667  0.333  0.579  0.421  True
0  3.5  1.75  0.01  0.01  0.3645308640855631  0.03291354649108326  0.4308830607688835  14.437192301850445  14.726782681709034  1.0  0.636  0.27  0.094  0.667  0.333  0.579  0.421  True
0  3.5  1.75  0.01  0.01  0.44813812839081235  -0.5448712205113798  0.5632718545815883  14.430789258052187  15.13412910085566  1.0  0.599  0.31  0.091  0.614  0.386  0.737  0.263  True
0  3.5  1.75  0.01  0.01  0.07281073446832995  0.22555754698358632  0.4409939534853079  14.528706671045539  14.576531839374416  1.0  0.516  0.376  0.108  0.561  0.439  0.895  0.105  True
0  3.5  1.75  0.01  0.01  0.2887757858919393  0.14499932497521084  0.2690012915124916  14.388754248716817  15.042495060665864  1.0  0.613  0.289  0.098  0.702  0.298  0.474  0.526  True
1  3.5  1.75  0.01  0.01  0.7911709592132392  -0.10536512590905978  0.40358627728429886  13.964799854975066  13.693954902709644  1.0  0.804  0.142  0.054  0.838  0.162  0.9  0.1  True
1  3.5  1.75  0.01  0.01  0.7324264004010138  0.1593261219741366  0.4633947503229496  13.994141180207242  13.65673284555711  1.0  0.81  0.134  0.056  0.85  0.15  0.85  0.15  True
1  3.5  1.75  0.01  0.01  0.714615966295607  0.1614058445225911  0.4432325607033026  13.985391040035825  13.709550123933374  1.0  0.803  0.139  0.058  0.838  0.162  0.9  0.1  True
1  3.5  1.75  0.01  0.01  0.7493153481119423  0.06309496392693789  0.4332615436944502  13.952408616049514  13.790025143145588  1.0  0.806  0.138  0.056  0.838  0.162  0.9  0.1  True
1  3.5  1.75  0.01  0.01  0.7083919388854321  0.1916548600943593  0.4133103902281347  13.955301527029317  13.888177399428429  1.0  0.804  0.138  0.058  0.838  0.162  0.9  0.1  True
1  3.5  1.75  0.01  0.01  0.730412956504142  0.1277544539090631  0.24313944930056458  13.979063535326347  14.14769961154629  1.0  0.806  0.137  0.057  0.862  0.138  0.8  0.2  True
1  3.5  1.75  0.01  0.01  0.6427059928086231  0.373047286763765  0.44339925360712285  14.019834059810927  13.741852005361768  1.0  0.798  0.14  0.062  0.838  0.162  0.9  0.1  True
1  3.5  1.75  0.01  0.01  0.9258668606283391  0.11796330479504588  0.9725331942550004  15.130002453310919  13.739338399651881  1.0  0.867  0.094  0.039  0.862  0.138  0.8  0.2  True
1  3.5  1.75  0.01  0.01  0.7645547046696504  0.31085177916176154  0.4632541094039387  13.84493195167139  14.384463203694093  1.0  0.835  0.115  0.051  0.875  0.125  0.75  0.25  True
1  3.5  1.75  0.01  0.01  0.9305308679203363  0.0002121676308144825  0.9373518696974409  15.18274341590502  13.547780760575364  1.0  0.859  0.102  0.04  0.862  0.138  0.8  0.2  True
1  3.5  1.75  0.01  0.01  0.6538149958145855  0.16499920090399622  0.31351135846316774  14.045835925770508  13.729348433917448  1.0  0.781  0.155  0.064  0.825  0.175  0.95  0.05  True
1  3.5  1.75  0.01  0.01  0.6714259145243024  0.09989125550260675  0.28338119240419013  14.056305919712836  13.709709086432266  1.0  0.781  0.156  0.063  0.825  0.175  0.95  0.05  True
1  3.5  1.75  0.01  0.01  0.9705158673691583  -0.0069548579775840485  0.9225209850116989  13.55349800159495  20.081605474305423  1.0  0.869  0.095  0.036  0.862  0.138  0.8  0.2  True
1  3.5  1.75  0.01  0.01  0.7275528728336289  0.24372292568525306  0.4633182989126901  13.929028898401606  13.9702981654988  1.0  0.816  0.129  0.055  0.85  0.15  0.85  0.15  True
1  3.5  1.75  0.01  0.01  0.820690149549369  -0.23886318774429274  0.3935427073694805  13.96459897259221  13.667773032057159  1.0  0.801  0.147  0.053  0.825  0.175  0.95  0.05  True
1  3.5  1.75  0.01  0.01  0.8946974330116111  0.16166102203527632  1.067506940258654  13.551336230026237  20.13538777935472  1.0  0.862  0.098  0.041  0.838  0.162  0.9  0.1  True
1  3.5  1.75  0.01  0.01  1.0041315678960734  -0.5734544095789149  0.3934422130466472  13.823222320466778  14.230622784473061  1.0  0.828  0.133  0.039  0.862  0.138  0.8  0.2  True
1  3.5  1.75  0.01  0.01  0.8456525482969761  -0.09611819720973128  0.4337496207342227  13.883208134933437  13.998148240661802  1.0  0.823  0.128  0.049  0.862  0.138  0.8  0.2  True
1  3.5  1.75  0.01  0.01  0.6586377847225957  0.19499423810811317  0.3130052361857018  13.987528092516271  13.982941580870484  1.0  0.786  0.151  0.063  0.825  0.175  0.95  0.05  True
1  3.5  1.75  0.01  0.01  0.9115665022354541  -0.10751648926443205  0.4233584797009005  13.737771967767902  14.622438448793512  1.0  0.843  0.114  0.043  0.875  0.125  0.75  0.25  True
1  3.5  1.75  0.01  0.01  0.7394399253977297  0.10497520746574295  0.4439861204588037  13.930251590845364  13.891894691352666  1.0  0.806  0.137  0.056  0.838  0.162  0.9  0.1  True
1  3.5  1.75  0.01  0.01  0.8931632415308934  -0.10553013456294125  0.4336698766014705  13.7978784859667  14.35782683690233  1.0  0.838  0.118  0.044  0.875  0.125  0.75  0.25  True
1  3.5  1.75  0.01  0.01  0.7277445562136151  0.3947782427006584  0.4738612007206826  13.843561974364158  14.441954045476152  1.0  0.83  0.117  0.053  0.862  0.138  0.8  0.2  True
1  3.5  1.75  0.01  0.01  0.9417567806026459  -0.0988065397521285  0.92222718052893  15.208474345411446  13.46943039497934  1.0  0.853  0.107  0.04  0.85  0.15  0.85  0.15  True
1  3.5  1.75  0.01  0.01  0.7318679555916872  0.1249988493131031  0.45354503754978365  13.961803062164018  13.770290145387623  1.0  0.806  0.138  0.057  0.838  0.162  0.9  0.1  True
1  3.5  1.75  0.01  0.01  0.799647726207511  0.6426394420762465  1.1473427916107557  13.49295479502859  20.481213123444014  1.0  0.873  0.085  0.042  0.875  0.125  0.75  0.25  True
1  3.5  1.75  0.01  0.01  0.8717897903671374  0.02021982823452317  0.9270035968100644  13.605138172494435  19.867062712509686  1.0  0.843  0.112  0.045  0.838  0.162  0.9  0.1  True
1  3.5  1.75  0.01  0.01  0.8324968990162014  0.09769625204877205  0.42344174983591687  13.792404526868925  14.494435553511426  1.0  0.838  0.115  0.047  0.875  0.125  0.75  0.25  True
1  3.5  1.75  0.01  0.01  0.8995742792828367  -0.8949910581541665  0.19300024020611364  14.071569533879  13.615103796651734  1.0  0.753  0.196  0.051  0.825  0.175  0.95  0.05  True
1  3.5  1.75  0.01  0.01  1.075581671978941  -0.6949998929348236  0.8279990865311616  13.553795141892792  20.402760021095393  1.0  0.837  0.129  0.034  0.862  0.138  0.8  0.2  True

--------------- change tolerence to 1e-3

0  3.5  1.75  0.01  0.01  0.25244298837838475  -0.1556236544556141  0.7602059723419892  14.54199009772735  15.885189313495047  1.0  0.553  0.344  0.103  0.579  0.421  0.842  0.158  True
0  3.5  1.75  0.01  0.01  0.35793734672539984  0.09766978194017728  0.48238385244413107  14.414659746266226  14.795656504271948  1.0  0.642  0.265  0.093  0.667  0.333  0.579  0.421  True
0  3.5  1.75  0.01  0.01  0.3017457651923689  -0.12451452677866981  0.5607936621262363  14.589464889864827  14.3627067682887  1.0  0.584  0.316  0.1  0.614  0.386  0.737  0.263  True
0  3.5  1.75  0.01  0.01  0.39271780251807636  -0.12595536739935442  0.5000035136869352  14.43779280071694  14.74221858917369  1.0  0.628  0.279  0.093  0.649  0.351  0.632  0.368  True
0  3.5  1.75  0.01  0.01  0.2874153640102525  0.08242083730271682  0.49355988184471555  14.414872494425712  14.775632637022703  1.0  0.604  0.297  0.099  0.632  0.368  0.684  0.316  False
0  3.5  1.75  0.01  0.01  0.264342309186644  0.04544780869149062  0.38918111502296937  14.581948477140731  14.310374369517193  1.0  0.588  0.311  0.101  0.632  0.368  0.684  0.316  False
