0.5   0.5   0.525
0.46666666666666656   0.4750000000000001   0.5416666666666665
0.48333333333333317   0.4500000000000002   0.583333333333333
0.48333333333333317   0.4500000000000002   0.583333333333333
0.39999999999999947   0.40000000000000036   0.6583333333333325
0.39999999999999947   0.37500000000000044   0.7416666666666654
0.3833333333333324   0.2750000000000006   0.8166666666666649
0.216666666666665   0.15000000000000102   1.0499999999999967
0.19999999999999796   1.3322676295501878e-15   1.291666666666662
0.19999999999999796   1.3322676295501878e-15   1.291666666666662
0.19999999999999796   1.3322676295501878e-15   1.291666666666662
0.19999999999999796   1.3322676295501878e-15   1.291666666666662
0.19999999999999796   1.3322676295501878e-15   1.291666666666662
0.2435185185185167   0.06599794238683239   1.1560871056241389
0.2435185185185167   0.06599794238683239   1.1560871056241389
0.2952160493827144   0.04551611796982284   1.2384287837219898
0.2952160493827144   0.04551611796982284   1.2384287837219898
0.2952160493827144   0.04551611796982284   1.2384287837219898
0.45685871056241323   0.11031473860692056   1.172293349591015
0.45685871056241323   0.11031473860692056   1.172293349591015
0.43704465782654967   0.049240884688988185   1.3096736044076356
0.541113524361123   0.07183437342997713   1.2748151370518994
0.541113524361123   0.07183437342997713   1.2748151370518994
0.541113524361123   0.07183437342997713   1.2748151370518994
0.541113524361123   0.07183437342997713   1.2748151370518994
0.541113524361123   0.07183437342997713   1.2748151370518994
0.5062302469710751   0.09045825323286619   1.2422978888038663
0.5062302469710751   0.09045825323286619   1.2422978888038663
0.5062302469710751   0.09045825323286619   1.2422978888038663
0.5062302469710751   0.09045825323286619   1.2422978888038663
0.5062302469710751   0.09045825323286619   1.2422978888038663
0.5062302469710751   0.09045825323286619   1.2422978888038663
0.5062302469710751   0.09045825323286619   1.2422978888038663
0.5062302469710751   0.09045825323286619   1.2422978888038663
0.5062302469710751   0.09045825323286619   1.2422978888038663
0.5062302469710751   0.09045825323286619   1.2422978888038663
0.5062302469710751   0.09045825323286619   1.2422978888038663
0.5062302469710751   0.09045825323286619   1.2422978888038663
0.5062302469710751   0.09045825323286619   1.2422978888038663
0.5069177256440166   0.09019199809652062   1.2427464388792606
0.5069177256440166   0.09019199809652062   1.2427464388792606
0.5071190230534273   0.09000901887669477   1.2429425233012572
0.5071190230534273   0.09000901887669477   1.2429425233012572
0.5071190230534273   0.09000901887669477   1.2429425233012572
0.5071190230534273   0.09000901887669477   1.2429425233012572
0.5072976150636306   0.0900598780939035   1.2429468263119852
0.5072976150636306   0.0900598780939035   1.2429468263119852
0.5072976150636306   0.0900598780939035   1.2429468263119852
0.5072976150636306   0.0900598780939035   1.2429468263119852
0.5074468867041384   0.09001357917491715   1.2429632276843976
0.5077549069675071   0.0901359057859496   1.242906939276339
0.5077549069675071   0.0901359057859496   1.242906939276339
0.5083577180613088   0.0900888178723881   1.2429725779694434
0.5089700061374636   0.09025665440783176   1.2429491255096643
0.5095803221324302   0.09036319986751273   1.242836515490092
0.510183790586628   0.09033654231253879   1.2429318733697943
0.5107983611763725   0.09054877985286744   1.2428390982769235
0.5107983611763725   0.09054877985286744   1.2428390982769235
0.5107983611763725   0.09054877985286744   1.2428390982769235
0.5107983611763725   0.09054877985286744   1.2428390982769235
0.5107983611763725   0.09054877985286744   1.2428390982769235
0.5107983611763725   0.09054877985286744   1.2428390982769235
0.5107983611763725   0.09054877985286744   1.2428390982769235
0.5107983611763725   0.09054877985286744   1.2428390982769235
0.5107983611763725   0.09054877985286744   1.2428390982769235
0.5107983611763725   0.09054877985286744   1.2428390982769235
0.5107348485829408   0.09049692285996361   1.242853029472145
0.5107348485829408   0.09049692285996361   1.242853029472145
