0  5  2.25  0.01  0.01  1.2562414216306146  -0.021068078118154265  2.0521682884339807  13.739014525821423  13.548926634345882  1.0  0.919  0.077  0.003  0.87  0.13  0.933  0.067  True
0  5  2.25  0.01  0.01  0.9349569261538206  -0.08635187023001811  0.9941204859512351  14.255183670137887  14.210987093197106  1.0  0.851  0.14  0.009  0.87  0.13  0.933  0.067  True
0  5  2.25  0.01  0.01  1.4762848979096512  -0.11060849401473519  2.1227200409041127  13.435383804033886  14.477415019080915  1.0  0.944  0.055  0.002  0.913  0.087  0.8  0.2  True
0  5  2.25  0.01  0.01  1.5442810752440703  -0.04048529851846251  2.1021643189863415  13.326480435711012  14.93562819127706  1.0  0.953  0.046  0.001  0.935  0.065  0.733  0.267  True
0  5  2.25  0.01  0.01  1.496354813543472  -0.06334480577787036  2.122563027564983  13.399340127585859  14.632643567199016  1.0  0.948  0.051  0.001  0.935  0.065  0.733  0.267  True
0  5  2.25  0.01  0.01  1.5437804685578578  -0.053040643065022944  2.112516623106296  13.34352320521108  14.867085184723228  1.0  0.952  0.046  0.001  0.935  0.065  0.733  0.267  True
0  5  2.25  0.01  0.01  1.265425682415781  0.4437643071864666  2.1621189710569872  13.58043271185105  14.210518143101519  1.0  0.938  0.059  0.003  0.913  0.087  0.8  0.2  True
0  5  2.25  0.01  0.01  1.3157729874182222  -0.06073589591277277  2.1224586296212204  13.66294200150394  13.735539609283185  1.0  0.926  0.071  0.003  0.891  0.109  0.867  0.133  True
0  5  2.25  0.01  0.01  1.2017994881289082  0.35994374165802345  2.1022775374517497  13.687027473729888  13.85281256714132  1.0  0.926  0.07  0.004  0.891  0.109  0.867  0.133  True
0  5  2.25  0.01  0.01  1.4447859611782623  0.11256217631422641  2.299473889134079  13.428674273871652  14.746944787176732  1.0  0.948  0.051  0.002  0.913  0.087  0.8  0.2  True
0  5  2.25  0.01  0.01  1.9806745911674044  -1.600102609934231  1.962344298739747  13.197512730591612  15.320782286317417  1.0  0.931  0.069  0.0  0.957  0.043  0.667  0.333  True
0  5  2.25  0.01  0.01  1.5891071233645064  -0.1450016242118337  2.1522917523434946  13.35031964990754  14.815790497524281  1.0  0.954  0.045  0.001  0.935  0.065  0.733  0.267  True
0  5  2.25  0.01  0.01  1.0374474475112434  0.8949982222196102  2.172979385783817  13.643664501519936  14.274351000217376  1.0  0.921  0.073  0.006  0.913  0.087  0.8  0.2  True
0  5  2.25  0.01  0.01  2.031519463777161  -2.122883191438987  1.8426899867899478  13.280495137936315  15.243301125891751  1.0  0.902  0.098  0.0  0.935  0.065  0.733  0.267  True
0  5  2.25  0.01  0.01  1.5808339381786607  -0.3674889580148676  2.072455221814618  13.36965723497057  14.660718485779146  1.0  0.946  0.053  0.001  0.935  0.065  0.733  0.267  True
0  5  2.25  0.01  0.01  1.7165588788857389  -1.012315527071681  1.9826911165236751  13.395933580189903  14.519996288024117  1.0  0.934  0.065  0.001  0.935  0.065  0.733  0.267  True
0  5  2.25  0.01  0.01  1.6143047574013982  -0.2562454169357664  2.1222896647820133  13.281852832567292  14.99897641158494  1.0  0.952  0.047  0.001  0.935  0.065  0.733  0.267  True
0  5  2.25  0.01  0.01  1.359481881349891  -0.06568579604331874  2.1129230804009898  13.605870938445218  13.916367026012901  1.0  0.932  0.066  0.002  0.891  0.109  0.867  0.133  True
0  5  2.25  0.01  0.01  1.293040847905396  -0.04546721866543854  2.0520574647739007  13.694146680207538  13.675752631153465  1.0  0.923  0.074  0.003  0.87  0.13  0.933  0.067  True
0  5  2.25  0.01  0.01  1.4170965947810155  -0.04880180795235284  2.062533324426928  13.511633765178367  14.276293151234983  1.0  0.939  0.059  0.002  0.913  0.087  0.8  0.2  True
0  5  2.25  0.01  0.01  1.5367544302524943  -0.3450100645072304  2.0829610684390145  13.435574798978525  14.424530087385323  1.0  0.942  0.057  0.001  0.913  0.087  0.8  0.2  True
0  5  2.25  0.01  0.01  1.0227553420057585  -1.3450384684436032  0.2740036137887686  14.443010863621687  14.758420479357891  1.0  0.778  0.213  0.009  0.891  0.109  0.867  0.133  True
0  5  2.25  0.01  0.01  1.1953565063478453  0.2369238756474779  2.1525440428055935  13.743817958755281  13.59018126633582  1.0  0.921  0.075  0.004  0.87  0.13  0.933  0.067  True
0  5  2.25  0.01  0.01  1.3952045234187456  -0.15556290408681792  2.0596306195955  13.574481515096592  14.018533571201342  1.0  0.933  0.065  0.002  0.913  0.087  0.8  0.2  True
0  5  2.25  0.01  0.01  1.3684463143499435  0.5233135049159379  2.2120182003162223  13.363770921055869  14.997251112494988  1.0  0.952  0.046  0.002  0.935  0.065  0.733  0.267  True
0  5  2.25  0.01  0.01  1.84459540673922  -1.940044160639168  1.732750731847758  13.579543282936418  14.250309056217288  1.0  0.893  0.106  0.0  0.913  0.087  0.8  0.2  True
0  5  2.25  0.01  0.01  1.3814318966519177  0.3649580182732163  2.3393914391326334  13.452953430489687  14.843403264699267  1.0  0.949  0.049  0.002  0.913  0.087  0.8  0.2  True
0  5  2.25  0.01  0.01  1.8921796692191584  -2.1648875905769933  1.8381171842619004  13.5773452848938  14.255535704353516  1.0  0.881  0.118  0.0  0.891  0.109  0.867  0.133  True
0  5  2.25  0.01  0.01  1.527165149683506  -0.16500303100663  2.132401954476893  13.600816793028264  13.977601786540175  1.0  0.947  0.052  0.001  0.891  0.109  0.867  0.133  True
0  5  2.25  0.01  0.01  1.6078541813947345  -0.6951095441894786  2.0128865766199664  13.448638817287815  14.34286702194793  1.0  0.936  0.063  0.001  0.913  0.087  0.8  0.2  True
1  5  2.25  0.01  0.01  0.4690168585272587  -0.2051127814854714  1.6188498172017582  14.853225488340328  14.29214653076213  1.0  0.682  0.295  0.023  0.659  0.341  0.833  0.167  True
1  5  2.25  0.01  0.01  0.41874252264203127  0.05498359220148423  0.9670011437922493  14.999044591576459  14.848576637068446  1.0  0.684  0.292  0.024  0.692  0.308  0.708  0.292  True
1  5  2.25  0.01  0.01  0.44386068465152506  -0.08459268662726176  1.6284090455548366  14.82759204667666  14.387931101901996  1.0  0.683  0.294  0.023  0.659  0.341  0.833  0.167  True
1  5  2.25  0.01  0.01  0.5008942647718906  0.0027391975537560224  1.6182277201838908  14.709154918742668  14.820759238737581  1.0  0.714  0.265  0.022  0.681  0.319  0.75  0.25  True
1  5  2.25  0.01  0.01  0.4757534564947696  0.1049982266582897  1.7684899296249907  14.749184787977201  14.689059664516021  1.0  0.712  0.266  0.022  0.681  0.319  0.75  0.25  True
1  5  2.25  0.01  0.01  0.5686051267375887  -0.15440935786547486  1.7081297525848615  14.713855341847072  14.770487344892723  1.0  0.728  0.253  0.02  0.692  0.308  0.708  0.292  True
1  5  2.25  0.01  0.01  0.5724113687312562  -0.02704727065407978  1.6882523377778647  14.659830376213247  14.983679014525066  1.0  0.739  0.241  0.02  0.703  0.297  0.667  0.333  True
1  5  2.25  0.01  0.01  0.46026702611008274  0.0251052618212841  1.6386356546730396  14.748060526628581  14.676315630851304  1.0  0.7  0.278  0.023  0.67  0.33  0.792  0.208  True
1  5  2.25  0.01  0.01  0.5542476073418502  -0.28746461438513793  1.6283202932406329  14.79719914119944  14.466978746143349  1.0  0.71  0.27  0.021  0.681  0.319  0.75  0.25  True
1  5  2.25  0.01  0.01  0.39829340082499126  0.23098789831605496  1.658421041937222  14.791374369044128  14.553712241419438  1.0  0.691  0.285  0.024  0.67  0.33  0.792  0.208  True
1  5  2.25  0.01  0.01  0.5208053880532624  -0.061911725780922564  1.8284890013877613  14.69508501004233  14.973991904162487  1.0  0.716  0.262  0.021  0.681  0.319  0.75  0.25  True
1  5  2.25  0.01  0.01  0.5312743215354607  -0.017291304694409308  1.6386249574702247  14.706572162532462  14.815666185033114  1.0  0.724  0.255  0.021  0.692  0.308  0.708  0.292  True
1  5  2.25  0.01  0.01  0.5468294361245755  0.030153794202009074  1.6986153069288845  14.691540262729848  14.868146364158777  1.0  0.734  0.245  0.02  0.703  0.297  0.667  0.333  True
1  5  2.25  0.01  0.01  0.6211488622048293  -0.3807686994931917  1.6483474617233713  14.735874526920043  14.693637387641756  1.0  0.728  0.253  0.019  0.692  0.308  0.708  0.292  True
1  5  2.25  0.01  0.01  0.7021697204950229  -0.4633005853981773  1.688320484936637  14.669229427272052  14.96927979006942  1.0  0.751  0.232  0.016  0.714  0.286  0.625  0.375  True
1  5  2.25  0.01  0.01  0.5709159996593982  0.0017080765919413477  1.6684718434422465  14.720978138973445  14.760578492757995  1.0  0.741  0.239  0.019  0.714  0.286  0.625  0.375  True
1  5  2.25  0.01  0.01  0.4858491362637961  0.14723676019708615  1.65838649163134  14.721960025650334  14.78089740604554  1.0  0.72  0.258  0.022  0.692  0.308  0.708  0.292  True
1  5  2.25  0.01  0.01  0.5819067693377473  -0.35106329816807735  1.6285247225863788  14.75169540809798  14.639095111666172  1.0  0.715  0.265  0.02  0.681  0.319  0.75  0.25  True
1  5  2.25  0.01  0.01  0.5108687740592479  -0.07338247788975052  1.668227217041645  14.730194435459685  14.714680156509997  1.0  0.712  0.267  0.021  0.681  0.319  0.75  0.25  True
1  5  2.25  0.01  0.01  0.5156265509450548  0.0578292768468182  1.7185711447495589  14.702724174219519  14.830072294798953  1.0  0.725  0.254  0.021  0.692  0.308  0.708  0.292  True
1  5  2.25  0.01  0.01  0.44610109421508876  0.2268835474357337  1.7986176271444256  14.678853071600075  15.004623029481058  1.0  0.711  0.266  0.023  0.681  0.319  0.75  0.25  True
1  5  2.25  0.01  0.01  0.48136024989069903  -0.04089365190093015  1.5682756437260048  14.80336687153455  14.499702564143746  1.0  0.702  0.276  0.022  0.681  0.319  0.75  0.25  True
1  5  2.25  0.01  0.01  0.5637593436972843  -0.11720043225403493  1.7188591450144222  14.66803750780429  14.947732006883486  1.0  0.728  0.252  0.02  0.692  0.308  0.708  0.292  True
1  5  2.25  0.01  0.01  0.5502576211809753  -0.16500820579430098  1.7385708106043607  14.722554203776816  14.754956736240734  1.0  0.719  0.261  0.02  0.681  0.319  0.75  0.25  True
1  5  2.25  0.01  0.01  0.5113715394338285  0.11500011622678842  1.7881363198954616  14.737702151529158  14.749577468793037  1.0  0.728  0.251  0.021  0.692  0.308  0.708  0.292  True
1  5  2.25  0.01  0.01  0.5002554052697211  0.07930453081707695  1.6330191131035903  14.739852289834232  14.714296211222589  1.0  0.72  0.258  0.021  0.692  0.308  0.708  0.292  True
1  5  2.25  0.01  0.01  0.25024943241852815  0.8943032486983444  1.6887809589225535  14.840259602952248  14.678596079039183  1.0  0.687  0.287  0.026  0.681  0.319  0.75  0.25  True
1  5  2.25  0.01  0.01  0.6127823637953818  -0.3849969503939073  1.6173861034796582  14.711010253539573  14.796737967960203  1.0  0.725  0.256  0.019  0.692  0.308  0.708  0.292  True
1  5  2.25  0.01  0.01  0.4515167612504184  0.09500431780348961  1.6740167147002873  14.753921790633498  14.657265657100233  1.0  0.702  0.275  0.023  0.67  0.33  0.792  0.208  True
1  5  2.25  0.01  0.01  0.3296728472008504  0.46499886410904634  1.6174547218374002  14.74672725381645  14.840876597256248  1.0  0.682  0.292  0.025  0.681  0.319  0.75  0.25  True
