9  0  3.5  1.75  0.01  0.01  0.38082564436350985  -0.022767128838433237  0.619187138906306  14.7236998124646  1.0  0.637  0.27  0.093  0.667  0.333
9  0  3.5  1.75  0.01  0.01  0.42745854754901996  0.1781061540396524  0.5572524063071228  14.364457941172484  1.0  0.686  0.228  0.086  0.713  0.287
9  0  3.5  1.75  0.01  0.01  0.2557217423433824  0.1022322697572659  0.824049669958809  15.685306853358444  1.0  0.591  0.308  0.101  0.63  0.37
9  0  3.5  1.75  0.01  0.01  0.5591494893327016  -0.01250183722964393  0.6770300072259086  14.409437974831528  1.0  0.722  0.202  0.076  0.741  0.259
9  0  3.5  1.75  0.01  0.01  0.4203702839394811  -0.1881178932607357  0.6642879944314893  14.37967210767958  1.0  0.634  0.275  0.091  0.657  0.343
9  0  3.5  1.75  0.01  0.01  0.3424995157923242  0.036962377092023546  0.6965594936591226  14.423833781547703  1.0  0.626  0.278  0.095  0.657  0.343
9  0  3.5  1.75  0.01  0.01  0.5382708985304846  0.022231517454750493  0.9691773443424564  15.86514475825724  1.0  0.716  0.206  0.078  0.722  0.278
9  0  3.5  1.75  0.01  0.01  0.40382041658597867  -0.19613413991477105  0.5026157494710806  14.535654165665573  1.0  0.624  0.283  0.093  0.657  0.343
9  0  3.5  1.75  0.01  0.01  0.2689501778576952  -0.013949613265845512  0.5834336219069898  14.482223400476919  1.0  0.582  0.316  0.101  0.62  0.38
9  0  3.5  1.75  0.01  0.01  0.2490575979387449  -0.003675695930925482  0.4897458906526327  14.577719133168227  1.0  0.574  0.324  0.102  0.611  0.389
9  0  3.5  1.75  0.01  0.01  0.3406221221769706  0.10118912806236302  0.5675040071927052  14.50636651716346  1.0  0.634  0.272  0.095  0.667  0.333
9  0  3.5  1.75  0.01  0.01  0.45372774724242554  -0.18761989770831328  0.6026565258003249  14.366249442181752  1.0  0.65  0.261  0.088  0.676  0.324
9  0  3.5  1.75  0.01  0.01  0.4833335573396192  -0.07176283280955192  0.6082645990695535  14.628860761864358  1.0  0.68  0.236  0.084  0.704  0.296
9  0  3.5  1.75  0.01  0.01  0.3365924966580807  0.032997232248205444  0.7148458751366632  14.771439447501162  1.0  0.622  0.282  0.096  0.648  0.352
9  0  3.5  1.75  0.01  0.01  0.35067403720646245  -0.06047828853210341  0.6084886646303488  14.602695497638754  1.0  0.617  0.287  0.096  0.657  0.343
9  0  3.5  1.75  0.01  0.01  0.33812193217923464  -0.16660658296015313  0.6529099861489541  14.847411167237498  1.0  0.595  0.307  0.098  0.63  0.37
9  0  3.5  1.75  0.01  0.01  0.40035626691167936  -0.12135458610479254  0.5876309877082885  14.599269951522913  1.0  0.633  0.274  0.092  0.667  0.333
9  0  3.5  1.75  0.01  0.01  0.4350490898895685  -0.1497730667448941  0.8955318665665196  16.840643632783696  1.0  0.646  0.264  0.09  0.667  0.333
9  0  3.5  1.75  0.01  0.01  0.34442063542635415  -0.1720118842806273  0.5573281525820305  14.712703561560094  1.0  0.599  0.304  0.097  0.639  0.361
9  0  3.5  1.75  0.01  0.01  0.33475947490091107  -0.05693658595199086  0.6791964038272167  14.757522695070193  1.0  0.609  0.294  0.097  0.639  0.361
9  0  3.5  1.75  0.01  0.01  0.3855268469200416  0.13148456809549397  0.8133968812236871  15.571814511297633  1.0  0.66  0.25  0.091  0.685  0.315
9  0  3.5  1.75  0.01  0.01  0.29721819231695845  -0.1518191643588882  0.7358668504701175  14.4764526078682  1.0  0.577  0.322  0.1  0.611  0.389
9  0  3.5  1.75  0.01  0.01  0.25507662068043924  0.15703643556857105  0.4062342999914736  14.65352229949161  1.0  0.599  0.301  0.1  0.648  0.352
9  0  3.5  1.75  0.01  0.01  0.21935026724678908  0.17804554556379093  0.822886686857274  17.934894009143836  1.0  0.584  0.314  0.102  0.63  0.37
9  0  3.5  1.75  0.01  0.01  0.28545825453961876  0.13466520026198137  0.4957444638138814  14.509210652025441  1.0  0.61  0.291  0.098  0.648  0.352
9  0  3.5  1.75  0.01  0.01  0.4394194730469028  -0.005675550146045927  0.7937578375002593  16.66277676778389  1.0  0.667  0.245  0.088  0.694  0.306
9  0  3.5  1.75  0.01  0.01  0.35187557338301456  -0.05871011951412061  0.5475010334036944  14.568133740880642  1.0  0.618  0.287  0.096  0.657  0.343
9  0  3.5  1.75  0.01  0.01  0.31187328967796885  0.14074703760412738  0.5651963584865937  14.538665029889417  1.0  0.625  0.279  0.096  0.667  0.333
9  0  3.5  1.75  0.01  0.01  0.4197057970729598  0.09074363862228163  0.7905716684508958  14.248078788530826  1.0  0.671  0.241  0.088  0.685  0.315
9  0  3.5  1.75  0.01  0.01  0.458802237747373  -0.10924513530011085  0.722074698644639  15.114921204295753  1.0  0.663  0.25  0.087  0.676  0.324
9  1  3.5  1.75  0.01  0.01  0.6894919406049329  -0.009863591673217986  0.45290160213163816  13.988675842731844  1.0  0.776  0.161  0.063  0.807  0.193
9  1  3.5  1.75  0.01  0.01  0.7415474131062257  0.034543257134398875  0.3742963886949531  14.023163869508474  1.0  0.8  0.143  0.057  0.842  0.158
9  1  3.5  1.75  0.01  0.01  0.697214265992708  0.1956882741703702  0.5894342176730685  14.054201968913388  1.0  0.801  0.14  0.059  0.825  0.175
9  1  3.5  1.75  0.01  0.01  0.7223291447054541  -0.11081086464022252  0.39765649825204796  14.029873471556199  1.0  0.778  0.161  0.061  0.825  0.175
9  1  3.5  1.75  0.01  0.01  0.7131870673179922  0.01792209484369134  0.7816604585493476  14.997904208398742  1.0  0.788  0.151  0.06  0.807  0.193
9  1  3.5  1.75  0.01  0.01  0.7527825432850263  0.018020359503676087  0.37255271936910134  13.882921937315754  1.0  0.803  0.141  0.056  0.842  0.158
9  1  3.5  1.75  0.01  0.01  0.7730791144780482  -0.17740311858798496  0.4297585909900292  14.017979461069597  1.0  0.79  0.154  0.057  0.851  0.149
9  1  3.5  1.75  0.01  0.01  0.9006342222223591  -0.05774985360387991  0.8505475073394857  14.781827141388948  1.0  0.845  0.112  0.043  0.86  0.14
9  1  3.5  1.75  0.01  0.01  0.7271032770485594  0.18408668881638363  0.559667349249832  13.842546973657804  1.0  0.81  0.134  0.056  0.842  0.158
9  1  3.5  1.75  0.01  0.01  0.8761265919823122  -0.12180811352740509  0.5539329520808048  13.885730410949238  1.0  0.831  0.123  0.046  0.868  0.132
9  1  3.5  1.75  0.01  0.01  0.5993870709867593  0.19219295376350776  0.49724218995348285  14.058081954271938  1.0  0.762  0.169  0.069  0.798  0.202
9  1  3.5  1.75  0.01  0.01  0.8065544781224699  -0.03345400175466123  0.5927732607293738  14.046915594512154  1.0  0.817  0.132  0.051  0.851  0.149
9  1  3.5  1.75  0.01  0.01  0.7478540020279535  -0.16367578460529777  0.8419024353379851  15.05512956874628  1.0  0.782  0.159  0.059  0.789  0.211
9  1  3.5  1.75  0.01  0.01  0.8764680819392656  -0.0695944313429808  0.49473917286659364  13.70323229623748  1.0  0.836  0.118  0.045  0.877  0.123
9  1  3.5  1.75  0.01  0.01  0.8922300692370523  -0.08786971081011781  0.8325239537951521  14.801429064233647  1.0  0.839  0.117  0.044  0.842  0.158
9  1  3.5  1.75  0.01  0.01  0.9363191744056867  -0.038532940472475186  0.9019131298097806  14.634464852979857  1.0  0.857  0.103  0.04  0.851  0.149
9  1  3.5  1.75  0.01  0.01  1.0067801163319097  -0.10177979612671884  0.9632064829956853  17.96483026698986  1.0  0.871  0.094  0.034  0.886  0.114
9  1  3.5  1.75  0.01  0.01  0.810867319021121  -0.1767701254726767  0.7018633790566907  13.922304126532367  1.0  0.803  0.144  0.053  0.833  0.167
9  1  3.5  1.75  0.01  0.01  0.8038931120919475  -0.017365659790795906  0.5388221617932585  13.975471676715811  1.0  0.817  0.131  0.052  0.842  0.158
9  1  3.5  1.75  0.01  0.01  0.7855957477951833  0.18428197049541534  0.7207145140158372  14.763012222294265  1.0  0.83  0.12  0.051  0.833  0.167
9  1  3.5  1.75  0.01  0.01  0.7156513994412302  -0.00035515272458958025  0.3707715750059821  13.957566984685071  1.0  0.787  0.153  0.06  0.825  0.175
9  1  3.5  1.75  0.01  0.01  0.8799724834427313  -0.19319742582746358  0.858595423328397  14.859875980598064  1.0  0.826  0.128  0.046  0.816  0.184
9  1  3.5  1.75  0.01  0.01  0.7900110686038456  0.1807096674018157  0.7666021914709579  15.88513348399701  1.0  0.831  0.119  0.05  0.842  0.158
9  1  3.5  1.75  0.01  0.01  0.8042699346857705  0.009255083696338706  0.9579601879311634  14.850468611509028  1.0  0.82  0.129  0.051  0.825  0.175
9  1  3.5  1.75  0.01  0.01  0.8103698920033305  0.02705113320535618  0.6815353240039045  13.708287882280848  1.0  0.824  0.126  0.05  0.833  0.167
9  1  3.5  1.75  0.01  0.01  0.7552035095857836  -0.056711437213763344  0.45880295648855335  13.966945693726453  1.0  0.796  0.147  0.057  0.816  0.184
9  1  3.5  1.75  0.01  0.01  0.689285694000237  -0.018581716864327774  0.39953165002328084  14.059701384501313  1.0  0.775  0.162  0.063  0.807  0.193
9  1  3.5  1.75  0.01  0.01  0.8095260502411783  0.12871523814548874  0.6634983109516474  13.71968463774859  1.0  0.833  0.118  0.049  0.86  0.14
9  1  3.5  1.75  0.01  0.01  0.7806922047012814  -0.19669044054234794  0.7090084659704982  14.973826835980852  1.0  0.79  0.154  0.056  0.798  0.202
9  1  3.5  1.75  0.01  0.01  0.7921233384009946  0.07353698986148244  0.694845940144559  13.73684630444943  1.0  0.822  0.127  0.052  0.833  0.167
8  0  3.5  1.75  0.01  0.01  0.39015323340328917  0.13906668357748492  0.48692901088928653  14.39864441197036  1.0  0.663  0.247  0.09  0.696  0.304
8  0  3.5  1.75  0.01  0.01  0.4270044813016288  0.14349214852359266  0.3840464186101858  14.435841727797719  1.0  0.681  0.233  0.087  0.716  0.284
8  0  3.5  1.75  0.01  0.01  0.4594022150693097  -0.00918925857216163  0.7754503000351437  14.76707434794735  1.0  0.677  0.238  0.086  0.686  0.314
8  0  3.5  1.75  0.01  0.01  0.4138783795900656  0.09789375656652993  0.6629763980793864  14.477483655671604  1.0  0.669  0.242  0.089  0.696  0.304
8  0  3.5  1.75  0.01  0.01  0.20462928124443588  0.19881752774681272  0.40293003927055215  14.698082194530905  1.0  0.579  0.318  0.103  0.627  0.373
8  0  3.5  1.75  0.01  0.01  0.4521998221418395  0.06656673031920729  0.37681536638815577  14.545873394253872  1.0  0.683  0.231  0.085  0.735  0.265
8  0  3.5  1.75  0.01  0.01  0.33582781247335064  0.1263900625146674  0.6503580369238784  14.439475512981815  1.0  0.635  0.27  0.095  0.667  0.333
8  0  3.5  1.75  0.01  0.01  0.2515860375941494  0.171060890724954  0.8301226965886537  15.790439885389516  1.0  0.599  0.301  0.1  0.637  0.363
8  0  3.5  1.75  0.01  0.01  0.4573094384192856  -0.1946380837988728  0.6401544484185783  14.595884147697323  1.0  0.652  0.26  0.088  0.667  0.333
8  0  3.5  1.75  0.01  0.01  0.44596640494886713  0.007229726909415757  0.7798898737870775  15.069861277824062  1.0  0.673  0.24  0.087  0.686  0.314
8  0  3.5  1.75  0.01  0.01  0.5015362393756915  -0.17053218820292293  0.6615622839360201  14.510806325541877  1.0  0.676  0.241  0.084  0.696  0.304
8  0  3.5  1.75  0.01  0.01  0.4375894810354581  -0.14455379880158634  0.5383528836359047  14.558533171462573  1.0  0.649  0.262  0.089  0.676  0.324
8  0  3.5  1.75  0.01  0.01  0.42823234897202367  -0.17533996149313294  0.37399779406880385  14.462003160492278  1.0  0.639  0.27  0.091  0.676  0.324
8  0  3.5  1.75  0.01  0.01  0.23110788252063036  0.06679411829525256  0.4319677355315846  14.516474305239527  1.0  0.574  0.323  0.103  0.618  0.382
8  0  3.5  1.75  0.01  0.01  0.32556521189319126  0.1612289829111792  0.5696628956421222  14.496744850438509  1.0  0.634  0.271  0.095  0.667  0.333
8  0  3.5  1.75  0.01  0.01  0.4048143523926395  0.07616573753719758  0.4109595194391538  14.404008176397696  1.0  0.662  0.248  0.09  0.696  0.304
8  0  3.5  1.75  0.01  0.01  0.393717900610313  0.17255545195383554  0.36986809930338466  14.474946889836188  1.0  0.669  0.242  0.089  0.716  0.284
8  0  3.5  1.75  0.01  0.01  0.29991444605135714  -0.03943321366025834  0.4013740767833448  14.580628901073684  1.0  0.594  0.307  0.099  0.637  0.363
8  0  3.5  1.75  0.01  0.01  0.4547819474756927  -0.10312537993251132  0.4564021587167494  14.438176570430972  1.0  0.663  0.25  0.087  0.686  0.314
8  0  3.5  1.75  0.01  0.01  0.4400982158330776  -0.04539779701556079  0.957177417312547  18.111857738480914  1.0  0.662  0.25  0.088  0.676  0.324
8  0  3.5  1.75  0.01  0.01  0.3878196645530021  0.09806261179320241  0.4570420262651327  14.400558297169725  1.0  0.657  0.252  0.091  0.696  0.304
8  0  3.5  1.75  0.01  0.01  0.3600198207863558  -0.036407306856755584  0.4160253553816784  14.57198291370538  1.0  0.624  0.281  0.095  0.667  0.333
8  0  3.5  1.75  0.01  0.01  0.3976169176206587  -0.002007415155433151  0.6151745204075966  14.471110936695016  1.0  0.648  0.261  0.091  0.676  0.324
8  0  3.5  1.75  0.01  0.01  0.496653287747746  0.13230771964239374  0.41614965905650037  14.29615692291077  1.0  0.711  0.208  0.08  0.745  0.255
8  0  3.5  1.75  0.01  0.01  0.37788197619459374  -0.06005872853825772  0.8320458431035587  16.865389476757667  1.0  0.63  0.276  0.094  0.647  0.353
8  0  3.5  1.75  0.01  0.01  0.4208651992863523  0.029582036652977012  0.5785045610367654  14.422883340476087  1.0  0.663  0.248  0.089  0.686  0.314
8  0  3.5  1.75  0.01  0.01  0.450376385052374  -0.1571552793655474  0.373789446815315  14.458131181771913  1.0  0.653  0.259  0.088  0.686  0.314
8  0  3.5  1.75  0.01  0.01  0.35790366387755057  -0.034396435961929706  0.5437591213211699  14.534112938282682  1.0  0.625  0.281  0.095  0.667  0.333
8  0  3.5  1.75  0.01  0.01  0.506631597845633  -0.15874439292562378  0.4190873495666454  14.289568805282794  1.0  0.679  0.237  0.083  0.706  0.294
8  0  3.5  1.75  0.01  0.01  0.3970127142749341  0.017595524609593738  0.9173610274460545  15.729234426218829  1.0  0.651  0.258  0.091  0.667  0.333
8  1  3.5  1.75  0.01  0.01  0.6745083957250658  -0.1353829189942487  0.41485807218809845  14.114620863739535  1.0  0.756  0.178  0.066  0.796  0.204
8  1  3.5  1.75  0.01  0.01  0.8336144984851699  -0.02823931610474481  0.5241726338124759  14.084465532978909  1.0  0.826  0.125  0.049  0.861  0.139
8  1  3.5  1.75  0.01  0.01  0.708822769041147  0.06013437618290551  0.6231754236312895  14.251449786486903  1.0  0.791  0.149  0.06  0.824  0.176
8  1  3.5  1.75  0.01  0.01  0.7972977042589083  0.14072024951780515  0.9510971518648991  13.785952006710538  1.0  0.83  0.12  0.05  0.824  0.176
8  1  3.5  1.75  0.01  0.01  0.7315424100568182  -0.12498841792836012  0.6534137209782508  15.121459901586537  1.0  0.78  0.159  0.06  0.815  0.185
8  1  3.5  1.75  0.01  0.01  0.8737017313264236  -0.16272163849502178  0.8822670943193908  14.976832438593624  1.0  0.827  0.127  0.047  0.833  0.167
8  1  3.5  1.75  0.01  0.01  0.7580924426743295  -0.13608018027445284  0.5825402414665395  14.041989377561142  1.0  0.788  0.154  0.058  0.843  0.157
8  1  3.5  1.75  0.01  0.01  0.9584705731941977  -0.10404234539092223  0.869231726403825  13.657025339772552  1.0  0.858  0.103  0.038  0.88  0.12
8  1  3.5  1.75  0.01  0.01  0.7646333906176725  -0.04492045964502642  0.37652571191013  14.000334728969992  1.0  0.801  0.143  0.056  0.852  0.148
8  1  3.5  1.75  0.01  0.01  0.9333010583890411  -0.005376463901711148  0.4776747666319303  13.728464012045709  1.0  0.859  0.102  0.039  0.88  0.12
8  1  3.5  1.75  0.01  0.01  0.7330484133943214  -0.16519043576547288  0.4828239815096623  14.275268231581508  1.0  0.775  0.164  0.061  0.815  0.185
8  1  3.5  1.75  0.01  0.01  0.8381867417896619  -0.10361055478480075  0.9235953639361562  15.024974440008386  1.0  0.821  0.13  0.049  0.815  0.185
8  1  3.5  1.75  0.01  0.01  0.8568236910049403  -0.17619884666479382  0.5419519879102099  14.140720188036104  1.0  0.819  0.132  0.049  0.843  0.157
8  1  3.5  1.75  0.01  0.01  0.6593204003944766  -0.12554042265705284  0.6919986200261311  15.241792481103841  1.0  0.751  0.182  0.068  0.778  0.222
8  1  3.5  1.75  0.01  0.01  0.8032774527950662  -0.16359075078765628  0.3990994113257676  13.956512521257975  1.0  0.803  0.144  0.053  0.843  0.157
8  1  3.5  1.75  0.01  0.01  0.7785553214538938  -0.15011418300491203  0.8955875354848911  16.293871981772238  1.0  0.795  0.149  0.056  0.796  0.204
8  1  3.5  1.75  0.01  0.01  0.6300680013509397  0.17131072308196177  0.3769192104732825  14.104244132285263  1.0  0.772  0.161  0.066  0.815  0.185
8  1  3.5  1.75  0.01  0.01  0.643886838471817  -0.1840321239419029  0.39310710691761175  14.226783512744246  1.0  0.738  0.192  0.07  0.787  0.213
8  1  3.5  1.75  0.01  0.01  0.9190519790312033  -0.16216222243803544  0.6704769026415175  13.714543312516472  1.0  0.841  0.116  0.043  0.861  0.139
8  1  3.5  1.75  0.01  0.01  0.7208969005728472  0.031636497434801264  0.6772216641695638  16.224063887784755  1.0  0.792  0.148  0.059  0.824  0.176
8  1  3.5  1.75  0.01  0.01  0.7436435464495585  -0.11838828638066015  0.5612859106363941  13.970628383591402  1.0  0.785  0.156  0.059  0.824  0.176
8  1  3.5  1.75  0.01  0.01  0.7736282591020409  -0.15961140051871567  0.49330333413562266  14.046295241577369  1.0  0.792  0.152  0.056  0.815  0.185
8  1  3.5  1.75  0.01  0.01  0.6655875431484034  0.0552798074644113  0.6573674773328223  15.127964967558073  1.0  0.774  0.161  0.064  0.806  0.194
8  1  3.5  1.75  0.01  0.01  0.8291821609941485  -0.023871093396272913  0.7426976237103622  16.06326125762876  1.0  0.826  0.125  0.049  0.843  0.157
8  1  3.5  1.75  0.01  0.01  0.8658059627549987  0.0019927263656240035  0.7478569809472133  14.848555842968349  1.0  0.839  0.115  0.045  0.861  0.139
8  1  3.5  1.75  0.01  0.01  0.755333890371545  0.18665919968012284  0.7991578288451568  13.806173714397275  1.0  0.821  0.126  0.053  0.843  0.157
8  1  3.5  1.75  0.01  0.01  0.7615696587022313  -0.021079792825765498  0.6157001148787002  14.527308002132918  1.0  0.802  0.142  0.056  0.833  0.167
8  1  3.5  1.75  0.01  0.01  0.6556265640591522  0.06458040500991769  0.5451094346101224  14.226354270819522  1.0  0.77  0.164  0.065  0.806  0.194
8  1  3.5  1.75  0.01  0.01  0.824734975265893  0.06260320580491097  0.8930465048251662  13.78008968348973  1.0  0.832  0.12  0.049  0.843  0.157
8  1  3.5  1.75  0.01  0.01  0.695858790015118  -0.013940236403290646  0.6490040654731019  15.11122720461727  1.0  0.779  0.159  0.062  0.796  0.204
7  0  3.5  1.75  0.01  0.01  0.24266887579876126  0.0521867425870296  0.6118627177569114  14.759332787278375  1.0  0.577  0.32  0.102  0.618  0.382
7  0  3.5  1.75  0.01  0.01  0.299402489851264  0.17491224356947005  0.5927213811073143  14.472307040732503  1.0  0.623  0.28  0.097  0.657  0.343
7  0  3.5  1.75  0.01  0.01  0.31643762833279454  0.18589950225679214  0.4993699119026067  14.44277621955535  1.0  0.634  0.271  0.095  0.667  0.333
7  0  3.5  1.75  0.01  0.01  0.3222675024280988  0.09589810803318399  0.6668492034281166  14.375094623544335  1.0  0.625  0.279  0.096  0.647  0.353
7  0  3.5  1.75  0.01  0.01  0.3846826995748467  -0.13735241181875324  0.6869186171298161  14.58052537157531  1.0  0.623  0.283  0.094  0.647  0.353
7  0  3.5  1.75  0.01  0.01  0.3810724108916348  -0.05856535228218296  0.646863115562812  14.379769389330827  1.0  0.632  0.275  0.093  0.657  0.343
7  0  3.5  1.75  0.01  0.01  0.26875380472190497  0.17409527756634052  0.965499528809828  15.928941367538684  1.0  0.607  0.293  0.099  0.637  0.363
7  0  3.5  1.75  0.01  0.01  0.3755023154346799  -0.15642564549820928  0.7184163576892773  15.012850902087811  1.0  0.616  0.29  0.095  0.647  0.353
7  0  3.5  1.75  0.01  0.01  0.3797025391097767  0.13647915327992427  0.7178992520537534  14.249610861447367  1.0  0.658  0.251  0.091  0.676  0.324
7  0  3.5  1.75  0.01  0.01  0.27172050013460614  0.12355577464577483  0.4799851167982695  14.453066665087023  1.0  0.602  0.299  0.1  0.637  0.363
7  0  3.5  1.75  0.01  0.01  0.38240669286144485  -0.13091122297860786  0.7197505476986039  14.64719154663191  1.0  0.623  0.283  0.094  0.637  0.363
7  0  3.5  1.75  0.01  0.01  0.38363494940777065  -0.101437412425955  0.9103225145101221  15.880585807576395  1.0  0.628  0.279  0.093  0.637  0.363
7  0  3.5  1.75  0.01  0.01  0.14623641159543402  0.14776938797138373  0.8255754645954326  16.87233860807907  1.0  0.542  0.352  0.106  0.588  0.412
7  0  3.5  1.75  0.01  0.01  0.3001441091874458  -0.14680127196021087  0.5820036963932441  14.965603166017855  1.0  0.579  0.321  0.1  0.618  0.382
7  0  3.5  1.75  0.01  0.01  0.3138835010245896  0.046239958764781985  0.42991895420559617  14.468659262642532  1.0  0.614  0.289  0.097  0.647  0.353
7  0  3.5  1.75  0.01  0.01  0.3460818469056714  0.1677096160949309  0.6892672315242565  14.90340258648357  1.0  0.646  0.261  0.093  0.667  0.333
7  0  3.5  1.75  0.01  0.01  0.3475691729310461  -0.06741023358055537  0.5587555979396481  14.610148049397482  1.0  0.614  0.29  0.096  0.647  0.353
7  0  3.5  1.75  0.01  0.01  0.1562456482562289  0.12386320492306929  0.43776920069810576  14.52335578706655  1.0  0.543  0.351  0.106  0.588  0.412
7  0  3.5  1.75  0.01  0.01  0.34735168004953715  0.06478913079490434  0.9505029250721205  18.105457743359  1.0  0.632  0.274  0.095  0.657  0.343
7  0  3.5  1.75  0.01  0.01  0.17445093032651893  0.17332398387701625  0.8102795007859441  18.155872442059607  1.0  0.559  0.336  0.105  0.608  0.392
7  0  3.5  1.75  0.01  0.01  0.28156598282775386  0.15482641137020264  0.37547228729946724  14.54410603745229  1.0  0.611  0.29  0.099  0.657  0.343
7  0  3.5  1.75  0.01  0.01  0.2787301438174352  0.1315593632459468  0.8517212059364209  15.737952432316353  1.0  0.607  0.294  0.099  0.637  0.363
7  0  3.5  1.75  0.01  0.01  0.3806407049518165  -0.05995399556860459  0.4210456985586942  14.504013773411106  1.0  0.632  0.275  0.093  0.667  0.333
7  0  3.5  1.75  0.01  0.01  0.40570513348596526  0.07358903382232829  0.5373332348988626  14.37323498661855  1.0  0.661  0.249  0.09  0.686  0.314
7  0  3.5  1.75  0.01  0.01  0.3488988010732924  0.061092676977054894  0.5002398051794428  14.45700139121541  1.0  0.632  0.273  0.095  0.667  0.333
7  0  3.5  1.75  0.01  0.01  0.2625866544059963  0.09635323434245813  0.37250169711586856  14.507958007936562  1.0  0.595  0.305  0.1  0.637  0.363
7  0  3.5  1.75  0.01  0.01  0.32263747048105523  -0.06305937723510119  0.5320480462915324  14.481232483496523  1.0  0.603  0.299  0.098  0.637  0.363
7  0  3.5  1.75  0.01  0.01  0.37709726242691793  0.09351179964584883  0.7553418765044135  14.604602115734469  1.0  0.65  0.258  0.092  0.667  0.333
7  0  3.5  1.75  0.01  0.01  0.4640191685886046  0.01523267543830481  0.839337696130117  18.05066091074185  1.0  0.683  0.232  0.085  0.696  0.304
7  0  3.5  1.75  0.01  0.01  0.3117238606408862  -0.18718200543896849  0.3946612737170325  14.610673253456806  1.0  0.579  0.321  0.1  0.627  0.373
7  1  3.5  1.75  0.01  0.01  0.8369875899153346  -0.13515343472403063  0.7210206396674095  16.095584149525852  1.0  0.817  0.134  0.05  0.843  0.157
7  1  3.5  1.75  0.01  0.01  0.8580881229434214  0.002638150695842084  0.749223759996267  14.809676205506356  1.0  0.837  0.117  0.046  0.852  0.148
7  1  3.5  1.75  0.01  0.01  0.7727069248757255  -0.1843034475716294  0.6289842597945647  13.93611276360724  1.0  0.789  0.154  0.057  0.815  0.185
7  1  3.5  1.75  0.01  0.01  0.8005877466210395  -0.04825364746919797  0.42753089110564885  13.952293333571738  1.0  0.813  0.135  0.052  0.843  0.157
7  1  3.5  1.75  0.01  0.01  0.7713698014562341  -0.05363326953439704  0.387707026997399  14.099234937170909  1.0  0.803  0.142  0.055  0.843  0.157
7  1  3.5  1.75  0.01  0.01  0.8122417691312953  -0.00433334331187929  0.5743866636763305  13.787757200312402  1.0  0.822  0.128  0.051  0.852  0.148
7  1  3.5  1.75  0.01  0.01  0.8395546648555506  -0.06000015487641003  0.7092361098852639  13.81829528599144  1.0  0.825  0.126  0.049  0.852  0.148
7  1  3.5  1.75  0.01  0.01  0.7382115383985262  0.17215422090980653  0.6908426129352041  15.029828374376379  1.0  0.813  0.132  0.055  0.861  0.139
7  1  3.5  1.75  0.01  0.01  0.9418412796558546  -0.16738433542964617  0.896218962873173  13.657677809142358  1.0  0.847  0.112  0.041  0.833  0.167
7  1  3.5  1.75  0.01  0.01  0.5787760883204784  0.19962503362019562  0.38871628660345814  14.288900113706857  1.0  0.755  0.174  0.071  0.806  0.194
7  1  3.5  1.75  0.01  0.01  0.7292851664554082  -0.13563641490655898  0.804550271488784  14.0428660603203  1.0  0.777  0.162  0.061  0.796  0.204
7  1  3.5  1.75  0.01  0.01  0.8141862488593756  -0.12639554230436995  0.7525118729473306  16.133622253496153  1.0  0.81  0.138  0.052  0.824  0.176
7  1  3.5  1.75  0.01  0.01  0.7300532320362156  0.0885833322954862  0.4760127943674789  13.864647266399494  1.0  0.802  0.141  0.057  0.833  0.167
7  1  3.5  1.75  0.01  0.01  0.7710461132369474  0.19320411209447041  0.6284124156216124  13.739755055434648  1.0  0.826  0.122  0.052  0.852  0.148
7  1  3.5  1.75  0.01  0.01  0.7749058952000158  -0.09001691174344068  0.9781204546362957  13.896654097549552  1.0  0.8  0.145  0.055  0.796  0.204
7  1  3.5  1.75  0.01  0.01  0.8855896958576542  0.1422245283501255  0.9402611726297746  15.86036697741595  1.0  0.857  0.101  0.042  0.852  0.148
7  1  3.5  1.75  0.01  0.01  0.8565972579888698  -0.18885279714683034  0.4865993063984531  13.791682697555554  1.0  0.818  0.133  0.049  0.861  0.139
7  1  3.5  1.75  0.01  0.01  0.6135484344315218  0.18669066592885136  0.725761328993412  16.330488020940404  1.0  0.768  0.164  0.068  0.796  0.204
7  1  3.5  1.75  0.01  0.01  0.823467116123206  -0.019189922689677535  0.8655786009035631  16.044092247176287  1.0  0.824  0.127  0.05  0.833  0.167
7  1  3.5  1.75  0.01  0.01  0.7537522447048889  0.020063540741017183  0.7496261742245168  15.059013502499818  1.0  0.803  0.141  0.056  0.833  0.167
7  1  3.5  1.75  0.01  0.01  0.8782493714329908  -0.19453318462877328  0.8266682029353211  16.126493471294015  1.0  0.825  0.128  0.047  0.833  0.167
7  1  3.5  1.75  0.01  0.01  0.8906092163342395  -0.10812585163032679  0.8382832941545537  16.013823429700263  1.0  0.837  0.119  0.045  0.843  0.157
7  1  3.5  1.75  0.01  0.01  0.8158003254064854  -0.05858317298948698  0.4330862747289448  14.0174682786702  1.0  0.817  0.132  0.051  0.87  0.13
7  1  3.5  1.75  0.01  0.01  0.7442822783035129  -0.16745147243752206  0.4129192536583918  14.023929744632015  1.0  0.78  0.161  0.059  0.806  0.194
7  1  3.5  1.75  0.01  0.01  0.7264413850216437  -0.06712648716155264  0.6810538460687479  15.19032283906024  1.0  0.784  0.156  0.06  0.824  0.176
7  1  3.5  1.75  0.01  0.01  0.7495682970569252  -0.16805250322090948  0.38099920333934345  14.26285567114459  1.0  0.782  0.159  0.059  0.833  0.167
7  1  3.5  1.75  0.01  0.01  0.7377462944504015  0.18907935940565807  0.612260913601418  14.413822981132823  1.0  0.815  0.13  0.055  0.861  0.139
7  1  3.5  1.75  0.01  0.01  0.7795227674815034  -0.13197355128377097  0.534060940975117  14.09926941157513  1.0  0.797  0.147  0.055  0.833  0.167
7  1  3.5  1.75  0.01  0.01  0.9094314746131231  -0.17011538870567267  0.7236834001611392  15.9765068600038  1.0  0.837  0.119  0.043  0.861  0.139
7  1  3.5  1.75  0.01  0.01  0.7724670566088097  0.06148076614837922  0.43439669671057995  13.982103581460892  1.0  0.814  0.132  0.054  0.87  0.13
6  0  3.5  1.75  0.01  0.01  0.4107929405470108  -0.05092119285356242  0.6806728382931588  14.83173947413843  1.0  0.648  0.261  0.091  0.677  0.323
6  0  3.5  1.75  0.01  0.01  0.4837952027015227  0.1651505537184641  0.6909663502017992  14.605854384279192  1.0  0.71  0.209  0.081  0.74  0.26
6  0  3.5  1.75  0.01  0.01  0.47065029939944214  0.16401087828832778  0.6538690516440897  14.268808599808017  1.0  0.703  0.214  0.082  0.729  0.271
6  0  3.5  1.75  0.01  0.01  0.4280283695141103  0.17863488588853382  0.9308962079120032  18.37276265980888  1.0  0.686  0.228  0.086  0.719  0.281
6  0  3.5  1.75  0.01  0.01  0.5189918638270319  -0.15915309413056883  0.6906573931467618  14.565029999531703  1.0  0.685  0.233  0.082  0.698  0.302
6  0  3.5  1.75  0.01  0.01  0.4988577737386111  -0.047900020754240435  0.4631090719607922  14.462133815993065  1.0  0.69  0.228  0.083  0.729  0.271
6  0  3.5  1.75  0.01  0.01  0.3191565635718949  0.134919059001316  0.6196960195621289  14.724897136898086  1.0  0.627  0.277  0.096  0.677  0.323
6  0  3.5  1.75  0.01  0.01  0.4335203307668556  -0.1600570034567137  0.38978191547530777  14.535302649966894  1.0  0.644  0.266  0.09  0.688  0.312
6  0  3.5  1.75  0.01  0.01  0.4137372735034174  -0.08547068015674913  0.6831764517351859  14.68287134474277  1.0  0.644  0.265  0.091  0.677  0.323
6  0  3.5  1.75  0.01  0.01  0.4047520448188436  0.015398549289728447  0.7842038343012501  14.401397717005791  1.0  0.654  0.255  0.09  0.688  0.312
6  0  3.5  1.75  0.01  0.01  0.4176957278813053  -0.01221606217392085  0.5301172215297532  14.496574457448498  1.0  0.657  0.254  0.09  0.698  0.302
6  0  3.5  1.75  0.01  0.01  0.3553251955638104  0.10542760849357635  0.6634142658086305  14.599364115380004  1.0  0.642  0.264  0.093  0.677  0.323
6  0  3.5  1.75  0.01  0.01  0.3146650042451213  0.047093342768586594  0.7977205608187941  15.848067879453685  1.0  0.614  0.289  0.097  0.656  0.344
6  0  3.5  1.75  0.01  0.01  0.4796348222325024  -0.17029309246301072  0.6689301844997225  14.589269735233387  1.0  0.665  0.249  0.086  0.698  0.302
6  0  3.5  1.75  0.01  0.01  0.27745551385835276  0.1552482224298823  0.5992228653233893  14.78790538046197  1.0  0.61  0.291  0.099  0.656  0.344
6  0  3.5  1.75  0.01  0.01  0.33296656869228725  0.1640653456736098  0.4369714144432422  14.52153116888262  1.0  0.638  0.268  0.095  0.688  0.312
6  0  3.5  1.75  0.01  0.01  0.31673145344473874  0.016685481654331147  0.5210592190873612  14.59073713423552  1.0  0.611  0.292  0.097  0.656  0.344
6  0  3.5  1.75  0.01  0.01  0.45731598542306034  -0.1256355587330411  0.44559671541053525  14.495002519628388  1.0  0.66  0.253  0.087  0.698  0.302
6  0  3.5  1.75  0.01  0.01  0.389102019132275  0.0021470537109551935  0.6976214150233266  15.037429622169881  1.0  0.644  0.264  0.092  0.667  0.333
6  0  3.5  1.75  0.01  0.01  0.537441520915311  -0.01060679365393899  0.6391910621301958  14.562707318390851  1.0  0.712  0.209  0.078  0.74  0.26
6  0  3.5  1.75  0.01  0.01  0.35508762822377554  0.17753456423593728  0.9089604129124067  17.157971886814977  1.0  0.651  0.256  0.092  0.688  0.312
6  0  3.5  1.75  0.01  0.01  0.42519395042661506  -0.19810433572289227  0.49512528743077105  14.63566665630195  1.0  0.635  0.274  0.091  0.688  0.312
6  0  3.5  1.75  0.01  0.01  0.33466234237467435  -0.12478947340096394  0.8389403518209844  15.820801888568617  1.0  0.601  0.302  0.097  0.646  0.354
6  0  3.5  1.75  0.01  0.01  0.36412058856341006  -0.014291642555841477  0.43606426722661484  14.615316050604541  1.0  0.63  0.275  0.094  0.677  0.323
6  0  3.5  1.75  0.01  0.01  0.4279172795986305  -0.16836776984167567  0.3976044158032395  14.546921309021556  1.0  0.64  0.269  0.09  0.688  0.312
6  0  3.5  1.75  0.01  0.01  0.3818796392641567  0.002861166036674634  0.4833935661321497  14.60665353544843  1.0  0.641  0.267  0.093  0.688  0.312
6  0  3.5  1.75  0.01  0.01  0.32098879758191634  0.007095969303697908  0.5856684035381771  14.81319256839153  1.0  0.612  0.291  0.097  0.656  0.344
6  0  3.5  1.75  0.01  0.01  0.4124170405651349  -0.11142331211329913  0.5497802311916561  14.806233548459126  1.0  0.641  0.268  0.091  0.688  0.312
6  0  3.5  1.75  0.01  0.01  0.5054612228815494  -0.153691979221247  0.7542516608570146  14.796309942246848  1.0  0.68  0.237  0.083  0.708  0.292
6  0  3.5  1.75  0.01  0.01  0.40832686671071017  -0.0157647475286517  0.5958388027657435  14.5519430031974  1.0  0.651  0.259  0.091  0.688  0.312
6  1  3.5  1.75  0.01  0.01  0.7554186498959353  0.12958243914858353  0.5210721487341466  13.798892776874661  1.0  0.815  0.131  0.054  0.842  0.158
6  1  3.5  1.75  0.01  0.01  0.7193861399015843  -0.17242712120124049  0.39105484780903255  14.13097048924194  1.0  0.77  0.168  0.062  0.816  0.184
6  1  3.5  1.75  0.01  0.01  0.9713612303250903  -0.1953762616928254  0.8796361486321242  13.593268579964452  1.0  0.853  0.108  0.038  0.842  0.158
6  1  3.5  1.75  0.01  0.01  0.649662068332903  -0.107115466755574  0.48346471880923203  14.093992136094522  1.0  0.749  0.183  0.068  0.781  0.219
6  1  3.5  1.75  0.01  0.01  0.6881402872863186  0.12209989659468568  0.6827440067568008  17.265504059457797  1.0  0.789  0.149  0.061  0.833  0.167
6  1  3.5  1.75  0.01  0.01  1.0133791939042822  -0.08897811140026568  0.979330159473915  15.787785770941683  1.0  0.874  0.092  0.034  0.886  0.114
6  1  3.5  1.75  0.01  0.01  0.8044586483614561  0.06886958937183862  0.997858364673889  14.821224417932857  1.0  0.826  0.124  0.05  0.816  0.184
6  1  3.5  1.75  0.01  0.01  0.7960668170259952  0.07118713397580018  0.8174606986341807  13.798795267272723  1.0  0.823  0.126  0.051  0.851  0.149
6  1  3.5  1.75  0.01  0.01  0.7682724431076811  -0.12483799396943462  0.4376785828318203  13.920544463272332  1.0  0.794  0.149  0.056  0.833  0.167
6  1  3.5  1.75  0.01  0.01  0.7809184215831461  0.16403879878738248  0.5687631528858449  13.719540502001612  1.0  0.826  0.122  0.051  0.851  0.149
6  1  3.5  1.75  0.01  0.01  0.8455086368454094  -0.1870263884573805  0.7929570272362517  14.944777626564523  1.0  0.814  0.136  0.05  0.825  0.175
6  1  3.5  1.75  0.01  0.01  0.8189767244710017  -0.09640470578993227  0.40510290688392725  13.81981356048066  1.0  0.814  0.135  0.051  0.86  0.14
6  1  3.5  1.75  0.01  0.01  0.971999604605251  -0.1642949920809068  0.8935683279268422  14.725198078937952  1.0  0.857  0.105  0.038  0.868  0.132
6  1  3.5  1.75  0.01  0.01  0.7338645867005138  -0.129756986934405  0.376970860519226  14.12586536732481  1.0  0.78  0.16  0.06  0.842  0.158
6  1  3.5  1.75  0.01  0.01  0.6990596365475606  0.16142703841691614  0.4816911632499349  14.110804867772925  1.0  0.798  0.143  0.059  0.833  0.167
6  1  3.5  1.75  0.01  0.01  0.8020631392506963  -0.17907291899686825  0.7220792354555219  15.995223310721213  1.0  0.8  0.146  0.054  0.798  0.202
6  1  3.5  1.75  0.01  0.01  0.8855619290508441  -0.19631433209624238  0.4799164951402896  13.749809293429092  1.0  0.827  0.127  0.046  0.868  0.132
6  1  3.5  1.75  0.01  0.01  0.7531985790244495  -0.017283780291011352  0.5044335383862361  13.965364168050964  1.0  0.799  0.144  0.057  0.851  0.149
6  1  3.5  1.75  0.01  0.01  0.9778202525729724  -0.1769914442346007  0.5789314897561383  14.048408705132662  1.0  0.857  0.106  0.038  0.904  0.096
6  1  3.5  1.75  0.01  0.01  0.647446525800819  -0.03478589505156232  0.37412182640461544  14.237177281850455  1.0  0.757  0.175  0.067  0.816  0.184
6  1  3.5  1.75  0.01  0.01  0.7465446800683903  0.008577528513516036  0.4472059121831098  13.985407863598846  1.0  0.8  0.143  0.057  0.86  0.14
6  1  3.5  1.75  0.01  0.01  0.7882632307569978  -0.0031098734304638442  0.3702660454240677  13.986445189417132  1.0  0.814  0.134  0.053  0.886  0.114
6  1  3.5  1.75  0.01  0.01  0.6683851995900062  0.09189169971389849  0.48342373264029587  14.300126129861598  1.0  0.779  0.158  0.064  0.816  0.184
6  1  3.5  1.75  0.01  0.01  0.7308788251632772  0.10448625633146069  0.5424908266796384  14.085392565008437  1.0  0.803  0.14  0.057  0.851  0.149
6  1  3.5  1.75  0.01  0.01  0.9132305232553356  -0.06070744232064104  0.7518425084528105  13.69182895593528  1.0  0.848  0.11  0.042  0.877  0.123
6  1  3.5  1.75  0.01  0.01  0.7798440449954208  -0.057272236753873135  0.3767673402611801  13.98543190367769  1.0  0.805  0.141  0.054  0.86  0.14
6  1  3.5  1.75  0.01  0.01  0.713683413445601  -0.16806416609680563  0.4432488254022996  14.034977706385622  1.0  0.768  0.17  0.063  0.807  0.193
6  1  3.5  1.75  0.01  0.01  0.87562595031876  -0.17472313548553614  0.4881841240391783  13.89634200168253  1.0  0.826  0.127  0.047  0.877  0.123
6  1  3.5  1.75  0.01  0.01  0.9013486404299528  -0.15685387728776573  0.8320833904936876  15.851636349830063  1.0  0.836  0.12  0.044  0.833  0.167
6  1  3.5  1.75  0.01  0.01  0.780641866084982  -0.09797099418492637  0.41136622933114425  13.954374183605244  1.0  0.801  0.144  0.055  0.86  0.14
5  0  3.5  1.75  0.01  0.01  0.3854096826614764  -0.17636136051478038  0.49067505188872335  14.518729359300314  1.0  0.618  0.288  0.094  0.648  0.352
5  0  3.5  1.75  0.01  0.01  0.43334113749606124  0.10426756310687907  0.5675308526326254  14.478997761719219  1.0  0.678  0.235  0.087  0.704  0.296
5  0  3.5  1.75  0.01  0.01  0.3040458092414492  -0.06647704971583557  0.8466004032906382  15.643071250343493  1.0  0.592  0.309  0.099  0.62  0.38
5  0  3.5  1.75  0.01  0.01  0.40008917417089235  -0.03904032986922376  0.540253879028679  14.308544309173678  1.0  0.644  0.264  0.091  0.667  0.333
5  0  3.5  1.75  0.01  0.01  0.5140124625110832  -0.16967637168750171  0.8614977962413838  17.746390694589234  1.0  0.682  0.236  0.083  0.704  0.296
5  0  3.5  1.75  0.01  0.01  0.34679160958279454  -0.026557094990610486  0.6158077617981751  14.450916881674473  1.0  0.619  0.285  0.096  0.639  0.361
5  0  3.5  1.75  0.01  0.01  0.37433567516386274  -0.16565806871107638  0.37594706419213325  14.483566347713072  1.0  0.614  0.291  0.095  0.648  0.352
5  0  3.5  1.75  0.01  0.01  0.31348204997878204  0.020411724937820785  0.5445483989403553  14.53138824122568  1.0  0.609  0.293  0.098  0.639  0.361
5  0  3.5  1.75  0.01  0.01  0.17414455266847828  0.10847035262075044  0.5979404142193312  14.677369573546954  1.0  0.551  0.344  0.105  0.593  0.407
5  0  3.5  1.75  0.01  0.01  0.3046761560726531  -0.1018225084174937  0.6277199967273824  14.606673650918387  1.0  0.588  0.312  0.099  0.62  0.38
5  0  3.5  1.75  0.01  0.01  0.4206781296386272  -0.014753127822834028  0.7472712996173672  14.567485858596957  1.0  0.658  0.253  0.089  0.667  0.333
5  0  3.5  1.75  0.01  0.01  0.2740441877724888  0.11431026584625775  0.45361403592092303  14.431927308472131  1.0  0.602  0.299  0.1  0.639  0.361
5  0  3.5  1.75  0.01  0.01  0.35091642164386266  0.12238581549988725  0.9672195391532846  16.74474511705571  1.0  0.641  0.265  0.094  0.657  0.343
5  0  3.5  1.75  0.01  0.01  0.34332858427717333  0.15606509458567697  0.7336629062328357  14.533842305356325  1.0  0.643  0.263  0.094  0.667  0.333
5  0  3.5  1.75  0.01  0.01  0.35975231330199525  0.19169099442202742  0.6458980233386679  14.257511276344653  1.0  0.655  0.253  0.092  0.667  0.333
5  0  3.5  1.75  0.01  0.01  0.538016153829371  -0.17736323107828844  0.40478407560223156  14.341459266755473  1.0  0.691  0.228  0.08  0.713  0.287
5  0  3.5  1.75  0.01  0.01  0.42723692600110375  -0.11363302021095603  0.7075206010474571  14.234253204594253  1.0  0.648  0.262  0.09  0.657  0.343
5  0  3.5  1.75  0.01  0.01  0.2795369693556336  -0.16276866242592397  0.4349513614473093  14.508910882485004  1.0  0.567  0.332  0.101  0.602  0.398
5  0  3.5  1.75  0.01  0.01  0.42786909038614335  0.043955143118295126  0.8608581368659005  16.75554721008162  1.0  0.668  0.244  0.088  0.676  0.324
5  0  3.5  1.75  0.01  0.01  0.40913589589442995  -0.04912012763199916  0.3949942291407755  14.320038195281816  1.0  0.647  0.262  0.091  0.676  0.324
5  0  3.5  1.75  0.01  0.01  0.5532292817826407  -0.14910253843163948  0.9353429239685475  16.696664680588224  1.0  0.702  0.219  0.079  0.704  0.296
5  0  3.5  1.75  0.01  0.01  0.324163199898717  0.1963116694771891  0.9667381034649889  14.519499726959085  1.0  0.639  0.266  0.095  0.639  0.361
5  0  3.5  1.75  0.01  0.01  0.5166950734127274  -0.11071703851185943  0.7193023850009458  14.682481790666175  1.0  0.69  0.228  0.082  0.694  0.306
5  0  3.5  1.75  0.01  0.01  0.35310976680300077  0.04698401928237236  0.7022387221100245  14.698940697150057  1.0  0.633  0.273  0.094  0.657  0.343
5  0  3.5  1.75  0.01  0.01  0.43420243506217304  0.1929886262240582  0.7478800982391813  14.862039594516803  1.0  0.69  0.224  0.085  0.694  0.306
5  0  3.5  1.75  0.01  0.01  0.427792708872827  0.14276792248293452  0.9557789722168136  15.459884676338788  1.0  0.681  0.232  0.087  0.676  0.324
5  0  3.5  1.75  0.01  0.01  0.4728572905611396  -0.0017382637512118326  0.8279616316230286  17.618619197806428  1.0  0.684  0.231  0.084  0.694  0.306
5  0  3.5  1.75  0.01  0.01  0.2828009795962208  0.18604510892118659  0.4188907377678329  14.522731073233468  1.0  0.617  0.285  0.098  0.657  0.343
5  0  3.5  1.75  0.01  0.01  0.32861461734311936  0.06400133939007552  0.41656751019838106  14.384654212308815  1.0  0.622  0.282  0.096  0.657  0.343
5  0  3.5  1.75  0.01  0.01  0.26854752375730045  0.13096324646417057  0.6299617869860158  14.399108825591862  1.0  0.602  0.299  0.1  0.63  0.37
5  1  3.5  1.75  0.01  0.01  0.6677816187763033  0.08852691206705454  0.40878848050067434  14.032588169688486  1.0  0.778  0.158  0.064  0.824  0.176
5  1  3.5  1.75  0.01  0.01  0.713732728015056  -0.02467883583703162  0.5572062113801196  14.045267233557494  1.0  0.784  0.155  0.061  0.833  0.167
5  1  3.5  1.75  0.01  0.01  0.722334988559008  0.1307909083480372  0.6919360735985174  13.905120219573458  1.0  0.803  0.139  0.058  0.833  0.167
5  1  3.5  1.75  0.01  0.01  0.8785690563322912  0.06212817482164196  0.8623621063011746  13.695162714036778  1.0  0.848  0.108  0.043  0.852  0.148
5  1  3.5  1.75  0.01  0.01  0.7978236430300746  0.14068415362863668  0.8220699522254614  13.683119326311592  1.0  0.83  0.12  0.05  0.843  0.157
5  1  3.5  1.75  0.01  0.01  0.8038028515308868  0.11856489399052156  0.9796505387883072  13.790439575121605  1.0  0.83  0.12  0.05  0.843  0.157
5  1  3.5  1.75  0.01  0.01  0.8551029652536885  -0.07286469955723587  0.5722403602334067  13.720704471918614  1.0  0.829  0.123  0.047  0.852  0.148
5  1  3.5  1.75  0.01  0.01  0.9149261399736552  -0.188645407917628  0.9562191808761554  13.841050162341917  1.0  0.837  0.12  0.043  0.852  0.148
5  1  3.5  1.75  0.01  0.01  0.697283820940206  0.004979161996502723  0.8786410262862964  13.978402267748539  1.0  0.78  0.158  0.062  0.787  0.213
5  1  3.5  1.75  0.01  0.01  0.951491938882447  -0.11590980978988302  0.6560658072015081  13.565353825081242  1.0  0.854  0.106  0.039  0.88  0.12
5  1  3.5  1.75  0.01  0.01  0.7954344078235759  0.13483929479597678  0.6623123352475386  13.763859706260993  1.0  0.828  0.121  0.05  0.861  0.139
5  1  3.5  1.75  0.01  0.01  0.6981165398189082  0.09764807171377793  0.41100107057134655  14.043787280617627  1.0  0.791  0.148  0.06  0.852  0.148
5  1  3.5  1.75  0.01  0.01  0.925270587279568  -0.13177591131000338  0.5726620058798662  13.668168985380888  1.0  0.846  0.113  0.042  0.889  0.111
5  1  3.5  1.75  0.01  0.01  0.792206499171372  0.060554614974447474  0.46657715360608115  13.811858212919846  1.0  0.821  0.128  0.052  0.861  0.139
5  1  3.5  1.75  0.01  0.01  0.8101207728401897  -0.09539942483643614  0.5670284835295597  13.901654976895806  1.0  0.811  0.137  0.052  0.852  0.148
5  1  3.5  1.75  0.01  0.01  0.8473881353074203  0.02848993044429493  0.4627089164637689  13.709609254574886  1.0  0.836  0.117  0.047  0.88  0.12
5  1  3.5  1.75  0.01  0.01  0.7188670394869897  0.163095335641935  0.6217485745332522  13.913785226262585  1.0  0.805  0.138  0.057  0.843  0.157
5  1  3.5  1.75  0.01  0.01  0.5991065377179172  0.1492204874139081  0.36836343536995264  14.196480264790463  1.0  0.758  0.173  0.07  0.815  0.185
5  1  3.5  1.75  0.01  0.01  0.9345865793191019  -0.09328318364492807  0.9854294831258854  13.816675453453106  1.0  0.852  0.108  0.04  0.852  0.148
5  1  3.5  1.75  0.01  0.01  0.8710362655870463  -0.11017545934841606  0.6746312670695456  13.770868290542044  1.0  0.831  0.123  0.046  0.88  0.12
5  1  3.5  1.75  0.01  0.01  0.6807832488129307  0.1765335850373418  0.5511439883034263  13.952740786494996  1.0  0.793  0.146  0.061  0.833  0.167
5  1  3.5  1.75  0.01  0.01  0.7668981133088536  -0.13212329222626634  0.706992490254494  13.89149217226197  1.0  0.793  0.151  0.057  0.806  0.194
5  1  3.5  1.75  0.01  0.01  0.9262681571690711  -0.0846461949886892  0.4464390271536466  13.630390157028016  1.0  0.851  0.109  0.041  0.907  0.093
5  1  3.5  1.75  0.01  0.01  0.7886189926991515  0.09734583965281557  0.4601937764112781  13.779166046990367  1.0  0.823  0.125  0.051  0.861  0.139
5  1  3.5  1.75  0.01  0.01  0.7867032718271023  0.0033048134213105873  0.46717174533090283  13.931956930054273  1.0  0.813  0.134  0.053  0.88  0.12
5  1  3.5  1.75  0.01  0.01  1.010060127025299  0.015815767680061793  0.8949483941154458  13.365441503579909  1.0  0.882  0.086  0.033  0.88  0.12
5  1  3.5  1.75  0.01  0.01  1.0639191045803615  -0.1434720573187529  0.9691191355887326  13.56107907582851  1.0  0.883  0.087  0.03  0.889  0.111
5  1  3.5  1.75  0.01  0.01  0.7807621741579044  -0.13468421025798452  0.3802134676299217  13.951967480569  1.0  0.798  0.147  0.055  0.852  0.148
5  1  3.5  1.75  0.01  0.01  0.8190990816239001  0.18052931024772123  0.8030218027399415  13.698539655371974  1.0  0.841  0.112  0.047  0.87  0.13
5  1  3.5  1.75  0.01  0.01  0.8131550989129172  0.05909689932771178  0.6608175208695225  13.76410653944289  1.0  0.828  0.123  0.05  0.861  0.139
4  0  3.5  1.75  0.01  0.01  0.594806066732301  -0.13480842159760545  0.9803439618801117  14.42269527101086  1.0  0.723  0.203  0.074  0.716  0.284
4  0  3.5  1.75  0.01  0.01  0.4784694000780469  -0.0017741665321923394  0.5859637684896615  14.335871720372769  1.0  0.687  0.229  0.084  0.716  0.284
4  0  3.5  1.75  0.01  0.01  0.396011033367819  0.0923521573760765  0.4377445725059015  14.4167665640317  1.0  0.659  0.25  0.09  0.696  0.304
4  0  3.5  1.75  0.01  0.01  0.4678405610889891  0.12419869213950663  0.7437152722394745  14.29656210361561  1.0  0.697  0.22  0.083  0.706  0.294
4  0  3.5  1.75  0.01  0.01  0.6130208802616367  -0.18446829213414007  0.8238479190096274  14.344136434002396  1.0  0.725  0.202  0.073  0.725  0.275
4  0  3.5  1.75  0.01  0.01  0.4002402284207896  0.06487558245570452  0.4498466570115548  14.406023529615524  1.0  0.657  0.252  0.09  0.696  0.304
4  0  3.5  1.75  0.01  0.01  0.44180994094485276  0.13414590521925607  0.6577600531167747  14.291724437868059  1.0  0.686  0.228  0.086  0.706  0.294
4  0  3.5  1.75  0.01  0.01  0.4251074603930867  -0.09666181942148296  0.4947130592761132  14.339029423479607  1.0  0.648  0.262  0.09  0.676  0.324
4  0  3.5  1.75  0.01  0.01  0.42929946442698186  -0.013849651860043583  0.4898082885798034  14.415233757300555  1.0  0.662  0.249  0.089  0.706  0.294
4  0  3.5  1.75  0.01  0.01  0.4937035893633561  -0.042816396143308066  0.7770066961510005  14.372205285927912  1.0  0.689  0.228  0.083  0.716  0.284
4  0  3.5  1.75  0.01  0.01  0.4309205349537237  0.1117322340364229  0.82919822059816  14.44004908171812  1.0  0.679  0.235  0.087  0.706  0.294
4  0  3.5  1.75  0.01  0.01  0.48316471301003105  0.14644779250668366  0.9061447479365332  14.535739407495901  1.0  0.708  0.211  0.081  0.716  0.284
4  0  3.5  1.75  0.01  0.01  0.5047683504973282  -0.1790167417091588  0.5169497451296905  14.39074923736987  1.0  0.676  0.241  0.084  0.716  0.284
4  0  3.5  1.75  0.01  0.01  0.47022785052072746  0.17611860541824448  0.5919527065112214  14.325859841058886  1.0  0.706  0.212  0.082  0.735  0.265
4  0  3.5  1.75  0.01  0.01  0.4386214232533945  0.012287652102011604  0.5362117385653086  14.324313086799112  1.0  0.669  0.243  0.088  0.696  0.304
4  0  3.5  1.75  0.01  0.01  0.333895620390356  0.13394332212805676  0.5725688144063261  14.394345948932589  1.0  0.634  0.271  0.095  0.667  0.333
4  0  3.5  1.75  0.01  0.01  0.5212617009495343  -0.042339215222692905  0.8481288509074816  14.33659357820114  1.0  0.701  0.218  0.08  0.716  0.284
4  0  3.5  1.75  0.01  0.01  0.34194056451039007  0.11687116316487955  0.4763698904847764  14.519876845090513  1.0  0.637  0.269  0.094  0.686  0.314
4  0  3.5  1.75  0.01  0.01  0.5783267597071549  -0.1688013878851028  0.4591368101949059  14.273918812567821  1.0  0.711  0.213  0.076  0.745  0.255
4  0  3.5  1.75  0.01  0.01  0.4251757382619391  0.1363764022084894  0.6553264005285205  14.375539611939894  1.0  0.68  0.233  0.087  0.716  0.284
4  0  3.5  1.75  0.01  0.01  0.4286078944815614  0.19370728026655887  0.7788639935198024  14.43747372908957  1.0  0.688  0.226  0.086  0.706  0.294
4  0  3.5  1.75  0.01  0.01  0.6220956352946504  -0.10033705182362912  0.8102318598582574  14.30841448586558  1.0  0.738  0.191  0.071  0.735  0.265
4  0  3.5  1.75  0.01  0.01  0.5061828804911516  -0.027503319043502866  0.7075436109853801  14.262148155929333  1.0  0.696  0.223  0.082  0.716  0.284
4  0  3.5  1.75  0.01  0.01  0.4578039064454821  -0.13099866783957115  0.4496906877419782  14.394387075659832  1.0  0.66  0.252  0.087  0.696  0.304
4  0  3.5  1.75  0.01  0.01  0.5527310820478432  0.09142195013447013  0.8959543043449513  14.220996711955088  1.0  0.731  0.193  0.075  0.745  0.255
4  0  3.5  1.75  0.01  0.01  0.5386668923193254  0.006424476853661931  0.8549403403652885  14.330574387618071  1.0  0.715  0.207  0.078  0.725  0.275
4  0  3.5  1.75  0.01  0.01  0.5124232639476388  0.03826463852235004  0.39436127306112884  14.367102765937338  1.0  0.707  0.213  0.08  0.755  0.245
4  0  3.5  1.75  0.01  0.01  0.5341213703826193  -0.011630423117953759  0.37995089643737917  14.313593372508413  1.0  0.711  0.21  0.079  0.755  0.245
4  0  3.5  1.75  0.01  0.01  0.3799841652498655  0.0455435537524532  0.49542560729046947  14.519634991354174  1.0  0.646  0.262  0.092  0.696  0.304
4  0  3.5  1.75  0.01  0.01  0.5999442519327698  0.10741302048277324  0.5086548776542879  14.113548471485844  1.0  0.753  0.176  0.07  0.775  0.225
4  1  3.5  1.75  0.01  0.01  0.6481392795362377  0.1968923289341299  0.8470562347933883  15.034030261259192  1.0  0.783  0.153  0.064  0.787  0.213
4  1  3.5  1.75  0.01  0.01  0.8144900572150678  -0.1271881260662341  0.6507539753045662  16.120477592034508  1.0  0.81  0.138  0.052  0.824  0.176
4  1  3.5  1.75  0.01  0.01  0.8969221812552118  -0.18412522536523013  0.7211695464313453  13.745923491385085  1.0  0.832  0.123  0.045  0.861  0.139
4  1  3.5  1.75  0.01  0.01  0.765565517865772  0.012676073156096035  0.43930903360589924  13.953896330660134  1.0  0.807  0.138  0.055  0.843  0.157
4  1  3.5  1.75  0.01  0.01  0.6679224738425654  0.16728999578013187  0.4908526461792857  14.001511054836564  1.0  0.787  0.151  0.062  0.833  0.167
4  1  3.5  1.75  0.01  0.01  0.8139210063691468  0.03323285780514032  0.3897254979901103  13.809833173954484  1.0  0.825  0.125  0.05  0.861  0.139
4  1  3.5  1.75  0.01  0.01  0.6034440514346643  0.004402400943069068  0.3845014771783369  14.16961456085393  1.0  0.742  0.186  0.072  0.787  0.213
4  1  3.5  1.75  0.01  0.01  0.865930194817489  -0.15946104021975663  0.6305102367794251  14.1083181422342  1.0  0.824  0.128  0.047  0.833  0.167
4  1  3.5  1.75  0.01  0.01  0.9569556211948597  -0.14947239177832938  0.8645414852309132  14.827672482350017  1.0  0.853  0.108  0.039  0.87  0.13
4  1  3.5  1.75  0.01  0.01  0.7070721369416295  0.031328193897951634  0.5969451183401004  14.2283789399918  1.0  0.787  0.152  0.061  0.815  0.185
4  1  3.5  1.75  0.01  0.01  0.705239486518839  0.11458385582895125  0.43765663786521747  14.00667184365841  1.0  0.795  0.146  0.06  0.833  0.167
4  1  3.5  1.75  0.01  0.01  0.8544240272661306  0.031459002985798484  0.9654670813128636  16.057004929189837  1.0  0.838  0.116  0.046  0.843  0.157
4  1  3.5  1.75  0.01  0.01  0.614488865150789  0.1450639130006186  0.6964632351808588  14.009737810204909  1.0  0.764  0.168  0.068  0.787  0.213
4  1  3.5  1.75  0.01  0.01  0.7542108140211252  0.0990663462476406  0.38165748580153047  14.005323645564276  1.0  0.812  0.134  0.055  0.861  0.139
4  1  3.5  1.75  0.01  0.01  0.8141402353095941  -0.18284349285907822  0.5136403288108037  13.83700965106997  1.0  0.805  0.143  0.053  0.824  0.176
4  1  3.5  1.75  0.01  0.01  0.8851604862708151  -0.07244715096992346  0.805915641865995  16.011511476557015  1.0  0.839  0.117  0.045  0.843  0.157
4  1  3.5  1.75  0.01  0.01  0.7460694389420094  0.055912111293653255  0.3948059516956088  14.019936688347528  1.0  0.805  0.139  0.056  0.861  0.139
4  1  3.5  1.75  0.01  0.01  0.8882984715366886  -0.1915875481565962  0.5243696049223809  13.893322096592955  1.0  0.829  0.126  0.046  0.852  0.148
4  1  3.5  1.75  0.01  0.01  0.6463688997829998  0.0617719950100199  0.3695486046002402  14.14778140606401  1.0  0.767  0.167  0.066  0.815  0.185
4  1  3.5  1.75  0.01  0.01  0.8305911410792586  0.06515180668251608  0.5667300660437742  14.03316213229295  1.0  0.834  0.118  0.048  0.843  0.157
4  1  3.5  1.75  0.01  0.01  0.7332600862825297  -0.16111000904559206  0.3766558361148571  14.066447985400105  1.0  0.777  0.163  0.06  0.815  0.185
4  1  3.5  1.75  0.01  0.01  0.9631841931909231  -0.12637826692679513  0.6452730979643713  15.855536418574827  1.0  0.857  0.105  0.038  0.87  0.13
4  1  3.5  1.75  0.01  0.01  0.7114169775566069  0.00247953613169849  0.6715188052433223  16.226287741401077  1.0  0.786  0.154  0.061  0.806  0.194
4  1  3.5  1.75  0.01  0.01  0.7301879250482359  0.12383491316798678  0.7275906779103369  13.804269190348727  1.0  0.805  0.138  0.057  0.806  0.194
4  1  3.5  1.75  0.01  0.01  0.801239367118437  0.0647232522299005  0.4080603782436854  14.047810845880926  1.0  0.824  0.125  0.051  0.88  0.12
4  1  3.5  1.75  0.01  0.01  0.6523189713489883  0.14504884853385835  0.5273804556510303  14.00977260340182  1.0  0.779  0.157  0.064  0.815  0.185
4  1  3.5  1.75  0.01  0.01  0.8297710930947865  -0.008003821059346106  0.5293813684124942  13.733879074988847  1.0  0.827  0.124  0.049  0.852  0.148
4  1  3.5  1.75  0.01  0.01  0.6670377392607139  0.15336039874949886  0.5596280085741697  14.072604701715532  1.0  0.785  0.153  0.063  0.806  0.194
4  1  3.5  1.75  0.01  0.01  0.973671224683  0.0034772592622742127  0.6233144102128915  13.78312913578715  1.0  0.871  0.093  0.036  0.898  0.102
4  1  3.5  1.75  0.01  0.01  0.7965121807370861  -0.048328935950717244  0.533533876365348  13.780283649905986  1.0  0.812  0.136  0.053  0.833  0.167
3  0  3.5  1.75  0.01  0.01  0.46724815952765825  -0.04286793637383121  0.9182110487721116  16.99006280293773  1.0  0.676  0.238  0.085  0.706  0.294
3  0  3.5  1.75  0.01  0.01  0.46351279256328354  -0.05452416333890117  0.6866746216446148  14.587423165187174  1.0  0.673  0.241  0.086  0.706  0.294
3  0  3.5  1.75  0.01  0.01  0.31033368092733005  0.034704511520026016  0.8028221396998204  16.855963333236318  1.0  0.609  0.293  0.098  0.647  0.353
3  0  3.5  1.75  0.01  0.01  0.47211345819022227  0.14416993854596455  0.7105388531520047  14.483777738237974  1.0  0.701  0.216  0.083  0.725  0.275
3  0  3.5  1.75  0.01  0.01  0.3998671281061355  0.0929652235506806  0.6409523451018405  14.650549876769078  1.0  0.661  0.249  0.09  0.696  0.304
3  0  3.5  1.75  0.01  0.01  0.39514358351521783  0.04206502169543541  0.44381525151037016  14.477136416723479  1.0  0.652  0.257  0.091  0.696  0.304
3  0  3.5  1.75  0.01  0.01  0.49151084059465333  0.006044137772338892  0.8932320646668236  16.821744403823477  1.0  0.694  0.223  0.083  0.725  0.275
3  0  3.5  1.75  0.01  0.01  0.35463431842702775  0.08419885730602139  0.5776303242436281  14.454558401209416  1.0  0.638  0.268  0.094  0.676  0.324
3  0  3.5  1.75  0.01  0.01  0.5552586979759467  0.0014114532035294225  0.44602042337253567  14.309669447184797  1.0  0.722  0.202  0.076  0.765  0.235
3  0  3.5  1.75  0.01  0.01  0.441421367189037  -0.18067299377308116  0.7057410544720755  14.888889811456545  1.0  0.646  0.265  0.089  0.676  0.324
3  0  3.5  1.75  0.01  0.01  0.5457037378759502  -0.09659307882305135  0.84110500532909  15.482768500827374  1.0  0.705  0.216  0.079  0.725  0.275
3  0  3.5  1.75  0.01  0.01  0.4717314719915795  -0.18985906678535103  0.4679609128468775  14.551015934049436  1.0  0.659  0.254  0.087  0.696  0.304
3  0  3.5  1.75  0.01  0.01  0.3557579109353518  0.1799001021204087  0.37470125264038073  14.543823518717456  1.0  0.652  0.256  0.092  0.696  0.304
3  0  3.5  1.75  0.01  0.01  0.236972163786999  0.15249699811613243  0.558637249623949  14.589489254209745  1.0  0.588  0.31  0.101  0.637  0.363
3  0  3.5  1.75  0.01  0.01  0.3782697516589261  -0.09583559761686705  0.3903835673410855  14.702728792007658  1.0  0.625  0.281  0.094  0.676  0.324
3  0  3.5  1.75  0.01  0.01  0.5831916976032812  -0.059336827306264966  0.7109895295816566  14.155685816042132  1.0  0.726  0.199  0.074  0.745  0.255
3  0  3.5  1.75  0.01  0.01  0.32774307630683575  0.13174890483782814  0.5579480298937289  14.59739344324296  1.0  0.631  0.273  0.095  0.676  0.324
3  0  3.5  1.75  0.01  0.01  0.5169314547237225  0.019901492444030888  0.5643850527679264  14.316335854637114  1.0  0.707  0.213  0.08  0.745  0.255
3  0  3.5  1.75  0.01  0.01  0.3318819613840577  -0.13605779415102628  0.5140186406190407  14.662250789937458  1.0  0.596  0.306  0.098  0.637  0.363
3  0  3.5  1.75  0.01  0.01  0.45520660657337697  0.007762574104884512  0.4652656362391757  14.419690630815953  1.0  0.677  0.237  0.086  0.725  0.275
3  0  3.5  1.75  0.01  0.01  0.4658900338176028  -0.11230256462339971  0.3786387274623814  14.46640880791831  1.0  0.667  0.247  0.086  0.706  0.294
3  0  3.5  1.75  0.01  0.01  0.5541746017827797  0.0033106248176321684  0.9181189153801046  17.92974704223375  1.0  0.721  0.202  0.077  0.735  0.265
3  0  3.5  1.75  0.01  0.01  0.371843806362615  -0.08532162845413267  0.41308437743178494  14.576019469377796  1.0  0.623  0.282  0.094  0.676  0.324
3  0  3.5  1.75  0.01  0.01  0.46869863457028643  -0.023064459038066115  0.6305721910876139  14.73756087029306  1.0  0.68  0.235  0.085  0.716  0.284
3  0  3.5  1.75  0.01  0.01  0.46072103345323334  -0.18245332546012305  0.6250053877356894  14.652921461824503  1.0  0.655  0.257  0.088  0.686  0.314
3  0  3.5  1.75  0.01  0.01  0.4138297197959895  0.012680864221365523  0.8137654798497763  15.729209846700943  1.0  0.657  0.253  0.09  0.686  0.314
3  0  3.5  1.75  0.01  0.01  0.4906779102000456  -0.17838877429329109  0.9155501897596284  18.070939078905216  1.0  0.669  0.246  0.085  0.696  0.304
3  0  3.5  1.75  0.01  0.01  0.48976356002966753  0.09906459552728136  0.658248813181505  14.386810575611646  1.0  0.704  0.214  0.081  0.725  0.275
3  0  3.5  1.75  0.01  0.01  0.4539265023669326  0.07616411513606741  0.5981420511528628  14.681421346901706  1.0  0.685  0.229  0.085  0.725  0.275
3  0  3.5  1.75  0.01  0.01  0.4344601649420061  0.09635061683729884  0.7745859155944186  14.650877620197809  1.0  0.679  0.234  0.087  0.696  0.304
3  1  3.5  1.75  0.01  0.01  0.773603914127112  -0.04190181689422473  0.8010928880380418  14.967356169993005  1.0  0.804  0.141  0.055  0.815  0.185
3  1  3.5  1.75  0.01  0.01  0.7536845995997487  -0.04804292036203378  0.6339261495189423  14.235723686492573  1.0  0.796  0.147  0.057  0.824  0.176
3  1  3.5  1.75  0.01  0.01  0.7343611305472637  0.11495864288818758  0.8048959304972306  14.977066191622928  1.0  0.805  0.138  0.057  0.824  0.176
3  1  3.5  1.75  0.01  0.01  0.7743709935322304  -0.1970478756755487  0.45217385030980883  14.083175075078914  1.0  0.788  0.155  0.057  0.843  0.157
3  1  3.5  1.75  0.01  0.01  0.6443898313659048  0.15373868588186607  0.8355877287860208  14.00872315095789  1.0  0.776  0.159  0.065  0.806  0.194
3  1  3.5  1.75  0.01  0.01  0.7614031101288269  0.017993644052734764  0.593730003541689  14.37186210834727  1.0  0.806  0.139  0.055  0.852  0.148
3  1  3.5  1.75  0.01  0.01  0.6028476909559225  0.004601887815438299  0.40405030422530086  14.171204965412235  1.0  0.742  0.186  0.072  0.787  0.213
3  1  3.5  1.75  0.01  0.01  0.6311308758488882  0.028909319998590005  0.5150019260603594  14.31990712306565  1.0  0.757  0.174  0.068  0.815  0.185
3  1  3.5  1.75  0.01  0.01  0.6717249987316857  -0.024197826813138923  0.6641391368606048  15.146577101042963  1.0  0.768  0.167  0.065  0.796  0.204
3  1  3.5  1.75  0.01  0.01  0.7497040450560979  0.10696999987114325  0.8342565693414579  13.789155889261936  1.0  0.811  0.134  0.055  0.833  0.167
3  1  3.5  1.75  0.01  0.01  0.8437872373957983  -0.05527256610722131  0.9819314668479456  14.876353579294905  1.0  0.827  0.125  0.048  0.833  0.167
3  1  3.5  1.75  0.01  0.01  0.6162820738156727  0.08747302469852314  0.394392317163961  14.1862004706176  1.0  0.758  0.173  0.069  0.806  0.194
3  1  3.5  1.75  0.01  0.01  0.6835765946491406  0.1909784252291734  0.4578273352290561  14.189622027392643  1.0  0.795  0.144  0.061  0.852  0.148
3  1  3.5  1.75  0.01  0.01  0.6323832881952567  0.03452547608166037  0.44325803342126885  14.214010510688688  1.0  0.758  0.174  0.068  0.824  0.176
3  1  3.5  1.75  0.01  0.01  0.8914560087763961  -0.15392507825407817  0.8375128918753172  13.704003748352168  1.0  0.834  0.122  0.045  0.861  0.139
3  1  3.5  1.75  0.01  0.01  0.825314170986874  0.06808791336993936  0.8118958812091122  13.762084506018526  1.0  0.833  0.119  0.048  0.88  0.12
3  1  3.5  1.75  0.01  0.01  0.5791422064851224  0.09063887096382883  0.43781682036839525  14.280704464945904  1.0  0.742  0.185  0.073  0.778  0.222
3  1  3.5  1.75  0.01  0.01  0.5096163699810843  0.1946183465476124  0.7934394322771067  14.06618973184894  1.0  0.724  0.198  0.078  0.741  0.259
3  1  3.5  1.75  0.01  0.01  0.5688034681313539  0.18883477196489262  0.49682471318912375  14.159231282674705  1.0  0.75  0.178  0.072  0.796  0.204
3  1  3.5  1.75  0.01  0.01  0.7502090356564234  -0.09944785074993111  0.7944260478106315  15.016455914758865  1.0  0.79  0.152  0.058  0.806  0.194
3  1  3.5  1.75  0.01  0.01  0.7271920800276864  0.023386963042374337  0.692040237709501  13.900137405576979  1.0  0.794  0.148  0.059  0.824  0.176
3  1  3.5  1.75  0.01  0.01  0.6356050497774004  0.1727712019483591  0.6105782111275834  14.52054898164106  1.0  0.775  0.16  0.066  0.806  0.194
3  1  3.5  1.75  0.01  0.01  0.8600296242624799  -0.197073981968931  0.5095929261564923  14.24703810723262  1.0  0.818  0.133  0.048  0.861  0.139
3  1  3.5  1.75  0.01  0.01  0.9132439601869263  -0.1838369806636848  0.5924057073278748  14.409906374812604  1.0  0.838  0.119  0.043  0.861  0.139
3  1  3.5  1.75  0.01  0.01  0.6440628659692712  0.1536359106697764  0.5677644797291238  14.82693368374926  1.0  0.776  0.159  0.065  0.824  0.176
3  1  3.5  1.75  0.01  0.01  0.8031528959529043  -0.11803860633731406  0.5629502596685243  13.78340316994268  1.0  0.807  0.14  0.053  0.824  0.176
3  1  3.5  1.75  0.01  0.01  0.7764323171785343  -0.02312245058505838  0.5963796480166198  14.12406727644685  1.0  0.807  0.138  0.054  0.843  0.157
3  1  3.5  1.75  0.01  0.01  0.6985219599773169  0.03904679484343143  0.5045699622265841  14.008567935590815  1.0  0.785  0.154  0.061  0.833  0.167
3  1  3.5  1.75  0.01  0.01  0.6731252222123796  -0.022714643446884786  0.964260882822423  13.9642997006339  1.0  0.769  0.167  0.065  0.778  0.222
3  1  3.5  1.75  0.01  0.01  0.5801794159560326  -0.031699575770422816  0.7508473973870522  14.172774628732775  1.0  0.729  0.197  0.074  0.759  0.241
2  0  3.5  1.75  0.01  0.01  0.2715518620030573  0.06304654145479732  0.4098714620274058  14.557102221405735  1.0  0.594  0.306  0.1  0.637  0.363
2  0  3.5  1.75  0.01  0.01  0.4794961608410013  -0.1615973993240546  0.9063943546108006  15.838414069079713  1.0  0.667  0.248  0.086  0.676  0.324
2  0  3.5  1.75  0.01  0.01  0.242517590214823  0.12902438152319234  0.6793333216212913  14.542586524438024  1.0  0.589  0.31  0.101  0.627  0.373
2  0  3.5  1.75  0.01  0.01  0.2712334010313888  -0.02137870261047095  0.6169487618116828  14.68193649137803  1.0  0.582  0.317  0.101  0.618  0.382
2  0  3.5  1.75  0.01  0.01  0.24953929004278996  -0.13480766839781622  0.4827007433408295  14.602529381152252  1.0  0.556  0.341  0.103  0.598  0.402
2  0  3.5  1.75  0.01  0.01  0.33959239894068216  -0.14681838736768513  0.4560245091481465  14.55358970729994  1.0  0.599  0.304  0.097  0.637  0.363
2  0  3.5  1.75  0.01  0.01  0.3167957842142974  -0.17485720992397755  0.4379899830172796  14.696926598127213  1.0  0.585  0.316  0.099  0.627  0.373
2  0  3.5  1.75  0.01  0.01  0.3430337228450198  -0.06764078738116527  0.4448493223150437  14.533323077153423  1.0  0.612  0.292  0.096  0.647  0.353
2  0  3.5  1.75  0.01  0.01  0.4182353528382506  -0.05610327327949172  0.5948883777124635  14.374291793357454  1.0  0.65  0.26  0.09  0.676  0.324
2  0  3.5  1.75  0.01  0.01  0.2844681975927278  0.19745193975465242  0.9739360727292902  15.707341538845807  1.0  0.619  0.283  0.098  0.647  0.353
2  0  3.5  1.75  0.01  0.01  0.3863254413678446  -0.14046200548924498  0.8684547335090799  18.059774695936266  1.0  0.624  0.283  0.094  0.647  0.353
2  0  3.5  1.75  0.01  0.01  0.264612201460974  0.15666913090550205  0.6395921854084036  14.672195749513827  1.0  0.604  0.297  0.1  0.637  0.363
2  0  3.5  1.75  0.01  0.01  0.23870042202473885  0.18811457550298616  0.4700912938514597  14.50954813513838  1.0  0.595  0.304  0.101  0.637  0.363
2  0  3.5  1.75  0.01  0.01  0.35931658291479984  -0.1433802102142135  0.6754542361695868  14.6081789647581  1.0  0.61  0.294  0.096  0.637  0.363
2  0  3.5  1.75  0.01  0.01  0.3151968121641902  -0.024485438597121822  0.52248543864811  14.503340360368103  1.0  0.605  0.297  0.098  0.637  0.363
2  0  3.5  1.75  0.01  0.01  0.31003383157906667  -0.0535346674582419  0.38016060052141104  14.50803550495804  1.0  0.598  0.304  0.099  0.637  0.363
2  0  3.5  1.75  0.01  0.01  0.21437511170883486  -0.08748998683982041  0.4106482845640236  14.635767921870183  1.0  0.543  0.352  0.105  0.588  0.412
2  0  3.5  1.75  0.01  0.01  0.4014852697757595  -0.09420799564470715  0.9115957881623731  16.9167442340661  1.0  0.638  0.27  0.092  0.657  0.343
2  0  3.5  1.75  0.01  0.01  0.3786596968803551  -0.011570212945565428  0.6614751270725319  14.74998927579103  1.0  0.638  0.269  0.093  0.667  0.333
2  0  3.5  1.75  0.01  0.01  0.4167651371785631  -0.1669626614756532  0.7703659566110864  14.612152884865875  1.0  0.635  0.274  0.091  0.647  0.353
2  0  3.5  1.75  0.01  0.01  0.35877018324445004  0.14370272050958122  0.7023809002984972  14.309338336257765  1.0  0.648  0.259  0.093  0.667  0.333
2  0  3.5  1.75  0.01  0.01  0.27550192081582187  0.0296672079002068  0.4780634391237499  14.65637229936064  1.0  0.591  0.308  0.1  0.637  0.363
2  0  3.5  1.75  0.01  0.01  0.3098650273688344  -0.1557178858800471  0.8601993965076252  18.19862203974701  1.0  0.582  0.318  0.1  0.618  0.382
2  0  3.5  1.75  0.01  0.01  0.3862620805207598  0.1327507700904661  0.37682306886929184  14.504786913800505  1.0  0.66  0.25  0.091  0.706  0.294
2  0  3.5  1.75  0.01  0.01  0.30740039464521307  -0.029199148068871306  0.6725799160435227  14.709101077477577  1.0  0.599  0.302  0.099  0.637  0.363
2  0  3.5  1.75  0.01  0.01  0.4149703680018261  -0.13256433558396435  0.6225663445413109  14.583854411433835  1.0  0.639  0.27  0.091  0.676  0.324
2  0  3.5  1.75  0.01  0.01  0.2971151082665995  -0.10291664877864118  0.7666420171423158  15.213718196888227  1.0  0.584  0.316  0.1  0.608  0.392
2  0  3.5  1.75  0.01  0.01  0.37351948127896295  0.043537244561886984  0.6786639793268975  14.51105276657127  1.0  0.642  0.265  0.093  0.667  0.333
2  0  3.5  1.75  0.01  0.01  0.2336466234737671  -0.05740007170130154  0.4552638965345778  14.686517579043265  1.0  0.557  0.339  0.104  0.608  0.392
2  0  3.5  1.75  0.01  0.01  0.2958865230638847  -0.022477157794427605  0.7059889598190789  14.707482605839155  1.0  0.595  0.306  0.099  0.627  0.373
2  1  3.5  1.75  0.01  0.01  0.8582736876383187  -0.05757575662934844  0.6921114725426438  13.688676697329436  1.0  0.831  0.122  0.047  0.843  0.157
2  1  3.5  1.75  0.01  0.01  0.7870263381962735  0.06898314220161106  0.5985569776777604  14.034612831619782  1.0  0.82  0.128  0.052  0.852  0.148
2  1  3.5  1.75  0.01  0.01  0.7244245202646666  0.0020835802736500764  0.8243546058806043  13.872801402369653  1.0  0.791  0.15  0.059  0.787  0.213
2  1  3.5  1.75  0.01  0.01  0.7361397261280404  0.03554141683373674  0.5252757788302854  14.017155617100807  1.0  0.799  0.143  0.057  0.824  0.176
2  1  3.5  1.75  0.01  0.01  0.7077379955133392  0.08940130590856404  0.5285563673542257  13.940726180422635  1.0  0.794  0.147  0.06  0.833  0.167
2  1  3.5  1.75  0.01  0.01  0.7812342676413497  0.12544181970659468  0.47892862555865123  13.909424256236289  1.0  0.824  0.125  0.052  0.87  0.13
2  1  3.5  1.75  0.01  0.01  0.8378533197447174  -0.16497918745951004  0.6685443893373905  14.97444187182925  1.0  0.815  0.135  0.05  0.852  0.148
2  1  3.5  1.75  0.01  0.01  0.7671183802893232  -0.11979098527047381  0.6207931693302285  14.185794691922059  1.0  0.794  0.15  0.057  0.806  0.194
2  1  3.5  1.75  0.01  0.01  0.7638316986197702  0.1828260719894484  0.7808474506396054  14.866345855787692  1.0  0.823  0.125  0.053  0.833  0.167
2  1  3.5  1.75  0.01  0.01  1.0010442614913027  -0.07939357328431158  0.9467285170519372  14.687872551733385  1.0  0.872  0.094  0.035  0.87  0.13
2  1  3.5  1.75  0.01  0.01  0.8211973734570827  -0.1683890042793296  0.3914233386719316  13.90347106242781  1.0  0.808  0.14  0.052  0.87  0.13
2  1  3.5  1.75  0.01  0.01  0.8924097213860657  -0.01056414878308512  0.9048165009331121  16.047814109796125  1.0  0.847  0.11  0.043  0.87  0.13
2  1  3.5  1.75  0.01  0.01  0.8131659319456861  -0.012424952487098073  0.7768173872482538  13.766358636170162  1.0  0.821  0.128  0.051  0.833  0.167
2  1  3.5  1.75  0.01  0.01  0.7079586874560768  0.09442779430173609  0.42581910752096935  13.98204975583128  1.0  0.794  0.147  0.06  0.843  0.157
2  1  3.5  1.75  0.01  0.01  0.8667108778085718  0.1463900687214752  0.8448885901654829  13.581698794584172  1.0  0.853  0.104  0.043  0.852  0.148
2  1  3.5  1.75  0.01  0.01  0.8898726258834817  -0.10170461755883192  0.6025460481951795  13.686232664107676  1.0  0.838  0.118  0.044  0.87  0.13
2  1  3.5  1.75  0.01  0.01  0.6308648708286512  0.15865838621610534  0.4112247487107958  14.054231300468556  1.0  0.772  0.162  0.066  0.815  0.185
2  1  3.5  1.75  0.01  0.01  0.9526773841381682  -0.003205743432392716  0.8258456457431599  14.689407016613208  1.0  0.865  0.097  0.038  0.898  0.102
2  1  3.5  1.75  0.01  0.01  0.801481347992452  0.07625370882214078  0.6826639567789702  14.934317337937685  1.0  0.826  0.124  0.05  0.861  0.139
2  1  3.5  1.75  0.01  0.01  1.009883057513529  -0.003581383847603231  0.5455618679785722  13.91327413664761  1.0  0.88  0.087  0.033  0.917  0.083
2  1  3.5  1.75  0.01  0.01  0.70841445639003  0.12306659601074477  0.47601842108394365  13.917047787655958  1.0  0.797  0.144  0.059  0.833  0.167
2  1  3.5  1.75  0.01  0.01  0.8734587366330965  -0.19903247678023603  0.7199620186575648  14.93347974691052  1.0  0.823  0.13  0.047  0.824  0.176
2  1  3.5  1.75  0.01  0.01  0.8626395558316501  -0.1950283375002694  0.601995799924028  14.063680874173176  1.0  0.819  0.133  0.048  0.852  0.148
2  1  3.5  1.75  0.01  0.01  0.8693853998262719  -0.13863299460524459  0.5056178943801694  14.0121770861329  1.0  0.827  0.126  0.047  0.852  0.148
2  1  3.5  1.75  0.01  0.01  0.6806992928300718  0.033611606653821596  0.3973550303515455  14.116795787263166  1.0  0.777  0.16  0.063  0.824  0.176
2  1  3.5  1.75  0.01  0.01  0.8201953620618633  0.002660909870713185  0.7397057590765186  14.880551359661466  1.0  0.824  0.126  0.05  0.843  0.157
2  1  3.5  1.75  0.01  0.01  0.7102438664542786  -0.008310890215491418  0.4134191366389253  14.151153845612514  1.0  0.784  0.155  0.061  0.824  0.176
2  1  3.5  1.75  0.01  0.01  0.8344887011175507  0.10160795386350213  0.6904048971285006  14.823112783886316  1.0  0.838  0.115  0.047  0.852  0.148
2  1  3.5  1.75  0.01  0.01  0.7115774798274143  0.14689955918421332  0.6807030902275988  13.828001235081077  1.0  0.801  0.14  0.058  0.815  0.185
2  1  3.5  1.75  0.01  0.01  0.9083229459912863  0.06306897531160205  0.8182100316283637  14.735896988525417  1.0  0.857  0.102  0.041  0.852  0.148
1  0  3.5  1.75  0.01  0.01  0.44527228923866136  -0.04538978173002506  0.5901211995334569  14.494519251713093  1.0  0.665  0.248  0.088  0.685  0.315
1  0  3.5  1.75  0.01  0.01  0.3512341988207706  -0.011132608669612187  0.4700275894128714  14.544673063571404  1.0  0.624  0.281  0.095  0.667  0.333
1  0  3.5  1.75  0.01  0.01  0.16427993369028476  0.18075745668658927  0.5736086377829623  14.79335444159203  1.0  0.556  0.339  0.105  0.602  0.398
1  0  3.5  1.75  0.01  0.01  0.44030615287921815  -0.04419614185997692  0.7586445506013957  14.621931237424915  1.0  0.664  0.248  0.088  0.676  0.324
1  0  3.5  1.75  0.01  0.01  0.36519405452752557  -0.02003147887673934  0.4640703082431559  14.438101620913573  1.0  0.63  0.276  0.094  0.667  0.333
1  0  3.5  1.75  0.01  0.01  0.4207605366024288  0.02145887633928284  0.8206712229262005  15.613506945491546  1.0  0.662  0.249  0.089  0.685  0.315
1  0  3.5  1.75  0.01  0.01  0.3273831764851441  0.011535944214895594  0.5043499004106257  14.670817055927621  1.0  0.615  0.288  0.097  0.657  0.343
1  0  3.5  1.75  0.01  0.01  0.3046635304742436  0.03671997460280055  0.3998830709203111  14.523273877597909  1.0  0.608  0.294  0.098  0.648  0.352
1  0  3.5  1.75  0.01  0.01  0.3563935609279888  0.08774797962320119  0.9988316380083536  16.17322183892787  1.0  0.64  0.266  0.094  0.657  0.343
1  0  3.5  1.75  0.01  0.01  0.32412233289429826  -0.13195100546191713  0.41772141716269723  14.54529781583162  1.0  0.594  0.308  0.098  0.639  0.361
1  0  3.5  1.75  0.01  0.01  0.4161061116207058  0.1762767463135676  0.661416412703838  14.537648694173019  1.0  0.681  0.232  0.087  0.704  0.296
1  0  3.5  1.75  0.01  0.01  0.4439347402305188  -0.1438171455202214  0.9193046550409503  16.90877658955416  1.0  0.652  0.259  0.089  0.667  0.333
1  0  3.5  1.75  0.01  0.01  0.4243637009714102  -0.1975331389736913  0.48241245377562086  14.531039928739093  1.0  0.634  0.274  0.091  0.676  0.324
1  0  3.5  1.75  0.01  0.01  0.4660596763112647  -0.1267765666073309  0.6635069871369584  14.676691182332332  1.0  0.664  0.249  0.087  0.685  0.315
1  0  3.5  1.75  0.01  0.01  0.3776790279535352  0.04762128687449435  0.42884613918624565  14.46382728360662  1.0  0.645  0.263  0.092  0.676  0.324
1  0  3.5  1.75  0.01  0.01  0.4668603729601708  -0.18891527123176444  0.4051243631853707  14.45891752537171  1.0  0.657  0.256  0.087  0.694  0.306
1  0  3.5  1.75  0.01  0.01  0.2919937056688575  0.10547118180920312  0.6707965799478968  14.719000798612852  1.0  0.611  0.291  0.098  0.648  0.352
1  0  3.5  1.75  0.01  0.01  0.3467346660329186  -0.14440444984265532  0.8092649269094866  14.409015512586272  1.0  0.604  0.299  0.097  0.62  0.38
1  0  3.5  1.75  0.01  0.01  0.31792962820414317  0.19512694398202746  0.7450697969569979  14.545524632301507  1.0  0.636  0.269  0.095  0.657  0.343
1  0  3.5  1.75  0.01  0.01  0.43960321710315775  0.17285194100271617  0.6251812292207595  14.381541180558518  1.0  0.69  0.225  0.085  0.713  0.287
1  0  3.5  1.75  0.01  0.01  0.24211835472846382  0.15785257920711426  0.46928515479104027  14.574598930295826  1.0  0.592  0.306  0.101  0.639  0.361
1  0  3.5  1.75  0.01  0.01  0.38991017033420233  0.18722429012248298  0.844692728539711  15.579697196339968  1.0  0.669  0.241  0.089  0.685  0.315
1  0  3.5  1.75  0.01  0.01  0.2952318927135244  -0.1268056792316149  0.5325851798247514  14.63568829807149  1.0  0.579  0.321  0.1  0.62  0.38
1  0  3.5  1.75  0.01  0.01  0.47902798430545035  -0.09123366845628796  0.5992464410786691  14.61049725111017  1.0  0.675  0.24  0.085  0.694  0.306
1  0  3.5  1.75  0.01  0.01  0.3107862775178841  -0.004658650596692487  0.5521460179235747  14.558883197127225  1.0  0.605  0.297  0.098  0.639  0.361
1  0  3.5  1.75  0.01  0.01  0.35776371356030223  0.122075597766313  0.5567800917698241  14.593687181921082  1.0  0.645  0.262  0.093  0.676  0.324
1  0  3.5  1.75  0.01  0.01  0.48122503201563016  -0.17087318592256062  0.8264008049031104  15.569804816478994  1.0  0.666  0.248  0.086  0.676  0.324
1  0  3.5  1.75  0.01  0.01  0.3758929691411173  -0.08628050617591235  0.3995960224253705  14.522902301040283  1.0  0.625  0.281  0.094  0.667  0.333
1  0  3.5  1.75  0.01  0.01  0.4563671061172263  0.08284793063021328  0.9998416134297344  15.638260167285544  1.0  0.687  0.228  0.085  0.694  0.306
1  0  3.5  1.75  0.01  0.01  0.3586656402450315  -0.0023088364528681404  0.6313588105686785  14.433769963959538  1.0  0.629  0.276  0.094  0.648  0.352
1  1  3.5  1.75  0.01  0.01  0.6980353851905173  0.026604123319237394  0.6249497086153021  14.359959936310071  1.0  0.784  0.155  0.061  0.824  0.176
1  1  3.5  1.75  0.01  0.01  0.6746716435592609  0.1796044493913494  0.43162804282422645  14.431594167744743  1.0  0.791  0.148  0.062  0.863  0.137
1  1  3.5  1.75  0.01  0.01  0.77298296224928  0.10862820569824072  0.5682476575742622  13.85695022846932  1.0  0.819  0.128  0.053  0.863  0.137
1  1  3.5  1.75  0.01  0.01  0.8257167118366155  0.12877886809531502  0.42782117790775753  13.821968412490573  1.0  0.838  0.114  0.047  0.892  0.108
1  1  3.5  1.75  0.01  0.01  0.7346191434148178  -0.045199197647717015  0.6137768597345215  14.34156224671989  1.0  0.789  0.152  0.059  0.843  0.157
1  1  3.5  1.75  0.01  0.01  0.8979346804375024  -0.050413215989782184  0.7040226629657953  13.684508109930917  1.0  0.845  0.112  0.043  0.863  0.137
1  1  3.5  1.75  0.01  0.01  0.899778674777479  -0.006137537353921946  0.48324911630675743  13.828036138806878  1.0  0.849  0.109  0.042  0.873  0.127
1  1  3.5  1.75  0.01  0.01  0.8258627294285823  -0.1803766756445776  0.38349019580163557  13.916097294586727  1.0  0.809  0.14  0.051  0.873  0.127
1  1  3.5  1.75  0.01  0.01  0.6920227435952111  0.1536775288518124  0.8137984151082558  15.096178022976794  1.0  0.794  0.146  0.06  0.814  0.186
1  1  3.5  1.75  0.01  0.01  0.8631531796249404  -0.09645793101041691  0.6546757199698477  13.728185421525678  1.0  0.829  0.124  0.047  0.843  0.157
1  1  3.5  1.75  0.01  0.01  0.7997252772552513  0.07514439870651818  0.6249696521012575  15.26469667645905  1.0  0.825  0.124  0.051  0.863  0.137
1  1  3.5  1.75  0.01  0.01  0.6164414818635529  -0.04072781756056737  0.3968169887552713  14.164950455242172  1.0  0.743  0.186  0.071  0.784  0.216
1  1  3.5  1.75  0.01  0.01  0.7626977445521932  0.09043895656786399  0.4632755489614855  14.080144214313988  1.0  0.814  0.132  0.054  0.863  0.137
1  1  3.5  1.75  0.01  0.01  0.7957116751557013  -0.07393387487343223  0.905377535550002  13.912163598246815  1.0  0.809  0.138  0.053  0.814  0.186
1  1  3.5  1.75  0.01  0.01  0.8954524580631438  0.18103264224090299  0.8638698898699947  14.766214815498378  1.0  0.863  0.096  0.04  0.882  0.118
1  1  3.5  1.75  0.01  0.01  0.825957247497412  -0.0411111017376761  0.8362163293240958  15.03468581923721  1.0  0.823  0.128  0.05  0.833  0.167
1  1  3.5  1.75  0.01  0.01  0.7131532288967976  0.11956694954924224  0.43559250180332787  14.022209238611746  1.0  0.799  0.143  0.059  0.863  0.137
1  1  3.5  1.75  0.01  0.01  0.8181335400032546  0.14369306818743666  0.5960824196756696  14.505385539469694  1.0  0.837  0.115  0.048  0.873  0.127
1  1  3.5  1.75  0.01  0.01  0.6809585042453803  0.19925533316490518  0.5040118991656835  14.01612383342978  1.0  0.795  0.144  0.061  0.824  0.176
1  1  3.5  1.75  0.01  0.01  0.6853758038135799  0.13116209415605862  0.42532729950896164  14.102927913366985  1.0  0.789  0.149  0.061  0.824  0.176
1  1  3.5  1.75  0.01  0.01  0.8525265674195002  -0.10678583237709356  0.9791555350720305  16.292708052198037  1.0  0.825  0.127  0.048  0.833  0.167
1  1  3.5  1.75  0.01  0.01  0.793015177373792  0.18981669377470894  0.6901878202518589  13.699106485257026  1.0  0.833  0.117  0.05  0.853  0.147
1  1  3.5  1.75  0.01  0.01  0.8572718749139976  -0.12624321964710306  0.4055707902886144  13.878313714483728  1.0  0.824  0.128  0.048  0.873  0.127
1  1  3.5  1.75  0.01  0.01  0.729634653535869  0.013686066433747979  0.4396661455277542  14.198811818553773  1.0  0.794  0.148  0.059  0.853  0.147
1  1  3.5  1.75  0.01  0.01  0.727143527884597  0.14266676812925821  0.3748504181664131  14.023874763154268  1.0  0.806  0.137  0.057  0.863  0.137
1  1  3.5  1.75  0.01  0.01  0.6602112444629  0.17324666604270983  0.45658010300241864  14.187418347510796  1.0  0.784  0.153  0.063  0.843  0.157
1  1  3.5  1.75  0.01  0.01  0.8999367316114818  -0.08110345767973125  0.8189292224904055  16.09215843659963  1.0  0.843  0.114  0.043  0.843  0.157
1  1  3.5  1.75  0.01  0.01  0.9328990760248862  -0.10374204533211878  0.7221929426884729  14.85552149301125  1.0  0.851  0.109  0.041  0.882  0.118
1  1  3.5  1.75  0.01  0.01  0.926381839367726  -0.1138531504480505  0.5697895943123648  13.687895648961243  1.0  0.848  0.111  0.041  0.892  0.108
1  1  3.5  1.75  0.01  0.01  0.8170571191831634  0.01637691960998916  0.3689832251727611  13.848913119182596  1.0  0.825  0.125  0.05  0.873  0.127
0  0  3.5  1.75  0.01  0.01  0.5000096259668283  0.03374259880085076  0.932533170734069  18.233586620292428  1.0  0.7  0.218  0.081  0.719  0.281
0  0  3.5  1.75  0.01  0.01  0.6246456296846958  -0.162029529114596  0.5244959839966374  14.368918715735703  1.0  0.732  0.196  0.072  0.771  0.229
0  0  3.5  1.75  0.01  0.01  0.5086266625040191  -0.14875684624086413  0.9054302458974113  17.100649720461647  1.0  0.682  0.236  0.083  0.708  0.292
0  0  3.5  1.75  0.01  0.01  0.4612403942452464  0.04737376951400046  0.6178630746870413  14.474776710041212  1.0  0.685  0.23  0.085  0.719  0.281
0  0  3.5  1.75  0.01  0.01  0.5174368450775547  -0.14800391116028022  0.4490092452180564  14.415737489005657  1.0  0.686  0.232  0.082  0.729  0.271
0  0  3.5  1.75  0.01  0.01  0.5944050522885292  0.035613203848340824  0.9505586718124988  16.987760847018393  1.0  0.743  0.185  0.072  0.76  0.24
0  0  3.5  1.75  0.01  0.01  0.5536615690621035  -0.13495102560163202  0.3937209186033317  14.365253972680792  1.0  0.705  0.217  0.078  0.74  0.26
0  0  3.5  1.75  0.01  0.01  0.5852295335957548  -0.1533726134178601  0.7209083438230052  14.467687740477103  1.0  0.716  0.208  0.075  0.74  0.26
0  0  3.5  1.75  0.01  0.01  0.5237033978066719  -0.09221173690685368  0.37210415511947353  14.411362726063778  1.0  0.696  0.223  0.081  0.729  0.271
0  0  3.5  1.75  0.01  0.01  0.45382148622045076  -0.12855258688390303  0.37922282525119294  14.510022613674787  1.0  0.658  0.254  0.088  0.698  0.302
0  0  3.5  1.75  0.01  0.01  0.6232363550254504  -0.11232593472532604  0.7314597463722516  14.79674407684631  1.0  0.738  0.191  0.071  0.75  0.25
0  0  3.5  1.75  0.01  0.01  0.5574950357296163  0.004477700776002236  0.5351994634736643  14.362253938815968  1.0  0.722  0.201  0.076  0.76  0.24
0  0  3.5  1.75  0.01  0.01  0.47086127602611266  0.10225688083086937  0.7220729038844884  14.841941256081894  1.0  0.696  0.221  0.083  0.719  0.281
0  0  3.5  1.75  0.01  0.01  0.5313231039354264  0.12552649765053486  0.8039482583847115  15.699086631556055  1.0  0.727  0.196  0.077  0.76  0.24
0  0  3.5  1.75  0.01  0.01  0.650837582364207  -0.010143709739437068  0.7100996382330822  14.388896718001194  1.0  0.761  0.172  0.067  0.781  0.219
0  0  3.5  1.75  0.01  0.01  0.558861667150468  -0.0263015579484962  0.9403823512463174  16.766891022266126  1.0  0.719  0.204  0.076  0.729  0.271
0  0  3.5  1.75  0.01  0.01  0.5468735619396441  -0.02155203016651655  0.7817147983930075  14.744731974915007  1.0  0.715  0.207  0.078  0.729  0.271
0  0  3.5  1.75  0.01  0.01  0.4481242416152863  -0.1150828020335744  0.39732437430526213  14.491232502316121  1.0  0.657  0.255  0.088  0.708  0.292
0  0  3.5  1.75  0.01  0.01  0.5348099261891814  0.11631056167490528  0.9458453182926974  18.20658890707912  1.0  0.727  0.196  0.077  0.75  0.25
0  0  3.5  1.75  0.01  0.01  0.6318578885355933  -0.16284084096809634  0.8748552092946037  15.664757367430818  1.0  0.735  0.194  0.071  0.76  0.24
0  0  3.5  1.75  0.01  0.01  0.4637207519059037  -0.002065177030179971  0.6671618572940143  14.551963683657688  1.0  0.68  0.235  0.085  0.708  0.292
0  0  3.5  1.75  0.01  0.01  0.38283167207639635  0.10130361459550369  0.5026851596934364  14.496963003509293  1.0  0.654  0.254  0.091  0.698  0.302
0  0  3.5  1.75  0.01  0.01  0.5700718936779464  -0.09249335722612347  0.7486212627289628  15.532058301745627  1.0  0.717  0.207  0.076  0.729  0.271
0  0  3.5  1.75  0.01  0.01  0.5807668973803091  0.030604888569520483  0.9268713017422486  16.935023375742418  1.0  0.736  0.19  0.073  0.75  0.25
0  0  3.5  1.75  0.01  0.01  0.5325103259824332  -0.0015701331504954508  0.8964293852935722  16.73559027245429  1.0  0.711  0.21  0.079  0.729  0.271
0  0  3.5  1.75  0.01  0.01  0.5802952116391472  -0.10077859204408318  0.8685776076252584  15.750792767355874  1.0  0.72  0.204  0.075  0.729  0.271
0  0  3.5  1.75  0.01  0.01  0.5957383805872027  0.058330192566135586  0.9435997569956333  17.020303071738226  1.0  0.746  0.182  0.071  0.76  0.24
0  0  3.5  1.75  0.01  0.01  0.3713179319128167  0.005760266483647802  0.6463434887451366  14.5140605518734  1.0  0.637  0.27  0.093  0.667  0.333
0  0  3.5  1.75  0.01  0.01  0.4758988888991528  -0.0912988699273246  0.4661731267625906  14.45267717905711  1.0  0.674  0.241  0.085  0.708  0.292
0  0  3.5  1.75  0.01  0.01  0.5166828274305872  -0.11659971009234411  0.621843419461781  14.312456512644417  1.0  0.689  0.229  0.082  0.719  0.281
0  1  3.5  1.75  0.01  0.01  0.8641902455159349  -0.0963826170683459  0.48095177754361423  14.15520143450025  1.0  0.829  0.124  0.047  0.873  0.127
0  1  3.5  1.75  0.01  0.01  1.0845097360011107  -0.06325378862953265  0.8779619943666315  15.824104933120822  1.0  0.894  0.078  0.028  0.902  0.098
0  1  3.5  1.75  0.01  0.01  0.8945655572782936  -0.03681747105420724  0.4314588808800825  13.767186704902253  1.0  0.845  0.112  0.043  0.902  0.098
0  1  3.5  1.75  0.01  0.01  0.8944868534386708  -0.12659766555253787  0.8116579482442269  13.817716985475629  1.0  0.836  0.119  0.044  0.863  0.137
0  1  3.5  1.75  0.01  0.01  0.7896690657141272  -0.12193198016150522  0.4368400413331584  14.139432214679731  1.0  0.802  0.144  0.054  0.853  0.147
0  1  3.5  1.75  0.01  0.01  0.9581018816934701  0.1211884833802665  0.8602881356660839  13.459002348263628  1.0  0.876  0.088  0.036  0.892  0.108
0  1  3.5  1.75  0.01  0.01  0.9400033278071407  -0.04574516149056085  0.5951290151253057  13.638422289278802  1.0  0.857  0.103  0.039  0.922  0.078
0  1  3.5  1.75  0.01  0.01  0.9109177772953277  -0.15007086866534577  0.7481475531267828  14.942082434661229  1.0  0.84  0.117  0.043  0.873  0.127
0  1  3.5  1.75  0.01  0.01  0.9171335793038393  -0.006878906971683613  0.9395093576011649  14.99881152911035  1.0  0.854  0.105  0.041  0.863  0.137
0  1  3.5  1.75  0.01  0.01  0.8061697748559296  -0.09182163313333135  0.5410987258736639  13.856287714017437  1.0  0.811  0.137  0.052  0.853  0.147
0  1  3.5  1.75  0.01  0.01  0.9543153279629808  0.05313171574849446  0.3872171124553291  13.625223036133411  1.0  0.869  0.094  0.037  0.951  0.049
0  1  3.5  1.75  0.01  0.01  0.8383494640609291  -0.016998584856301763  0.786321430791907  15.00757005175279  1.0  0.829  0.123  0.048  0.863  0.137
0  1  3.5  1.75  0.01  0.01  0.9715033422926777  -0.038921934713909534  0.937126403615926  17.22775762249772  1.0  0.867  0.097  0.037  0.892  0.108
0  1  3.5  1.75  0.01  0.01  0.8704368571345704  -0.06405076040731025  0.7460013969081585  17.422324861004373  1.0  0.835  0.119  0.046  0.873  0.127
0  1  3.5  1.75  0.01  0.01  0.6729629018266999  0.17652125841000094  0.6507406904800832  13.954698287686595  1.0  0.79  0.148  0.062  0.824  0.176
0  1  3.5  1.75  0.01  0.01  0.9248395861911578  -0.00047809838850754183  0.6166997685485871  13.986933966307555  1.0  0.857  0.103  0.04  0.922  0.078
0  1  3.5  1.75  0.01  0.01  0.8497928428463366  0.04078971358303701  0.777154201203231  13.705908600903708  1.0  0.838  0.116  0.046  0.863  0.137
0  1  3.5  1.75  0.01  0.01  0.9248270362611712  -0.1489927158521831  0.5449556134413261  14.130252656730786  1.0  0.844  0.114  0.042  0.902  0.098
0  1  3.5  1.75  0.01  0.01  0.8304483502472403  0.10838037809060624  0.39337357777847465  13.980906537195208  1.0  0.838  0.115  0.047  0.902  0.098
0  1  3.5  1.75  0.01  0.01  1.1324261760009429  -0.1825127501492877  0.9146319397540418  14.587114863242551  1.0  0.896  0.078  0.026  0.922  0.078
0  1  3.5  1.75  0.01  0.01  0.9327022733518371  0.14412340557615644  0.7703827809773587  17.20417104894463  1.0  0.871  0.092  0.038  0.922  0.078
0  1  3.5  1.75  0.01  0.01  1.043988973310572  -0.15634678695936818  0.7155158659894186  15.883814398041967  1.0  0.876  0.092  0.032  0.922  0.078
0  1  3.5  1.75  0.01  0.01  0.9820220415935285  -0.08423109665146691  0.5725267854165675  13.782017690211479  1.0  0.866  0.097  0.036  0.931  0.069
0  1  3.5  1.75  0.01  0.01  0.8673733043873244  1.3097925060934212e-05  0.7647894596713813  16.185388435549008  1.0  0.84  0.115  0.045  0.882  0.118
0  1  3.5  1.75  0.01  0.01  1.0457150658445284  -0.18074024293673188  0.5541153326537895  14.108816533530717  1.0  0.875  0.093  0.032  0.931  0.069
0  1  3.5  1.75  0.01  0.01  0.9796334029622105  -0.12064781649050241  0.5171222293216505  13.516508655349044  1.0  0.862  0.101  0.037  0.912  0.088
0  1  3.5  1.75  0.01  0.01  0.9617517812740397  0.05814112750350087  0.929142816290832  13.55984576238697  1.0  0.872  0.092  0.036  0.892  0.108
0  1  3.5  1.75  0.01  0.01  0.9356093669474789  -0.18950382804312596  0.7688876308855276  16.14744742506872  1.0  0.844  0.115  0.041  0.873  0.127
0  1  3.5  1.75  0.01  0.01  0.7466646426624161  0.18226432959345096  0.48156244188041136  13.921697055416379  1.0  0.817  0.129  0.054  0.882  0.118
0  1  3.5  1.75  0.01  0.01  1.033275679253766  -0.14281033938316387  0.4600753304066439  13.646933326307408  1.0  0.875  0.092  0.033  0.931  0.069
