0  5.5  2.75  0.01  0.01  -0.07335302885495176  -0.14263256669656754  0.5378265661298257  15.625467188247304  15.63993351028832  1.0  0.409  0.482  0.109  0.815  0.185  0.75  0.25
0  5.5  2.75  0.01  0.01  0.06625196314487458  0.43886927760819816  0.5864046307747925  15.48913499687323  15.45838626636451  1.0  0.507  0.385  0.108  0.79  0.21  0.85  0.15
0  5.5  2.75  0.01  0.01  -0.10792659310570651  0.752744689493611  0.6552133380453847  15.619146503740046  15.553965216215428  1.0  0.48  0.413  0.107  0.79  0.21  0.85  0.15
0  5.5  2.75  0.01  0.01  0.6454653437359092  0.8803218013677676  0.7491048756075567  15.280996719449284  15.579992952831224  1.0  0.726  0.194  0.081  0.815  0.185  0.75  0.25
0  5.5  2.75  0.01  0.01  0.754071841385678  0.17684152975586254  0.7148284403266807  15.237746525634089  15.14541166210895  1.0  0.702  0.216  0.082  0.815  0.185  0.75  0.25
0  5.5  2.75  0.01  0.01  0.3211693486341889  0.4825524730897408  0.7592371230608337  15.231664759498413  15.492904139306745  1.0  0.594  0.305  0.101  0.84  0.16  0.65  0.35
0  5.5  2.75  0.01  0.01  -0.4082139539747851  0.9267222927316872  0.7924361429027825  15.82922178574451  15.870795391635315  1.0  0.403  0.495  0.102  0.79  0.21  0.85  0.15
0  5.5  2.75  0.01  0.01  -0.825680351061781  -0.2681654943617462  0.4101736414302788  16.87118150710371  16.917503857692083  1.0  0.194  0.729  0.076  0.79  0.21  0.85  0.15
0  5.5  2.75  0.01  0.01  0.21223085938352138  -0.18500129229608153  0.5112283654196701  15.29930436185904  15.847574188009478  1.0  0.498  0.395  0.107  0.827  0.173  0.7  0.3
0  5.5  2.75  0.01  0.01  0.5202983458213208  0.2985345704162623  0.40702790613757106  15.330899984113834  15.594343043622777  1.0  0.641  0.265  0.094  0.815  0.185  0.75  0.25
0  5.5  2.75  0.01  0.01  0.9571710662206074  0.9222042466090603  0.5203665946051155  15.536947299041067  15.805576212136216  1.0  0.808  0.132  0.061  0.802  0.198  0.8  0.2
0  5.5  2.75  0.01  0.01  0.3583364231691668  -0.7658241436518256  0.4076496299931495  15.45663684521215  15.153706997035965  1.0  0.493  0.403  0.104  0.79  0.21  0.85  0.15
0  5.5  2.75  0.01  0.01  0.3895161789946793  -0.6441607753415313  0.926878071595401  15.126270722595384  15.315421758733086  1.0  0.515  0.381  0.103  0.802  0.198  0.8  0.2
0  5.5  2.75  0.01  0.01  0.6136047642114595  -0.9229040176047685  0.4967781030973573  15.26987237282329  15.128796149625098  1.0  0.563  0.342  0.095  0.79  0.21  0.85  0.15
0  5.5  2.75  0.01  0.01  -0.19205278070577592  -0.6001951649365536  0.4067675142829568  15.860318059574789  16.049130400642873  1.0  0.333  0.563  0.104  0.815  0.185  0.75  0.25
0  5.5  2.75  0.01  0.01  0.30363821512128486  -0.6463010317683275  1.0638800803455442  15.145268150396364  15.314466560696914  1.0  0.486  0.408  0.106  0.802  0.198  0.8  0.2
0  5.5  2.75  0.01  0.01  0.5363244955807187  0.2975615959066762  1.012302020925876  14.995813871872365  15.59158788899803  1.0  0.646  0.261  0.093  0.815  0.185  0.75  0.25
0  5.5  2.75  0.01  0.01  0.6151565604931282  -0.6963269177248343  1.2831191267356872  14.936616230746646  15.177748252883793  1.0  0.584  0.321  0.095  0.802  0.198  0.8  0.2
0  5.5  2.75  0.01  0.01  0.48531034734425793  0.5251462939348925  1.2658905685950173  15.16330917713779  14.69606182307173  1.0  0.65  0.257  0.093  0.778  0.222  0.9  0.1
0  5.5  2.75  0.01  0.01  -0.9854038582707971  0.5492973166856934  1.252048643737501  16.637913661902996  16.416628736280593  1.0  0.217  0.71  0.073  0.84  0.16  0.65  0.35
0  5.5  2.75  0.01  0.01  0.5758319211398222  -0.5607006840264968  1.2378669464996375  15.024539264795733  14.85866233471775  1.0  0.584  0.32  0.096  0.802  0.198  0.8  0.2
0  5.5  2.75  0.01  0.01  0.13679134083914168  0.711263312952217  2.3383760337192103  17.955771910066268  15.225307973106888  1.0  0.555  0.34  0.105  0.802  0.198  0.8  0.2
0  5.5  2.75  0.01  0.01  0.35149966942311694  0.3148687827409613  1.643610966568598  14.977320803328254  15.205102675462527  1.0  0.589  0.31  0.101  0.802  0.198  0.8  0.2
0  5.5  2.75  0.01  0.01  0.5591933668391975  0.4615008697233012  2.1727128678307035  15.697357087887323  19.034196786920003  1.0  0.667  0.243  0.09  0.802  0.198  0.8  0.2
0  5.5  2.75  0.01  0.01  0.26688438575866513  0.3542781486824129  2.6157396162543867  17.34382184629962  19.823625147944746  1.0  0.565  0.331  0.104  0.778  0.222  0.9  0.1
0  5.5  2.75  0.01  0.01  0.7073549101828682  0.5147971144582348  1.6665752648175423  14.9657670250896  15.029580346876605  1.0  0.714  0.204  0.081  0.79  0.21  0.85  0.15
0  5.5  2.75  0.01  0.01  -0.3984390780284226  -0.16036918704220215  1.6819333371889467  15.77110153271408  15.683048420480626  1.0  0.309  0.59  0.1  0.827  0.173  0.7  0.3
0  5.5  2.75  0.01  0.01  -0.12037767395702414  -0.6652710232988754  1.910651388319247  15.564195573137422  16.059621699991133  1.0  0.348  0.546  0.106  0.815  0.185  0.75  0.25
0  5.5  2.75  0.01  0.01  0.3855379195164963  0.9116748791469735  2.073399009295992  15.56545352432275  14.864937710500774  1.0  0.652  0.254  0.094  0.79  0.21  0.85  0.15
0  5.5  2.75  0.01  0.01  -0.6332669695537205  0.653634341740738  2.199148070991982  17.718784899604163  17.36127106750405  1.0  0.312  0.594  0.094  0.802  0.198  0.8  0.2
1  5.5  2.75  0.01  0.01  -0.7695567137890811  0.8707126632653011  0.6747630774422904  15.785674350676643  15.955382405228928  1.0  0.295  0.618  0.087  0.732  0.268  0.632  0.368
1  5.5  2.75  0.01  0.01  0.42215904804805926  0.5123658039598569  0.6839918631516752  15.08473216901822  15.041099707623577  1.0  0.629  0.275  0.097  0.696  0.304  0.737  0.263
1  5.5  2.75  0.01  0.01  0.41008107383263237  -0.06701835311687421  0.7179141689041686  14.900947945125845  15.274859646930237  1.0  0.574  0.325  0.101  0.696  0.304  0.737  0.263
1  5.5  2.75  0.01  0.01  0.16213492340614466  0.6505774974070546  0.9055932727215307  15.034805366091248  14.894315701098938  1.0  0.558  0.337  0.105  0.696  0.304  0.737  0.263
1  5.5  2.75  0.01  0.01  -0.8475570800190082  -0.6671569808643671  0.8430156120363931  16.22128607066837  16.25124241386422  1.0  0.165  0.764  0.071  0.714  0.286  0.684  0.316
1  5.5  2.75  0.01  0.01  0.32051751299065523  -0.08377538683745489  0.8119095778044381  14.929593122617165  15.098196737688257  1.0  0.543  0.352  0.104  0.714  0.286  0.684  0.316
1  5.5  2.75  0.01  0.01  -0.4730417497583519  0.39573352634616477  0.7999734395162711  15.44310314652941  15.54879611353401  1.0  0.335  0.565  0.1  0.714  0.286  0.684  0.316
1  5.5  2.75  0.01  0.01  0.650284172552974  0.28779512164287646  0.8670633016749367  14.952259490202067  14.990113600566772  1.0  0.68  0.233  0.087  0.679  0.321  0.789  0.211
1  5.5  2.75  0.01  0.01  0.20205270293388922  -0.42870779146485694  0.9601470156766669  14.999172995454709  14.880248993994593  1.0  0.472  0.42  0.108  0.679  0.321  0.789  0.211
1  5.5  2.75  0.01  0.01  -0.639926793264014  -0.27557283800798626  0.49375192720672345  15.874875989668292  16.25011827485583  1.0  0.236  0.676  0.088  0.696  0.304  0.737  0.263
1  5.5  2.75  0.01  0.01  -0.10963753691307487  0.0802195984192493  0.40121317946926993  15.369426119976302  15.484941013216433  1.0  0.417  0.474  0.109  0.696  0.304  0.737  0.263
1  5.5  2.75  0.01  0.01  -0.26614422550745087  0.7256630546491949  0.9029741987910802  15.125848320903613  15.458185141533955  1.0  0.428  0.466  0.106  0.732  0.268  0.632  0.368
1  5.5  2.75  0.01  0.01  -0.6614337400480497  -0.4387873332195329  0.37763297174260535  16.01193335696201  16.43943786094578  1.0  0.22  0.696  0.085  0.696  0.304  0.737  0.263
1  5.5  2.75  0.01  0.01  0.67283914481469  -0.7881561499921259  0.5134461628881138  15.10819781131291  14.958737002219427  1.0  0.594  0.314  0.092  0.661  0.339  0.842  0.158
1  5.5  2.75  0.01  0.01  -0.3956893497523333  0.004590473530597494  0.5409090470727641  15.50529821766915  15.787141504306497  1.0  0.323  0.575  0.101  0.696  0.304  0.737  0.263
1  5.5  2.75  0.01  0.01  0.3852295514832098  -0.504359544337388  0.535620122858302  15.108683280294361  15.054365322321686  1.0  0.527  0.37  0.103  0.696  0.304  0.737  0.263
1  5.5  2.75  0.01  0.01  0.9990040233906501  0.05799126939271915  0.44284502294436395  15.385738288086857  15.141257972081291  1.0  0.76  0.172  0.067  0.679  0.321  0.789  0.211
1  5.5  2.75  0.01  0.01  0.9131763295519773  0.9363048238146927  0.43577337011875567  15.605708854747775  15.3165882974213  1.0  0.799  0.138  0.063  0.679  0.321  0.789  0.211
1  5.5  2.75  0.01  0.01  -0.0038059099489733406  0.1545402258116102  0.4164751353285707  15.3281562681144  15.29176432992239  1.0  0.458  0.433  0.109  0.714  0.286  0.684  0.316
1  5.5  2.75  0.01  0.01  0.45122494146325787  0.13058037036496106  0.8445590390254009  14.830586335257973  15.271876604048325  1.0  0.605  0.297  0.098  0.732  0.268  0.632  0.368
1  5.5  2.75  0.01  0.01  -0.8879591988925144  -0.41749953125769523  1.1790171231309983  16.094319402212875  15.881871073680268  1.0  0.172  0.757  0.071  0.714  0.286  0.684  0.316
1  5.5  2.75  0.01  0.01  -0.663647207903155  -0.955306339924541  1.2590637350069536  15.887903335153359  15.779865415140211  1.0  0.185  0.737  0.078  0.732  0.268  0.632  0.368
1  5.5  2.75  0.01  0.01  -0.26799316124954475  0.8639457352726285  1.1057868832675144  15.046817624581909  15.31829529046743  1.0  0.439  0.455  0.106  0.714  0.286  0.684  0.316
1  5.5  2.75  0.01  0.01  0.04373776834816856  -0.41899023914084976  2.1517666297465134  15.017469142990134  15.198568719604614  1.0  0.422  0.47  0.109  0.696  0.304  0.737  0.263
1  5.5  2.75  0.01  0.01  0.052972609415157024  0.564527437357458  1.798929519493888  14.660296796470695  15.00624385195027  1.0  0.514  0.379  0.107  0.679  0.321  0.789  0.211
1  5.5  2.75  0.01  0.01  -0.4786779636463905  -0.4498065631415402  1.6841736105547513  15.376818935606666  15.373579159855344  1.0  0.264  0.641  0.095  0.696  0.304  0.737  0.263
1  5.5  2.75  0.01  0.01  -0.504331271681492  -0.6779430353578089  1.6091627299552171  15.424976232215641  15.702683997581634  1.0  0.241  0.668  0.091  0.714  0.286  0.684  0.316
1  5.5  2.75  0.01  0.01  0.08975034435068263  -0.36414498698823117  2.026836608578786  14.855922901242025  15.041158949671127  1.0  0.442  0.449  0.109  0.679  0.321  0.789  0.211
1  5.5  2.75  0.01  0.01  0.4218091440888301  0.6092598108536971  2.52007482162249  17.91736469334652  14.769645086588957  1.0  0.637  0.267  0.096  0.714  0.286  0.684  0.316
1  5.5  2.75  0.01  0.01  -0.29479896762214297  -0.7803823353009909  1.5351965140668868  15.294393502812195  15.163361377828204  1.0  0.288  0.612  0.099  0.714  0.286  0.684  0.316
