19  0  5  2.25  0.01  0.01  0.4296313099182387  0.13212211874091506  0.9373443473668691  0.4296313099182387  0.13212211874091506  0.9373443473668691  14.804954236338036  1.0  0.696  0.281  0.023  0.675  0.325
19  0  5  2.25  0.01  0.01  0.40110109925813725  0.1042337997479918  0.7932712888351724  0.40110109925813725  0.1042337997479918  0.7932712888351724  14.906733833307  1.0  0.681  0.295  0.024  0.667  0.333
19  0  5  2.25  0.01  0.01  0.7090057109008344  -0.0726417191573212  1.555041195290371  0.7090057109008344  -0.0726417191573212  1.555041195290371  18.426432434523583  1.0  0.785  0.199  0.015  0.728  0.272
19  0  5  2.25  0.01  0.01  0.3478753499758037  0.16325104190018375  0.6351082069498404  0.3478753499758037  0.16325104190018375  0.6351082069498404  14.906252151426479  1.0  0.663  0.311  0.026  0.658  0.342
19  0  5  2.25  0.01  0.01  0.45006210804470337  -0.0758993875453705  0.7691963533405073  0.45006210804470337  -0.0758993875453705  0.7691963533405073  14.964815158481068  1.0  0.685  0.291  0.023  0.684  0.316
19  0  5  2.25  0.01  0.01  0.5133698556956039  -0.17812265875813946  0.6974956074862428  0.5133698556956039  -0.17812265875813946  0.6974956074862428  14.85169040514042  1.0  0.703  0.276  0.022  0.693  0.307
19  0  5  2.25  0.01  0.01  0.38549893645634215  0.11989216769855199  0.4199620108357347  0.38549893645634215  0.11989216769855199  0.4199620108357347  15.030360711959924  1.0  0.676  0.299  0.025  0.684  0.316
19  0  5  2.25  0.01  0.01  0.42369615031376745  -0.0830952865836455  1.1377106019355274  0.42369615031376745  -0.0830952865836455  1.1377106019355274  14.838005884947513  1.0  0.674  0.302  0.024  0.64  0.36
19  0  5  2.25  0.01  0.01  0.49463178533207053  -0.09276851062027501  1.1729368079727138  0.49463178533207053  -0.09276851062027501  1.1729368079727138  14.83286482357237  1.0  0.703  0.275  0.022  0.675  0.325
19  0  5  2.25  0.01  0.01  0.3851100674883978  0.06970684737436139  0.5127583938505185  0.3851100674883978  0.06970684737436139  0.5127583938505185  14.89595513649328  1.0  0.671  0.304  0.025  0.667  0.333
19  0  5  2.25  0.01  0.01  0.6006130735692833  0.08229925120352077  0.6559734641011652  0.6006130735692833  0.08229925120352077  0.6559734641011652  14.595068016274906  1.0  0.759  0.223  0.018  0.737  0.263
19  0  5  2.25  0.01  0.01  0.3299185760947273  0.04975576944659105  1.0271212798877374  0.3299185760947273  0.04975576944659105  1.0271212798877374  14.93900141628537  1.0  0.645  0.329  0.026  0.632  0.368
19  0  5  2.25  0.01  0.01  0.3668014133935792  0.007783711026735196  0.5204150121041854  0.3668014133935792  0.007783711026735196  0.5204150121041854  14.986580722258358  1.0  0.658  0.317  0.025  0.658  0.342
19  0  5  2.25  0.01  0.01  0.6163832720570017  -0.16980037911551668  1.2683600053078192  0.6163832720570017  -0.16980037911551668  1.2683600053078192  15.013806946509145  1.0  0.744  0.237  0.018  0.693  0.307
19  0  5  2.25  0.01  0.01  0.44632753786050666  0.19036972832252402  1.236271247014713  0.44632753786050666  0.19036972832252402  1.236271247014713  14.684636143336858  1.0  0.708  0.269  0.023  0.667  0.333
19  0  5  2.25  0.01  0.01  0.5782151529897577  0.10141668040373547  1.1520201198896896  0.5782151529897577  0.10141668040373547  1.1520201198896896  14.802001660068715  1.0  0.752  0.229  0.019  0.737  0.263
19  0  5  2.25  0.01  0.01  0.478178595895937  -0.12911974726209885  1.1191662331702121  0.478178595895937  -0.12911974726209885  1.1191662331702121  14.911081623241637  1.0  0.693  0.285  0.023  0.658  0.342
19  0  5  2.25  0.01  0.01  0.5377417722843494  0.034681289737420545  1.5628287126760125  0.5377417722843494  0.034681289737420545  1.5628287126760125  16.52076863460763  1.0  0.731  0.249  0.02  0.684  0.316
19  0  5  2.25  0.01  0.01  0.29119957132765867  -0.026025203857653167  0.4392349121559712  0.29119957132765867  -0.026025203857653167  0.4392349121559712  15.059742822366571  1.0  0.62  0.353  0.027  0.623  0.377
19  0  5  2.25  0.01  0.01  0.43157221507812976  0.12190557571674665  0.6883305738329218  0.43157221507812976  0.12190557571674665  0.6883305738329218  14.86851585808771  1.0  0.696  0.281  0.023  0.684  0.316
19  0  5  2.25  0.01  0.01  0.6081217323507839  -0.18310510766059515  1.3214506517237987  0.6081217323507839  -0.18310510766059515  1.3214506517237987  15.09813731081775  1.0  0.74  0.241  0.019  0.702  0.298
19  0  5  2.25  0.01  0.01  0.27195606629305696  0.15522706057579577  0.5010725904217219  0.27195606629305696  0.15522706057579577  0.5010725904217219  15.018277796097484  1.0  0.629  0.343  0.027  0.632  0.368
19  0  5  2.25  0.01  0.01  0.525356821703697  -0.039564826000930337  0.6642295868349833  0.525356821703697  -0.039564826000930337  0.6642295868349833  14.811974759689704  1.0  0.72  0.259  0.021  0.711  0.289
19  0  5  2.25  0.01  0.01  0.46736384414716764  0.12357489934143617  0.4175252331580813  0.46736384414716764  0.12357489934143617  0.4175252331580813  14.87686516245549  1.0  0.71  0.267  0.022  0.711  0.289
19  0  5  2.25  0.01  0.01  0.43068531860391335  -0.07591139937889789  0.6776768012302802  0.43068531860391335  -0.07591139937889789  0.6776768012302802  14.843110740614822  1.0  0.677  0.299  0.024  0.658  0.342
19  0  5  2.25  0.01  0.01  0.28294191561074145  0.17246835088967405  0.5298159767206327  0.28294191561074145  0.17246835088967405  0.5298159767206327  14.927601373058035  1.0  0.635  0.338  0.027  0.632  0.368
19  0  5  2.25  0.01  0.01  0.3376417587328844  0.121025907460512  0.9872329797175579  0.3376417587328844  0.121025907460512  0.9872329797175579  14.962266858301147  1.0  0.655  0.319  0.026  0.649  0.351
19  0  5  2.25  0.01  0.01  0.37461450020061227  -0.17711036566215413  0.6438623669054547  0.37461450020061227  -0.17711036566215413  0.6438623669054547  14.807740286756744  1.0  0.643  0.331  0.026  0.623  0.377
19  0  5  2.25  0.01  0.01  0.5245965107929683  -0.1774102677829862  0.6306639436237818  0.5245965107929683  -0.1774102677829862  0.6306639436237818  14.80078776228916  1.0  0.707  0.271  0.021  0.693  0.307
19  0  5  2.25  0.01  0.01  0.46941495822708473  0.18238992315473718  0.5075891445369053  0.46941495822708473  0.18238992315473718  0.5075891445369053  14.811891964844316  1.0  0.716  0.261  0.022  0.711  0.289
19  1  5  2.25  0.01  0.01  0.7995485798261979  0.06200808305437516  0.7190392431572349  0.7995485798261979  0.06200808305437516  0.7190392431572349  14.419147571831571  1.0  0.823  0.164  0.013  0.816  0.184
19  1  5  2.25  0.01  0.01  0.6615063175473146  0.16556491229071202  0.7029458883505436  0.6615063175473146  0.16556491229071202  0.7029458883505436  14.82029793077816  1.0  0.787  0.196  0.016  0.816  0.184
19  1  5  2.25  0.01  0.01  0.8890094957813308  -0.12505259513275713  0.8881841636789473  0.8890094957813308  -0.12505259513275713  0.8881841636789473  14.384161834454247  1.0  0.836  0.154  0.01  0.816  0.184
19  1  5  2.25  0.01  0.01  0.7037888619212819  0.19644791378569526  0.5141838451897333  0.7037888619212819  0.19644791378569526  0.5141838451897333  14.555318160331774  1.0  0.803  0.182  0.015  0.807  0.193
19  1  5  2.25  0.01  0.01  0.962911712630784  -0.06253544997585583  1.1196543107301662  0.962911712630784  -0.06253544997585583  1.1196543107301662  14.363425338926136  1.0  0.86  0.132  0.009  0.825  0.175
19  1  5  2.25  0.01  0.01  0.8296006256491955  -0.05155507833334322  0.42728763263023506  0.8296006256491955  -0.05155507833334322  0.42728763263023506  14.510337114771298  1.0  0.825  0.164  0.012  0.851  0.149
19  1  5  2.25  0.01  0.01  0.7079337881459759  0.09914885752309999  0.857434572826105  0.7079337881459759  0.09914885752309999  0.857434572826105  14.512051871747397  1.0  0.798  0.187  0.015  0.772  0.228
19  1  5  2.25  0.01  0.01  0.743587879368158  0.016657138936351457  1.1539289465788958  0.743587879368158  0.016657138936351457  1.1539289465788958  14.70506271982694  1.0  0.803  0.183  0.014  0.789  0.211
19  1  5  2.25  0.01  0.01  0.8687771635205048  0.06440174404174603  1.073562879940841  0.8687771635205048  0.06440174404174603  1.073562879940841  14.329925894871167  1.0  0.843  0.147  0.011  0.816  0.184
19  1  5  2.25  0.01  0.01  0.6165993026443948  0.0669512098786294  0.3679762276067681  0.6165993026443948  0.0669512098786294  0.3679762276067681  14.747293205486036  1.0  0.764  0.218  0.018  0.772  0.228
19  1  5  2.25  0.01  0.01  0.8876662547203847  0.1412719958506698  1.3607700346404326  0.8876662547203847  0.1412719958506698  1.3607700346404326  14.655147335028513  1.0  0.853  0.137  0.01  0.816  0.184
19  1  5  2.25  0.01  0.01  0.6841425413507579  -0.01102781381122303  1.3960686580482013  0.6841425413507579  -0.01102781381122303  1.3960686580482013  15.017412573077607  1.0  0.781  0.203  0.016  0.754  0.246
19  1  5  2.25  0.01  0.01  0.8062679972978509  0.11763077072715672  0.5083761655892344  0.8062679972978509  0.11763077072715672  0.5083761655892344  14.39587450530188  1.0  0.829  0.159  0.012  0.833  0.167
19  1  5  2.25  0.01  0.01  1.0282021745235477  0.01682047074075227  1.322771656435441  1.0282021745235477  0.01682047074075227  1.322771656435441  14.357514806989458  1.0  0.879  0.114  0.007  0.816  0.184
19  1  5  2.25  0.01  0.01  0.8139446385338313  -0.09124999751073748  0.8955594433708353  0.8139446385338313  -0.09124999751073748  0.8955594433708353  14.59229256545279  1.0  0.817  0.17  0.012  0.816  0.184
19  1  5  2.25  0.01  0.01  0.8378881637359278  -0.1412650277330315  0.7677978849398172  0.8378881637359278  -0.1412650277330315  0.7677978849398172  14.431386566474709  1.0  0.821  0.167  0.012  0.816  0.184
19  1  5  2.25  0.01  0.01  0.9240661020602497  -0.05096163393366801  0.7291942692616377  0.9240661020602497  -0.05096163393366801  0.7291942692616377  14.387044808552474  1.0  0.85  0.14  0.009  0.877  0.123
19  1  5  2.25  0.01  0.01  0.9022698297003513  -0.07756812444787893  0.6737861320957708  0.9022698297003513  -0.07756812444787893  0.6737861320957708  14.318418930607429  1.0  0.843  0.147  0.01  0.851  0.149
19  1  5  2.25  0.01  0.01  0.8154464580173115  -0.14384915145397104  0.5753237390765691  0.8154464580173115  -0.14384915145397104  0.5753237390765691  14.522373185370958  1.0  0.814  0.174  0.012  0.825  0.175
19  1  5  2.25  0.01  0.01  0.8455912959419493  0.08680794284524523  0.6666361088359649  0.8455912959419493  0.08680794284524523  0.6666361088359649  14.312186663200363  1.0  0.838  0.15  0.011  0.833  0.167
19  1  5  2.25  0.01  0.01  1.08140821786949  -0.06635315735304609  1.1456388693371815  1.08140821786949  -0.06635315735304609  1.1456388693371815  14.234652132360697  1.0  0.886  0.108  0.006  0.851  0.149
19  1  5  2.25  0.01  0.01  0.8557110836356097  0.07893699624784856  0.9867132747292124  0.8557110836356097  0.07893699624784856  0.9867132747292124  14.40554886499487  1.0  0.841  0.149  0.011  0.851  0.149
19  1  5  2.25  0.01  0.01  0.9389693507906319  0.16065464210468244  1.2634843586191584  0.9389693507906319  0.16065464210468244  1.2634843586191584  14.39550687212177  1.0  0.867  0.124  0.009  0.833  0.167
19  1  5  2.25  0.01  0.01  0.9508505365649653  0.14354727325719108  1.5393186984028597  0.9508505365649653  0.14354727325719108  1.5393186984028597  17.31949211739262  1.0  0.868  0.123  0.009  0.825  0.175
19  1  5  2.25  0.01  0.01  1.1535711193597946  -0.11442631907060129  1.6015201834459056  1.1535711193597946  -0.11442631907060129  1.6015201834459056  15.44938182791469  1.0  0.898  0.097  0.005  0.842  0.158
19  1  5  2.25  0.01  0.01  0.624209840459153  0.10405253260971897  0.5295192954410152  0.624209840459153  0.10405253260971897  0.5295192954410152  14.816338184441515  1.0  0.769  0.214  0.018  0.789  0.211
19  1  5  2.25  0.01  0.01  0.7108356808826468  0.05235396219063204  0.37243181325849933  0.7108356808826468  0.05235396219063204  0.37243181325849933  14.635717958721909  1.0  0.795  0.19  0.015  0.807  0.193
19  1  5  2.25  0.01  0.01  0.7099475272738247  0.14145264597771912  0.5854547272114158  0.7099475272738247  0.14145264597771912  0.5854547272114158  14.675895010909494  1.0  0.801  0.184  0.015  0.825  0.175
19  1  5  2.25  0.01  0.01  0.8411452090799943  -0.13513260838347468  0.8691433902661811  0.8411452090799943  -0.13513260838347468  0.8691433902661811  14.362589022648244  1.0  0.822  0.167  0.012  0.798  0.202
19  1  5  2.25  0.01  0.01  0.9347685592004711  -0.034511833791133956  0.7585202731268735  0.9347685592004711  -0.034511833791133956  0.7585202731268735  14.216274272799195  1.0  0.854  0.136  0.009  0.851  0.149
18  0  5  2.25  0.01  0.01  0.5130491863957695  -0.13982490097013658  0.7279878839187907  0.5130491863957695  -0.13982490097013658  0.7279878839187907  14.890015831875836  1.0  0.706  0.272  0.022  0.702  0.298
18  0  5  2.25  0.01  0.01  0.5322804271434302  -0.1446056476996124  1.076667595765035  0.5322804271434302  -0.1446056476996124  1.076667595765035  14.796406012370577  1.0  0.714  0.265  0.021  0.667  0.333
18  0  5  2.25  0.01  0.01  0.7018928426730049  -0.07363017385823054  1.3231385336755759  0.7018928426730049  -0.07363017385823054  1.3231385336755759  14.843052106558972  1.0  0.783  0.202  0.016  0.728  0.272
18  0  5  2.25  0.01  0.01  0.4122614714955388  0.13151867691670394  0.8375395990755053  0.4122614714955388  0.13151867691670394  0.8375395990755053  14.880816616601086  1.0  0.688  0.288  0.024  0.675  0.325
18  0  5  2.25  0.01  0.01  0.3367908898487187  0.1870793509709489  0.6162075942169459  0.3367908898487187  0.1870793509709489  0.6162075942169459  14.793535263214492  1.0  0.661  0.313  0.026  0.649  0.351
18  0  5  2.25  0.01  0.01  0.6106256190888686  0.18564721165638337  1.376523459319993  0.6106256190888686  0.18564721165638337  1.376523459319993  14.963600411584801  1.0  0.771  0.211  0.018  0.728  0.272
18  0  5  2.25  0.01  0.01  0.5199763469742389  -0.07504676135050103  1.0957002800881805  0.5199763469742389  -0.07504676135050103  1.0957002800881805  14.918622415083018  1.0  0.714  0.264  0.021  0.684  0.316
18  0  5  2.25  0.01  0.01  0.5255618901970688  -0.12607930559013097  0.593494211350966  0.5255618901970688  -0.12607930559013097  0.593494211350966  14.768161466342843  1.0  0.712  0.267  0.021  0.693  0.307
18  0  5  2.25  0.01  0.01  0.41643484655399576  0.1700737377966876  1.1756001028627427  0.41643484655399576  0.1700737377966876  1.1756001028627427  14.83856173440685  1.0  0.694  0.283  0.024  0.667  0.333
18  0  5  2.25  0.01  0.01  0.48400679834161836  -0.028040720099955063  0.6810833968837173  0.48400679834161836  -0.028040720099955063  0.6810833968837173  14.992552744500582  1.0  0.704  0.274  0.022  0.711  0.289
18  0  5  2.25  0.01  0.01  0.4509276691600281  0.058530533570170795  0.5493900060977168  0.4509276691600281  0.058530533570170795  0.5493900060977168  14.954005189042608  1.0  0.698  0.279  0.023  0.702  0.298
18  0  5  2.25  0.01  0.01  0.45906581037049327  0.042474705309860694  0.5246069525504069  0.45906581037049327  0.042474705309860694  0.5246069525504069  14.850466845147235  1.0  0.7  0.277  0.023  0.693  0.307
18  0  5  2.25  0.01  0.01  0.46355203533880635  -0.10776559229914216  0.4288374222880111  0.46355203533880635  -0.10776559229914216  0.4288374222880111  14.972239652182122  1.0  0.688  0.289  0.023  0.693  0.307
18  0  5  2.25  0.01  0.01  0.5611437193447937  0.10380722017171518  1.2726337819748033  0.5611437193447937  0.10380722017171518  1.2726337819748033  14.82357718793003  1.0  0.746  0.235  0.02  0.693  0.307
18  0  5  2.25  0.01  0.01  0.582719297945744  -0.056994540279653005  1.3679515944541778  0.582719297945744  -0.056994540279653005  1.3679515944541778  15.032591648944072  1.0  0.741  0.24  0.019  0.684  0.316
18  0  5  2.25  0.01  0.01  0.493805770896701  0.07683689482193168  0.39956528557099774  0.493805770896701  0.07683689482193168  0.39956528557099774  14.870888377356051  1.0  0.718  0.261  0.022  0.719  0.281
18  0  5  2.25  0.01  0.01  0.42718207161885463  0.11437412263673286  0.3823510617703131  0.42718207161885463  0.11437412263673286  0.3823510617703131  15.096142907552878  1.0  0.693  0.284  0.024  0.711  0.289
18  0  5  2.25  0.01  0.01  0.5013913223011278  0.13925661418994612  1.3447384216237768  0.5013913223011278  0.13925661418994612  1.3447384216237768  15.21862217186898  1.0  0.726  0.253  0.021  0.693  0.307
18  0  5  2.25  0.01  0.01  0.4459036081695202  -0.12459596526936828  0.4635843676286618  0.4459036081695202  -0.12459596526936828  0.4635843676286618  14.856899779564289  1.0  0.68  0.296  0.023  0.667  0.333
18  0  5  2.25  0.01  0.01  0.4817453442729169  0.1350699874275108  0.9144617235072859  0.4817453442729169  0.1350699874275108  0.9144617235072859  14.775744044515779  1.0  0.718  0.26  0.022  0.693  0.307
18  0  5  2.25  0.01  0.01  0.554202295181052  -0.05885657143123782  0.9046763324549036  0.554202295181052  -0.05885657143123782  0.9046763324549036  14.752022842216096  1.0  0.73  0.25  0.02  0.711  0.289
18  0  5  2.25  0.01  0.01  0.6123743077654292  0.052428182782015276  0.9952244997717364  0.6123743077654292  0.052428182782015276  0.9952244997717364  14.73516546832801  1.0  0.761  0.221  0.018  0.737  0.263
18  0  5  2.25  0.01  0.01  0.399291278859646  0.027096221796383713  0.6064719983585616  0.399291278859646  0.027096221796383713  0.6064719983585616  14.918625121111669  1.0  0.674  0.302  0.024  0.667  0.333
18  0  5  2.25  0.01  0.01  0.6226535290084506  -0.181243177578739  0.6553156161686459  0.6226535290084506  -0.181243177578739  0.6553156161686459  14.750405896025669  1.0  0.746  0.236  0.018  0.737  0.263
18  0  5  2.25  0.01  0.01  0.34325425501685347  0.057127487665399324  0.3960304616277169  0.34325425501685347  0.057127487665399324  0.3960304616277169  15.05277601058133  1.0  0.652  0.322  0.026  0.658  0.342
18  0  5  2.25  0.01  0.01  0.6917581617362715  0.04194812470229631  1.449924979310542  0.6917581617362715  0.04194812470229631  1.449924979310542  14.979603495881355  1.0  0.788  0.197  0.016  0.719  0.281
18  0  5  2.25  0.01  0.01  0.3729341478910739  -0.09966334315164582  0.40751536958513324  0.3729341478910739  -0.09966334315164582  0.40751536958513324  15.080993387287531  1.0  0.65  0.324  0.025  0.658  0.342
18  0  5  2.25  0.01  0.01  0.5718233350498699  0.025088460971520954  1.3090247256875815  0.5718233350498699  0.025088460971520954  1.3090247256875815  14.97747778965692  1.0  0.744  0.237  0.019  0.693  0.307
18  0  5  2.25  0.01  0.01  0.5278312277248869  -0.0878985174052842  0.8341136079023497  0.5278312277248869  -0.0878985174052842  0.8341136079023497  14.828330436883332  1.0  0.717  0.262  0.021  0.702  0.298
18  0  5  2.25  0.01  0.01  0.5598443118001222  -0.07972079813155651  0.3763381110023795  0.5598443118001222  -0.07972079813155651  0.3763381110023795  14.930113385848069  1.0  0.73  0.25  0.02  0.746  0.254
18  1  5  2.25  0.01  0.01  1.107331946781828  -0.03461931671005941  1.6243985907632337  1.107331946781828  -0.03461931671005941  1.6243985907632337  14.134677825371348  1.0  0.893  0.101  0.006  0.807  0.193
18  1  5  2.25  0.01  0.01  1.0811824717642586  -0.0269113910668492  1.6421802828107261  1.0811824717642586  -0.0269113910668492  1.6421802828107261  17.988594469201566  1.0  0.888  0.106  0.006  0.807  0.193
18  1  5  2.25  0.01  0.01  0.8701638684899241  -0.09459933947474011  1.4930159588833833  0.8701638684899241  -0.09459933947474011  1.4930159588833833  16.876915304709257  1.0  0.833  0.156  0.011  0.789  0.211
18  1  5  2.25  0.01  0.01  0.8477310412075499  0.08449505853771122  0.7860557304037121  0.8477310412075499  0.08449505853771122  0.7860557304037121  14.264229011598744  1.0  0.838  0.151  0.011  0.825  0.175
18  1  5  2.25  0.01  0.01  0.9208780931438388  -0.08848778339678405  0.9243810459641191  0.9208780931438388  -0.08848778339678405  0.9243810459641191  14.275317673049807  1.0  0.847  0.143  0.01  0.833  0.167
18  1  5  2.25  0.01  0.01  0.69095246538461  -0.023231519785859966  0.4190468395264198  0.69095246538461  -0.023231519785859966  0.4190468395264198  14.812422322233711  1.0  0.783  0.201  0.016  0.816  0.184
18  1  5  2.25  0.01  0.01  0.8229685363210422  -0.09548244854100614  1.0033471063511656  0.8229685363210422  -0.09548244854100614  1.0033471063511656  14.552159700375482  1.0  0.819  0.169  0.012  0.789  0.211
18  1  5  2.25  0.01  0.01  0.7345371861908851  0.1349936748039957  0.8507791784227562  0.7345371861908851  0.1349936748039957  0.8507791784227562  14.577355450164276  1.0  0.808  0.178  0.014  0.807  0.193
18  1  5  2.25  0.01  0.01  0.7912138037072908  -0.125761660272168  0.5139667908982846  0.7912138037072908  -0.125761660272168  0.5139667908982846  14.516350418029626  1.0  0.807  0.18  0.013  0.816  0.184
18  1  5  2.25  0.01  0.01  0.8590387904747733  -0.14568494830611411  0.6445355384236066  0.8590387904747733  -0.14568494830611411  0.6445355384236066  14.3603857239973  1.0  0.826  0.163  0.011  0.816  0.184
18  1  5  2.25  0.01  0.01  0.9157622731685945  -0.18337831331111665  0.7069273640047637  0.9157622731685945  -0.18337831331111665  0.7069273640047637  14.396699225538658  1.0  0.84  0.15  0.01  0.851  0.149
18  1  5  2.25  0.01  0.01  0.7418932075023612  -0.13747140213791326  0.4901393950134776  0.7418932075023612  -0.13747140213791326  0.4901393950134776  14.692314582004139  1.0  0.791  0.195  0.015  0.807  0.193
18  1  5  2.25  0.01  0.01  0.8308069357168584  0.12025820518638658  1.4105672495971409  0.8308069357168584  0.12025820518638658  1.4105672495971409  15.583501696157171  1.0  0.836  0.152  0.012  0.798  0.202
18  1  5  2.25  0.01  0.01  0.6694799564432778  -0.15978788710756692  0.9665889219237666  0.6694799564432778  -0.15978788710756692  0.9665889219237666  14.743946599402065  1.0  0.764  0.219  0.017  0.754  0.246
18  1  5  2.25  0.01  0.01  0.8216521782994671  -0.1393826118840513  0.40255325216936577  0.8216521782994671  -0.1393826118840513  0.40255325216936577  14.43690497674278  1.0  0.816  0.172  0.012  0.816  0.184
18  1  5  2.25  0.01  0.01  0.7892088298329958  -0.08662956597303727  1.1912517555502362  0.7892088298329958  -0.08662956597303727  1.1912517555502362  14.451232041886684  1.0  0.81  0.177  0.013  0.763  0.237
18  1  5  2.25  0.01  0.01  0.7873819217011918  -0.07418663559699926  0.4043457865298073  0.7873819217011918  -0.07418663559699926  0.4043457865298073  14.68162781021596  1.0  0.81  0.176  0.013  0.851  0.149
18  1  5  2.25  0.01  0.01  1.1078108470338914  -0.18669935347103503  0.8103576099785602  1.1078108470338914  -0.18669935347103503  0.8103576099785602  13.98036898254138  1.0  0.885  0.11  0.006  0.868  0.132
18  1  5  2.25  0.01  0.01  0.7244513116456821  -0.11167339225384683  0.389376284881176  0.7244513116456821  -0.11167339225384683  0.389376284881176  14.737412521237157  1.0  0.787  0.198  0.015  0.816  0.184
18  1  5  2.25  0.01  0.01  0.7143258997961267  0.13332287211319543  0.976833356771403  0.7143258997961267  0.13332287211319543  0.976833356771403  14.578658156107657  1.0  0.802  0.183  0.015  0.781  0.219
18  1  5  2.25  0.01  0.01  0.8428770044180457  -0.1274795729369922  1.2183386052657261  0.8428770044180457  -0.1274795729369922  1.2183386052657261  14.75650579160505  1.0  0.823  0.165  0.012  0.781  0.219
18  1  5  2.25  0.01  0.01  0.8296050805184105  -0.0017329764652559976  0.5992492534432944  0.8296050805184105  -0.0017329764652559976  0.5992492534432944  14.539929880914427  1.0  0.828  0.16  0.012  0.86  0.14
18  1  5  2.25  0.01  0.01  0.9090262564713847  0.039124371253435986  1.0418198299607135  0.9090262564713847  0.039124371253435986  1.0418198299607135  14.384470491552108  1.0  0.852  0.138  0.01  0.851  0.149
18  1  5  2.25  0.01  0.01  0.7025821378945837  -0.024401618010457954  0.4247934966636701  0.7025821378945837  -0.024401618010457954  0.4247934966636701  14.612441115212254  1.0  0.787  0.198  0.015  0.789  0.211
18  1  5  2.25  0.01  0.01  0.7748260268236709  -0.163363943211795  0.4127005600560291  0.7748260268236709  -0.163363943211795  0.4127005600560291  14.607812949379129  1.0  0.8  0.186  0.014  0.816  0.184
18  1  5  2.25  0.01  0.01  0.8178010685349004  -0.028806368738867938  0.3994018718810833  0.8178010685349004  -0.028806368738867938  0.3994018718810833  14.463785099626733  1.0  0.822  0.165  0.012  0.833  0.167
18  1  5  2.25  0.01  0.01  0.9520964254164139  -0.14467778515668894  1.0018879699298382  0.9520964254164139  -0.14467778515668894  1.0018879699298382  14.30205855712786  1.0  0.852  0.139  0.009  0.833  0.167
18  1  5  2.25  0.01  0.01  0.944820036491254  -0.09844521952023477  0.6219882178240461  0.944820036491254  -0.09844521952023477  0.6219882178240461  14.221110094642572  1.0  0.853  0.138  0.009  0.842  0.158
18  1  5  2.25  0.01  0.01  0.9131607147774922  0.07221472983091981  1.3411724045636106  0.9131607147774922  0.07221472983091981  1.3411724045636106  14.258703551875719  1.0  0.855  0.135  0.01  0.789  0.211
18  1  5  2.25  0.01  0.01  0.7684648803556643  -0.12264726831228599  1.0412233032409515  0.7684648803556643  -0.12264726831228599  1.0412233032409515  14.451165405540893  1.0  0.801  0.185  0.014  0.754  0.246
17  0  5  2.25  0.01  0.01  0.5846828511720964  -0.1394716230687184  1.5813471450112637  0.5846828511720964  -0.1394716230687184  1.5813471450112637  19.52884826692123  1.0  0.735  0.246  0.019  0.693  0.307
17  0  5  2.25  0.01  0.01  0.5068854206810639  -0.05511536278436405  0.6225066755944201  0.5068854206810639  -0.05511536278436405  0.6225066755944201  14.897294018301114  1.0  0.711  0.268  0.022  0.711  0.289
17  0  5  2.25  0.01  0.01  0.5159213133803084  -0.09549643767113342  0.7290485969294408  0.5159213133803084  -0.09549643767113342  0.7290485969294408  14.910620280602476  1.0  0.711  0.268  0.021  0.711  0.289
17  0  5  2.25  0.01  0.01  0.46902655446109887  0.12496272210848797  0.7228514217758677  0.46902655446109887  0.12496272210848797  0.7228514217758677  14.90798461211388  1.0  0.711  0.267  0.022  0.711  0.289
17  0  5  2.25  0.01  0.01  0.5167343368595771  -0.1464155633199456  1.0988984069787997  0.5167343368595771  -0.1464155633199456  1.0988984069787997  14.939401588090325  1.0  0.707  0.272  0.021  0.675  0.325
17  0  5  2.25  0.01  0.01  0.42988885852086345  -0.01888435594756399  0.6829428388728737  0.42988885852086345  -0.01888435594756399  0.6829428388728737  14.875058350639893  1.0  0.682  0.294  0.024  0.675  0.325
17  0  5  2.25  0.01  0.01  0.39400479346075556  0.14591695730917675  1.4782573779182746  0.39400479346075556  0.14591695730917675  1.4782573779182746  15.357676605074893  1.0  0.682  0.293  0.024  0.658  0.342
17  0  5  2.25  0.01  0.01  0.6069123072908118  -0.10317970672501856  1.3969447124262588  0.6069123072908118  -0.10317970672501856  1.3969447124262588  15.093246046371931  1.0  0.746  0.235  0.019  0.711  0.289
17  0  5  2.25  0.01  0.01  0.49529508357973623  -0.07793092081716915  0.5981441900240091  0.49529508357973623  -0.07793092081716915  0.5981441900240091  14.967965119213693  1.0  0.704  0.274  0.022  0.711  0.289
17  0  5  2.25  0.01  0.01  0.41885280892365817  0.11031074293282245  0.6739176159700889  0.41885280892365817  0.11031074293282245  0.6739176159700889  14.877055221684124  1.0  0.689  0.287  0.024  0.684  0.316
17  0  5  2.25  0.01  0.01  0.48062665018005635  -0.033155185240680785  1.1204569022410602  0.48062665018005635  -0.033155185240680785  1.1204569022410602  14.941544807841513  1.0  0.703  0.275  0.022  0.693  0.307
17  0  5  2.25  0.01  0.01  0.32389358382045486  0.1276457738616243  1.0083326350146389  0.32389358382045486  0.1276457738616243  1.0083326350146389  14.922326584244972  1.0  0.65  0.324  0.026  0.632  0.368
17  0  5  2.25  0.01  0.01  0.3500632944861633  -0.1656288678841189  0.6399726923355726  0.3500632944861633  -0.1656288678841189  0.6399726923355726  14.90386165590443  1.0  0.633  0.341  0.026  0.623  0.377
17  0  5  2.25  0.01  0.01  0.43442488078325203  -0.1374995492832916  1.3574738918666374  0.43442488078325203  -0.1374995492832916  1.3574738918666374  14.967885755749597  1.0  0.673  0.303  0.024  0.64  0.36
17  0  5  2.25  0.01  0.01  0.3686581829623383  0.03684502467851339  1.4849355965131614  0.3686581829623383  0.03684502467851339  1.4849355965131614  15.038568970938702  1.0  0.661  0.313  0.025  0.632  0.368
17  0  5  2.25  0.01  0.01  0.46957780825229095  0.1378803692259986  0.6625978634936258  0.46957780825229095  0.1378803692259986  0.6625978634936258  14.803093912360845  1.0  0.713  0.265  0.022  0.702  0.298
17  0  5  2.25  0.01  0.01  0.5297893100766947  0.16048318588407268  1.6108099512052116  0.5297893100766947  0.16048318588407268  1.6108099512052116  20.46613551489941  1.0  0.739  0.241  0.02  0.667  0.333
17  0  5  2.25  0.01  0.01  0.5693860828921835  -0.00014891933377886302  1.126670543164709  0.5693860828921835  -0.00014891933377886302  1.126670543164709  14.832500605980714  1.0  0.741  0.24  0.02  0.711  0.289
17  0  5  2.25  0.01  0.01  0.6528673212934548  -0.14694392421726385  1.005769937556292  0.6528673212934548  -0.14694392421726385  1.005769937556292  14.807993990881545  1.0  0.759  0.223  0.017  0.746  0.254
17  0  5  2.25  0.01  0.01  0.5731242287849115  -0.02016051665784624  1.5001828958388972  0.5731242287849115  -0.02016051665784624  1.5001828958388972  15.658986872664325  1.0  0.74  0.24  0.019  0.719  0.281
17  0  5  2.25  0.01  0.01  0.48539779641917047  -0.13690776386052161  0.5495674394385898  0.48539779641917047  -0.13690776386052161  0.5495674394385898  14.817243419050834  1.0  0.695  0.283  0.022  0.684  0.316
17  0  5  2.25  0.01  0.01  0.3674427042480983  0.014362135985334396  0.4067049497368915  0.3674427042480983  0.014362135985334396  0.4067049497368915  15.075568202761426  1.0  0.658  0.317  0.025  0.667  0.333
17  0  5  2.25  0.01  0.01  0.40747315085165714  0.19173709236000774  0.46065091770905475  0.40747315085165714  0.19173709236000774  0.46065091770905475  15.021886701189212  1.0  0.692  0.284  0.024  0.702  0.298
17  0  5  2.25  0.01  0.01  0.5400053741565897  -0.15614441872864437  0.7175203564900079  0.5400053741565897  -0.15614441872864437  0.7175203564900079  14.971589550119553  1.0  0.715  0.264  0.021  0.719  0.281
17  0  5  2.25  0.01  0.01  0.3755606132858538  -0.005444999531220462  1.3822282369033307  0.3755606132858538  -0.005444999531220462  1.3822282369033307  15.29229780503428  1.0  0.66  0.315  0.025  0.623  0.377
17  0  5  2.25  0.01  0.01  0.4432697445143411  -0.11337081513484555  0.5641015375904724  0.4432697445143411  -0.11337081513484555  0.5641015375904724  14.90000232447599  1.0  0.68  0.297  0.024  0.675  0.325
17  0  5  2.25  0.01  0.01  0.3925504120531199  0.0641846647732795  0.5316236066176934  0.3925504120531199  0.0641846647732795  0.5316236066176934  15.012122133839153  1.0  0.674  0.302  0.025  0.675  0.325
17  0  5  2.25  0.01  0.01  0.31614219779710306  -0.10807637824014545  0.625753386135494  0.31614219779710306  -0.10807637824014545  0.625753386135494  14.940850070317142  1.0  0.624  0.349  0.027  0.614  0.386
17  0  5  2.25  0.01  0.01  0.48801309623062544  0.1985622831831444  1.6082549072671428  0.48801309623062544  0.1985622831831444  1.6082549072671428  18.33621906147955  1.0  0.726  0.253  0.022  0.658  0.342
17  0  5  2.25  0.01  0.01  0.27928474301737233  0.18216616919533996  0.37843378671113587  0.27928474301737233  0.18216616919533996  0.37843378671113587  15.053564457324654  1.0  0.634  0.338  0.027  0.64  0.36
17  1  5  2.25  0.01  0.01  0.8743173417554365  -0.10644583382185072  0.40966346881912197  0.8743173417554365  -0.10644583382185072  0.40966346881912197  14.442687638572835  1.0  0.833  0.156  0.011  0.86  0.14
17  1  5  2.25  0.01  0.01  0.7346342112193155  0.07205013467951737  0.37484949620898844  0.7346342112193155  0.07205013467951737  0.37484949620898844  14.713294397615359  1.0  0.804  0.182  0.014  0.842  0.158
17  1  5  2.25  0.01  0.01  1.1629997140423516  0.15436163884606274  1.3358261933174918  1.1629997140423516  0.15436163884606274  1.3358261933174918  14.070922172812239  1.0  0.912  0.084  0.005  0.868  0.132
17  1  5  2.25  0.01  0.01  0.7374880538756866  -0.0957732195256814  0.3726040135151096  0.7374880538756866  -0.0957732195256814  0.3726040135151096  14.683664608846918  1.0  0.792  0.193  0.015  0.816  0.184
17  1  5  2.25  0.01  0.01  0.7110305138340374  -0.05611598537399845  0.6756268224132795  0.7110305138340374  -0.05611598537399845  0.6756268224132795  14.667085518225349  1.0  0.787  0.198  0.015  0.798  0.202
17  1  5  2.25  0.01  0.01  0.8491628751211158  0.142526336968551  0.9456869134875371  0.8491628751211158  0.142526336968551  0.9456869134875371  14.266978459267289  1.0  0.843  0.146  0.011  0.825  0.175
17  1  5  2.25  0.01  0.01  0.7873083605765521  -0.034650887333903535  0.4328576817438646  0.7873083605765521  -0.034650887333903535  0.4328576817438646  14.474819441815274  1.0  0.813  0.174  0.013  0.816  0.184
17  1  5  2.25  0.01  0.01  0.7986545360035896  0.12957698644305754  0.7476316454132509  0.7986545360035896  0.12957698644305754  0.7476316454132509  14.566627594346684  1.0  0.828  0.16  0.012  0.842  0.158
17  1  5  2.25  0.01  0.01  0.7818402164024589  0.06530796370993075  0.5724728375702405  0.7818402164024589  0.06530796370993075  0.5724728375702405  14.543487889592683  1.0  0.819  0.168  0.013  0.833  0.167
17  1  5  2.25  0.01  0.01  0.9874271005191436  -0.1509549851684589  1.0664990621946893  0.9874271005191436  -0.1509549851684589  1.0664990621946893  14.315184290878891  1.0  0.86  0.132  0.008  0.842  0.158
17  1  5  2.25  0.01  0.01  0.9222188869658301  0.18704489490994425  0.5787251231336994  0.9222188869658301  0.18704489490994425  0.5787251231336994  14.294470930154716  1.0  0.864  0.126  0.009  0.895  0.105
17  1  5  2.25  0.01  0.01  1.222189536095293  -0.14666853744536798  1.258490132512133  1.222189536095293  -0.14666853744536798  1.258490132512133  14.258579200191638  1.0  0.908  0.088  0.004  0.886  0.114
17  1  5  2.25  0.01  0.01  0.8284984080019252  0.04977319724146184  1.2553568572874456  0.8284984080019252  0.04977319724146184  1.2553568572874456  14.381609851476258  1.0  0.831  0.157  0.012  0.798  0.202
17  1  5  2.25  0.01  0.01  0.7794774607168126  -0.07331593468189848  0.6157511632867326  0.7794774607168126  -0.07331593468189848  0.6157511632867326  14.604733682111835  1.0  0.808  0.179  0.013  0.833  0.167
17  1  5  2.25  0.01  0.01  0.7792514553778698  -0.08414450834558998  0.7327039814565401  0.7792514553778698  -0.08414450834558998  0.7327039814565401  14.579462671358549  1.0  0.807  0.179  0.013  0.816  0.184
17  1  5  2.25  0.01  0.01  0.7100264527614748  0.10635314227054243  0.3955717138012862  0.7100264527614748  0.10635314227054243  0.3955717138012862  14.674811608401804  1.0  0.799  0.186  0.015  0.825  0.175
17  1  5  2.25  0.01  0.01  0.9121067537462738  0.0825097983588286  0.8645050049476177  0.9121067537462738  0.0825097983588286  0.8645050049476177  14.282693737981178  1.0  0.855  0.135  0.01  0.842  0.158
17  1  5  2.25  0.01  0.01  0.8166725286914095  -0.02679684324285478  0.6611690035128654  0.8166725286914095  -0.02679684324285478  0.6611690035128654  14.628726529300714  1.0  0.822  0.166  0.012  0.86  0.14
17  1  5  2.25  0.01  0.01  0.8185782617596834  -0.020906921472434725  0.7486572724669369  0.8185782617596834  -0.020906921472434725  0.7486572724669369  14.564926337879516  1.0  0.823  0.165  0.012  0.833  0.167
17  1  5  2.25  0.01  0.01  1.0912209281684644  -0.025966101159685312  1.4865314480545755  1.0912209281684644  -0.025966101159685312  1.4865314480545755  14.200877378707695  1.0  0.89  0.104  0.006  0.86  0.14
17  1  5  2.25  0.01  0.01  0.9617980095372755  -0.08878137729569491  0.42991043807516066  0.9617980095372755  -0.08878137729569491  0.42991043807516066  14.206575543213663  1.0  0.857  0.134  0.009  0.868  0.132
17  1  5  2.25  0.01  0.01  1.2836493606170571  -0.19291882006271677  1.1691091989478448  1.2836493606170571  -0.19291882006271677  1.1691091989478448  13.768272958578528  1.0  0.916  0.081  0.003  0.886  0.114
17  1  5  2.25  0.01  0.01  1.1201549331014227  0.1035911399220803  1.5502978720389065  1.1201549331014227  0.1035911399220803  1.5502978720389065  17.063829529162454  1.0  0.902  0.093  0.005  0.851  0.149
17  1  5  2.25  0.01  0.01  0.6893049479788741  -0.006240741794542398  0.4245046184547255  0.6893049479788741  -0.006240741794542398  0.4245046184547255  14.738691790629083  1.0  0.783  0.201  0.016  0.807  0.193
17  1  5  2.25  0.01  0.01  1.0010158351581975  -0.10763692909115555  1.4554688143957284  1.0010158351581975  -0.10763692909115555  1.4554688143957284  14.35713358243358  1.0  0.866  0.126  0.008  0.851  0.149
17  1  5  2.25  0.01  0.01  1.0088817046829324  -0.1494803174867425  0.6324273980836348  1.0088817046829324  -0.1494803174867425  0.6324273980836348  14.126340543663641  1.0  0.865  0.127  0.008  0.86  0.14
17  1  5  2.25  0.01  0.01  0.7978877216902868  0.10408363205273757  0.71913181653133  0.7978877216902868  0.10408363205273757  0.71913181653133  14.504344641552057  1.0  0.825  0.162  0.012  0.833  0.167
17  1  5  2.25  0.01  0.01  0.8673461742986505  0.046931458672192866  0.9313900780257647  0.8673461742986505  0.046931458672192866  0.9313900780257647  14.387895651811819  1.0  0.842  0.148  0.011  0.842  0.158
17  1  5  2.25  0.01  0.01  1.0486227594631348  0.17838183900528404  1.1906862059491146  1.0486227594631348  0.17838183900528404  1.1906862059491146  14.07338898026605  1.0  0.892  0.102  0.006  0.868  0.132
17  1  5  2.25  0.01  0.01  1.2379000051836622  -0.184474376488543  1.4625014359922102  1.2379000051836622  -0.184474376488543  1.4625014359922102  14.12724347637968  1.0  0.909  0.087  0.004  0.86  0.14
16  0  5  2.25  0.01  0.01  0.4441680005475608  -0.020048574545687176  1.2367848040585319  0.4441680005475608  -0.020048574545687176  1.2367848040585319  14.965041586631004  1.0  0.688  0.288  0.023  0.658  0.342
16  0  5  2.25  0.01  0.01  0.37585128223878167  0.15477824440056476  1.2674385104234616  0.37585128223878167  0.15477824440056476  1.2674385104234616  15.195829709302725  1.0  0.675  0.301  0.025  0.658  0.342
16  0  5  2.25  0.01  0.01  0.39403607694189824  -0.051145184406806266  0.5916189587148356  0.39403607694189824  -0.051145184406806266  0.5916189587148356  14.898357205145416  1.0  0.664  0.311  0.025  0.658  0.342
16  0  5  2.25  0.01  0.01  0.3314221955165897  -0.16860381749799114  0.517990460990843  0.3314221955165897  -0.16860381749799114  0.517990460990843  15.005651289553898  1.0  0.625  0.349  0.027  0.623  0.377
16  0  5  2.25  0.01  0.01  0.25737739637486257  0.15812629771175202  0.9080252620748576  0.25737739637486257  0.15812629771175202  0.9080252620748576  14.702310116238953  1.0  0.623  0.35  0.028  0.605  0.395
16  0  5  2.25  0.01  0.01  0.3351376057461379  0.0347625748178364  1.2884778796243483  0.3351376057461379  0.0347625748178364  1.2884778796243483  14.991291350015082  1.0  0.646  0.328  0.026  0.614  0.386
16  0  5  2.25  0.01  0.01  0.2805561416925241  0.1609235442833442  0.39256177565549305  0.2805561416925241  0.1609235442833442  0.39256177565549305  14.93151499763574  1.0  0.633  0.34  0.027  0.632  0.368
16  0  5  2.25  0.01  0.01  0.5263260892358508  -0.1106253200830424  0.8344070106356762  0.5263260892358508  -0.1106253200830424  0.8344070106356762  14.868885467537291  1.0  0.714  0.265  0.021  0.702  0.298
16  0  5  2.25  0.01  0.01  0.4120197808085801  -0.13041880600175682  0.7526173708077416  0.4120197808085801  -0.13041880600175682  0.7526173708077416  14.89383363390165  1.0  0.665  0.311  0.024  0.649  0.351
16  0  5  2.25  0.01  0.01  0.3843987374729675  0.17439317782551095  0.9896627431363167  0.3843987374729675  0.17439317782551095  0.9896627431363167  14.898264548185505  1.0  0.68  0.295  0.025  0.667  0.333
16  0  5  2.25  0.01  0.01  0.39691494101254127  -0.08745468069642492  0.5351043500097301  0.39691494101254127  -0.08745468069642492  0.5351043500097301  14.948275271119597  1.0  0.662  0.314  0.025  0.658  0.342
16  0  5  2.25  0.01  0.01  0.42218661245646294  -0.04902706449022273  0.839860813822455  0.42218661245646294  -0.04902706449022273  0.839860813822455  14.785716964384353  1.0  0.676  0.3  0.024  0.649  0.351
16  0  5  2.25  0.01  0.01  0.6097923948589601  0.010711610786204473  1.648319196261795  0.6097923948589601  0.010711610786204473  1.648319196261795  15.919814309596592  1.0  0.756  0.225  0.018  0.711  0.289
16  0  5  2.25  0.01  0.01  0.6847406250222959  -0.009110154697958034  1.481806220383786  0.6847406250222959  -0.009110154697958034  1.481806220383786  16.242922820548625  1.0  0.782  0.202  0.016  0.711  0.289
16  0  5  2.25  0.01  0.01  0.5889948071977454  0.161630729321871  1.3966339856493761  0.5889948071977454  0.161630729321871  1.3966339856493761  15.050081920413554  1.0  0.761  0.221  0.019  0.711  0.289
16  0  5  2.25  0.01  0.01  0.35658958907760585  0.12423422352656982  0.6827852512353568  0.35658958907760585  0.12423422352656982  0.6827852512353568  14.845296327545958  1.0  0.663  0.311  0.025  0.649  0.351
16  0  5  2.25  0.01  0.01  0.4156571385959409  0.19149947151410524  0.4851899740435014  0.4156571385959409  0.19149947151410524  0.4851899740435014  15.091980676265102  1.0  0.695  0.281  0.024  0.711  0.289
16  0  5  2.25  0.01  0.01  0.4281494208601145  0.0266332203203182  0.39324517451203556  0.4281494208601145  0.0266332203203182  0.39324517451203556  15.088422826286513  1.0  0.686  0.29  0.024  0.702  0.298
16  0  5  2.25  0.01  0.01  0.24566239756926056  -0.004548888173213778  0.4111495392658817  0.24566239756926056  -0.004548888173213778  0.4111495392658817  15.197728882954719  1.0  0.602  0.37  0.028  0.614  0.386
16  0  5  2.25  0.01  0.01  0.3386057454131871  -0.031240453589589018  0.6455113658678543  0.3386057454131871  -0.031240453589589018  0.6455113658678543  15.003831824132961  1.0  0.641  0.332  0.026  0.64  0.36
16  0  5  2.25  0.01  0.01  0.43985696314774914  -0.16240369702792964  1.1648663329170865  0.43985696314774914  -0.16240369702792964  1.1648663329170865  14.983117916707341  1.0  0.674  0.302  0.024  0.649  0.351
16  0  5  2.25  0.01  0.01  0.36703828083439666  -0.18511296637451233  0.8337967272147138  0.36703828083439666  -0.18511296637451233  0.8337967272147138  15.003674107257185  1.0  0.639  0.335  0.026  0.632  0.368
16  0  5  2.25  0.01  0.01  0.489845494786533  0.058719423946216764  0.9848693561867092  0.489845494786533  0.058719423946216764  0.9848693561867092  14.838805714891828  1.0  0.714  0.264  0.022  0.702  0.298
16  0  5  2.25  0.01  0.01  0.6267726729037074  -0.1657216477472161  1.587963164744171  0.6267726729037074  -0.1657216477472161  1.587963164744171  17.485185725501438  1.0  0.748  0.234  0.018  0.702  0.298
16  0  5  2.25  0.01  0.01  0.43804874967675084  -0.07229679059318214  0.5980270424995319  0.43804874967675084  -0.07229679059318214  0.5980270424995319  15.003115429284938  1.0  0.681  0.295  0.024  0.684  0.316
16  0  5  2.25  0.01  0.01  0.27311960104177446  0.14900619665395232  0.7662673155436299  0.27311960104177446  0.14900619665395232  0.7662673155436299  14.916534434097445  1.0  0.629  0.344  0.027  0.623  0.377
16  0  5  2.25  0.01  0.01  0.39753092811382484  -0.18178975297467181  0.5561090249961989  0.39753092811382484  -0.18178975297467181  0.5561090249961989  14.852759604276313  1.0  0.654  0.322  0.025  0.64  0.36
16  0  5  2.25  0.01  0.01  0.45961424463787154  0.03403896668607387  0.4420926960943097  0.45961424463787154  0.03403896668607387  0.4420926960943097  14.935664707446145  1.0  0.699  0.278  0.023  0.702  0.298
16  0  5  2.25  0.01  0.01  0.4269233119280917  -0.19580132148167007  0.8395923605145992  0.4269233119280917  -0.19580132148167007  0.8395923605145992  15.001627880051258  1.0  0.665  0.311  0.024  0.658  0.342
16  0  5  2.25  0.01  0.01  0.395537228850791  0.11622129647802348  0.9739272300749803  0.395537228850791  0.11622129647802348  0.9739272300749803  14.944548345036862  1.0  0.68  0.295  0.024  0.667  0.333
16  1  5  2.25  0.01  0.01  0.7623002909994819  0.06788601870390615  0.4766327622175585  0.7623002909994819  0.06788601870390615  0.4766327622175585  14.433728595773209  1.0  0.813  0.174  0.014  0.807  0.193
16  1  5  2.25  0.01  0.01  0.7979376835970549  0.1800569617087961  0.711185977882029  0.7979376835970549  0.1800569617087961  0.711185977882029  14.342036003068355  1.0  0.831  0.157  0.012  0.816  0.184
16  1  5  2.25  0.01  0.01  0.7557710760125723  -0.1694415245341494  1.1517816906435352  0.7557710760125723  -0.1694415245341494  1.1517816906435352  14.673015324590475  1.0  0.793  0.193  0.014  0.754  0.246
16  1  5  2.25  0.01  0.01  0.976091099470867  -0.15524669810419117  1.4516876484276364  0.976091099470867  -0.15524669810419117  1.4516876484276364  14.444440022675785  1.0  0.857  0.135  0.008  0.807  0.193
16  1  5  2.25  0.01  0.01  0.862798832469417  -0.07974886297319204  0.6439301831421628  0.862798832469417  -0.07974886297319204  0.6439301831421628  14.37462605531706  1.0  0.832  0.157  0.011  0.842  0.158
16  1  5  2.25  0.01  0.01  1.1108060031533586  -0.05980591582828612  1.2619216368886024  1.1108060031533586  -0.05980591582828612  1.2619216368886024  14.189755649393954  1.0  0.892  0.102  0.006  0.842  0.158
16  1  5  2.25  0.01  0.01  0.7150703229449513  -0.14740473585225425  0.80997971290505  0.7150703229449513  -0.14740473585225425  0.80997971290505  14.645299475761453  1.0  0.781  0.204  0.015  0.781  0.219
16  1  5  2.25  0.01  0.01  0.8732360195729497  0.1300279082915593  0.5600788099337846  0.8732360195729497  0.1300279082915593  0.5600788099337846  14.38611807393689  1.0  0.848  0.141  0.01  0.877  0.123
16  1  5  2.25  0.01  0.01  0.6964824772946419  0.09279614255161711  0.3795598691403036  0.6964824772946419  0.09279614255161711  0.3795598691403036  14.746979389899911  1.0  0.793  0.192  0.015  0.825  0.175
16  1  5  2.25  0.01  0.01  0.8042540603117457  0.06497037555730972  0.9040464062507816  0.8042540603117457  0.06497037555730972  0.9040464062507816  14.495728753056985  1.0  0.825  0.163  0.012  0.833  0.167
16  1  5  2.25  0.01  0.01  0.7350783384461419  0.09417957100526769  1.6084543489688075  0.7350783384461419  0.09417957100526769  1.6084543489688075  17.17193973144718  1.0  0.806  0.18  0.014  0.763  0.237
16  1  5  2.25  0.01  0.01  0.9829964598107265  -0.0815147931395079  1.079037127358356  0.9829964598107265  -0.0815147931395079  1.079037127358356  14.293653660854941  1.0  0.863  0.129  0.008  0.833  0.167
16  1  5  2.25  0.01  0.01  0.9280340666512011  -0.17147697493204875  0.8706590222625574  0.9280340666512011  -0.17147697493204875  0.8706590222625574  14.267235432216042  1.0  0.844  0.147  0.01  0.833  0.167
16  1  5  2.25  0.01  0.01  0.7112550265017352  0.08232627666112335  0.7228708092248576  0.7112550265017352  0.08232627666112335  0.7228708092248576  14.55432042132501  1.0  0.797  0.188  0.015  0.789  0.211
16  1  5  2.25  0.01  0.01  0.8406003735110543  0.15625705991706496  1.0248764125404843  0.8406003735110543  0.15625705991706496  1.0248764125404843  14.311834267204588  1.0  0.842  0.147  0.011  0.807  0.193
16  1  5  2.25  0.01  0.01  0.6724857010661157  0.008371835275503475  0.6399402878000402  0.6724857010661157  0.008371835275503475  0.6399402878000402  14.671249577089629  1.0  0.779  0.205  0.016  0.781  0.219
16  1  5  2.25  0.01  0.01  0.7042662386841996  0.17035211723992616  0.6340452222744792  0.7042662386841996  0.17035211723992616  0.6340452222744792  14.596907732069507  1.0  0.801  0.184  0.015  0.807  0.193
16  1  5  2.25  0.01  0.01  0.7095853561648092  0.12575627167703235  0.5330578001076497  0.7095853561648092  0.12575627167703235  0.5330578001076497  14.628697519738473  1.0  0.8  0.185  0.015  0.816  0.184
16  1  5  2.25  0.01  0.01  0.8132691724236851  -0.03466628492906057  0.4641956576090203  0.8132691724236851  -0.03466628492906057  0.4641956576090203  14.52523149002567  1.0  0.821  0.167  0.012  0.842  0.158
16  1  5  2.25  0.01  0.01  0.9592853231168835  0.12017192556709122  0.9413761537926281  0.9592853231168835  0.12017192556709122  0.9413761537926281  14.062626769935783  1.0  0.869  0.122  0.008  0.851  0.149
16  1  5  2.25  0.01  0.01  0.7060588903236364  0.096796807029432  0.426415273884192  0.7060588903236364  0.096796807029432  0.426415273884192  14.548352300851821  1.0  0.797  0.188  0.015  0.789  0.211
16  1  5  2.25  0.01  0.01  0.6386631102609189  0.16544253491825905  0.7510720483174743  0.6386631102609189  0.16544253491825905  0.7510720483174743  14.670284958873626  1.0  0.779  0.204  0.017  0.781  0.219
16  1  5  2.25  0.01  0.01  0.6359152746505782  0.01141051396171816  0.4508329121604585  0.6359152746505782  0.01141051396171816  0.4508329121604585  14.822424397466795  1.0  0.766  0.217  0.017  0.789  0.211
16  1  5  2.25  0.01  0.01  0.8932048911293139  0.15072447573975278  0.9645602773751487  0.8932048911293139  0.15072447573975278  0.9645602773751487  14.331902845534074  1.0  0.855  0.135  0.01  0.851  0.149
16  1  5  2.25  0.01  0.01  0.7907317334610648  0.13086805837320548  0.7296976760239771  0.7907317334610648  0.13086805837320548  0.7296976760239771  14.291913864885839  1.0  0.825  0.162  0.013  0.789  0.211
16  1  5  2.25  0.01  0.01  0.9486942414387968  -0.18230082838954587  1.3729395397847948  0.9486942414387968  -0.18230082838954587  1.3729395397847948  15.102093152977883  1.0  0.849  0.142  0.009  0.851  0.149
16  1  5  2.25  0.01  0.01  0.7870158595174382  -0.025906658878862343  0.39309411322062193  0.7870158595174382  -0.025906658878862343  0.39309411322062193  14.578057635550726  1.0  0.813  0.174  0.013  0.842  0.158
16  1  5  2.25  0.01  0.01  0.8304124282151732  -0.002072705175711065  0.39824471175319825  0.8304124282151732  -0.002072705175711065  0.39824471175319825  14.385558888861524  1.0  0.828  0.16  0.012  0.833  0.167
16  1  5  2.25  0.01  0.01  0.8951844130872588  -0.10634681577729342  1.0142421003597981  0.8951844130872588  -0.10634681577729342  1.0142421003597981  14.334309280598207  1.0  0.839  0.151  0.01  0.825  0.175
16  1  5  2.25  0.01  0.01  1.0340104155571075  -0.146256145031896  1.206269518299569  1.0340104155571075  -0.146256145031896  1.206269518299569  14.074751767994668  1.0  0.871  0.122  0.007  0.798  0.202
15  0  5  2.25  0.01  0.01  0.5287305789125659  -0.16537050681126933  0.6913290894999463  0.5287305789125659  -0.16537050681126933  0.6913290894999463  14.69265118900441  1.0  0.71  0.269  0.021  0.675  0.325
15  0  5  2.25  0.01  0.01  0.5092259004049734  0.005417381972858598  0.9415132620777251  0.5092259004049734  0.005417381972858598  0.9415132620777251  14.680752951535558  1.0  0.718  0.261  0.021  0.675  0.325
15  0  5  2.25  0.01  0.01  0.6109211740442665  0.04051151468434683  1.2156015198831023  0.6109211740442665  0.04051151468434683  1.2156015198831023  14.742359710886623  1.0  0.759  0.223  0.018  0.702  0.298
15  0  5  2.25  0.01  0.01  0.5279601650595566  0.18158366317099678  1.3044582432228842  0.5279601650595566  0.18158366317099678  1.3044582432228842  14.779001279941424  1.0  0.74  0.24  0.02  0.693  0.307
15  0  5  2.25  0.01  0.01  0.4463765175788497  -0.1223676953359131  0.747042248181823  0.4463765175788497  -0.1223676953359131  0.747042248181823  14.791479479519287  1.0  0.68  0.296  0.023  0.658  0.342
15  0  5  2.25  0.01  0.01  0.5240146841179807  0.08953476594852156  0.5226670382333312  0.5240146841179807  0.08953476594852156  0.5226670382333312  14.81984687851369  1.0  0.73  0.249  0.021  0.728  0.272
15  0  5  2.25  0.01  0.01  0.43880438666661803  -0.0750647559621601  1.1353995010974418  0.43880438666661803  -0.0750647559621601  1.1353995010974418  14.80300824399723  1.0  0.681  0.296  0.024  0.658  0.342
15  0  5  2.25  0.01  0.01  0.6513039941549121  -0.03137270792631325  1.1848523689608017  0.6513039941549121  -0.03137270792631325  1.1848523689608017  14.767954592971597  1.0  0.768  0.215  0.017  0.719  0.281
15  0  5  2.25  0.01  0.01  0.8400603490998373  -0.11963571768775122  1.6005858118133351  0.8400603490998373  -0.11963571768775122  1.6005858118133351  15.012157374615503  1.0  0.823  0.166  0.012  0.719  0.281
15  0  5  2.25  0.01  0.01  0.4504704979267763  0.045949324019810056  0.4130865272997723  0.4504704979267763  0.045949324019810056  0.4130865272997723  14.781681198348016  1.0  0.697  0.28  0.023  0.684  0.316
15  0  5  2.25  0.01  0.01  0.4801686066329995  -0.06615720798611943  0.43817915376269245  0.4801686066329995  -0.06615720798611943  0.43817915376269245  14.926540145626767  1.0  0.699  0.279  0.022  0.702  0.298
15  0  5  2.25  0.01  0.01  0.4528083272709419  0.07759502048043398  0.7778794010348905  0.4528083272709419  0.07759502048043398  0.7778794010348905  14.769312701506271  1.0  0.701  0.276  0.023  0.684  0.316
15  0  5  2.25  0.01  0.01  0.579832656149521  -0.044640419624224326  0.8747021113372  0.579832656149521  -0.044640419624224326  0.8747021113372  14.724788394041557  1.0  0.741  0.24  0.019  0.711  0.289
15  0  5  2.25  0.01  0.01  0.44310063501705804  0.07120034051826174  0.4130929368823072  0.44310063501705804  0.07120034051826174  0.4130929368823072  14.871179976113028  1.0  0.696  0.281  0.023  0.693  0.307
15  0  5  2.25  0.01  0.01  0.5630060040998219  -0.03107911170898378  0.37975998691799095  0.5630060040998219  -0.03107911170898378  0.37975998691799095  14.825574374514549  1.0  0.736  0.245  0.02  0.737  0.263
15  0  5  2.25  0.01  0.01  0.5009121776594438  0.02117310420820609  1.2842805809243396  0.5009121776594438  0.02117310420820609  1.2842805809243396  14.776781304121434  1.0  0.715  0.263  0.022  0.649  0.351
15  0  5  2.25  0.01  0.01  0.5102164887944358  -0.1038326423162725  0.5382218251737637  0.5102164887944358  -0.1038326423162725  0.5382218251737637  14.827828682366043  1.0  0.709  0.27  0.022  0.702  0.298
15  0  5  2.25  0.01  0.01  0.6271467655569927  0.019078941944016187  1.1955165518355397  0.6271467655569927  0.019078941944016187  1.1955165518355397  14.719535125322706  1.0  0.764  0.219  0.018  0.711  0.289
15  0  5  2.25  0.01  0.01  0.6851626001106125  -0.15837199013010614  1.3622442459370236  0.6851626001106125  -0.15837199013010614  1.3622442459370236  14.561793359561232  1.0  0.77  0.214  0.016  0.702  0.298
15  0  5  2.25  0.01  0.01  0.39764699852903623  0.17130723001834486  0.880108783632346  0.39764699852903623  0.17130723001834486  0.880108783632346  14.884917651052584  1.0  0.686  0.29  0.024  0.675  0.325
15  0  5  2.25  0.01  0.01  0.5746256262818509  0.13210630828639086  0.7833543897493199  0.5746256262818509  0.13210630828639086  0.7833543897493199  14.752965998725621  1.0  0.753  0.228  0.019  0.746  0.254
15  0  5  2.25  0.01  0.01  0.46900659164700914  0.01728141557126056  0.821517281949168  0.46900659164700914  0.01728141557126056  0.821517281949168  14.797581199742076  1.0  0.702  0.275  0.023  0.684  0.316
15  0  5  2.25  0.01  0.01  0.2049949837220442  0.10308050582509426  0.5166159710216408  0.2049949837220442  0.10308050582509426  0.5166159710216408  15.019467015597144  1.0  0.592  0.379  0.029  0.596  0.404
15  0  5  2.25  0.01  0.01  0.5564541741372645  -0.04321934588613813  1.2083295711600426  0.5564541741372645  -0.04321934588613813  1.2083295711600426  14.600352312376737  1.0  0.732  0.248  0.02  0.675  0.325
15  0  5  2.25  0.01  0.01  0.391041139575368  -0.15412181466760022  0.7672684932811166  0.391041139575368  -0.15412181466760022  0.7672684932811166  14.922043522503422  1.0  0.654  0.321  0.025  0.64  0.36
15  0  5  2.25  0.01  0.01  0.5563032452153733  -0.19826520026483077  0.834311423695232  0.5563032452153733  -0.19826520026483077  0.834311423695232  14.73598903261879  1.0  0.718  0.261  0.02  0.693  0.307
15  0  5  2.25  0.01  0.01  0.444792978248118  -0.04602463109261329  0.6233822964510356  0.444792978248118  -0.04602463109261329  0.6233822964510356  14.752116659210877  1.0  0.686  0.291  0.023  0.667  0.333
15  0  5  2.25  0.01  0.01  0.6433630735105185  0.057525620504338126  1.5172192185423956  0.6433630735105185  0.057525620504338126  1.5172192185423956  15.730143925782624  1.0  0.773  0.21  0.017  0.702  0.298
15  0  5  2.25  0.01  0.01  0.5273945592833185  -0.16324964817734663  0.6369596076981023  0.5273945592833185  -0.16324964817734663  0.6369596076981023  14.626973561374992  1.0  0.71  0.269  0.021  0.675  0.325
15  0  5  2.25  0.01  0.01  0.5023958084659609  0.19727243992812116  0.6941292270214814  0.5023958084659609  0.19727243992812116  0.6941292270214814  14.667148445172591  1.0  0.731  0.248  0.021  0.711  0.289
15  1  5  2.25  0.01  0.01  0.7576639446460114  0.10676283895123401  0.3912070906984895  0.7576639446460114  0.10676283895123401  0.3912070906984895  14.60365846437141  1.0  0.814  0.172  0.014  0.842  0.158
15  1  5  2.25  0.01  0.01  0.9132913157959477  -0.19139349963073848  0.7981186908305283  0.9132913157959477  -0.19139349963073848  0.7981186908305283  14.252082334989312  1.0  0.839  0.151  0.01  0.807  0.193
15  1  5  2.25  0.01  0.01  0.7016482355337769  0.019889974306862873  0.36975888743528884  0.7016482355337769  0.019889974306862873  0.36975888743528884  14.635457390795143  1.0  0.79  0.195  0.015  0.798  0.202
15  1  5  2.25  0.01  0.01  0.6009103275360597  0.018515916531036375  1.2428189898721644  0.6009103275360597  0.018515916531036375  1.2428189898721644  15.25656661878012  1.0  0.754  0.227  0.019  0.737  0.263
15  1  5  2.25  0.01  0.01  0.7371778117161985  -0.08795287438258358  1.0810478653863778  0.7371778117161985  -0.08795287438258358  1.0810478653863778  14.721899521184536  1.0  0.793  0.192  0.015  0.781  0.219
15  1  5  2.25  0.01  0.01  0.6430946016109798  0.1447764940604671  0.49486154799469495  0.6430946016109798  0.1447764940604671  0.49486154799469495  14.743231532154603  1.0  0.779  0.204  0.017  0.789  0.211
15  1  5  2.25  0.01  0.01  0.696662723466657  0.1478728513165234  0.471191929406649  0.696662723466657  0.1478728513165234  0.471191929406649  14.73034646041945  1.0  0.797  0.187  0.015  0.825  0.175
15  1  5  2.25  0.01  0.01  0.9869774925286291  0.018286821135419407  1.2194159898588914  0.9869774925286291  0.018286821135419407  1.2194159898588914  14.264464527986467  1.0  0.87  0.122  0.008  0.842  0.158
15  1  5  2.25  0.01  0.01  0.8305833175148155  -0.1520552173129105  0.7504844413697698  0.8305833175148155  -0.1520552173129105  0.7504844413697698  14.453651404336124  1.0  0.818  0.17  0.012  0.816  0.184
15  1  5  2.25  0.01  0.01  1.2549177266932157  -0.16886991534584164  1.5601090658187728  1.2549177266932157  -0.16886991534584164  1.5601090658187728  16.166176031327517  1.0  0.912  0.084  0.004  0.833  0.167
15  1  5  2.25  0.01  0.01  0.956987731976526  -0.07965550723832285  1.4858664132957076  0.956987731976526  -0.07965550723832285  1.4858664132957076  16.37405153994898  1.0  0.857  0.134  0.009  0.816  0.184
15  1  5  2.25  0.01  0.01  0.7658317972215912  -0.19868014679816942  0.43672575888500037  0.7658317972215912  -0.19868014679816942  0.43672575888500037  14.55324058915057  1.0  0.794  0.192  0.014  0.789  0.211
15  1  5  2.25  0.01  0.01  0.7994290268782746  0.15293885052681094  1.1525785483220266  0.7994290268782746  0.15293885052681094  1.1525785483220266  14.476588156695602  1.0  0.829  0.158  0.012  0.798  0.202
15  1  5  2.25  0.01  0.01  0.8743539218055382  -0.14482827573231166  0.5950482113194914  0.8743539218055382  -0.14482827573231166  0.5950482113194914  14.444624721604203  1.0  0.831  0.158  0.011  0.851  0.149
15  1  5  2.25  0.01  0.01  0.7014262634745945  0.12895804085167645  0.4278170002520635  0.7014262634745945  0.12895804085167645  0.4278170002520635  14.5619702068003  1.0  0.798  0.187  0.015  0.798  0.202
15  1  5  2.25  0.01  0.01  0.7207796032495681  0.1870408869665665  0.8016860401858802  0.7207796032495681  0.1870408869665665  0.8016860401858802  14.46149408871445  1.0  0.808  0.177  0.014  0.781  0.219
15  1  5  2.25  0.01  0.01  0.9582906072697397  -0.12042797149529455  0.633354979057527  0.9582906072697397  -0.12042797149529455  0.633354979057527  14.30734466619132  1.0  0.855  0.136  0.009  0.886  0.114
15  1  5  2.25  0.01  0.01  0.9148120991451606  0.18452868981902942  0.7768734788219794  0.9148120991451606  0.18452868981902942  0.7768734788219794  14.268415314657807  1.0  0.862  0.129  0.009  0.877  0.123
15  1  5  2.25  0.01  0.01  0.858237206535003  0.09581140687635753  0.5945085995683554  0.858237206535003  0.09581140687635753  0.5945085995683554  14.424818343818254  1.0  0.843  0.147  0.011  0.868  0.132
15  1  5  2.25  0.01  0.01  0.7460414927552151  0.17804468099968934  0.5253396979381805  0.7460414927552151  0.17804468099968934  0.5253396979381805  14.524290221162227  1.0  0.815  0.171  0.014  0.825  0.175
15  1  5  2.25  0.01  0.01  0.7151062615820137  0.191342662114035  0.5605346147043826  0.7151062615820137  0.191342662114035  0.5605346147043826  14.630308252916924  1.0  0.806  0.179  0.015  0.825  0.175
15  1  5  2.25  0.01  0.01  0.8763734818939133  -0.1817880983046635  0.48573057162702377  0.8763734818939133  -0.1817880983046635  0.48573057162702377  14.34446956060835  1.0  0.829  0.16  0.011  0.825  0.175
15  1  5  2.25  0.01  0.01  0.8194382650517117  0.18848820105353448  0.5774384258514491  0.8194382650517117  0.18848820105353448  0.5774384258514491  14.478423439648216  1.0  0.838  0.151  0.012  0.86  0.14
15  1  5  2.25  0.01  0.01  0.9448452727092995  -0.1855473222273053  0.9968709558227538  0.9448452727092995  -0.1855473222273053  0.9968709558227538  14.370843294435808  1.0  0.847  0.144  0.009  0.842  0.158
15  1  5  2.25  0.01  0.01  1.0029743065745595  0.00651980563845958  1.0647405239538137  1.0029743065745595  0.00651980563845958  1.0647405239538137  14.11190260067499  1.0  0.873  0.119  0.008  0.868  0.132
15  1  5  2.25  0.01  0.01  0.7690963785587951  0.07582043116637488  0.8074375078318231  0.7690963785587951  0.07582043116637488  0.8074375078318231  14.508705148394727  1.0  0.815  0.171  0.013  0.807  0.193
15  1  5  2.25  0.01  0.01  0.7382041176452598  -0.0007858115218009887  0.667756027081489  0.7382041176452598  -0.0007858115218009887  0.667756027081489  14.671901091514979  1.0  0.8  0.186  0.014  0.825  0.175
15  1  5  2.25  0.01  0.01  1.0208737718416294  -0.03805895170556525  1.48870982022294  1.0208737718416294  -0.03805895170556525  1.48870982022294  16.595478799288117  1.0  0.874  0.118  0.007  0.825  0.175
15  1  5  2.25  0.01  0.01  0.7221932633743972  0.15588541486923624  0.5972531200721373  0.7221932633743972  0.15588541486923624  0.5972531200721373  14.700699463539605  1.0  0.806  0.179  0.015  0.833  0.167
15  1  5  2.25  0.01  0.01  1.0309210004730887  0.039181838549012  0.8089825770608051  1.0309210004730887  0.039181838549012  0.8089825770608051  14.011902430702811  1.0  0.881  0.112  0.007  0.851  0.149
14  0  5  2.25  0.01  0.01  0.46388137776625543  -0.13138052134238368  0.8291266378674967  0.46388137776625543  -0.13138052134238368  0.8291266378674967  14.859331500063185  1.0  0.687  0.29  0.023  0.667  0.333
14  0  5  2.25  0.01  0.01  0.5582776590077189  -0.19418029251393235  0.4794337241964961  0.5582776590077189  -0.19418029251393235  0.4794337241964961  14.986588693737497  1.0  0.72  0.26  0.02  0.737  0.263
14  0  5  2.25  0.01  0.01  0.4953586128969302  0.18150856836732487  0.9783891463946685  0.4953586128969302  0.18150856836732487  0.9783891463946685  14.886070906694043  1.0  0.727  0.252  0.021  0.719  0.281
14  0  5  2.25  0.01  0.01  0.7031940081995735  -0.04338846861675774  0.48870145762277273  0.7031940081995735  -0.04338846861675774  0.48870145762277273  14.694704615567298  1.0  0.785  0.199  0.016  0.798  0.202
14  0  5  2.25  0.01  0.01  0.4597214294754463  0.07794762614363976  0.5259689937466652  0.4597214294754463  0.07794762614363976  0.5259689937466652  14.980844047487938  1.0  0.704  0.274  0.023  0.711  0.289
14  0  5  2.25  0.01  0.01  0.45155290425117434  0.11416626068992602  0.3870742966756947  0.45155290425117434  0.11416626068992602  0.3870742966756947  14.965669826640767  1.0  0.703  0.274  0.023  0.711  0.289
14  0  5  2.25  0.01  0.01  0.437740721072321  0.19873908984089783  0.9464202864876052  0.437740721072321  0.19873908984089783  0.9464202864876052  14.814530421215201  1.0  0.705  0.272  0.023  0.693  0.307
14  0  5  2.25  0.01  0.01  0.5295574956640792  -0.1525383657570951  1.23599559154821  0.5295574956640792  -0.1525383657570951  1.23599559154821  14.804643866777981  1.0  0.712  0.267  0.021  0.667  0.333
14  0  5  2.25  0.01  0.01  0.5767136098054687  -0.19821429059611637  0.5738964641016099  0.5767136098054687  -0.19821429059611637  0.5738964641016099  14.863185281235637  1.0  0.726  0.254  0.02  0.728  0.272
14  0  5  2.25  0.01  0.01  0.45553021075326944  0.07475937687975726  1.2251197859819702  0.45553021075326944  0.07475937687975726  1.2251197859819702  14.940347467951772  1.0  0.701  0.276  0.023  0.675  0.325
14  0  5  2.25  0.01  0.01  0.5246428696789005  -0.11552763888073839  0.39902530462846963  0.5246428696789005  -0.11552763888073839  0.39902530462846963  14.936630871449285  1.0  0.713  0.266  0.021  0.719  0.281
14  0  5  2.25  0.01  0.01  0.4019720542361815  0.06663078875000977  0.42724794027565505  0.4019720542361815  0.06663078875000977  0.42724794027565505  15.113539859566965  1.0  0.679  0.297  0.024  0.693  0.307
14  0  5  2.25  0.01  0.01  0.5790436224108189  -0.035002266788656866  0.8242777968831874  0.5790436224108189  -0.035002266788656866  0.8242777968831874  14.678958731956204  1.0  0.741  0.24  0.019  0.719  0.281
14  0  5  2.25  0.01  0.01  0.5674179381569756  0.10343339559477499  0.3913460567299678  0.5674179381569756  0.10343339559477499  0.3913460567299678  14.87196732283645  1.0  0.748  0.233  0.019  0.763  0.237
14  0  5  2.25  0.01  0.01  0.4835681703308018  -0.0817743904228022  0.39812503666601284  0.4835681703308018  -0.0817743904228022  0.39812503666601284  14.8560276494694  1.0  0.699  0.278  0.022  0.693  0.307
14  0  5  2.25  0.01  0.01  0.5246467958594155  -0.07775736354666894  1.247323064531506  0.5246467958594155  -0.07775736354666894  1.247323064531506  14.984321955980361  1.0  0.716  0.263  0.021  0.675  0.325
14  0  5  2.25  0.01  0.01  0.5653461982047138  0.0398024635386324  0.6965646268508489  0.5653461982047138  0.0398024635386324  0.6965646268508489  14.806386194878005  1.0  0.742  0.238  0.02  0.737  0.263
14  0  5  2.25  0.01  0.01  0.5228917515651821  0.0024103009129001762  1.4259200805228502  0.5228917515651821  0.0024103009129001762  1.4259200805228502  14.861402778610376  1.0  0.722  0.257  0.021  0.667  0.333
14  0  5  2.25  0.01  0.01  0.4824898640915616  0.09035017372475423  0.4208271146922206  0.4824898640915616  0.09035017372475423  0.4208271146922206  14.844986359520991  1.0  0.714  0.264  0.022  0.711  0.289
14  0  5  2.25  0.01  0.01  0.44937701400244956  0.13083714271541308  1.1390996306091699  0.44937701400244956  0.13083714271541308  1.1390996306091699  14.88681157898393  1.0  0.704  0.273  0.023  0.684  0.316
14  0  5  2.25  0.01  0.01  0.6138262452723838  -0.083095831050984  1.4939988188543365  0.6138262452723838  -0.083095831050984  1.4939988188543365  15.500408739209767  1.0  0.751  0.231  0.018  0.693  0.307
14  0  5  2.25  0.01  0.01  0.6550982580777237  0.09774503607462176  1.0785294040168947  0.6550982580777237  0.09774503607462176  1.0785294040168947  14.481571715573699  1.0  0.78  0.204  0.017  0.728  0.272
14  0  5  2.25  0.01  0.01  0.6826695184577778  -0.1625155564910603  0.9773668451128557  0.6826695184577778  -0.1625155564910603  0.9773668451128557  14.754419757107463  1.0  0.769  0.215  0.016  0.763  0.237
14  0  5  2.25  0.01  0.01  0.6612831722146912  -0.12165712564975127  0.9178147441744109  0.6612831722146912  -0.12165712564975127  0.9178147441744109  14.73910849470805  1.0  0.765  0.218  0.017  0.754  0.246
14  0  5  2.25  0.01  0.01  0.37936283640240265  0.03282034337146503  0.40353809199530666  0.37936283640240265  0.03282034337146503  0.40353809199530666  14.982006988111033  1.0  0.665  0.31  0.025  0.667  0.333
14  0  5  2.25  0.01  0.01  0.6190336372416281  -0.04664049450529323  1.5790446676066159  0.6190336372416281  -0.04664049450529323  1.5790446676066159  15.963592583980137  1.0  0.755  0.227  0.018  0.693  0.307
14  0  5  2.25  0.01  0.01  0.44125675974302675  -0.00583847340182192  1.1225081078421737  0.44125675974302675  -0.00583847340182192  1.1225081078421737  14.880028329286032  1.0  0.688  0.289  0.023  0.658  0.342
14  0  5  2.25  0.01  0.01  0.5911232863252089  -0.11064782798599918  1.3811517791584387  0.5911232863252089  -0.11064782798599918  1.3811517791584387  14.92648952462166  1.0  0.74  0.241  0.019  0.693  0.307
14  0  5  2.25  0.01  0.01  0.4963630154018157  -0.12133588382991385  0.7674939982618206  0.4963630154018157  -0.12133588382991385  0.7674939982618206  14.883901098105715  1.0  0.701  0.277  0.022  0.693  0.307
14  0  5  2.25  0.01  0.01  0.6877812610374968  0.14642746383178634  1.5238691543456946  0.6877812610374968  0.14642746383178634  1.5238691543456946  15.144173255100203  1.0  0.795  0.19  0.016  0.737  0.263
14  1  5  2.25  0.01  0.01  1.0673559935470203  -0.19836979502638266  1.2386101681359978  1.0673559935470203  -0.19836979502638266  1.2386101681359978  14.469525014329621  1.0  0.875  0.118  0.007  0.86  0.14
14  1  5  2.25  0.01  0.01  0.5964963235584075  -0.12184017047196179  0.5775504547645859  0.5964963235584075  -0.12184017047196179  0.5775504547645859  14.814138902104734  1.0  0.741  0.24  0.019  0.746  0.254
14  1  5  2.25  0.01  0.01  1.0291737134144348  -0.16727214792830833  1.2366125412393791  1.0291737134144348  -0.16727214792830833  1.2366125412393791  14.382590038605871  1.0  0.869  0.124  0.007  0.86  0.14
14  1  5  2.25  0.01  0.01  0.7380516986223319  0.06020471280302797  0.8930186399475288  0.7380516986223319  0.06020471280302797  0.8930186399475288  14.553954560703135  1.0  0.804  0.181  0.014  0.798  0.202
14  1  5  2.25  0.01  0.01  0.8201811716055654  0.12471386391013767  1.017216391934661  0.8201811716055654  0.12471386391013767  1.017216391934661  14.499368435303639  1.0  0.833  0.155  0.012  0.842  0.158
14  1  5  2.25  0.01  0.01  0.8942127082982437  -0.13626430931308608  1.0614470585379996  0.8942127082982437  -0.13626430931308608  1.0614470585379996  14.48036732206236  1.0  0.837  0.153  0.01  0.842  0.158
14  1  5  2.25  0.01  0.01  0.879388031076812  -0.14914244933023113  0.9412970203449825  0.879388031076812  -0.14914244933023113  0.9412970203449825  14.448010547043022  1.0  0.832  0.157  0.011  0.825  0.175
14  1  5  2.25  0.01  0.01  0.9677783555723485  0.12126668474365426  1.616428618099229  0.9677783555723485  0.12126668474365426  1.616428618099229  15.693132340460735  1.0  0.871  0.121  0.008  0.825  0.175
14  1  5  2.25  0.01  0.01  0.9302748869756482  -0.08505984977396315  1.501703044993902  0.9302748869756482  -0.08505984977396315  1.501703044993902  15.698365542359493  1.0  0.85  0.141  0.009  0.807  0.193
14  1  5  2.25  0.01  0.01  0.7626907651673843  0.05431604960126463  1.0394677009383426  0.7626907651673843  0.05431604960126463  1.0394677009383426  14.543405707640913  1.0  0.811  0.175  0.014  0.798  0.202
14  1  5  2.25  0.01  0.01  1.008907143578264  0.015174303189562005  0.9796674612036673  1.008907143578264  0.015174303189562005  0.9796674612036673  14.082375053641714  1.0  0.875  0.118  0.007  0.851  0.149
14  1  5  2.25  0.01  0.01  0.684879398104501  0.02639229933396456  0.5722166708571266  0.684879398104501  0.02639229933396456  0.5722166708571266  14.655157069357523  1.0  0.785  0.199  0.016  0.789  0.211
14  1  5  2.25  0.01  0.01  0.864715033908548  -0.062079553964003914  0.8854697589909596  0.864715033908548  -0.062079553964003914  0.8854697589909596  14.41231538412507  1.0  0.834  0.155  0.011  0.833  0.167
14  1  5  2.25  0.01  0.01  0.7880764075360582  0.0037247229678485927  0.5315531876960501  0.7880764075360582  0.0037247229678485927  0.5315531876960501  14.467177011475558  1.0  0.816  0.171  0.013  0.816  0.184
14  1  5  2.25  0.01  0.01  0.7996575061221836  0.08735954515698974  1.19334598217143  0.7996575061221836  0.08735954515698974  1.19334598217143  14.857776001173555  1.0  0.825  0.162  0.012  0.798  0.202
14  1  5  2.25  0.01  0.01  0.7734549540701053  0.10731884366135269  0.3787517636191774  0.7734549540701053  0.10731884366135269  0.3787517636191774  14.556731007046318  1.0  0.819  0.168  0.013  0.842  0.158
14  1  5  2.25  0.01  0.01  0.6729148224189925  0.19213747033679435  0.5581536439633834  0.6729148224189925  0.19213747033679435  0.5581536439633834  14.623491130615244  1.0  0.793  0.192  0.016  0.798  0.202
14  1  5  2.25  0.01  0.01  1.064958268756397  0.013184733533234405  1.083402080770414  1.064958268756397  0.013184733533234405  1.083402080770414  14.061832626893787  1.0  0.887  0.107  0.006  0.86  0.14
14  1  5  2.25  0.01  0.01  1.148298266673554  -0.19743608739949356  1.6116136983307825  1.148298266673554  -0.19743608739949356  1.6116136983307825  17.628131136241535  1.0  0.892  0.103  0.005  0.833  0.167
14  1  5  2.25  0.01  0.01  1.1123682707963054  -0.04127577928658699  1.214148865881572  1.1123682707963054  -0.04127577928658699  1.214148865881572  14.22024237936142  1.0  0.893  0.101  0.006  0.877  0.123
14  1  5  2.25  0.01  0.01  0.90996341860436  -0.08043792543463907  0.7483340700403627  0.90996341860436  -0.08043792543463907  0.7483340700403627  14.353381054151278  1.0  0.845  0.145  0.01  0.851  0.149
14  1  5  2.25  0.01  0.01  0.9460409842966356  -0.006961209321668715  1.1696308349792572  0.9460409842966356  -0.006961209321668715  1.1696308349792572  14.512761878302367  1.0  0.858  0.133  0.009  0.833  0.167
14  1  5  2.25  0.01  0.01  0.868113215398764  0.11228106982969743  0.9768307420515219  0.868113215398764  0.11228106982969743  0.9768307420515219  14.390054135100227  1.0  0.846  0.144  0.011  0.842  0.158
14  1  5  2.25  0.01  0.01  0.8180020474507297  -0.14622302142377125  1.1222816178554793  0.8180020474507297  -0.14622302142377125  1.1222816178554793  14.529167041662086  1.0  0.814  0.174  0.012  0.781  0.219
14  1  5  2.25  0.01  0.01  0.7301094734930897  -0.010700424336236608  0.4321353422206837  0.7301094734930897  -0.010700424336236608  0.4321353422206837  14.610313595832766  1.0  0.797  0.189  0.015  0.807  0.193
14  1  5  2.25  0.01  0.01  0.6145647507719281  0.18690240166554467  0.41825993645254184  0.6145647507719281  0.18690240166554467  0.41825993645254184  14.84457896035928  1.0  0.772  0.21  0.018  0.798  0.202
14  1  5  2.25  0.01  0.01  1.1171985340084063  -0.03232074407196736  1.5224863705498448  1.1171985340084063  -0.03232074407196736  1.5224863705498448  15.505595184489996  1.0  0.895  0.1  0.005  0.842  0.158
14  1  5  2.25  0.01  0.01  1.0338994420982213  -0.10358668063061734  1.246264851871433  1.0338994420982213  -0.10358668063061734  1.246264851871433  14.339167418156102  1.0  0.874  0.119  0.007  0.842  0.158
14  1  5  2.25  0.01  0.01  0.9251246362301431  0.13923930014620062  1.0352550500080888  0.9251246362301431  0.13923930014620062  1.0352550500080888  14.295724099861204  1.0  0.862  0.129  0.009  0.851  0.149
14  1  5  2.25  0.01  0.01  0.6403457521135414  -0.14390818526085308  0.5516472983490244  0.6403457521135414  -0.14390818526085308  0.5516472983490244  14.836838001933561  1.0  0.756  0.227  0.018  0.772  0.228
13  0  5  2.25  0.01  0.01  0.7450685832905181  -0.16993532019158747  1.3280662313166711  0.7450685832905181  -0.16993532019158747  1.3280662313166711  14.441672706599842  1.0  0.79  0.196  0.015  0.713  0.287
13  0  5  2.25  0.01  0.01  0.5666362750430425  0.07778552636944841  0.4071636806708176  0.5666362750430425  0.07778552636944841  0.4071636806708176  14.8119536237635  1.0  0.746  0.234  0.019  0.75  0.25
13  0  5  2.25  0.01  0.01  0.6835397932336722  0.13709191296100282  1.5073089338026966  0.6835397932336722  0.13709191296100282  1.5073089338026966  15.166501561535242  1.0  0.792  0.192  0.016  0.722  0.278
13  0  5  2.25  0.01  0.01  0.7357923099101771  0.04597529027046532  1.1340618237325775  0.7357923099101771  0.04597529027046532  1.1340618237325775  14.580665091971563  1.0  0.803  0.183  0.014  0.75  0.25
13  0  5  2.25  0.01  0.01  0.6237022294561694  -0.1098186707597375  0.7006969586982763  0.6237022294561694  -0.1098186707597375  0.7006969586982763  14.651917621172764  1.0  0.752  0.23  0.018  0.731  0.269
13  0  5  2.25  0.01  0.01  0.5620151507247428  -0.1599999746486367  0.8830510570672109  0.5620151507247428  -0.1599999746486367  0.8830510570672109  14.710855236982471  1.0  0.724  0.256  0.02  0.694  0.306
13  0  5  2.25  0.01  0.01  0.5225612981810488  0.0022743437294884816  1.19736207617982  0.5225612981810488  0.0022743437294884816  1.19736207617982  14.765513203033148  1.0  0.722  0.257  0.021  0.667  0.333
13  0  5  2.25  0.01  0.01  0.601016328576499  -0.07265359346408662  0.602276998338255  0.601016328576499  -0.07265359346408662  0.602276998338255  14.749000584606415  1.0  0.747  0.235  0.019  0.741  0.259
13  0  5  2.25  0.01  0.01  0.5198756539828355  0.019658523803543243  0.9787605474615919  0.5198756539828355  0.019658523803543243  0.9787605474615919  14.768878151952208  1.0  0.723  0.256  0.021  0.694  0.306
13  0  5  2.25  0.01  0.01  0.5981132900461695  -0.05746889644137615  0.6243797937828321  0.5981132900461695  -0.05746889644137615  0.6243797937828321  14.62562017096174  1.0  0.746  0.235  0.019  0.722  0.278
13  0  5  2.25  0.01  0.01  0.5672704742541855  -0.1762749766985742  0.7306826584328245  0.5672704742541855  -0.1762749766985742  0.7306826584328245  14.635735324959128  1.0  0.724  0.256  0.02  0.685  0.315
13  0  5  2.25  0.01  0.01  0.5471332473982503  0.05138154255408911  0.4891804263023331  0.5471332473982503  0.05138154255408911  0.4891804263023331  14.65677162754411  1.0  0.736  0.244  0.02  0.713  0.287
13  0  5  2.25  0.01  0.01  0.39267167599279595  0.06176522550768626  0.7818674037954061  0.39267167599279595  0.06176522550768626  0.7818674037954061  14.751118999805806  1.0  0.674  0.302  0.025  0.648  0.352
13  0  5  2.25  0.01  0.01  0.4169531386785733  0.19082988461938316  0.6990193860293683  0.4169531386785733  0.19082988461938316  0.6990193860293683  14.754963774827097  1.0  0.696  0.281  0.024  0.676  0.324
13  0  5  2.25  0.01  0.01  0.6214917587629096  -0.03041576804986254  0.4816417218349322  0.6214917587629096  -0.03041576804986254  0.4816417218349322  14.70286779411979  1.0  0.758  0.224  0.018  0.75  0.25
13  0  5  2.25  0.01  0.01  0.44094485456249305  0.05404466301349836  0.6906507009484234  0.44094485456249305  0.05404466301349836  0.6906507009484234  14.808028348891778  1.0  0.693  0.283  0.023  0.676  0.324
13  0  5  2.25  0.01  0.01  0.49799058985487066  0.06747780914601498  0.6491541412608615  0.49799058985487066  0.06747780914601498  0.6491541412608615  14.834447974204968  1.0  0.718  0.26  0.022  0.713  0.287
13  0  5  2.25  0.01  0.01  0.5527553819926461  -0.0860040522057199  0.5629999520196639  0.5527553819926461  -0.0860040522057199  0.5629999520196639  14.65909307681163  1.0  0.726  0.253  0.02  0.704  0.296
13  0  5  2.25  0.01  0.01  0.5796248164735538  -0.1355119079964681  0.7731323106155946  0.5796248164735538  -0.1355119079964681  0.7731323106155946  14.728535157437593  1.0  0.733  0.248  0.02  0.704  0.296
13  0  5  2.25  0.01  0.01  0.6324656534902302  -0.19219818854350723  0.4589511357068127  0.6324656534902302  -0.19219818854350723  0.4589511357068127  14.590969065483243  1.0  0.748  0.234  0.018  0.722  0.278
13  0  5  2.25  0.01  0.01  0.44053720964308324  0.006447425522994571  0.9167774289687144  0.44053720964308324  0.006447425522994571  0.9167774289687144  14.79003057915387  1.0  0.69  0.287  0.023  0.667  0.333
13  0  5  2.25  0.01  0.01  0.47924086450464304  0.04526068439411285  0.5341319032987055  0.47924086450464304  0.04526068439411285  0.5341319032987055  14.615419600542834  1.0  0.709  0.269  0.022  0.676  0.324
13  0  5  2.25  0.01  0.01  0.4292070562957674  0.1817753445486004  0.5136605972352787  0.4292070562957674  0.1817753445486004  0.5136605972352787  14.838460175221009  1.0  0.7  0.277  0.023  0.694  0.306
13  0  5  2.25  0.01  0.01  0.47332318901056236  -0.1462139652271965  0.6480470661137833  0.47332318901056236  -0.1462139652271965  0.6480470661137833  14.765808318998667  1.0  0.689  0.288  0.023  0.667  0.333
13  0  5  2.25  0.01  0.01  0.5222666316455785  -0.007061287913818104  0.4405263657550628  0.5222666316455785  -0.007061287913818104  0.4405263657550628  14.783601508872978  1.0  0.721  0.258  0.021  0.713  0.287
13  0  5  2.25  0.01  0.01  0.6526498157369162  -0.11328276376467313  1.1595711198199026  0.6526498157369162  -0.11328276376467313  1.1595711198199026  14.674294259304922  1.0  0.762  0.22  0.017  0.704  0.296
13  0  5  2.25  0.01  0.01  0.5569958889629606  0.0820845073377125  0.4591177727964379  0.5569958889629606  0.0820845073377125  0.4591177727964379  14.776997425693535  1.0  0.742  0.238  0.02  0.741  0.259
13  0  5  2.25  0.01  0.01  0.5359609920975886  -0.18503836417273753  0.3787691398925901  0.5359609920975886  -0.18503836417273753  0.3787691398925901  14.746451562826572  1.0  0.711  0.268  0.021  0.694  0.306
13  0  5  2.25  0.01  0.01  0.737712145393797  -0.08820704627086351  1.2047284411038268  0.737712145393797  -0.08820704627086351  1.2047284411038268  14.637844044705007  1.0  0.793  0.192  0.015  0.731  0.269
13  0  5  2.25  0.01  0.01  0.6538667710225738  -0.08793416014581697  0.9062404130623933  0.6538667710225738  -0.08793416014581697  0.9062404130623933  14.598494950468162  1.0  0.764  0.218  0.017  0.731  0.269
13  1  5  2.25  0.01  0.01  0.9983473994227553  -0.06716380141569994  1.6204179167200334  0.9983473994227553  -0.06716380141569994  1.6204179167200334  15.617955801935247  1.0  0.867  0.125  0.008  0.817  0.183
13  1  5  2.25  0.01  0.01  0.8491480197918196  0.08282706688069585  0.8391439976665609  0.8491480197918196  0.08282706688069585  0.8391439976665609  14.41407047974429  1.0  0.839  0.15  0.011  0.842  0.158
13  1  5  2.25  0.01  0.01  0.7855079792748231  0.1980282818971661  0.5538815861328087  0.7855079792748231  0.1980282818971661  0.5538815861328087  14.395842334977962  1.0  0.828  0.159  0.013  0.825  0.175
13  1  5  2.25  0.01  0.01  0.7883928027230542  -0.14520944838787542  0.49391200227594734  0.7883928027230542  -0.14520944838787542  0.49391200227594734  14.610339833489835  1.0  0.805  0.182  0.013  0.825  0.175
13  1  5  2.25  0.01  0.01  0.8335741449967213  -0.10181565029527394  0.5621449652505306  0.8335741449967213  -0.10181565029527394  0.5621449652505306  14.415019849445969  1.0  0.822  0.166  0.012  0.817  0.183
13  1  5  2.25  0.01  0.01  0.6918246732943951  -0.03932877732803072  0.6048848381223144  0.6918246732943951  -0.03932877732803072  0.6048848381223144  14.741382482936276  1.0  0.782  0.203  0.016  0.8  0.2
13  1  5  2.25  0.01  0.01  0.6873823747802821  -0.08156614668028372  0.49839599697732323  0.6873823747802821  -0.08156614668028372  0.49839599697732323  14.737082318852242  1.0  0.777  0.207  0.016  0.792  0.208
13  1  5  2.25  0.01  0.01  0.8705054373865209  0.0063219821253854835  0.556174275294689  0.8705054373865209  0.0063219821253854835  0.556174275294689  14.357464664798897  1.0  0.84  0.149  0.011  0.85  0.15
13  1  5  2.25  0.01  0.01  0.7909005007007636  -0.08015409550708937  0.40491787629855686  0.7909005007007636  -0.08015409550708937  0.40491787629855686  14.518175771582266  1.0  0.811  0.176  0.013  0.825  0.175
13  1  5  2.25  0.01  0.01  0.8360496409660455  0.12468820213698506  0.37720440568790947  0.8360496409660455  0.12468820213698506  0.37720440568790947  14.402566345963502  1.0  0.838  0.151  0.011  0.858  0.142
13  1  5  2.25  0.01  0.01  0.90229352499047  -0.02451515237298771  1.349217229785122  0.90229352499047  -0.02451515237298771  1.349217229785122  14.743596039185189  1.0  0.847  0.143  0.01  0.833  0.167
13  1  5  2.25  0.01  0.01  1.1104956595610853  -0.022816839308686637  1.277066580340687  1.1104956595610853  -0.022816839308686637  1.277066580340687  14.147851208056409  1.0  0.894  0.1  0.006  0.875  0.125
13  1  5  2.25  0.01  0.01  0.9007949157890687  -0.14976429844696115  0.7577067839680117  0.9007949157890687  -0.14976429844696115  0.7577067839680117  14.318079425920768  1.0  0.838  0.152  0.01  0.833  0.167
13  1  5  2.25  0.01  0.01  1.009913931107411  0.16092078560864154  1.166254375368732  1.009913931107411  0.16092078560864154  1.166254375368732  14.11079514326917  1.0  0.883  0.11  0.007  0.85  0.15
13  1  5  2.25  0.01  0.01  0.7882211982447744  -0.1968886241847971  0.6673182322558241  0.7882211982447744  -0.1968886241847971  0.6673182322558241  14.641914113067099  1.0  0.801  0.185  0.013  0.817  0.183
13  1  5  2.25  0.01  0.01  0.7901523242409463  0.08037330434947715  0.5575868533683296  0.7901523242409463  0.08037330434947715  0.5575868533683296  14.488658458768944  1.0  0.822  0.165  0.013  0.825  0.175
13  1  5  2.25  0.01  0.01  0.7874656392129801  -0.16835596840602843  0.6626422151397882  0.7874656392129801  -0.16835596840602843  0.6626422151397882  14.412132987354855  1.0  0.803  0.183  0.013  0.775  0.225
13  1  5  2.25  0.01  0.01  0.8854417000320401  0.18996146448143375  1.291612059000818  0.8854417000320401  0.18996146448143375  1.291612059000818  14.494059480797494  1.0  0.855  0.135  0.01  0.85  0.15
13  1  5  2.25  0.01  0.01  0.8448869292265001  -0.16946826942988413  0.6174539354794445  0.8448869292265001  -0.16946826942988413  0.6174539354794445  14.39899140886442  1.0  0.821  0.168  0.012  0.808  0.192
13  1  5  2.25  0.01  0.01  0.9127181557755896  -0.16181481345564097  1.0943705595885989  0.9127181557755896  -0.16181481345564097  1.0943705595885989  14.472262078946464  1.0  0.84  0.15  0.01  0.817  0.183
13  1  5  2.25  0.01  0.01  0.7819107336334759  0.0741826141366842  0.7058472765856488  0.7819107336334759  0.0741826141366842  0.7058472765856488  14.577030637231385  1.0  0.819  0.168  0.013  0.842  0.158
13  1  5  2.25  0.01  0.01  0.9354133517779775  0.18053374753645463  1.4540314494789977  0.9354133517779775  0.18053374753645463  1.4540314494789977  15.515838703729132  1.0  0.867  0.124  0.009  0.817  0.183
13  1  5  2.25  0.01  0.01  0.9885063562363937  -0.19082895860789068  1.361573060315967  0.9885063562363937  -0.19082895860789068  1.361573060315967  14.556462459198576  1.0  0.858  0.134  0.008  0.808  0.192
13  1  5  2.25  0.01  0.01  1.104455214035826  -0.06290987460264952  1.3891867480124298  1.104455214035826  -0.06290987460264952  1.3891867480124298  14.978474973940688  1.0  0.891  0.103  0.006  0.833  0.167
13  1  5  2.25  0.01  0.01  0.6742100997078926  0.07152954085456165  0.5492957660469044  0.6742100997078926  0.07152954085456165  0.5492957660469044  14.66795102432604  1.0  0.784  0.2  0.016  0.792  0.208
13  1  5  2.25  0.01  0.01  0.921534700820732  0.09918356370462322  0.3772744474429469  0.921534700820732  0.09918356370462322  0.3772744474429469  14.296314920082857  1.0  0.859  0.132  0.009  0.892  0.108
13  1  5  2.25  0.01  0.01  0.8722496111892165  -0.14599577171583933  0.9111203483669872  0.8722496111892165  -0.14599577171583933  0.9111203483669872  14.402055805340153  1.0  0.83  0.159  0.011  0.833  0.167
13  1  5  2.25  0.01  0.01  0.6738848976279688  0.15045773759839948  0.7296688392091796  0.6738848976279688  0.15045773759839948  0.7296688392091796  14.755393598056962  1.0  0.79  0.194  0.016  0.817  0.183
13  1  5  2.25  0.01  0.01  1.0892125508846022  0.033101639458609805  1.5267561795992233  1.0892125508846022  0.033101639458609805  1.5267561795992233  18.016152047528326  1.0  0.892  0.102  0.006  0.842  0.158
13  1  5  2.25  0.01  0.01  1.1410484854142398  0.1679013649314262  1.4381845135377094  1.1410484854142398  0.1679013649314262  1.4381845135377094  15.25422480615918  1.0  0.909  0.086  0.005  0.842  0.158