5  2.25  0.01  0.01  0.7293152052931098  0.6059712925507729  0.564660884069533  14.66988693976962  14.66988693976962  1.0  0.797  0.188  0.015  0.8  0.2  0.8  0.2  1.0  0.739  0.242  0.02  0.728  0.272  0.728  0.272
5  2.25  0.01  0.01  0.8751235790885178  1.297316785318633  0.6801004576028443  14.702798540799966  14.702798540799966  1.0  0.841  0.149  0.011  0.8  0.2  0.8  0.2  1.0  0.781  0.203  0.016  0.728  0.272  0.728  0.272
5  2.25  0.01  0.01  0.8196284961769411  1.0610903584708582  0.6361245417915475  14.56562090408467  14.56562090408467  1.0  0.825  0.163  0.012  0.8  0.2  0.8  0.2  1.0  0.765  0.217  0.017  0.728  0.272  0.728  0.272
5  2.25  0.01  0.01  0.844446687750048  1.1704176694568869  0.6555118566081233  14.593335797003316  14.593335797003316  1.0  0.832  0.156  0.011  0.8  0.2  0.8  0.2  1.0  0.772  0.211  0.017  0.728  0.272  0.728  0.272
5  2.25  0.01  0.01  0.8895752168722584  1.352913170790445  0.6910636618622443  14.794950588435816  14.794950588435816  1.0  0.845  0.145  0.01  0.8  0.2  0.8  0.2  1.0  0.784  0.2  0.016  0.728  0.272  0.728  0.272
5  2.25  0.01  0.01  0.7112884971990505  0.5036486338389506  0.5509243138405114  14.712790763383465  14.712790763383465  1.0  0.791  0.194  0.015  0.8  0.2  0.8  0.2  1.0  0.733  0.246  0.02  0.728  0.272  0.728  0.272
5  2.25  0.01  0.01  0.7867539838711946  0.9072647265176239  0.6099585244961437  14.576600758421124  14.576600758421124  1.0  0.815  0.172  0.013  0.8  0.2  0.8  0.2  1.0  0.756  0.226  0.018  0.728  0.272  0.728  0.272
5  2.25  0.01  0.01  0.9490999370205142  1.6158759117419983  0.7647307134766516  16.270399130551144  16.270399130551144  1.0  0.86  0.131  0.009  0.8  0.2  0.8  0.2  1.0  0.808  0.178  0.014  0.728  0.272  0.728  0.272
5  2.25  0.01  0.01  0.7995670514665928  0.9689624445394645  0.620187152326441  14.567912567382466  14.567912567382466  1.0  0.819  0.168  0.013  0.8  0.2  0.8  0.2  1.0  0.759  0.223  0.018  0.728  0.272  0.728  0.272
5  2.25  0.01  0.01  0.7037749437536904  0.4549989621000014  0.5446274883565639  14.734212661607838  14.734212661607838  1.0  0.789  0.196  0.015  0.8  0.2  0.8  0.2  1.0  0.731  0.249  0.02  0.728  0.272  0.728  0.272
5  2.25  0.01  0.01  0.7251972473913804  0.5839322933154384  0.5614379391676154  14.679033199318164  14.679033199318164  1.0  0.796  0.189  0.015  0.8  0.2  0.8  0.2  1.0  0.737  0.243  0.02  0.728  0.272  0.728  0.272
5  2.25  0.01  0.01  0.7281758630675643  0.5990651276100415  0.5633477540163427  14.672479990601962  14.672479990601962  1.0  0.797  0.189  0.015  0.8  0.2  0.8  0.2  1.0  0.738  0.242  0.02  0.728  0.272  0.728  0.272
5  2.25  0.01  0.01  0.70083498347456  0.4368837096547271  0.5417099874418502  14.742514632549836  14.742514632549836  1.0  0.788  0.197  0.016  0.8  0.2  0.8  0.2  1.0  0.73  0.25  0.02  0.728  0.272  0.728  0.272
5  2.25  0.01  0.01  0.6926939805302635  0.3895526846005578  0.5364964030444879  14.76398429835176  14.76398429835176  1.0  0.785  0.199  0.016  0.8  0.2  0.8  0.2  1.0  0.728  0.252  0.021  0.728  0.272  0.728  0.272
5  2.25  0.01  0.01  0.8868155792641457  1.3410368879580084  0.6888195139978703  14.773259290828321  14.773259290828321  1.0  0.844  0.146  0.01  0.8  0.2  0.8  0.2  1.0  0.784  0.2  0.016  0.728  0.272  0.728  0.272
5  2.25  0.01  0.01  0.7170877822734476  0.5347298672888424  0.5549204852471369  14.699226730430238  14.699226730430238  1.0  0.793  0.192  0.015  0.8  0.2  0.8  0.2  1.0  0.735  0.245  0.02  0.728  0.272  0.728  0.272
5  2.25  0.01  0.01  0.8272401523908837  1.0975485801523466  0.6420443124705393  14.571548411801533  14.571548411801533  1.0  0.827  0.161  0.012  0.8  0.2  0.8  0.2  1.0  0.767  0.215  0.017  0.728  0.272  0.728  0.272
5  2.25  0.01  0.01  0.8633438714681317  1.2496643967082632  0.6706216846016473  14.646228262280543  14.646228262280543  1.0  0.837  0.152  0.011  0.8  0.2  0.8  0.2  1.0  0.777  0.206  0.016  0.728  0.272  0.728  0.272
5  2.25  0.01  0.01  0.9083094268022499  1.4719460114467053  0.7159495800770609  15.263146510165727  15.263146510165727  1.0  0.85  0.141  0.01  0.8  0.2  0.8  0.2  1.0  0.793  0.192  0.015  0.728  0.272  0.728  0.272
5  2.25  0.01  0.01  0.69994342752971  0.43348439230844893  0.5414716975070103  14.7439171072237  14.7439171072237  1.0  0.787  0.197  0.016  0.8  0.2  0.8  0.2  1.0  0.73  0.25  0.02  0.728  0.272  0.728  0.272
5  2.25  0.01  0.01  0.7092617457495657  0.4886728952681861  0.5488726574021479  14.718978087320048  14.718978087320048  1.0  0.791  0.194  0.015  0.8  0.2  0.8  0.2  1.0  0.733  0.247  0.02  0.728  0.272  0.728  0.272
5  2.25  0.01  0.01  0.9351411012086184  1.5699105065102137  0.7387049959397677  15.989125541224594  15.989125541224594  1.0  0.856  0.135  0.009  0.8  0.2  0.8  0.2  1.0  0.8  0.185  0.014  0.728  0.272  0.728  0.272
5  2.25  0.01  0.01  0.6896882076977628  0.37024487312072196  0.5345700748152715  14.772973847123373  14.772973847123373  1.0  0.784  0.2  0.016  0.8  0.2  0.8  0.2  1.0  0.727  0.252  0.021  0.728  0.272  0.728  0.272
5  2.25  0.01  0.01  0.7104354731812453  0.49972784049833696  0.5504085740822035  14.714431561709963  14.714431561709963  1.0  0.791  0.194  0.015  0.8  0.2  0.8  0.2  1.0  0.733  0.247  0.02  0.728  0.272  0.728  0.272
5  2.25  0.01  0.01  0.7043328225966504  0.457926971146912  0.5448991118195433  14.732963719637882  14.732963719637882  1.0  0.789  0.196  0.015  0.8  0.2  0.8  0.2  1.0  0.731  0.249  0.02  0.728  0.272  0.728  0.272
5  2.25  0.01  0.01  0.7264326403005451  0.5890861387506666  0.5624460304249161  14.676513579055678  14.676513579055678  1.0  0.796  0.189  0.015  0.8  0.2  0.8  0.2  1.0  0.738  0.242  0.02  0.728  0.272  0.728  0.272
5  2.25  0.01  0.01  0.8576958613203155  1.2268095766367724  0.6659259944544291  14.62614705837599  14.62614705837599  1.0  0.836  0.153  0.011  0.8  0.2  0.8  0.2  1.0  0.776  0.208  0.017  0.728  0.272  0.728  0.272
5  2.25  0.01  0.01  0.7377521562434581  0.6500009558043623  0.5709848828573063  14.652681050450541  14.652681050450541  1.0  0.8  0.186  0.014  0.8  0.2  0.8  0.2  1.0  0.741  0.239  0.019  0.728  0.272  0.728  0.272
5  2.25  0.01  0.01  0.7833585987163231  0.8874213508024802  0.6071085053844787  14.580465531423146  14.580465531423146  1.0  0.814  0.173  0.013  0.8  0.2  0.8  0.2  1.0  0.755  0.227  0.018  0.728  0.272  0.728  0.272
5  2.25  0.01  0.01  0.7099544465650497  0.4924954080426088  0.5494343532412291  14.71714873223768  14.71714873223768  1.0  0.791  0.194  0.015  0.8  0.2  0.8  0.2  1.0  0.733  0.247  0.02  0.728  0.272  0.728  0.272
5  2.25  0.01  0.01  0.8732664946826042  1.290221114864478  0.6785145857742847  14.69105467975537  14.69105467975537  1.0  0.84  0.149  0.011  0.8  0.2  0.8  0.2  1.0  0.78  0.204  0.016  0.728  0.272  0.728  0.272
5  2.25  0.01  0.01  0.6923251546393363  0.3867648829356022  0.5351354001813997  14.765460195078633  14.765460195078633  1.0  0.785  0.199  0.016  0.8  0.2  0.8  0.2  1.0  0.727  0.252  0.021  0.728  0.272  0.728  0.272
5  2.25  0.01  0.01  0.8091126959502749  1.0142368030981173  0.6273562563124938  14.564786545831234  14.564786545831234  1.0  0.822  0.166  0.012  0.8  0.2  0.8  0.2  1.0  0.762  0.22  0.018  0.728  0.272  0.728  0.272
5  2.25  0.01  0.01  0.7492870044552163  0.714178462247083  0.5799034277826183  14.629145276539374  14.629145276539374  1.0  0.804  0.182  0.014  0.8  0.2  0.8  0.2  1.0  0.745  0.236  0.019  0.728  0.272  0.728  0.272
5  2.25  0.01  0.01  0.898846689618957  1.4393623726993454  0.7096509890356795  15.174627071829871  15.174627071829871  1.0  0.847  0.143  0.01  0.8  0.2  0.8  0.2  1.0  0.791  0.194  0.015  0.728  0.272  0.728  0.272
5  2.25  0.01  0.01  0.7523800339881639  0.7320771522045124  0.5828664862771116  14.62273014670462  14.62273014670462  1.0  0.805  0.181  0.014  0.8  0.2  0.8  0.2  1.0  0.746  0.235  0.019  0.728  0.272  0.728  0.272
5  2.25  0.01  0.01  0.7575386277197146  0.7587345742883136  0.5865942246982402  14.614564172153674  14.614564172153674  1.0  0.806  0.18  0.014  0.8  0.2  0.8  0.2  1.0  0.747  0.234  0.019  0.728  0.272  0.728  0.272
5  2.25  0.01  0.01  0.8167322736830893  1.050325753962104  0.6338752959767919  14.56576117606107  14.56576117606107  1.0  0.824  0.164  0.012  0.8  0.2  0.8  0.2  1.0  0.764  0.218  0.018  0.728  0.272  0.728  0.272
5  2.25  0.01  0.01  0.7328932087882412  0.62210440169418  0.5668928662007217  14.6629546006999  14.6629546006999  1.0  0.798  0.187  0.015  0.8  0.2  0.8  0.2  1.0  0.74  0.241  0.02  0.728  0.272  0.728  0.272
5  2.25  0.01  0.01  0.7071421465990325  0.47588138477211717  0.5472816094952511  14.724786632898892  14.724786632898892  1.0  0.79  0.195  0.015  0.8  0.2  0.8  0.2  1.0  0.732  0.248  0.02  0.728  0.272  0.728  0.272
5  2.25  0.01  0.01  0.8624466791383056  1.2448799027987532  0.6692920653692714  14.641342428440376  14.641342428440376  1.0  0.837  0.152  0.011  0.8  0.2  0.8  0.2  1.0  0.777  0.207  0.016  0.728  0.272  0.728  0.272
5  2.25  0.01  0.01  0.8192024902379514  1.0596370798136157  0.6364591628334724  14.566421533249905  14.566421533249905  1.0  0.825  0.163  0.012  0.8  0.2  0.8  0.2  1.0  0.765  0.217  0.017  0.728  0.272  0.728  0.272
5  2.25  0.01  0.01  0.7820899623339096  0.8858538826908605  0.6064817289762167  14.58064751289334  14.58064751289334  1.0  0.814  0.173  0.013  0.8  0.2  0.8  0.2  1.0  0.754  0.227  0.018  0.728  0.272  0.728  0.272
5  2.25  0.01  0.01  0.9252230381472409  1.5331273355732487  0.7300819370222805  15.551072859401074  15.551072859401074  1.0  0.854  0.137  0.009  0.8  0.2  0.8  0.2  1.0  0.797  0.188  0.015  0.728  0.272  0.728  0.272
5  2.25  0.01  0.01  0.6954236514622831  0.40268705868199656  0.537844773493379  14.757664357498346  14.757664357498346  1.0  0.786  0.198  0.016  0.8  0.2  0.8  0.2  1.0  0.728  0.251  0.021  0.728  0.272  0.728  0.272
5  2.25  0.01  0.01  0.6961002497997714  0.4083369455200023  0.5386331636173385  14.754933172007322  14.754933172007322  1.0  0.786  0.198  0.016  0.8  0.2  0.8  0.2  1.0  0.729  0.251  0.02  0.728  0.272  0.728  0.272
5  2.25  0.01  0.01  0.7919097525339546  0.9330261064894105  0.6138601665554502  14.572182059598727  14.572182059598727  1.0  0.817  0.17  0.013  0.8  0.2  0.8  0.2  1.0  0.757  0.225  0.018  0.728  0.272  0.728  0.272
5  2.25  0.01  0.01  0.8004906453158415  0.9720974352223792  0.6204308901577245  14.566641710561644  14.566641710561644  1.0  0.819  0.168  0.013  0.8  0.2  0.8  0.2  1.0  0.76  0.222  0.018  0.728  0.272  0.728  0.272
5  2.25  0.01  0.01  0.7046681988988354  0.4594064455774667  0.5449989962766526  14.732093696609427  14.732093696609427  1.0  0.789  0.196  0.015  0.8  0.2  0.8  0.2  1.0  0.731  0.249  0.02  0.728  0.272  0.728  0.272
5  2.25  0.01  0.01  0.9028035913889756  1.4520226386076622  0.7119255351332013  15.202670187807067  15.202670187807067  1.0  0.848  0.142  0.01  0.8  0.2  0.8  0.2  1.0  0.791  0.193  0.015  0.728  0.272  0.728  0.272
5  2.25  0.01  0.01  0.7360537978641292  0.6408069678946624  0.5694943644554007  14.65649737971697  14.65649737971697  1.0  0.799  0.186  0.014  0.8  0.2  0.8  0.2  1.0  0.741  0.24  0.02  0.728  0.272  0.728  0.272
5  2.25  0.01  0.01  0.826181849936905  1.089440135743425  0.6408233851004235  14.56993666540015  14.56993666540015  1.0  0.827  0.161  0.012  0.8  0.2  0.8  0.2  1.0  0.767  0.216  0.017  0.728  0.272  0.728  0.272
5  2.25  0.01  0.01  0.9178185909630481  1.507932486642637  0.7241168706991309  15.419581295308863  15.419581295308863  1.0  0.852  0.139  0.01  0.8  0.2  0.8  0.2  1.0  0.795  0.19  0.015  0.728  0.272  0.728  0.272
5  2.25  0.01  0.01  0.7803254523628778  0.8791066914375351  0.6054550734385133  14.582099349208125  14.582099349208125  1.0  0.813  0.174  0.013  0.8  0.2  0.8  0.2  1.0  0.754  0.227  0.018  0.728  0.272  0.728  0.272
5  2.25  0.01  0.01  0.8382502420377815  1.1445785050685136  0.6504632001041526  14.582924832884979  14.582924832884979  1.0  0.83  0.158  0.012  0.8  0.2  0.8  0.2  1.0  0.77  0.213  0.017  0.728  0.272  0.728  0.272
5  2.25  0.01  0.01  0.7010927913158203  0.4400566723094813  0.5426763662965732  14.740772860140657  14.740772860140657  1.0  0.788  0.197  0.015  0.8  0.2  0.8  0.2  1.0  0.73  0.249  0.02  0.728  0.272  0.728  0.272
5  2.25  0.01  0.01  0.7035633855449698  0.4534756642583417  0.5440860484655669  14.734891387971293  14.734891387971293  1.0  0.789  0.196  0.015  0.8  0.2  0.8  0.2  1.0  0.731  0.249  0.02  0.728  0.272  0.728  0.272
5  2.25  0.01  0.01  0.7207306355559153  0.5524826900463702  0.5573242585062106  14.69140115542608  14.69140115542608  1.0  0.794  0.191  0.015  0.8  0.2  0.8  0.2  1.0  0.736  0.244  0.02  0.728  0.272  0.728  0.272
5  2.25  0.01  0.01  0.7018258226337029  0.4423771029680639  0.5428407161931781  14.73940640627185  14.73940640627185  1.0  0.788  0.196  0.015  0.8  0.2  0.8  0.2  1.0  0.73  0.249  0.02  0.728  0.272  0.728  0.272
5  2.25  0.01  0.01  0.8191787198394244  1.058186211668992  0.6355611375464095  14.566525184536951  14.566525184536951  1.0  0.825  0.163  0.012  0.8  0.2  0.8  0.2  1.0  0.765  0.217  0.017  0.728  0.272  0.728  0.272
