0.5445854514773292   0.17300410641455743   -1.01539817240924
0.544585451477329   0.18124239719620305   -0.9186935845607409
0.544585451477329   0.18124239719620305   -0.9186935845607409
0.40339663072394716   0.19771897875949418   -0.9670458784849902
0.3832267991877494   0.2059572695411398   -0.8219889967122418
0.28237764150676226   0.2389104326677221   -0.773636702787992
-0.020169831536199112   0.2801018865759499   -0.7252844088637422
-0.1613586522895818   0.3295316312658234   -0.38681835139399556
-0.1613586522895818   0.3295316312658234   -0.38681835139399556
-0.1613586522895818   0.3295316312658234   -0.38681835139399556
-0.3787446144019324   0.4100838077974691   -0.016117431308082075
-0.3787446144019324   0.4100838077974691   -0.016117431308082075
-0.021663893131474543   0.34387235966350294   0.005372477102694839
-0.021663893131474543   0.34387235966350294   0.005372477102694839
-0.021663893131474543   0.34387235966350294   0.005372477102694839
-0.021663893131474543   0.34387235966350294   0.005372477102694839
-0.021663893131474543   0.34387235966350294   0.005372477102694839
0.13460080841043245   0.30985817600491494   -0.059782625867018796
0.13460080841043245   0.30985817600491494   -0.059782625867018796
0.13460080841043245   0.30985817600491494   -0.059782625867018796
0.13460080841043245   0.30985817600491494   -0.059782625867018796
0.05281006616095464   0.32709299602197495   -0.02733992879808182
0.05281006616095464   0.32709299602197495   -0.02733992879808182
0.05281006616095464   0.32709299602197495   -0.02733992879808182
0.05281006616095464   0.32709299602197495   -0.02733992879808182
0.08378542358157869   0.31880238045231024   -0.05286945238429286
0.08378542358157869   0.31880238045231024   -0.05286945238429286
0.08378542358157869   0.31880238045231024   -0.05286945238429286
0.08378542358157869   0.31880238045231024   -0.05286945238429286
0.08378542358157869   0.31880238045231024   -0.05286945238429286
0.06790553554874829   0.3230012560658293   -0.043304095433929546
0.06790553554874829   0.3230012560658293   -0.043304095433929546
0.06790553554874829   0.3230012560658293   -0.043304095433929546
0.06358259563577906   0.32356493097589584   -0.043354879852260275
0.06358259563577906   0.32356493097589584   -0.043354879852260275
0.0608085133896938   0.32420567301803516   -0.042535356971028046
0.0608085133896938   0.32420567301803516   -0.042535356971028046
0.0608085133896938   0.32420567301803516   -0.042535356971028046
0.06204240144033627   0.323975028143742   -0.04273388963904476
0.06204240144033627   0.323975028143742   -0.04273388963904476
0.06299354482450059   0.32379381819848285   -0.04274490813961676
0.06299354482450059   0.32379381819848285   -0.04274490813961676
0.06299354482450059   0.32379381819848285   -0.04274490813961676
0.06369262239594731   0.3236787376345406   -0.04284929094837451
0.06369262239594731   0.3236787376345406   -0.04284929094837451
0.06369262239594731   0.3236787376345406   -0.04284929094837451
0.06369262239594731   0.3236787376345406   -0.04284929094837451
0.06369262239594731   0.3236787376345406   -0.04284929094837451
0.06369262239594731   0.3236787376345406   -0.04284929094837451
0.06369262239594731   0.3236787376345406   -0.04284929094837451
0.06369262239594731   0.3236787376345406   -0.04284929094837451
0.06369262239594731   0.3236787376345406   -0.04284929094837451
0.06369262239594731   0.3236787376345406   -0.04284929094837451
-0.6483911558435211   -0.185721837302732   -0.9833631278684543
-0.6483911558435211   -0.185721837302732   -0.9833631278684543
-0.6003621813365934   -0.1798259059597881   -0.9677541893308597
-0.48028974506927424   -0.20046166566009166   -0.9989720664060489
-0.48028974506927424   -0.20046166566009166   -0.9989720664060489
-0.26415935978809957   -0.19751369998861967   -1.0457988820188326
-0.024014487253461336   -0.2269933567033391   -1.1550614517819948
0.19211589802771334   -0.24762911640364255   -1.1082346361692115
0.19211589802771334   -0.24762911640364255   -1.1082346361692115
0.19211589802771334   -0.24762911640364255   -1.1082346361692115
0.19211589802771334   -0.24762911640364255   -1.1082346361692115
0.19211589802771334   -0.24762911640364255   -1.1082346361692115
0.19211589802771334   -0.24762911640364255   -1.1082346361692115
0.11409352071656248   -0.24393506065482273   -0.9855470945774192
0.11409352071656248   -0.24393506065482273   -0.9855470945774192
0.03346875041086583   -0.26281781196200826   -0.9189789328306688
0.05567144507319077   -0.2703636335572984   -0.7015885995354743
0.05567144507319077   -0.2703636335572984   -0.7015885995354743
0.05567144507319077   -0.2703636335572984   -0.7015885995354743
-0.32735248925480404   -0.28826170771633075   -0.16492517225731085
-0.11721200008554727   -0.3245330082516771   0.003825510313737235
-0.10002742187262023   -0.3044472119688223   0.002291023900576783
-0.10002742187262023   -0.3044472119688223   0.002291023900576783
0.3745359605525407   -0.3405122762226256   -0.04129552737930087
0.3745359605525407   -0.3405122762226256   -0.04129552737930087
0.3745359605525407   -0.3405122762226256   -0.04129552737930087
0.3745359605525407   -0.3405122762226256   -0.04129552737930087
0.3687452396194131   -0.3277614597592132   -0.03551364601580918
0.20382692068282557   -0.3186292325911982   -0.07175078717594158
0.20382692068282557   -0.3186292325911982   -0.07175078717594158
0.21131923320493173   -0.3031306916906188   -0.09988456537441562
0.30459875051332774   -0.3206863438464853   -0.06378033275610145
0.30459875051332774   -0.3206863438464853   -0.06378033275610145
0.30459875051332774   -0.3206863438464853   -0.06378033275610145
0.30459875051332774   -0.3206863438464853   -0.06378033275610145
0.22378383142698954   -0.31114070718701403   -0.05628971883470288
0.26139872186368507   -0.3134151761350661   -0.05422758307472778
0.26139872186368507   -0.3134151761350661   -0.05422758307472778
0.26139872186368507   -0.3134151761350661   -0.05422758307472778
0.26139872186368507   -0.3134151761350661   -0.05422758307472778
0.26139872186368507   -0.3134151761350661   -0.05422758307472778
0.26139872186368507   -0.3134151761350661   -0.05422758307472778
0.26139872186368507   -0.3134151761350661   -0.05422758307472778
0.26139872186368507   -0.3134151761350661   -0.05422758307472778
0.26139872186368507   -0.3134151761350661   -0.05422758307472778
0.26139872186368507   -0.3134151761350661   -0.05422758307472778
0.26139872186368507   -0.3134151761350661   -0.05422758307472778
0.26139872186368507   -0.3134151761350661   -0.05422758307472778
0.26139872186368507   -0.3134151761350661   -0.05422758307472778
0.26139872186368507   -0.3134151761350661   -0.05422758307472778
0.26139872186368507   -0.3134151761350661   -0.05422758307472778
0.26139872186368507   -0.3134151761350661   -0.05422758307472778
0.26139872186368507   -0.3134151761350661   -0.05422758307472778
0.25997884768194335   -0.31329493394576535   -0.052923550238236416
0.25997884768194335   -0.31329493394576535   -0.052923550238236416
0.25997884768194335   -0.31329493394576535   -0.052923550238236416
0.25903051725977577   -0.3130205663360067   -0.05247608955837458
0.25903051725977577   -0.3130205663360067   -0.05247608955837458
0.25903051725977577   -0.3130205663360067   -0.05247608955837458
0.25903051725977577   -0.3130205663360067   -0.05247608955837458
0.2586798205974409   -0.31290035381754366   -0.05253511726432708
0.2586798205974409   -0.31290035381754366   -0.05253511726432708
0.2586798205974409   -0.31290035381754366   -0.05253511726432708
0.2586658635993877   -0.312968172268942   -0.052379366297900465
0.258545243131344   -0.3128222413166921   -0.05234803667860442
0.2582301009590059   -0.31277327859944515   -0.05236559060218008
0.2582301009590059   -0.31277327859944515   -0.05236559060218008
0.2582301009590059   -0.31277327859944515   -0.05236559060218008
0.2582301009590059   -0.31277327859944515   -0.05236559060218008
0.25783629693502375   -0.3126273391070483   -0.052475552176942386
0.25738635395984155   -0.31244497232920376   -0.05241767704026985
0.25738635395984155   -0.31244497232920376   -0.05241767704026985
0.25738635395984155   -0.31244497232920376   -0.05241767704026985
0.25738635395984155   -0.31244497232920376   -0.05241767704026985
0.25738635395984155   -0.31244497232920376   -0.05241767704026985
0.25720143492829306   -0.31243621291343376   -0.05243805949750978
0.2572356386655681   -0.3124427121958333   -0.05245855496911277
0.2572356386655681   -0.3124427121958333   -0.05245855496911277
0.2573220117655149   -0.3124515746996236   -0.05243170001514389
0.2572496483892776   -0.3124497552894369   -0.05244083133003621
0.2572496483892776   -0.3124497552894369   -0.05244083133003621
