1.1742235986499998   0.272714141921083
1.1059547847749998   0.25756335625880067
1.2356655311374993   0.18938482077852992
1.1673967172624993   0.17423403511624758
1.1673967172624993   0.17423403511624758
1.1673967172624993   0.17423403511624758
1.117901827203124   0.12688782992161518
1.0598733354093741   0.138250919168327
1.0598733354093741   0.138250919168327
1.0598733354093741   0.138250919168327
1.0018448436156242   0.1496140084150388
1.0018448436156242   0.1496140084150388
1.0018448436156242   0.1496140084150388
1.0018448436156242   0.1496140084150388
1.0018448436156242   0.1496140084150388
1.0018448436156242   0.1496140084150388
1.0018448436156242   0.1496140084150388
1.0018448436156242   0.1496140084150388
1.0005931375799766   0.15031865310953704
1.0005931375799766   0.15031865310953704
1.0005931375799766   0.15031865310953704
1.0011046120003353   0.15067629265756488
1.0011046120003353   0.15067629265756488
1.0020215418815166   0.15072498550165242
1.0020215418815166   0.15072498550165242
1.0027708460477824   0.15043429861424495
1.0045915722590442   0.15080638527131796
1.007000543697207   0.15041105482503953
1.0088212699084687   0.15078314148211253
1.0088212699084687   0.15078314148211253
1.0088212699084687   0.15078314148211253
1.0099487255660275   0.1505142572739468
1.0098209217746832   0.1507239162960413
1.009353046789412   0.15070111413355328
1.009353046789412   0.15070111413355328
1.009353046789412   0.15070111413355328
1.009353046789412   0.15070111413355328
1.0094506887469437   0.1507632179194969
1.0094506887469437   0.1507632179194969
1.0094506887469437   0.1507632179194969
1.0094460239607055   0.15068751424424442
1.0094460239607055   0.15068751424424442
