0  5  2.25  0.01  0.01  0.29265753120995663  0.12165000808624188  1.4016884491392005  14.90420525615529  14.762073997279895  1.0  0.635  0.338  0.027  0.632  0.368  0.684  0.316
0  5  2.25  0.01  0.01  0.3306451119796388  0.01570643935371069  0.8497639323954647  15.044963740984482  15.259859449599674  1.0  0.643  0.331  0.026  0.649  0.351  0.632  0.368
0  5  2.25  0.01  0.01  0.2809658333272933  0.0074769867003947055  0.6476246477820804  15.162106909094053  15.29543173282402  1.0  0.619  0.354  0.027  0.632  0.368  0.684  0.316
0  5  2.25  0.01  0.01  0.3473950102984899  -0.03928553882471872  0.47368883141130635  15.243696875788743  15.38137246941924  1.0  0.644  0.33  0.026  0.667  0.333  0.579  0.421
0  5  2.25  0.01  0.01  0.20738684569252563  -0.03804733651899589  0.4327965729222614  15.283068884160452  15.371850396710325  1.0  0.58  0.391  0.029  0.596  0.404  0.789  0.211
0  5  2.25  0.01  0.01  0.40123580329593345  -0.030738168986912257  1.4827290408981504  14.771689729817691  14.982876805538245  1.0  0.669  0.306  0.025  0.649  0.351  0.632  0.368
0  5  2.25  0.01  0.01  0.3174825005092971  -0.05121420222905351  0.5233194031184194  15.234281155308215  15.299734788316112  1.0  0.63  0.343  0.027  0.649  0.351  0.632  0.368
0  5  2.25  0.01  0.01  0.35000786902258413  -0.03424575955696474  1.027695023626507  14.999464765399717  15.044885542094182  1.0  0.647  0.328  0.026  0.649  0.351  0.632  0.368
0  5  2.25  0.01  0.01  0.2640096148724555  -0.04147346062787394  0.8725967607538591  15.092033652217848  15.068232311975782  1.0  0.606  0.366  0.028  0.614  0.386  0.737  0.263
0  5  2.25  0.01  0.01  0.2935205655717055  0.0018270170546955955  0.8002482854413623  15.074886373865503  15.257536045658673  1.0  0.624  0.349  0.027  0.632  0.368  0.684  0.316
0  5  2.25  0.01  0.01  0.2433668440324172  -0.002793388806219793  0.6527145169475167  15.197749990858124  15.188426512983176  1.0  0.601  0.371  0.028  0.614  0.386  0.737  0.263
0  5  2.25  0.01  0.01  0.31032847184851964  -0.1121741765220996  0.7285509785658619  15.124277263400614  15.212628360974088  1.0  0.621  0.352  0.027  0.632  0.368  0.684  0.316
0  5  2.25  0.01  0.01  0.26710843392825195  0.08745937910659862  0.736750325733305  15.138971834897292  15.223524874211193  1.0  0.62  0.352  0.028  0.632  0.368  0.684  0.316
0  5  2.25  0.01  0.01  0.31986166810357164  -0.12793509018906005  0.8698552084806188  15.083035485836922  15.06030801554628  1.0  0.623  0.35  0.027  0.632  0.368  0.684  0.316
0  5  2.25  0.01  0.01  0.32680600553646283  0.06579476070693568  1.0367218830693716  14.996327226396584  15.075566856149726  1.0  0.646  0.328  0.026  0.649  0.351  0.632  0.368
0  5  2.25  0.01  0.01  0.28155154182165243  0.09429112593889333  0.9781453917367877  15.024959624731679  15.105447799487823  1.0  0.627  0.346  0.027  0.632  0.368  0.684  0.316
0  5  2.25  0.01  0.01  0.2984008042267078  0.008994173681244388  0.41031430121024826  15.297383475187496  15.356659933868396  1.0  0.627  0.346  0.027  0.649  0.351  0.632  0.368
0  5  2.25  0.01  0.01  0.29072433106201095  -0.13053482580521314  0.3774597042966737  15.307317585042824  15.349105072146445  1.0  0.61  0.362  0.027  0.632  0.368  0.684  0.316
0  5  2.25  0.01  0.01  0.29219350023491253  -0.1024246798619116  0.5788939364941463  15.248674463484392  15.136858521735286  1.0  0.614  0.359  0.027  0.632  0.368  0.684  0.316
0  5  2.25  0.01  0.01  0.4223292478987877  -0.17820434502455296  1.0052172306457388  14.958445723943099  15.172223553516929  1.0  0.664  0.311  0.024  0.667  0.333  0.579  0.421
0  5  2.25  0.01  0.01  0.33338741502180075  0.004274875413048246  0.8367540706809667  15.054320534049287  15.250185031216766  1.0  0.642  0.332  0.026  0.649  0.351  0.632  0.368
0  5  2.25  0.01  0.01  0.27389372065480383  -0.17403271234144257  0.6692084426039816  15.235315250312325  14.99244591944384  1.0  0.598  0.374  0.028  0.614  0.386  0.737  0.263
0  5  2.25  0.01  0.01  0.2798653446262473  0.04249853897436498  0.7710080317036605  15.120073093739544  15.1934188057514  1.0  0.621  0.351  0.027  0.632  0.368  0.684  0.316
0  5  2.25  0.01  0.01  0.17264276505008155  0.18910061009527385  0.9697908846799564  15.136596052951662  14.87058380292457  1.0  0.586  0.385  0.029  0.596  0.404  0.789  0.211
0  5  2.25  0.01  0.01  0.23878857577590282  -0.015955863550424304  0.47519005231897554  15.277609902964695  15.28961069664664  1.0  0.597  0.375  0.028  0.614  0.386  0.737  0.263
0  5  2.25  0.01  0.01  0.3129676352456597  -0.04549914483475964  1.5971250638030334  14.835337362905072  14.662526981224795  1.0  0.628  0.345  0.027  0.614  0.386  0.737  0.263
0  5  2.25  0.01  0.01  0.22033282931569523  -0.0863085877197539  0.6192375403151715  15.254491760288047  15.07729649597499  1.0  0.581  0.39  0.029  0.596  0.404  0.789  0.211
0  5  2.25  0.01  0.01  0.24349869452661474  0.15389700439404147  1.4069744438768639  14.908752787927417  14.769324781286803  1.0  0.615  0.357  0.028  0.614  0.386  0.737  0.263
0  5  2.25  0.01  0.01  0.2510585499224802  0.10330835083517287  0.5493930493567167  15.26274812171932  15.221524776230584  1.0  0.614  0.358  0.028  0.632  0.368  0.684  0.316
0  5  2.25  0.01  0.01  0.2867212147121517  0.15818560148836153  0.7206053243440188  15.150959149014462  15.245580479160402  1.0  0.636  0.337  0.027  0.649  0.351  0.632  0.368
1  5  2.25  0.01  0.01  0.8411761153619746  0.16222989399055615  1.1324574710900894  14.389199869002226  14.483248646221572  1.0  0.842  0.147  0.011  0.862  0.138  0.8  0.2
1  5  2.25  0.01  0.01  0.8015096193847328  -0.08562891984066977  0.6535575051275992  14.59703752543613  14.804767612568279  1.0  0.813  0.174  0.013  0.85  0.15  0.85  0.15
1  5  2.25  0.01  0.01  0.7765571746272278  -0.055935836862015725  0.6367537339980021  14.658567148775631  14.63279781971029  1.0  0.808  0.179  0.013  0.85  0.15  0.85  0.15
1  5  2.25  0.01  0.01  0.9675492965764396  -0.09635686728372171  1.441320968105544  14.20395193867619  14.269381530209165  1.0  0.858  0.133  0.009  0.85  0.15  0.85  0.15
1  5  2.25  0.01  0.01  0.7865536641082426  -0.11580760785551458  0.7752147146433679  14.604343833854475  14.406485693948913  1.0  0.807  0.18  0.013  0.838  0.162  0.9  0.1
1  5  2.25  0.01  0.01  0.7611209883313386  0.03553544443412893  0.42742106132206137  14.714866069948055  15.108215039232666  1.0  0.81  0.176  0.014  0.862  0.138  0.8  0.2
1  5  2.25  0.01  0.01  0.7942351371576397  0.09567843745084847  0.5820217397942014  14.623431470590514  15.090048695011962  1.0  0.824  0.163  0.013  0.875  0.125  0.75  0.25
1  5  2.25  0.01  0.01  0.7350133694715245  -0.04742786371780944  0.5433219217763586  14.741754812788452  14.57968269931708  1.0  0.795  0.19  0.015  0.838  0.162  0.9  0.1
1  5  2.25  0.01  0.01  0.741474985849739  -0.08413889275499736  0.5565106513699107  14.741749437336818  14.518340006499532  1.0  0.795  0.19  0.014  0.838  0.162  0.9  0.1
1  5  2.25  0.01  0.01  0.7324721615492842  0.11358095282661079  0.4176905911962003  14.78278145696369  14.928671641919099  1.0  0.806  0.18  0.014  0.862  0.138  0.8  0.2
1  5  2.25  0.01  0.01  0.6904260838977473  0.16129939045676445  0.4941220056384292  14.778769259395887  14.767631694948193  1.0  0.796  0.188  0.015  0.838  0.162  0.9  0.1
1  5  2.25  0.01  0.01  0.7997687278999843  -0.08162640889187434  0.4650703587188731  14.700027097654663  14.954400830970872  1.0  0.814  0.174  0.013  0.875  0.125  0.75  0.25
1  5  2.25  0.01  0.01  0.8877151908171641  0.045891907549769156  1.291145405558469  14.280117771150145  14.407507008555195  1.0  0.847  0.143  0.01  0.85  0.15  0.85  0.15
1  5  2.25  0.01  0.01  0.7744829868829486  0.09986851348323661  0.55475143159723  14.632724699672266  15.12506851689518  1.0  0.818  0.168  0.013  0.862  0.138  0.8  0.2
1  5  2.25  0.01  0.01  0.8252040017318713  -0.10473313570657124  0.5048974952965142  14.625056954598765  15.130897999769065  1.0  0.82  0.168  0.012  0.875  0.125  0.75  0.25
1  5  2.25  0.01  0.01  0.6987362762211653  -0.10561444667308623  0.41640307164986906  14.856620405500838  14.449622580581252  1.0  0.779  0.206  0.016  0.825  0.175  0.95  0.05
1  5  2.25  0.01  0.01  0.7787607230776719  -0.15151963167135382  0.825993132279406  14.606351252194463  14.242463721789182  1.0  0.802  0.185  0.014  0.825  0.175  0.95  0.05
1  5  2.25  0.01  0.01  0.6972977921657842  0.14250886260642076  0.3791652433722356  14.835154878491887  14.859867441185438  1.0  0.797  0.188  0.015  0.85  0.15  0.85  0.15
1  5  2.25  0.01  0.01  0.899721523224786  -0.03097091644262101  1.4041895609420987  14.286150913532344  14.059265745228444  1.0  0.845  0.145  0.01  0.85  0.15  0.85  0.15
1  5  2.25  0.01  0.01  0.7877136691908994  -0.1454079450881033  0.4751080568594012  14.673281051049248  14.966503313322075  1.0  0.805  0.182  0.013  0.85  0.15  0.85  0.15
1  5  2.25  0.01  0.01  0.768000077297564  0.16771784410280172  0.6572643919413074  14.614559504872375  14.960557558745823  1.0  0.821  0.166  0.013  0.862  0.138  0.8  0.2
1  5  2.25  0.01  0.01  0.7972410037339238  -0.16273483195296637  0.6606623171400074  14.597472193064652  14.726894919122211  1.0  0.807  0.18  0.013  0.838  0.162  0.9  0.1
1  5  2.25  0.01  0.01  0.9439989236135147  -0.11489899170697351  1.088892466668733  14.251817182016605  14.965097755223127  1.0  0.852  0.139  0.009  0.862  0.138  0.8  0.2
1  5  2.25  0.01  0.01  0.9270712222381898  -0.10559289769251766  1.3377328624551432  14.270474165873264  14.229751869211302  1.0  0.847  0.143  0.009  0.85  0.15  0.85  0.15
1  5  2.25  0.01  0.01  0.8522013197431698  -0.017110586470051814  1.1000027505277026  14.412262551767014  14.334479902206803  1.0  0.833  0.156  0.011  0.85  0.15  0.85  0.15
1  5  2.25  0.01  0.01  0.9634865394520137  -0.16729152791086907  1.602309148786456  14.249719081506646  13.776723761943268  1.0  0.853  0.138  0.009  0.838  0.162  0.9  0.1
1  5  2.25  0.01  0.01  0.899249083095911  0.10636477920773663  1.4650916721140712  14.258852467005209  14.107703243443746  1.0  0.854  0.136  0.01  0.85  0.15  0.85  0.15
1  5  2.25  0.01  0.01  0.8015416926229892  0.1478043607820077  1.0452052021043707  14.468884482281059  14.396702330516774  1.0  0.83  0.158  0.012  0.85  0.15  0.85  0.15
1  5  2.25  0.01  0.01  0.8201130505140678  0.012115659558608438  0.998536038275638  14.48270874631658  14.359688543391897  1.0  0.826  0.162  0.012  0.85  0.15  0.85  0.15
1  5  2.25  0.01  0.01  0.7745982730037019  0.11961548310014974  0.6337299765945192  14.621333269230462  14.955249801779345  1.0  0.82  0.167  0.013  0.862  0.138  0.8  0.2
0  5  2.25  0.01  0.01  0.32049654632650154  0.13106753000734772  1.6245891548560951  14.800721195181053  14.794650836122415  1.0  0.648  0.325  0.026  0.632  0.368  0.684  0.316
0  5  2.25  0.01  0.01  0.3508527608005396  -0.056460724786809385  0.9514906669186687  15.018142543642814  15.120726735682624  1.0  0.644  0.33  0.026  0.649  0.351  0.632  0.368
0  5  2.25  0.01  0.01  0.2525736148365474  0.16397409742007568  0.8538484879676184  15.139539543532534  15.02548092357506  1.0  0.62  0.352  0.028  0.632  0.368  0.684  0.316
0  5  2.25  0.01  0.01  0.30723239202526526  0.07975080122256295  0.7439680293377328  15.118751912013396  15.26297343360638  1.0  0.638  0.336  0.027  0.649  0.351  0.632  0.368
0  5  2.25  0.01  0.01  0.3090272037541894  -0.08282204076872679  1.3100947667296063  14.865812940099168  14.951765684855166  1.0  0.623  0.35  0.027  0.614  0.386  0.737  0.263
0  5  2.25  0.01  0.01  0.32075944139557466  -0.01156989581072429  0.6111110265825896  15.152016515653647  15.389665027993994  1.0  0.635  0.338  0.027  0.649  0.351  0.632  0.368
0  5  2.25  0.01  0.01  0.3512847972532316  0.04245502001132215  0.6640246791997961  15.11019163852478  15.438202115541936  1.0  0.654  0.321  0.026  0.667  0.333  0.579  0.421
0  5  2.25  0.01  0.01  0.32597776650654087  -0.05825484928201008  0.5531437804101086  15.186688620628312  15.380489020712407  1.0  0.633  0.341  0.027  0.649  0.351  0.632  0.368
0  5  2.25  0.01  0.01  0.44855956421257226  0.045631450161576076  1.7994616399143164  14.748646032373564  14.828865025156658  1.0  0.696  0.28  0.023  0.667  0.333  0.579  0.421
0  5  2.25  0.01  0.01  0.33830877091131073  0.021238979181461504  0.9171601944234555  14.996286270221022  15.277273812177151  1.0  0.646  0.328  0.026  0.649  0.351  0.632  0.368
0  5  2.25  0.01  0.01  0.29901039448084465  -0.019074957215386018  1.4699253056563384  14.859537829342376  14.753781761358772  1.0  0.624  0.348  0.027  0.614  0.386  0.737  0.263
0  5  2.25  0.01  0.01  0.21637941273697983  0.11426984741951624  0.5794461803919164  15.242675464185265  15.238219572245786  1.0  0.599  0.373  0.029  0.614  0.386  0.737  0.263
0  5  2.25  0.01  0.01  0.24714613967835872  -0.04641980718198774  0.6539243578379043  15.25482919318507  14.999666351278917  1.0  0.598  0.374  0.028  0.614  0.386  0.737  0.263
0  5  2.25  0.01  0.01  0.2794938935448433  0.0005192345410056642  0.5935107435500353  15.187398799551378  15.32078170727854  1.0  0.617  0.355  0.027  0.632  0.368  0.684  0.316
0  5  2.25  0.01  0.01  0.3007343727027656  0.11937355054972254  1.4379667128599243  14.882332928007859  14.772174070606983  1.0  0.639  0.335  0.027  0.632  0.368  0.684  0.316
0  5  2.25  0.01  0.01  0.5608645159373986  -0.06423122847108914  1.998204538064978  14.564550404271909  15.629220610451034  1.0  0.732  0.248  0.02  0.684  0.316  0.526  0.474
0  5  2.25  0.01  0.01  0.37429111625179184  -0.19590645180208452  0.8888681834935185  15.059152728176096  15.07459324831422  1.0  0.641  0.333  0.026  0.649  0.351  0.632  0.368
0  5  2.25  0.01  0.01  0.31591275486495674  0.09562171499172195  0.9649557536796232  15.03034727234773  15.117180597458765  1.0  0.643  0.33  0.026  0.649  0.351  0.632  0.368
0  5  2.25  0.01  0.01  0.32120093203835487  -0.047678713153192526  1.6244529947381394  14.792209728018555  14.76281635710719  1.0  0.632  0.342  0.027  0.614  0.386  0.737  0.263
0  5  2.25  0.01  0.01  0.2458560095801542  -0.009791212690288986  0.6689834533128898  15.192193219874532  15.170423944868443  1.0  0.601  0.371  0.028  0.614  0.386  0.737  0.263
0  5  2.25  0.01  0.01  0.3920800999035902  -0.15874296249631095  1.122390305750892  14.912217137651723  15.095884978822895  1.0  0.653  0.322  0.025  0.649  0.351  0.632  0.368
0  5  2.25  0.01  0.01  0.33281393071780535  -0.001247073192462006  1.3760403511074537  14.849103712739412  14.914506711771363  1.0  0.642  0.332  0.026  0.632  0.368  0.684  0.316
0  5  2.25  0.01  0.01  0.32291564427050107  -0.1770582725758911  0.6830255535627634  15.135535272858416  15.244834012738597  1.0  0.62  0.353  0.027  0.632  0.368  0.684  0.316
0  5  2.25  0.01  0.01  0.2879748111255901  -0.1491675543763996  0.9192122303456209  15.088491448930816  14.957419408706656  1.0  0.607  0.366  0.027  0.614  0.386  0.737  0.263
0  5  2.25  0.01  0.01  0.25319347075924975  0.07920456537930443  1.1116581014661842  14.97188309433813  15.031815608554137  1.0  0.613  0.359  0.028  0.614  0.386  0.737  0.263
0  5  2.25  0.01  0.01  0.3921955491535755  -0.19678814489378285  0.6212130523955853  15.152225967778492  15.31991341245184  1.0  0.649  0.326  0.025  0.667  0.333  0.579  0.421
0  5  2.25  0.01  0.01  0.3821228870697211  -0.05279427178853552  1.3535868403902056  14.857858814297597  14.902683012212265  1.0  0.659  0.316  0.025  0.649  0.351  0.632  0.368
0  5  2.25  0.01  0.01  0.2942831233621062  0.1693145627482735  1.3818639621759097  14.848514289173064  14.977848510218726  1.0  0.64  0.333  0.027  0.632  0.368  0.684  0.316
0  5  2.25  0.01  0.01  0.30393947107035624  -0.08942073382229276  0.828467139500083  15.146266688266918  14.961935282978333  1.0  0.62  0.353  0.027  0.632  0.368  0.684  0.316
0  5  2.25  0.01  0.01  0.3175839476484093  0.12269149300050802  1.6064207347506174  14.801725782028353  14.805992886110696  1.0  0.646  0.328  0.026  0.632  0.368  0.684  0.316
1  5  2.25  0.01  0.01  0.9727146464164855  -0.07453408190762581  1.362455445434586  14.181035427786421  14.5624316234919  1.0  0.861  0.13  0.008  0.862  0.138  0.8  0.2
1  5  2.25  0.01  0.01  1.1895706712071452  -0.16197978188213066  1.9936535804765614  14.147722980750695  14.691521842080675  1.0  0.902  0.094  0.004  0.862  0.138  0.8  0.2
1  5  2.25  0.01  0.01  0.7341129634045742  0.1840446613860437  0.7097132473327111  14.671156394929152  14.589025299421476  1.0  0.812  0.174  0.014  0.85  0.15  0.85  0.15
1  5  2.25  0.01  0.01  1.1167255051920126  -0.07147944188523203  1.9064378947568434  14.144238575168737  14.22607704319056  1.0  0.893  0.102  0.006  0.85  0.15  0.85  0.15
1  5  2.25  0.01  0.01  0.7970968808296816  -0.10950996796081923  0.5062482167514197  14.673755216941354  14.910154643058977  1.0  0.811  0.177  0.013  0.862  0.138  0.8  0.2
1  5  2.25  0.01  0.01  0.725913973719975  0.13785938749281546  0.9303372558555641  14.602414013069794  14.196216735073879  1.0  0.806  0.179  0.014  0.825  0.175  0.95  0.05
1  5  2.25  0.01  0.01  0.9469719474457233  -0.11225034912547903  1.430616759726816  14.222820099946773  14.211233436194728  1.0  0.853  0.138  0.009  0.838  0.162  0.9  0.1
1  5  2.25  0.01  0.01  0.9868854387018003  -0.03997939448563009  1.3780366568669977  14.137672805341122  14.719382270611618  1.0  0.867  0.125  0.008  0.862  0.138  0.8  0.2
1  5  2.25  0.01  0.01  0.8016254863955288  -0.05733882221705394  0.8476998819947823  14.530612714582338  14.538778705560059  1.0  0.816  0.172  0.013  0.838  0.162  0.9  0.1
1  5  2.25  0.01  0.01  0.7844670135914916  -0.10503078741163958  0.7728769161256314  14.607705993319811  14.410767371287207  1.0  0.807  0.18  0.013  0.838  0.162  0.9  0.1
1  5  2.25  0.01  0.01  0.79718804856854  0.05173540541578531  0.4619345074691896  14.637649102897134  15.345277473235583  1.0  0.822  0.166  0.013  0.875  0.125  0.75  0.25
1  5  2.25  0.01  0.01  0.9314099868527052  -0.03777635188950251  1.27898897831671  14.256407995499558  14.47815594002365  1.0  0.853  0.138  0.009  0.862  0.138  0.8  0.2
1  5  2.25  0.01  0.01  1.1097225393701713  -0.18170199266973264  1.8211228965809074  14.12595830459126  14.172934555591999  1.0  0.885  0.109  0.006  0.85  0.15  0.85  0.15
1  5  2.25  0.01  0.01  1.1288338992598734  0.11045747748667328  1.971569367486458  14.052111549636697  14.855433626921652  1.0  0.904  0.091  0.005  0.875  0.125  0.75  0.25
1  5  2.25  0.01  0.01  0.7790837957882412  0.09438994776821663  0.657043502232893  14.62438938412377  14.843422002513595  1.0  0.819  0.168  0.013  0.862  0.138  0.8  0.2
1  5  2.25  0.01  0.01  0.8586640551884345  -0.18410214574392705  0.7394251864617399  14.515214210796682  14.823691301343596  1.0  0.824  0.165  0.011  0.862  0.138  0.8  0.2
1  5  2.25  0.01  0.01  0.7899011068851902  0.12529976482221566  0.9053261144614254  14.506006568969804  14.63113695679559  1.0  0.825  0.162  0.013  0.85  0.15  0.85  0.15
1  5  2.25  0.01  0.01  0.907975837455579  0.003708273824020558  1.4487268391594583  14.25580492865734  14.09574456918288  1.0  0.849  0.141  0.01  0.838  0.162  0.9  0.1
1  5  2.25  0.01  0.01  0.9478343173431258  0.17431397328176684  1.7408776534440544  14.15395208526481  14.100357240813953  1.0  0.869  0.122  0.009  0.85  0.15  0.85  0.15
1  5  2.25  0.01  0.01  0.7152420716774377  0.05553242298413502  0.5589409454330105  14.750133014844465  14.602319045077175  1.0  0.797  0.188  0.015  0.838  0.162  0.9  0.1
1  5  2.25  0.01  0.01  0.8087385570519645  -0.07966196800829906  0.3895099878847856  14.670025152593732  15.30768216015245  1.0  0.816  0.171  0.013  0.875  0.125  0.75  0.25
1  5  2.25  0.01  0.01  0.8816848889491752  -0.1071479553433687  1.130444734358935  14.381570176360906  14.313671235841303  1.0  0.835  0.154  0.011  0.85  0.15  0.85  0.15
1  5  2.25  0.01  0.01  0.8120278175279342  -0.013030454460346397  1.1513161591723222  14.432295271217948  14.136299291994813  1.0  0.822  0.166  0.012  0.825  0.175  0.95  0.05
1  5  2.25  0.01  0.01  0.9286788386265805  -0.13459989655039156  1.3691481007199071  14.25592946710791  14.208647186674316  1.0  0.847  0.144  0.009  0.85  0.15  0.85  0.15
1  5  2.25  0.01  0.01  0.7526534710222388  -0.18087047302353343  0.5630104708178026  14.703968589706829  14.57126648302652  1.0  0.791  0.194  0.014  0.825  0.175  0.95  0.05
1  5  2.25  0.01  0.01  1.0532225523784777  -0.17128249766846287  1.2666805110267474  14.086895546655649  15.163082394953793  1.0  0.874  0.119  0.007  0.888  0.112  0.7  0.3
1  5  2.25  0.01  0.01  0.8015911257514048  -0.006316594459274766  0.5773109622392959  14.602348254128122  15.078889595128533  1.0  0.819  0.168  0.013  0.862  0.138  0.8  0.2
1  5  2.25  0.01  0.01  0.844758410082481  -0.01621947994253553  1.3383455822852692  14.36589021769284  13.915290074206746  1.0  0.831  0.158  0.011  0.825  0.175  0.95  0.05
1  5  2.25  0.01  0.01  0.8494313603666586  -0.14968795981914487  1.1493200566542114  14.437056927613986  14.02859252605128  1.0  0.823  0.165  0.012  0.838  0.162  0.9  0.1
1  5  2.25  0.01  0.01  0.7213668282484161  -0.11671865496720427  0.3687841131072252  14.842352370821823  14.62750705678008  1.0  0.785  0.199  0.015  0.838  0.162  0.9  0.1
---------------------------------------------------------------------------------------------------------------------------------------------------------------------------------------- using N-M without maximum constaint
0  5  2.25  0.01  0.01  0.3891446754799615  -0.3123626253957567  2.1854147040995513  14.661838981112682  21.28138962069431  1.0  0.638  0.337  0.025  0.596  0.404  0.789  0.211  True
0  5  2.25  0.01  0.01  0.35105044816806963  -0.32070949240903845  1.7392138817833391  14.84854531277574  14.461779994281104  1.0  0.619  0.354  0.026  0.596  0.404  0.789  0.211  True
0  5  2.25  0.01  0.01  0.48283252284279377  -0.22537060549410576  1.7492896713470998  14.718032196367995  14.823335907728703  1.0  0.686  0.292  0.023  0.649  0.351  0.632  0.368  True
0  5  2.25  0.01  0.01  0.44716935172334  -0.266620617341567  1.789039193455102  14.725157253644836  14.78092616321436  1.0  0.667  0.31  0.024  0.632  0.368  0.684  0.316  True
0  5  2.25  0.01  0.01  0.41175522951041854  -0.1390032710162123  1.7292358365573333  14.743115704504195  14.783107119221064  1.0  0.664  0.312  0.024  0.632  0.368  0.684  0.316  True
0  5  2.25  0.01  0.01  0.3722192868144344  -0.41480655670100036  1.76934678944358  14.857803876178245  14.409522824092694  1.0  0.62  0.354  0.026  0.596  0.404  0.789  0.211  True
0  5  2.25  0.01  0.01  0.6227402074368356  -0.39352429620481344  1.7697269100254163  14.665297175608593  14.975694651032953  1.0  0.728  0.254  0.019  0.684  0.316  0.526  0.474  True
0  5  2.25  0.01  0.01  0.22352864552700866  0.12605502289163883  1.719573048863164  14.894139392397358  14.490838692068076  1.0  0.604  0.368  0.028  0.596  0.404  0.789  0.211  True
0  5  2.25  0.01  0.01  0.4143988381452355  -0.20689793224145414  1.7496047023898498  14.807139054383734  14.564193001960838  1.0  0.658  0.317  0.025  0.632  0.368  0.684  0.316  True
0  5  2.25  0.01  0.01  0.4557080493327009  -0.15504328935886386  1.8292862808034096  14.745351494231697  14.752253186914949  1.0  0.681  0.296  0.023  0.649  0.351  0.632  0.368  True
0  5  2.25  0.01  0.01  0.30938898700156325  0.0035833694580551844  1.7191723834103245  14.84687839429792  14.545479109968129  1.0  0.631  0.342  0.027  0.614  0.386  0.737  0.263  True
0  5  2.25  0.01  0.01  0.3385270289987342  0.09417800098503981  1.739444341724671  14.798444176187433  14.7013560377325  1.0  0.653  0.321  0.026  0.632  0.368  0.684  0.316  True
0  5  2.25  0.01  0.01  0.4099506029219282  0.18465622343837546  2.144654889080074  14.573182778741543  16.93387547232493  1.0  0.692  0.284  0.024  0.649  0.351  0.632  0.368  True
0  5  2.25  0.01  0.01  0.42448640853486186  0.12285358397973578  1.7797081565500115  14.757779283291292  14.833049205875659  1.0  0.693  0.284  0.024  0.667  0.333  0.579  0.421  True
0  5  2.25  0.01  0.01  0.4181926018697495  -0.09486878381356634  1.972957067275484  14.670129414438012  15.200386313952837  1.0  0.671  0.305  0.024  0.632  0.368  0.684  0.316  True
0  5  2.25  0.01  0.01  0.4330638289487446  -0.06502837474384716  1.7380271858243812  14.74446406325558  14.800003411642587  1.0  0.679  0.297  0.024  0.649  0.351  0.632  0.368  True
0  5  2.25  0.01  0.01  0.29154099765887287  0.0495789901682194  1.7395971030282595  14.865452729819555  14.503509522434818  1.0  0.628  0.345  0.027  0.614  0.386  0.737  0.263  True
0  5  2.25  0.01  0.01  0.7189089545824203  -1.104944939892614  1.7490191706050118  14.69731517363534  14.853051761375061  1.0  0.699  0.285  0.016  0.649  0.351  0.632  0.368  True
0  5  2.25  0.01  0.01  0.490165868963988  -0.10506392871423734  1.7494516925001993  14.721130409458796  14.86083160436763  1.0  0.7  0.278  0.022  0.667  0.333  0.579  0.421  True
0  5  2.25  0.01  0.01  0.4249270023349092  0.08498478462289855  2.1949803309956835  14.618634159068263  21.335258506350886  1.0  0.689  0.287  0.024  0.649  0.351  0.632  0.368  True
0  5  2.25  0.01  0.01  0.5332934830239848  -0.09736905585213772  1.992586582944247  14.583789672882324  15.530728025527816  1.0  0.718  0.261  0.021  0.667  0.333  0.579  0.421  True
0  5  2.25  0.01  0.01  0.30431338553973275  0.37367629824499715  1.7895689549726363  14.808694623516182  14.803498179336561  1.0  0.663  0.311  0.026  0.649  0.351  0.632  0.368  True
0  5  2.25  0.01  0.01  0.4688900998343358  -0.4123338946562559  1.7598283969528274  14.804769957871958  14.521642371404184  1.0  0.663  0.314  0.023  0.632  0.368  0.684  0.316  True
0  5  2.25  0.01  0.01  0.48746886085991403  0.21493380995167194  1.7990065763266705  14.683758451484943  15.148361638061532  1.0  0.726  0.252  0.022  0.702  0.298  0.474  0.526  True
0  5  2.25  0.01  0.01  0.40771842495622956  -0.3260374635828931  1.7495770349231674  14.792570844348699  14.591078944119086  1.0  0.644  0.331  0.025  0.614  0.386  0.737  0.263  True
0  5  2.25  0.01  0.01  0.24448379899704048  0.06451634445913725  1.7295954753598604  14.880531508711673  14.495003531746896  1.0  0.607  0.365  0.028  0.596  0.404  0.789  0.211  True
0  5  2.25  0.01  0.01  0.5323223792393739  -0.2750282610943968  1.8399932942928956  14.710501599677546  14.830441244574146  1.0  0.702  0.277  0.021  0.667  0.333  0.579  0.421  True
0  5  2.25  0.01  0.01  0.6825673611674135  -0.5012661308157307  2.012595513466497  14.588773731236897  15.466422773974886  1.0  0.741  0.242  0.017  0.684  0.316  0.526  0.474  True
0  5  2.25  0.01  0.01  0.4147940831760697  0.01485258897701469  1.7498412082467147  14.735609843097857  14.850904317394129  1.0  0.679  0.297  0.024  0.649  0.351  0.632  0.368  True
0  5  2.25  0.01  0.01  0.7209627326867678  -0.9105218053973864  1.7692103461036195  14.661979338641494  14.935489387825665  1.0  0.718  0.266  0.016  0.667  0.333  0.579  0.421  True
1  5  2.25  0.01  0.01  0.8443946852345714  -0.24558017678527846  0.9501574647945527  14.510463177960773  14.199706550819243  1.0  0.815  0.173  0.012  0.838  0.162  0.9  0.1  True
1  5  2.25  0.01  0.01  1.0354116478763238  0.19968094552921797  1.9583245516975676  14.014490900312179  14.862489122837179  1.0  0.89  0.103  0.007  0.862  0.138  0.8  0.2  True
1  5  2.25  0.01  0.01  0.9821588305141485  0.025428943496069594  1.8383924694513156  14.18964334438029  13.916371353488566  1.0  0.869  0.123  0.008  0.85  0.15  0.85  0.15  True
1  5  2.25  0.01  0.01  0.9478851608164298  0.10425515501831739  1.7482654905447526  14.212113994934402  13.832596899137034  1.0  0.865  0.126  0.009  0.838  0.162  0.9  0.1  True
1  5  2.25  0.01  0.01  0.9971795110344708  0.25327115170814724  1.7886289822014934  14.096995743073645  14.318093418397392  1.0  0.885  0.108  0.007  0.862  0.138  0.8  0.2  True
1  5  2.25  0.01  0.01  1.120515163290856  -0.48282232191058017  1.7184943995956834  14.14345741082856  14.057389207472465  1.0  0.87  0.124  0.006  0.85  0.15  0.85  0.15  True
1  5  2.25  0.01  0.01  0.8967462614274022  0.6114700244873381  1.8082955802194784  14.120834043376863  14.35773682133292  1.0  0.881  0.11  0.009  0.862  0.138  0.8  0.2  True
1  5  2.25  0.01  0.01  0.9996895468425837  0.29391254512245  1.848852574654791  14.048041168139429  14.522292424647318  1.0  0.887  0.105  0.007  0.862  0.138  0.8  0.2  True
1  5  2.25  0.01  0.01  0.7999281392959727  0.6349952631313762  2.0085693248009413  14.125613849972433  14.644644881956093  1.0  0.859  0.13  0.011  0.838  0.162  0.9  0.1  True
1  5  2.25  0.01  0.01  1.155094801660025  5.679075584123138e-05  1.7482198174398873  13.920287356142449  15.0444964820088  1.0  0.903  0.092  0.005  0.888  0.112  0.7  0.3  True
1  5  2.25  0.01  0.01  1.0955408688103634  -0.2840609607108955  1.6985254732670796  14.115315050878213  14.179080289392221  1.0  0.877  0.117  0.006  0.85  0.15  0.85  0.15  True
1  5  2.25  0.01  0.01  1.1302421181005418  0.08663726518955481  1.7584301097464683  13.9429976539385  14.96663255066996  1.0  0.903  0.092  0.005  0.888  0.112  0.7  0.3  True
1  5  2.25  0.01  0.01  1.084264975774028  -0.3753239673136397  1.848094720817135  14.151361799824656  14.132115096391383  1.0  0.869  0.125  0.006  0.838  0.162  0.9  0.1  True
1  5  2.25  0.01  0.01  1.2358036564132138  -0.9749012404583626  1.6180942658015425  14.153101343473361  14.111382174770398  1.0  0.863  0.132  0.004  0.85  0.15  0.85  0.15  True
1  5  2.25  0.01  0.01  0.9133103802856248  0.47499327977699835  1.8288162132788843  14.110034877975073  14.320047068851114  1.0  0.878  0.113  0.009  0.862  0.138  0.8  0.2  True
1  5  2.25  0.01  0.01  1.0047287315524098  0.10837835113352581  1.7788669755050388  14.108694519237549  14.231767714319508  1.0  0.879  0.114  0.007  0.85  0.15  0.85  0.15  True
1  5  2.25  0.01  0.01  0.6346075101034534  1.0649990064281023  1.9283860345956816  14.178734960581178  14.378005733589188  1.0  0.839  0.146  0.015  0.85  0.15  0.85  0.15  True
1  5  2.25  0.01  0.01  1.2941600447427564  -0.7180080047212722  1.6881267481609468  13.969888811414657  14.81259844256805  1.0  0.891  0.106  0.004  0.875  0.125  0.75  0.25  True
1  5  2.25  0.01  0.01  0.8496636599571072  0.8149996401819741  1.9089200780557558  14.098773503501945  14.518295183274503  1.0  0.881  0.109  0.01  0.862  0.138  0.8  0.2  True
1  5  2.25  0.01  0.01  0.9698648305428083  -0.01352510013121122  1.738808982155234  14.176394702640554  13.957205805768965  1.0  0.864  0.127  0.008  0.825  0.175  0.95  0.05  True
1  5  2.25  0.01  0.01  0.9406314732054492  0.0849983167395951  1.7473350141516963  14.204260792954312  13.863294100864312  1.0  0.863  0.129  0.009  0.825  0.175  0.95  0.05  True
1  5  2.25  0.01  0.01  -0.03521159895222144  0.3150010911391532  1.708118675520844  14.76963034788989  14.80267853551312  1.0  0.5  0.47  0.03  0.825  0.175  0.95  0.05  True
1  5  2.25  0.01  0.01  1.014706222653897  -0.20689434831857217  1.7888930156136476  14.174865735213194  13.949090552991194  1.0  0.863  0.129  0.008  0.825  0.175  0.95  0.05  True
1  5  2.25  0.01  0.01  1.4278582254535386  -1.2863861420776888  1.6185677667861194  13.974803111435467  14.967636835233682  1.0  0.878  0.119  0.002  0.888  0.112  0.7  0.3  True
1  5  2.25  0.01  0.01  1.0224897106971054  -0.14092337405698227  1.7181456272932627  14.17463562257181  13.94772957032885  1.0  0.869  0.124  0.007  0.838  0.162  0.9  0.1  True
1  5  2.25  0.01  0.01  1.0646322799637922  0.009623387653805469  1.7485703891453293  14.062168295442964  14.41852271207544  1.0  0.886  0.107  0.006  0.862  0.138  0.8  0.2  True
1  5  2.25  0.01  0.01  0.9857489615312796  0.07547293848313669  1.8985629333048462  14.114744166359392  14.300702630969644  1.0  0.873  0.119  0.008  0.838  0.162  0.9  0.1  True
1  5  2.25  0.01  0.01  0.7650099390812315  0.43499751510278767  0.9160017840888006  14.482008450167825  14.999970401199516  1.0  0.837  0.15  0.013  0.862  0.138  0.8  0.2  True
1  5  2.25  0.01  0.01  1.1028029906854675  -0.4349516647619355  1.688991581805052  14.128382632792528  14.123005504330342  1.0  0.87  0.124  0.006  0.85  0.15  0.85  0.15  True
1  5  2.25  0.01  0.01  0.7257160061279551  1.0449999742987819  1.878150998108361  14.23690308447417  14.102699012059526  1.0  0.863  0.125  0.012  0.838  0.162  0.9  0.1  True
-----------------------using BGFS--------------------------------------------------
0  5  2.25  0.01  0.01  0.2403299715568117  0.14940037446377413  1.8897204494320683  14.859176683007075  14.624248997674721  1.0  0.614  0.358  0.028  0.596  0.404  0.789  0.211  True
0  5  2.25  0.01  0.01  0.2005204248097459  -0.18318845459779529  0.5294466448508657  15.288064824351846  15.15829010788929  1.0  0.563  0.408  0.029  0.579  0.421  0.842  0.158  False
0  5  2.25  0.01  0.01  0.4228035826337546  -0.1778398624739746  1.3459309775974588  14.81588987834752  15.003776977864469  1.0  0.665  0.311  0.024  0.649  0.351  0.632  0.368  False
---------------------using BGFS with tol: 1e-3--------------------------------------------------
0  5  2.25  0.01  0.01  0.2535503886214088  0.13796259123604265  0.7646503532903179  15.167538152866383  15.104044194705926  1.0  0.619  0.353  0.028  0.632  0.368  0.684  0.316  True
0  5  2.25  0.01  0.01  0.26329060373401364  -0.11811407782838144  1.9384148487814061  14.85646393379993  14.634663057203953  1.0  0.598  0.374  0.028  0.579  0.421  0.842  0.158  True
0  5  2.25  0.01  0.01  0.4645081579705949  -0.1255908992905364  2.0085914855731613  14.609841134430763  15.459808289528663  1.0  0.687  0.29  0.023  0.649  0.351  0.632  0.368  False
0  5  2.25  0.01  0.01  0.372996484568501  0.06526667778853518  1.52583491008223  14.778016699942565  14.944629301933865  1.0  0.666  0.309  0.025  0.649  0.351  0.632  0.368  False
0  5  2.25  0.01  0.01  0.2685150732142155  0.029528791062374632  0.49140721603813164  15.228636030623043  15.411191776484237  1.0  0.615  0.357  0.028  0.632  0.368  0.684  0.316  False
0  5  2.25  0.01  0.01  0.30330535758679184  0.12415398985202047  0.853955760577122  15.084839585021726  15.16967213008571  1.0  0.64  0.334  0.027  0.649  0.351  0.632  0.368  False
0  5  2.25  0.01  0.01  0.21987896030222515  -0.12298080699957192  0.4325141016111019  15.324543617256783  15.225254271528977  1.0  0.578  0.393  0.029  0.596  0.404  0.789  0.211  False
0  5  2.25  0.01  0.01  0.2459310592852003  0.08696815268470443  0.43323167029855136  15.330181419982441  15.243436199040346  1.0  0.611  0.361  0.028  0.632  0.368  0.684  0.316  False
0  5  2.25  0.01  0.01  0.2150523998621811  0.12930548178944856  0.7723977088520433  15.214138151205361  14.960180192249005  1.0  0.6  0.371  0.029  0.614  0.386  0.737  0.263  False
0  5  2.25  0.01  0.01  0.27846457484909876  0.15939477359469612  1.2433581510023815  14.954374582333836  14.875494169174173  1.0  0.632  0.341  0.027  0.632  0.368  0.684  0.316  False
0  5  2.25  0.01  0.01  0.22460719303929333  0.1931643062549288  1.1633715773512365  14.985769645265755  14.945841460871923  1.0  0.61  0.361  0.028  0.614  0.386  0.737  0.263  False
0  5  2.25  0.01  0.01  0.31881432036942875  -0.06268028931265998  1.138290066330092  14.998885892847138  14.840644257410489  1.0  0.63  0.344  0.027  0.632  0.368  0.684  0.316  False
0  5  2.25  0.01  0.01  0.31838863793114935  -0.13018621338780695  1.293250991856592  14.871846162356995  14.944548448914395  1.0  0.623  0.35  0.027  0.614  0.386  0.737  0.263  False
0  5  2.25  0.01  0.01  0.27212271164216767  -0.04693182592083661  0.9849141355873504  15.047093911186233  14.989645600170428  1.0  0.609  0.363  0.028  0.614  0.386  0.737  0.263  False
0  5  2.25  0.01  0.01  0.32294262128992346  -0.1261920427426969  0.9488044100056477  15.070094565179016  14.951082550522322  1.0  0.625  0.348  0.027  0.632  0.368  0.684  0.316  False
0  5  2.25  0.01  0.01  0.16981038500902365  0.1375605404288882  0.5728743343271271  15.308224685369346  15.092991024469878  1.0  0.58  0.391  0.029  0.596  0.404  0.789  0.211  False
0  5  2.25  0.01  0.01  0.2523661129449564  0.11986265213432595  0.6124418965137305  15.213248370622999  15.254339650525324  1.0  0.616  0.356  0.028  0.632  0.368  0.684  0.316  False
0  5  2.25  0.01  0.01  0.2854016006383113  -0.10494914852949658  0.44510173299709366  15.305960721941748  15.227656399413751  1.0  0.611  0.362  0.027  0.632  0.368  0.684  0.316  False
0  5  2.25  0.01  0.01  0.2689253851924676  0.17328790499854496  0.43081802380180195  15.286789116425547  15.412161590276378  1.0  0.629  0.344  0.027  0.649  0.351  0.632  0.368  False
0  5  2.25  0.01  0.01  0.32293517835851593  -0.0461101396852821  1.041591368393734  14.960594741421936  15.131374729047094  1.0  0.632  0.341  0.027  0.632  0.368  0.684  0.316  False
0  5  2.25  0.01  0.01  0.24174598720736323  0.09668348569286739  0.372001785060106  15.349765171202804  15.311739889808106  1.0  0.61  0.362  0.028  0.632  0.368  0.684  0.316  False
0  5  2.25  0.01  0.01  0.14971985617455563  0.0735046636106752  0.5448145398932938  15.283846096777587  15.222151839086454  1.0  0.563  0.407  0.03  0.579  0.421  0.842  0.158  False
0  5  2.25  0.01  0.01  0.2844547469829909  0.019887534977714172  0.726994784709633  15.115497639320846  15.286129009376204  1.0  0.622  0.351  0.027  0.632  0.368  0.684  0.316  False
0  5  2.25  0.01  0.01  0.32010604963644806  -0.04935812801925232  0.5483502163537205  15.213164134976347  15.315576929558434  1.0  0.631  0.342  0.027  0.649  0.351  0.632  0.368  False
0  5  2.25  0.01  0.01  0.3261677399521444  0.17387274951334758  1.2846136524882719  14.886567873802353  15.013965069171215  1.0  0.655  0.319  0.026  0.649  0.351  0.632  0.368  False
0  5  2.25  0.01  0.01  0.2283123461011791  0.09886474051498995  0.8675690664699465  15.14256349064668  14.979319719404417  1.0  0.603  0.368  0.028  0.614  0.386  0.737  0.263  False
0  5  2.25  0.01  0.01  0.2643930564126684  0.1598511931435681  0.9725362140423489  15.047554158735805  15.078656421902181  1.0  0.626  0.347  0.028  0.632  0.368  0.684  0.316  False
0  5  2.25  0.01  0.01  0.3759387602147034  0.09006648709460702  1.5490552365970869  14.76187685676725  14.97120459342527  1.0  0.669  0.306  0.025  0.649  0.351  0.632  0.368  False
0  5  2.25  0.01  0.01  0.40884205283609126  -0.15883117392929857  1.7364427533954339  14.76670087149601  14.707989272724774  1.0  0.66  0.315  0.025  0.632  0.368  0.684  0.316  False
0  5  2.25  0.01  0.01  0.3650705802130041  -0.17283247983303796  1.2821476832512357  14.883132105642746  14.90726343760737  1.0  0.64  0.334  0.026  0.632  0.368  0.684  0.316  False
1  5  2.25  0.01  0.01  0.7638916418633679  0.12280700430263808  0.6367401938806193  14.661952869120029  14.782231104642928  1.0  0.817  0.17  0.013  0.862  0.138  0.8  0.2  False
1  5  2.25  0.01  0.01  0.9745048028835495  0.0822125588152805  1.4782267494267674  14.128679055362719  14.593175409996167  1.0  0.871  0.121  0.008  0.862  0.138  0.8  0.2  False
1  5  2.25  0.01  0.01  0.8468176966748024  0.05678583679361743  0.6043575489580495  14.517225433443375  15.440045226586886  1.0  0.837  0.152  0.011  0.888  0.112  0.7  0.3  False
1  5  2.25  0.01  0.01  0.8692196083153939  -0.134594236846395  0.7444614110391445  14.49970926552931  14.914749207972852  1.0  0.83  0.159  0.011  0.875  0.125  0.75  0.25  False
1  5  2.25  0.01  0.01  0.7758485080572884  0.05500984627929989  0.40994682697438145  14.708715927447281  15.216756282708626  1.0  0.816  0.171  0.013  0.875  0.125  0.75  0.25  False
1  5  2.25  0.01  0.01  0.8098497771919562  -0.008026666788735426  0.8371863308983781  14.525440111713005  14.627536852755691  1.0  0.821  0.166  0.012  0.85  0.15  0.85  0.15  False
1  5  2.25  0.01  0.01  0.8648508168678404  0.0568596607488267  1.1528758009956928  14.374674642882713  14.406221327967742  1.0  0.842  0.148  0.011  0.862  0.138  0.8  0.2  False
1  5  2.25  0.01  0.01  0.8119100332733924  -0.02341360718144711  0.8293728354345528  14.525864407980794  14.643992635162789  1.0  0.821  0.166  0.012  0.85  0.15  0.85  0.15  False
1  5  2.25  0.01  0.01  0.7280370546907783  0.14402935653318422  0.47147687342092587  14.71529034556699  15.070301832489918  1.0  0.807  0.179  0.014  0.85  0.15  0.85  0.15  False
1  5  2.25  0.01  0.01  0.7513052595965611  0.10508060228524269  0.8669973416653108  14.588947952907896  14.397457605004139  1.0  0.812  0.174  0.014  0.838  0.162  0.9  0.1  False
1  5  2.25  0.01  0.01  0.7674642447757559  -0.15219294123648794  0.41512572856458163  14.747652884403715  14.841306345339666  1.0  0.798  0.188  0.014  0.85  0.15  0.85  0.15  False
1  5  2.25  0.01  0.01  0.8092211972030753  0.0075390930868716455  0.6895248310798071  14.564754353645132  14.92258277349762  1.0  0.823  0.165  0.012  0.862  0.138  0.8  0.2  False
1  5  2.25  0.01  0.01  0.7466962997440776  0.03204707229690387  0.4173413021611885  14.777344970942432  14.87400938871574  1.0  0.805  0.181  0.014  0.862  0.138  0.8  0.2  False
1  5  2.25  0.01  0.01  0.7729450055527298  0.046113678673462666  0.8330944198253196  14.551589036767258  14.585842664914603  1.0  0.815  0.172  0.013  0.838  0.162  0.9  0.1  False
1  5  2.25  0.01  0.01  0.7370064575619201  0.0008829909577383055  0.4006862518935447  14.767984032273148  14.930981840488633  1.0  0.8  0.186  0.014  0.85  0.15  0.85  0.15  False
1  5  2.25  0.01  0.01  0.8267711299894516  -0.10299373271510831  0.48182800452730934  14.616177880554094  15.237388467920349  1.0  0.82  0.168  0.012  0.875  0.125  0.75  0.25  False
1  5  2.25  0.01  0.01  0.9712491174679991  -0.18325000525505222  1.210568822126803  14.232305338325535  14.668746305251876  1.0  0.854  0.137  0.009  0.862  0.138  0.8  0.2  False
1  5  2.25  0.01  0.01  0.7047714039640979  0.140287075534612  0.5018854400528553  14.734660394255382  14.903894832673757  1.0  0.799  0.186  0.015  0.838  0.162  0.9  0.1  False
1  5  2.25  0.01  0.01  0.9163540872048874  0.12365951234726469  1.5224621361743742  14.180494973739417  14.306220471443206  1.0  0.859  0.132  0.009  0.838  0.162  0.9  0.1  False
1  5  2.25  0.01  0.01  0.7267640325659269  -0.12623532991244407  0.48009677089819225  14.830574028477377  14.34442547363697  1.0  0.787  0.198  0.015  0.838  0.162  0.9  0.1  False
1  5  2.25  0.01  0.01  0.7870660801475142  0.020971081587115747  0.8340677778198111  14.522314187557248  14.674276407619653  1.0  0.817  0.17  0.013  0.838  0.162  0.9  0.1  False
1  5  2.25  0.01  0.01  0.7440550781104308  0.08550090906457564  0.3934363827575649  14.749396098213953  15.115643009173368  1.0  0.808  0.178  0.014  0.862  0.138  0.8  0.2  False
1  5  2.25  0.01  0.01  0.8401048258729118  -0.11763536581072881  1.0901961061763688  14.45876920408476  14.111607139424123  1.0  0.823  0.166  0.012  0.838  0.162  0.9  0.1  False
1  5  2.25  0.01  0.01  0.7066503454034705  0.09028466381166156  0.5309846194965022  14.759720401222761  14.670718916585503  1.0  0.796  0.189  0.015  0.838  0.162  0.9  0.1  False
1  5  2.25  0.01  0.01  0.9177203443496578  -0.06849541823345864  0.9268324859980817  14.361365944280958  15.014074192827414  1.0  0.848  0.143  0.01  0.888  0.112  0.7  0.3  False
1  5  2.25  0.01  0.01  0.8524851892176015  0.0641396547404055  1.4545612085007054  14.305184503924389  13.932683626657942  1.0  0.838  0.151  0.011  0.825  0.175  0.95  0.05  False
1  5  2.25  0.01  0.01  1.0334775411699162  0.1964442466289698  1.9855506732738681  14.249475012239497  14.069205760326502  1.0  0.89  0.103  0.007  0.85  0.15  0.85  0.15  False
--------------------------------------------------------------------
