3.5  1.75  0.01  0.01  0.9263118850797166  -0.009722735257106213  2.2222787533454316  13.675951745690824  13.675951745690824  1.0  0.891  0.107  0.002  0.885  0.115  0.885  0.115  True
3.5  1.75  0.01  0.01  0.8833308688570676  0.13247517538069148  2.2424943193000435  13.692074994822761  13.692074994822761  1.0  0.891  0.107  0.002  0.885  0.115  0.885  0.115  True
3.5  1.75  0.01  0.01  0.9195792148251272  0.002925329391642608  2.212278831122107  13.677207018339887  13.677207018339887  1.0  0.89  0.108  0.002  0.885  0.115  0.885  0.115  True
3.5  1.75  0.01  0.01  1.0418449296061052  -0.28464999606138963  2.5263758558565805  13.772065190433178  13.772065190433178  1.0  0.895  0.103  0.001  0.885  0.115  0.885  0.115  True
3.5  1.75  0.01  0.01  0.9791644193707716  -0.19012197818392615  2.1926487459796804  13.661184115731631  13.661184115731631  1.0  0.889  0.11  0.001  0.885  0.115  0.885  0.115  True
3.5  1.75  0.01  0.01  0.8479619641340921  0.2591881686294222  2.252993446065841  13.710858635386376  13.710858635386376  1.0  0.892  0.105  0.002  0.885  0.115  0.885  0.115  True
3.5  1.75  0.01  0.01  0.8545407486026757  0.22455813444045064  2.2527773994091946  13.70461386790272  13.70461386790272  1.0  0.891  0.107  0.002  0.885  0.115  0.885  0.115  True
3.5  1.75  0.01  0.01  1.0035184406857036  -0.28150010132115977  2.1723276839892582  13.656467109674805  13.656467109674805  1.0  0.887  0.111  0.001  0.885  0.115  0.885  0.115  True
3.5  1.75  0.01  0.01  1.0927331581859556  -0.5508437889722898  2.162732562721841  13.651272669922008  13.651272669922008  1.0  0.884  0.115  0.001  0.885  0.115  0.885  0.115  True
3.5  1.75  0.01  0.01  0.8988011550213681  0.11991068275181999  2.526517416752563  13.764645195431482  13.764645195431482  1.0  0.894  0.104  0.002  0.885  0.115  0.885  0.115  True
3.5  1.75  0.01  0.01  0.8625497916255288  0.18061046234462186  2.232673052756133  13.699274911812442  13.699274911812442  1.0  0.89  0.108  0.002  0.885  0.115  0.885  0.115  True
3.5  1.75  0.01  0.01  1.08559691208247  -0.5449266075915131  2.152543030528508  13.650878816027726  13.650878816027726  1.0  0.883  0.116  0.001  0.885  0.115  0.885  0.115  True
3.5  1.75  0.01  0.01  0.8904376043044879  0.10872261884013967  2.2426898845223127  13.68956272802685  13.68956272802685  1.0  0.891  0.107  0.002  0.885  0.115  0.885  0.115  True
3.5  1.75  0.01  0.01  0.5199776249751249  0.1449992525623618  0.6050001207125564  14.762111248899554  14.762111248899554  1.0  0.777  0.216  0.007  0.885  0.115  0.885  0.115  True
3.5  1.75  0.01  0.01  0.9373053991137044  -0.05937472110338361  2.202482867550841  13.6715048211947  13.6715048211947  1.0  0.89  0.109  0.002  0.885  0.115  0.885  0.115  True
3.5  1.75  0.01  0.01  0.8919656151187991  0.06677302360730863  2.20263080130291  13.68649138245609  13.68649138245609  1.0  0.889  0.109  0.002  0.885  0.115  0.885  0.115  True
3.5  1.75  0.01  0.01  1.092124396817023  -0.5749183981533693  2.1429360956106454  13.651155718109623  13.651155718109623  1.0  0.882  0.117  0.001  0.885  0.115  0.885  0.115  True
3.5  1.75  0.01  0.01  1.0755910463363862  -0.5250061056852628  2.1429836171537437  13.650956396830768  13.650956396830768  1.0  0.882  0.117  0.001  0.885  0.115  0.885  0.115  True
3.5  1.75  0.01  0.01  0.894798070169371  0.07499540775227051  2.222912646710971  13.684882047456474  13.684882047456474  1.0  0.89  0.108  0.002  0.885  0.115  0.885  0.115  True
3.5  1.75  0.01  0.01  0.8474286758128975  0.2447576154579768  2.2522970607519195  13.707649962029917  13.707649962029917  1.0  0.891  0.107  0.002  0.885  0.115  0.885  0.115  True
3.5  1.75  0.01  0.01  0.8837047231342863  0.11909835596355271  2.2323432891147474  13.69087094400619  13.69087094400619  1.0  0.891  0.107  0.002  0.885  0.115  0.885  0.115  True
3.5  1.75  0.01  0.01  1.101961013389017  -0.6120709683427843  2.132402869518717  13.651884751796878  13.651884751796878  1.0  0.881  0.118  0.001  0.885  0.115  0.885  0.115  True
3.5  1.75  0.01  0.01  0.7399479038690641  0.12973332695245732  3.1746972786592873  14.218487394266278  14.218487394266278  1.0  0.854  0.143  0.004  0.885  0.115  0.885  0.115  True
3.5  1.75  0.01  0.01  1.072098320344836  -0.49028512731840046  2.1626047230979277  13.650882693898389  13.650882693898389  1.0  0.885  0.114  0.001  0.885  0.115  0.885  0.115  True
3.5  1.75  0.01  0.01  0.9407343255807015  -0.06513164437354627  2.2028772173880644  13.67054589585616  13.67054589585616  1.0  0.89  0.109  0.002  0.885  0.115  0.885  0.115  True
3.5  1.75  0.01  0.01  1.0207415017786396  -0.33141347764106965  2.172755288699959  13.654157976169655  13.654157976169655  1.0  0.887  0.112  0.001  0.885  0.115  0.885  0.115  True
3.5  1.75  0.01  0.01  0.9295772967604008  -0.013018627390914415  2.2325079617064802  13.67619090725197  13.67619090725197  1.0  0.892  0.107  0.002  0.885  0.115  0.885  0.115  True
3.5  1.75  0.01  0.01  1.085263307780901  -0.5510507679692771  2.1425667149174665  13.650998251821822  13.650998251821822  1.0  0.882  0.117  0.001  0.885  0.115  0.885  0.115  True
3.5  1.75  0.01  0.01  0.7155787701562686  0.7849999204186022  2.312011204919684  13.827579829935042  13.827579829935042  1.0  0.897  0.1  0.003  0.885  0.115  0.885  0.115  True
3.5  1.75  0.01  0.01  0.9824732760334143  -0.16533787878181022  2.222691292515991  13.663443650845394  13.663443650845394  1.0  0.891  0.107  0.001  0.885  0.115  0.885  0.115  True
3.5  1.75  0.01  0.01  0.33783250977198453  0.10653431107396036  1.7982256216363677  14.674917836055867  14.674917836055867  1.0  0.692  0.298  0.01  0.696  0.304  0.696  0.304  True
3.5  1.75  0.01  0.01  0.31731542534027024  -0.06002448521126665  1.0192784801720556  15.013501965592793  15.013501965592793  1.0  0.659  0.33  0.01  0.696  0.304  0.696  0.304  True
3.5  1.75  0.01  0.01  0.34453596024078714  -0.17848872951744796  1.0194470001643967  15.004010946195212  15.004010946195212  1.0  0.657  0.333  0.01  0.696  0.304  0.696  0.304  True
3.5  1.75  0.01  0.01  0.40223348525945285  -0.11965393580264054  1.808249866229381  14.668860233652612  14.668860233652612  1.0  0.694  0.297  0.009  0.696  0.304  0.696  0.304  True
3.5  1.75  0.01  0.01  0.30476462208053495  0.23990206911899736  1.8285977305929662  14.684637969747659  14.684637969747659  1.0  0.692  0.298  0.01  0.696  0.304  0.696  0.304  True
3.5  1.75  0.01  0.01  0.4520543444477828  -0.2749990389173718  1.7688559593334308  14.673061266724996  14.673061266724996  1.0  0.698  0.293  0.008  0.696  0.304  0.696  0.304  True
3.5  1.75  0.01  0.01  0.3488414066485327  0.07001595503228385  1.7988121714781071  14.672681350331326  14.672681350331326  1.0  0.692  0.298  0.01  0.696  0.304  0.696  0.304  True
3.5  1.75  0.01  0.01  0.4498252883085788  -0.3048313163020242  1.788972355876657  14.674206166271274  14.674206166271274  1.0  0.693  0.298  0.008  0.696  0.304  0.696  0.304  True
3.5  1.75  0.01  0.01  0.34619974475299375  0.08637249115979578  1.8285373958426103  14.673938499056318  14.673938499056318  1.0  0.693  0.297  0.01  0.696  0.304  0.696  0.304  True
3.5  1.75  0.01  0.01  0.37079778880754094  -0.005857234962752799  1.7987073973778949  14.669650235001182  14.669650235001182  1.0  0.693  0.298  0.009  0.696  0.304  0.696  0.304  True
3.5  1.75  0.01  0.01  0.2208035930095514  0.3349030499295018  0.8410248247059525  15.181872341597723  15.181872341597723  1.0  0.661  0.328  0.011  0.696  0.304  0.696  0.304  True
3.5  1.75  0.01  0.01  0.4041806464647095  -0.17499859516868307  1.7884452532612505  14.66934358232349  14.66934358232349  1.0  0.688  0.303  0.009  0.696  0.304  0.696  0.304  True
3.5  1.75  0.01  0.01  0.32595231175137335  0.15793734073057225  1.8185996281160393  14.67785241749644  14.67785241749644  1.0  0.692  0.298  0.01  0.696  0.304  0.696  0.304  True
3.5  1.75  0.01  0.01  0.39398190054270565  -0.09338917349434309  1.8086772084872995  14.668714972845503  14.668714972845503  1.0  0.694  0.297  0.009  0.696  0.304  0.696  0.304  True
3.5  1.75  0.01  0.01  0.3533438484628605  0.04704163194216855  1.7885726326691003  14.672206205567488  14.672206205567488  1.0  0.692  0.299  0.01  0.696  0.304  0.696  0.304  True
3.5  1.75  0.01  0.01  0.0657871958451971  0.05500152028099434  1.7989986936270366  14.770920997713935  14.770920997713935  1.0  0.539  0.448  0.013  0.696  0.304  0.696  0.304  True
3.5  1.75  0.01  0.01  0.3885940719064405  -0.08500211405359258  1.7480031347959923  14.671900996518964  14.671900996518964  1.0  0.691  0.3  0.009  0.696  0.304  0.696  0.304  True
3.5  1.75  0.01  0.01  0.2544304211793303  0.3949980781308279  1.8389279176686517  14.702450301615936  14.702450301615936  1.0  0.686  0.304  0.011  0.696  0.304  0.696  0.304  True
3.5  1.75  0.01  0.01  0.34150388526096576  0.09710475830711918  1.8086034132764566  14.674030144545657  14.674030144545657  1.0  0.692  0.298  0.01  0.696  0.304  0.696  0.304  True
3.5  1.75  0.01  0.01  0.45558117913413343  -0.33473734740377403  1.7682746413719113  14.676015476746631  14.676015476746631  1.0  0.692  0.3  0.008  0.696  0.304  0.696  0.304  True
3.5  1.75  0.01  0.01  0.18178752956835287  0.32499910263145126  1.7083126220069045  14.723118223111983  14.723118223111983  1.0  0.639  0.349  0.012  0.696  0.304  0.696  0.304  True
3.5  1.75  0.01  0.01  0.49985087216556867  -0.4938587123883984  1.7681817818315497  14.689647522079749  14.689647522079749  1.0  0.692  0.301  0.008  0.696  0.304  0.696  0.304  True
3.5  1.75  0.01  0.01  0.3984272058109415  -0.11323004559018922  1.7981714192206353  14.668545072535663  14.668545072535663  1.0  0.693  0.298  0.009  0.696  0.304  0.696  0.304  True
3.5  1.75  0.01  0.01  0.3629593170823342  -0.010082772920476577  1.7180568484237604  14.679322697653577  14.679322697653577  1.0  0.689  0.302  0.01  0.696  0.304  0.696  0.304  True
3.5  1.75  0.01  0.01  0.5819900055264593  -0.8244478285040984  1.708451003943629  14.741581768436648  14.741581768436648  1.0  0.683  0.311  0.006  0.696  0.304  0.696  0.304  True
3.5  1.75  0.01  0.01  0.510885315326268  -0.5289313533948907  1.7683803949762438  14.694253198513746  14.694253198513746  1.0  0.691  0.301  0.007  0.696  0.304  0.696  0.304  True
3.5  1.75  0.01  0.01  0.41225702996364855  -0.15576237876638677  1.7986459944497972  14.669104825355245  14.669104825355245  1.0  0.694  0.298  0.009  0.696  0.304  0.696  0.304  True
3.5  1.75  0.01  0.01  0.387333249999373  -0.07141596802383846  1.7987181266435468  14.668630629868456  14.668630629868456  1.0  0.693  0.298  0.009  0.696  0.304  0.696  0.304  True
3.5  1.75  0.01  0.01  0.41332203572597126  -0.16389706571627677  1.8081346340989604  14.6694693172759  14.6694693172759  1.0  0.694  0.297  0.009  0.696  0.304  0.696  0.304  True
3.5  1.75  0.01  0.01  0.26676964891125454  0.38417530528864285  1.8340611254931325  14.702761763405904  14.702761763405904  1.0  0.691  0.299  0.01  0.696  0.304  0.696  0.304  True
3.5  1.75  0.01  0.01  0.9119033251428557  0.04477741366930346  2.2327666011366465  13.681271536469998  13.681271536469998  1.0  0.891  0.107  0.002  0.885  0.115  0.885  0.115  True
3.5  1.75  0.01  0.01  0.7192312183897722  0.20157873593079062  3.174459329119633  14.201866717467867  14.201866717467867  1.0  0.854  0.143  0.004  0.885  0.115  0.885  0.115  True
3.5  1.75  0.01  0.01  0.7668710206386353  0.4929766742504823  2.2826935017054315  13.75320738524471  13.75320738524471  1.0  0.889  0.108  0.003  0.885  0.115  0.885  0.115  True
3.5  1.75  0.01  0.01  0.9265245018399426  -0.020916901823379734  2.212540376636837  13.675091445833969  13.675091445833969  1.0  0.89  0.108  0.002  0.885  0.115  0.885  0.115  True
3.5  1.75  0.01  0.01  1.0584380321668627  -0.4505554650512812  2.1626097569027927  13.651159750122611  13.651159750122611  1.0  0.885  0.114  0.001  0.885  0.115  0.885  0.115  True
3.5  1.75  0.01  0.01  0.8935240725881737  0.11065661602254573  2.2524786211162824  13.69001688010365  13.69001688010365  1.0  0.892  0.106  0.002  0.885  0.115  0.885  0.115  True
3.5  1.75  0.01  0.01  1.0744532310262391  -0.527533639710758  2.1314664197837088  13.652148737230565  13.652148737230565  1.0  0.882  0.117  0.001  0.885  0.115  0.885  0.115  True
3.5  1.75  0.01  0.01  0.6119066611355449  -0.02694793281591131  0.7304152153525489  14.61760026999447  14.61760026999447  1.0  0.795  0.199  0.005  0.885  0.115  0.885  0.115  True
3.5  1.75  0.01  0.01  0.9545169327512188  -0.10166733397395325  2.21236041081298  13.667735957453365  13.667735957453365  1.0  0.89  0.108  0.002  0.885  0.115  0.885  0.115  True
3.5  1.75  0.01  0.01  0.9541815912682966  -0.08057558023288783  2.232623725016559  13.670250550733433  13.670250550733433  1.0  0.892  0.107  0.002  0.885  0.115  0.885  0.115  True
3.5  1.75  0.01  0.01  0.8656081043628425  0.18334082281667308  2.2427447315760394  13.698861992299848  13.698861992299848  1.0  0.891  0.107  0.002  0.885  0.115  0.885  0.115  True
3.5  1.75  0.01  0.01  0.8742113982405986  0.10499994488529438  2.252506051960813  13.689341399786871  13.689341399786871  1.0  0.887  0.111  0.002  0.885  0.115  0.885  0.115  True
3.5  1.75  0.01  0.01  1.0813934252155852  -0.5597447817299268  2.122711951372013  13.652001916008738  13.652001916008738  1.0  0.881  0.118  0.001  0.885  0.115  0.885  0.115  True
3.5  1.75  0.01  0.01  0.9045084836269449  0.07157524947772245  2.2425293570768696  13.684882337850235  13.684882337850235  1.0  0.892  0.106  0.002  0.885  0.115  0.885  0.115  True
3.5  1.75  0.01  0.01  1.0276566305175097  -0.33562725282374517  2.1828227231931994  13.653779135565655  13.653779135565655  1.0  0.888  0.111  0.001  0.885  0.115  0.885  0.115  True
3.5  1.75  0.01  0.01  0.933529892603107  -0.05500213574655512  2.2122691076080043  13.671238653611567  13.671238653611567  1.0  0.889  0.11  0.002  0.885  0.115  0.885  0.115  True
3.5  1.75  0.01  0.01  1.1121215820631425  -0.6431120750565157  2.1325965431781433  13.652513451533032  13.652513451533032  1.0  0.88  0.119  0.001  0.885  0.115  0.885  0.115  True
3.5  1.75  0.01  0.01  0.8580233062310905  0.21081327514851855  2.252350893274839  13.703140309968328  13.703140309968328  1.0  0.891  0.107  0.002  0.885  0.115  0.885  0.115  True
3.5  1.75  0.01  0.01  0.805723311852691  0.32858526961520107  2.2172772635804137  13.728895061726227  13.728895061726227  1.0  0.887  0.11  0.003  0.885  0.115  0.885  0.115  True
3.5  1.75  0.01  0.01  0.8625481788822402  0.18497863594041136  2.2326225547802614  13.699274911909281  13.699274911909281  1.0  0.89  0.108  0.002  0.885  0.115  0.885  0.115  True
3.5  1.75  0.01  0.01  0.9650736284966199  -0.13253363360136008  2.212671717139002  13.665431209249782  13.665431209249782  1.0  0.89  0.108  0.002  0.885  0.115  0.885  0.115  True
3.5  1.75  0.01  0.01  1.0799512146523287  -0.5047439112486136  2.1629999681043683  13.650898694868065  13.650898694868065  1.0  0.886  0.113  0.001  0.885  0.115  0.885  0.115  True
3.5  1.75  0.01  0.01  1.1552722289463917  -1.0049952771964301  2.0520005319747874  13.68014087638643  13.68014087638643  1.0  0.853  0.146  0.001  0.885  0.115  0.885  0.115  True
3.5  1.75  0.01  0.01  1.2892882133965053  -1.5349948237337034  1.882001454716731  13.794474974054346  13.794474974054346  1.0  0.813  0.187  0.0  0.885  0.115  0.885  0.115  True
3.5  1.75  0.01  0.01  0.9580058687827253  -0.10501260420095682  2.212858441746158  13.666940334319952  13.666940334319952  1.0  0.89  0.108  0.002  0.885  0.115  0.885  0.115  True
3.5  1.75  0.01  0.01  0.9116392026397574  0.05414211820275555  2.2424197302929176  13.682713182777295  13.682713182777295  1.0  0.892  0.106  0.002  0.885  0.115  0.885  0.115  True
3.5  1.75  0.01  0.01  0.6405741478111819  0.5849998722870695  2.529000457123949  13.827435868837497  13.827435868837497  1.0  0.862  0.134  0.004  0.885  0.115  0.885  0.115  True
3.5  1.75  0.01  0.01  0.7900940443750202  0.0349998841637605  2.012042697827372  13.748430738232974  13.748430738232974  1.0  0.859  0.138  0.003  0.885  0.115  0.885  0.115  True
3.5  1.75  0.01  0.01  0.8154902472488241  0.3349543845104612  2.2529090715615916  13.722798091823861  13.722798091823861  1.0  0.89  0.108  0.003  0.885  0.115  0.885  0.115  True
3.5  1.75  0.01  0.01  1.0553181345990987  -0.3228175190870711  2.523588966705242  13.776834137301806  13.776834137301806  1.0  0.895  0.104  0.001  0.885  0.115  0.885  0.115  True
3.5  1.75  0.01  0.01  0.3681190993520584  0.002638430211539953  1.7983881918229287  14.66992442281353  14.66992442281353  1.0  0.693  0.298  0.009  0.696  0.304  0.696  0.304  True
3.5  1.75  0.01  0.01  0.39393256626955486  -0.09113180287852814  1.8083320968566452  14.668714972817849  14.668714972817849  1.0  0.694  0.297  0.009  0.696  0.304  0.696  0.304  True
3.5  1.75  0.01  0.01  0.3801579762028528  -0.036399320838686695  1.8083861768845246  14.669067405074284  14.669067405074284  1.0  0.693  0.297  0.009  0.696  0.304  0.696  0.304  True
3.5  1.75  0.01  0.01  0.37907109574998754  -0.03832464033457267  1.7984180115114703  14.669006533517958  14.669006533517958  1.0  0.693  0.298  0.009  0.696  0.304  0.696  0.304  True
3.5  1.75  0.01  0.01  0.37407093147837933  -0.0022464823666183027  2.2493186976146204  14.707427126554814  14.707427126554814  1.0  0.696  0.295  0.009  0.696  0.304  0.696  0.304  True
3.5  1.75  0.01  0.01  0.40115482623574006  -0.1203514583836247  1.7984654062471293  14.668597799337888  14.668597799337888  1.0  0.693  0.298  0.009  0.696  0.304  0.696  0.304  True
3.5  1.75  0.01  0.01  0.3691187866682421  -0.0022960164641339874  1.8084690730371236  14.6698858247756  14.6698858247756  1.0  0.693  0.297  0.009  0.696  0.304  0.696  0.304  True
3.5  1.75  0.01  0.01  0.33328879099045877  0.13157641001098186  1.8088692632210683  14.675861792762463  14.675861792762463  1.0  0.692  0.298  0.01  0.696  0.304  0.696  0.304  True
3.5  1.75  0.01  0.01  0.38803000633744383  -0.08188087851185288  1.778135201580724  14.669154179077413  14.669154179077413  1.0  0.692  0.299  0.009  0.696  0.304  0.696  0.304  True
3.5  1.75  0.01  0.01  0.35614405269880534  0.04170017875883877  1.7885048752060744  14.671758683171005  14.671758683171005  1.0  0.692  0.299  0.01  0.696  0.304  0.696  0.304  True
3.5  1.75  0.01  0.01  0.35436446200674143  0.05489444911344682  1.7983478202811327  14.67174376657888  14.67174376657888  1.0  0.692  0.298  0.01  0.696  0.304  0.696  0.304  True
3.5  1.75  0.01  0.01  0.5344613989702758  -0.6231458515134187  1.7583431820591164  14.7060848901535  14.7060848901535  1.0  0.69  0.303  0.007  0.696  0.304  0.696  0.304  True
3.5  1.75  0.01  0.01  0.41986863284921194  -0.19699827151278232  1.7681857413683497  14.670521923780093  14.670521923780093  1.0  0.692  0.299  0.009  0.696  0.304  0.696  0.304  True
3.5  1.75  0.01  0.01  0.2717289397308215  0.36027000632108813  1.8286213236492448  14.69823152036269  14.69823152036269  1.0  0.691  0.299  0.01  0.696  0.304  0.696  0.304  True
3.5  1.75  0.01  0.01  0.1766403128033176  0.4349985192025976  1.8389755175644114  14.715191414321634  14.715191414321634  1.0  0.651  0.337  0.011  0.696  0.304  0.696  0.304  True
3.5  1.75  0.01  0.01  0.36979919377169157  -0.006021776174427448  1.7884428000183197  14.669969239973817  14.669969239973817  1.0  0.692  0.298  0.009  0.696  0.304  0.696  0.304  True
3.5  1.75  0.01  0.01  0.37053330149296226  -0.01683588264651061  1.767156376960157  14.671460714449706  14.671460714449706  1.0  0.691  0.299  0.009  0.696  0.304  0.696  0.304  True
3.5  1.75  0.01  0.01  0.32782231276236107  0.15473156434017893  1.808911788557177  14.67723478694132  14.67723478694132  1.0  0.692  0.298  0.01  0.696  0.304  0.696  0.304  True
3.5  1.75  0.01  0.01  -0.02113978411620072  -0.10499830237166642  1.7984829641439768  14.878608276168118  14.878608276168118  1.0  0.467  0.52  0.013  0.696  0.304  0.696  0.304  True
3.5  1.75  0.01  0.01  0.22766627769248937  -0.18499865703074014  1.8389906384686312  14.718112697305457  14.718112697305457  1.0  0.595  0.393  0.012  0.696  0.304  0.696  0.304  True
3.5  1.75  0.01  0.01  0.4694379978863219  -0.37791449414708456  1.7685875097711248  14.679457161279023  14.679457161279023  1.0  0.692  0.3  0.008  0.696  0.304  0.696  0.304  True
3.5  1.75  0.01  0.01  0.42652113115761725  -0.2156538047354875  1.7781979147597544  14.67065730166123  14.67065730166123  1.0  0.693  0.299  0.009  0.696  0.304  0.696  0.304  True
3.5  1.75  0.01  0.01  0.37975136647011165  -0.04730690045263225  1.7783604072791939  14.669585071325605  14.669585071325605  1.0  0.692  0.299  0.009  0.696  0.304  0.696  0.304  True
3.5  1.75  0.01  0.01  0.3122059024362751  0.20849958743996239  1.8189282815154615  14.681850366742264  14.681850366742264  1.0  0.692  0.298  0.01  0.696  0.304  0.696  0.304  True
3.5  1.75  0.01  0.01  0.1920444853800342  0.5549999188959054  1.8380029394456219  14.729797444211338  14.729797444211338  1.0  0.675  0.314  0.011  0.696  0.304  0.696  0.304  True
3.5  1.75  0.01  0.01  0.21411195990680587  -0.11499978288215187  1.798163103281384  14.709201395951494  14.709201395951494  1.0  0.598  0.39  0.012  0.696  0.304  0.696  0.304  True
3.5  1.75  0.01  0.01  0.2032271583182984  0.5449973363699148  1.8289996843396503  14.727750407379355  14.727750407379355  1.0  0.679  0.31  0.011  0.696  0.304  0.696  0.304  True
3.5  1.75  0.01  0.01  0.008315558340081386  0.48498784294053854  1.8289891232024316  14.780649865257132  14.780649865257132  1.0  0.567  0.421  0.013  0.696  0.304  0.696  0.304  True
3.5  1.75  0.01  0.01  0.3700685210623351  -0.001577289973884826  1.8183321939597694  14.670172283961406  14.670172283961406  1.0  0.694  0.297  0.009  0.696  0.304  0.696  0.304  True
3.5  1.75  0.01  0.01  0.240932878906098  -0.22499773703729198  1.768000005896347  14.711959941663038  14.711959941663038  1.0  0.597  0.391  0.011  0.696  0.304  0.696  0.304  True
