0  3.5  1.75  0.01  0.01  0.5907853107168828  0.13366421439924653  1.999144465872033  14.27683971806035  14.27683971806035  1.0  0.804  0.191  0.006  0.808  0.192  0.808  0.192  True
0  3.5  1.75  0.01  0.01  0.6442418203023654  0.040345987361759025  2.0095150149738177  14.20648307478446  14.20648307478446  1.0  0.814  0.181  0.005  0.817  0.183  0.817  0.183  True
0  3.5  1.75  0.01  0.01  0.6793309187778545  -0.026660380966492845  2.3024116100850214  14.11588691874142  14.11588691874142  1.0  0.819  0.176  0.004  0.808  0.192  0.808  0.192  True
0  3.5  1.75  0.01  0.01  0.6497858103077219  0.09158266737803636  2.242581331245777  14.1598667464543  14.1598667464543  1.0  0.821  0.174  0.005  0.817  0.183  0.817  0.183  True
0  3.5  1.75  0.01  0.01  0.6031279125226097  0.20998813653671175  2.302322028024391  14.166505874966727  14.166505874966727  1.0  0.816  0.178  0.005  0.808  0.192  0.808  0.192  True
0  3.5  1.75  0.01  0.01  0.5641480386452683  -0.21512989914121783  0.9651563719150408  14.6981817190584  14.6981817190584  1.0  0.755  0.239  0.006  0.825  0.175  0.825  0.175  True
0  3.5  1.75  0.01  0.01  0.5886315185359289  0.2712630400827588  2.312406666754875  14.166051754600817  14.166051754600817  1.0  0.817  0.177  0.005  0.808  0.192  0.808  0.192  True
0  3.5  1.75  0.01  0.01  0.6048125833948617  0.32050369072791396  2.5254511143004357  14.135398009028338  14.135398009028338  1.0  0.828  0.167  0.005  0.817  0.183  0.817  0.183  True
0  3.5  1.75  0.01  0.01  0.6940416294033609  0.010561142828665387  2.3026462059724593  14.071320067053582  14.071320067053582  1.0  0.828  0.168  0.004  0.817  0.183  0.817  0.183  True
0  3.5  1.75  0.01  0.01  0.6938342714520027  -0.061193381084470214  2.3025043903325275  14.103942382693596  14.103942382693596  1.0  0.821  0.174  0.004  0.808  0.192  0.808  0.192  True
0  3.5  1.75  0.01  0.01  0.6266635114037089  0.03411507125939747  2.222658521454331  14.214999780774255  14.214999780774255  1.0  0.807  0.188  0.005  0.8  0.2  0.8  0.2  True
0  3.5  1.75  0.01  0.01  0.6161275699503403  0.04097509267658356  2.2825842098328013  14.190542281723186  14.190542281723186  1.0  0.804  0.191  0.005  0.792  0.208  0.792  0.208  True
0  3.5  1.75  0.01  0.01  0.6487755652642988  0.11407217673155644  1.999872736027646  14.168842311773057  14.168842311773057  1.0  0.823  0.173  0.005  0.825  0.175  0.825  0.175  True
0  3.5  1.75  0.01  0.01  0.6888124594103431  0.19022657511293767  2.52561682140804  14.04532641235414  14.04532641235414  1.0  0.843  0.153  0.004  0.833  0.167  0.833  0.167  True
0  3.5  1.75  0.01  0.01  0.7519387378845548  -0.3450011270198189  2.262978523118312  14.147668157747741  14.147668157747741  1.0  0.811  0.185  0.004  0.8  0.2  0.8  0.2  True
0  3.5  1.75  0.01  0.01  0.6967251682508506  0.004700853001987073  2.302681148831087  14.066384653264299  14.066384653264299  1.0  0.828  0.168  0.004  0.817  0.183  0.817  0.183  True
0  3.5  1.75  0.01  0.01  1.0562428968563955  -1.2905023178767157  2.0392573817524626  14.026185893401124  14.026185893401124  1.0  0.789  0.21  0.001  0.808  0.192  0.808  0.192  True
0  3.5  1.75  0.01  0.01  0.858384648612263  -0.7755342968429704  1.9897290184364664  14.132261172849825  14.132261172849825  1.0  0.797  0.201  0.003  0.8  0.2  0.8  0.2  True
0  3.5  1.75  0.01  0.01  0.6400871537068948  0.11448735914583488  1.9894331381042067  14.191572164420473  14.191572164420473  1.0  0.82  0.176  0.005  0.825  0.175  0.825  0.175  True
0  3.5  1.75  0.01  0.01  0.8281519093361615  -0.3984847006470166  2.5236464730522887  14.041817218274462  14.041817218274462  1.0  0.83  0.167  0.003  0.808  0.192  0.808  0.192  True
0  3.5  1.75  0.01  0.01  0.7125873152055677  -0.08228280822688075  2.525433398105919  14.096785620335664  14.096785620335664  1.0  0.826  0.17  0.004  0.8  0.2  0.8  0.2  True
0  3.5  1.75  0.01  0.01  0.6367035644169803  0.16498724992301414  2.3129885035741933  14.134184203352829  14.134184203352829  1.0  0.823  0.172  0.005  0.808  0.192  0.808  0.192  True
0  3.5  1.75  0.01  0.01  0.7403556802060713  -0.26500527227453474  2.2720025612466275  14.108917680175374  14.108917680175374  1.0  0.815  0.181  0.004  0.8  0.2  0.8  0.2  True
0  3.5  1.75  0.01  0.01  0.8293682601614045  -0.09500108786362305  2.3020059197775753  14.031496268778422  14.031496268778422  1.0  0.859  0.138  0.003  0.833  0.167  0.833  0.167  True
0  3.5  1.75  0.01  0.01  0.627624293438636  0.1621366203363093  2.302467413342961  14.126180418193625  14.126180418193625  1.0  0.82  0.175  0.005  0.808  0.192  0.808  0.192  True
0  3.5  1.75  0.01  0.01  0.7582683307436713  -0.27766926307453377  2.229067143191447  14.082872343106423  14.082872343106423  1.0  0.82  0.176  0.004  0.808  0.192  0.808  0.192  True
0  3.5  1.75  0.01  0.01  1.0374587080960342  -1.4949977253185196  1.6810000022798361  14.27124573093502  14.27124573093502  1.0  0.751  0.248  0.001  0.808  0.192  0.808  0.192  True
0  3.5  1.75  0.01  0.01  0.809624851832903  -0.3351044315158797  2.52500140251109  13.999994153453546  13.999994153453546  1.0  0.831  0.166  0.003  0.817  0.183  0.817  0.183  True
0  3.5  1.75  0.01  0.01  0.8760271401582016  -0.5924810695913597  2.0097986984764273  14.021779136551908  14.021779136551908  1.0  0.825  0.173  0.002  0.833  0.167  0.833  0.167  True
0  3.5  1.75  0.01  0.01  1.0494792047923198  -1.1649737707956986  2.0390061930953687  14.005365233987929  14.005365233987929  1.0  0.806  0.193  0.001  0.817  0.183  0.817  0.183  True
1  3.5  1.75  0.01  0.01  0.29231982370897747  0.10294689171785418  0.9870868890967316  15.12716911629362  15.12716911629362  1.0  0.668  0.322  0.01  0.711  0.289  0.711  0.289  True
1  3.5  1.75  0.01  0.01  0.36241050009552944  0.06376678722005691  1.858373640808565  14.665669356627486  14.665669356627486  1.0  0.698  0.293  0.009  0.702  0.298  0.702  0.298  True
1  3.5  1.75  0.01  0.01  0.39903533979545425  -0.011207482333670712  1.8586339018033424  14.649129689358123  14.649129689358123  1.0  0.706  0.285  0.009  0.711  0.289  0.711  0.289  True
1  3.5  1.75  0.01  0.01  0.3874576073205852  0.017401265124746344  1.8883689706173241  14.687406800123167  14.687406800123167  1.0  0.705  0.286  0.009  0.711  0.289  0.711  0.289  True
1  3.5  1.75  0.01  0.01  0.4619868625817344  -0.1231202583018545  1.8485129221776668  14.619411050635172  14.619411050635172  1.0  0.722  0.27  0.008  0.728  0.272  0.728  0.272  True
1  3.5  1.75  0.01  0.01  0.39826901662159603  -0.25367834336329775  1.7981563482944716  14.780528599069992  14.780528599069992  1.0  0.675  0.316  0.009  0.684  0.316  0.684  0.316  True
1  3.5  1.75  0.01  0.01  0.39278852381844  -0.013107481402222086  1.8483776247048085  14.684859151078214  14.684859151078214  1.0  0.703  0.288  0.009  0.711  0.289  0.711  0.289  True
1  3.5  1.75  0.01  0.01  0.28466766334625404  0.2864853454837711  1.8882013288128403  14.672085340875128  14.672085340875128  1.0  0.688  0.301  0.01  0.693  0.307  0.693  0.307  True
1  3.5  1.75  0.01  0.01  0.3905804646828904  -0.002024361259817059  1.848779801572752  14.68015608141354  14.68015608141354  1.0  0.704  0.287  0.009  0.711  0.289  0.711  0.289  True
1  3.5  1.75  0.01  0.01  0.3195739801991348  0.11638791513396729  2.2396868490878212  14.70372099017243  14.70372099017243  1.0  0.684  0.306  0.01  0.684  0.316  0.684  0.316  True
1  3.5  1.75  0.01  0.01  0.39959253488984414  0.11667158810303743  1.8787804205011294  14.613259933002771  14.613259933002771  1.0  0.723  0.269  0.009  0.728  0.272  0.728  0.272  True
1  3.5  1.75  0.01  0.01  0.41275554907804085  0.021916401763084896  1.8687178947902612  14.620128606688336  14.620128606688336  1.0  0.717  0.275  0.009  0.719  0.281  0.719  0.281  True
1  3.5  1.75  0.01  0.01  0.4197335327644176  0.0003320037119695128  1.8588364899369614  14.674960249319112  14.674960249319112  1.0  0.717  0.274  0.009  0.728  0.272  0.728  0.272  True
1  3.5  1.75  0.01  0.01  0.36554907795431246  0.1250080736004197  2.2399758278098854  14.681560723765571  14.681560723765571  1.0  0.708  0.283  0.009  0.702  0.298  0.702  0.298  True
1  3.5  1.75  0.01  0.01  0.43575976401185607  0.02588988745200858  1.8473334970473947  14.614072085305478  14.614072085305478  1.0  0.728  0.263  0.008  0.737  0.263  0.737  0.263  True
1  3.5  1.75  0.01  0.01  0.369983996845091  -0.07131996364692941  1.8483025141705494  14.748556575439194  14.748556575439194  1.0  0.685  0.306  0.009  0.693  0.307  0.693  0.307  True
1  3.5  1.75  0.01  0.01  0.42017113072729195  -0.16958550090898156  1.8284229757249228  14.69357262258318  14.69357262258318  1.0  0.696  0.295  0.009  0.702  0.298  0.702  0.298  True
1  3.5  1.75  0.01  0.01  0.3861819081462907  0.0950021575172752  1.8783002087349332  14.63982035472406  14.63982035472406  1.0  0.714  0.277  0.009  0.719  0.281  0.719  0.281  True
1  3.5  1.75  0.01  0.01  0.3525241262135772  0.13737610714935977  1.8686243061565204  14.685664655467134  14.685664655467134  1.0  0.703  0.288  0.009  0.711  0.289  0.711  0.289  True
1  3.5  1.75  0.01  0.01  0.42089886161649015  -0.0033777058103029714  1.8684404063345164  14.66862408490026  14.66862408490026  1.0  0.718  0.274  0.009  0.728  0.272  0.728  0.272  True
1  3.5  1.75  0.01  0.01  0.4399851601639706  0.01086012699281938  1.8686859025651192  14.628880508093964  14.628880508093964  1.0  0.728  0.264  0.008  0.737  0.263  0.737  0.263  True
1  3.5  1.75  0.01  0.01  0.48463775254990404  -0.46488409179770607  1.7585209973769633  14.774970779246832  14.774970779246832  1.0  0.688  0.304  0.008  0.702  0.298  0.702  0.298  True
1  3.5  1.75  0.01  0.01  0.4418132697963448  0.006917032472941497  1.847120541540287  14.610434123872256  14.610434123872256  1.0  0.729  0.263  0.008  0.737  0.263  0.737  0.263  True
1  3.5  1.75  0.01  0.01  0.3861552318650594  0.06954566413941518  1.8572261387835889  14.677712024775554  14.677712024775554  1.0  0.71  0.281  0.009  0.719  0.281  0.719  0.281  True
1  3.5  1.75  0.01  0.01  0.19064827996460637  0.5723332027893882  1.908559313945058  14.714521416146953  14.714521416146953  1.0  0.677  0.312  0.011  0.684  0.316  0.684  0.316  True
1  3.5  1.75  0.01  0.01  0.2099520661913611  0.24500010541754869  2.2399892001244166  14.692210019098814  14.692210019098814  1.0  0.645  0.344  0.011  0.684  0.316  0.684  0.316  True
1  3.5  1.75  0.01  0.01  0.1361133191870038  0.6849985907721656  2.2892790340159697  14.68383683449036  14.68383683449036  1.0  0.663  0.325  0.011  0.711  0.289  0.711  0.289  True
1  3.5  1.75  0.01  0.01  0.16770826134134387  0.49499666676037535  1.808419095759888  14.708985239779537  14.708985239779537  1.0  0.654  0.334  0.011  0.711  0.289  0.711  0.289  True
1  3.5  1.75  0.01  0.01  0.30250723820266756  0.23500007078469165  1.887063030979723  14.705915620383019  14.705915620383019  1.0  0.691  0.299  0.01  0.693  0.307  0.693  0.307  True
1  3.5  1.75  0.01  0.01  0.4011568692546824  0.07500200053908296  2.248143208087445  14.670650868049886  14.670650868049886  1.0  0.719  0.273  0.009  0.719  0.281  0.719  0.281  True
