5  2.25  0.01  0.01  0.4644698995712904  0.4360522823882123  0.7630305356519357  14.72906764177661  14.72906764177661  1.0  0.699  0.279  0.023  0.694  0.306  0.694  0.306  1.0  0.808  0.178  0.014  0.828  0.172  0.828  0.172
5  2.25  0.01  0.01  0.4865538606500626  0.6310772544100937  0.7994645760634922  14.645241951723023  14.645241951723023  1.0  0.708  0.27  0.022  0.694  0.306  0.694  0.306  1.0  0.819  0.168  0.013  0.828  0.172  0.828  0.172
5  2.25  0.01  0.01  0.49031007638274193  0.6555026909463814  0.8038288675367162  14.636363219620524  14.636363219620524  1.0  0.709  0.269  0.022  0.694  0.306  0.694  0.306  1.0  0.82  0.167  0.013  0.828  0.172  0.828  0.172
5  2.25  0.01  0.01  0.4771464602923159  0.5535830426415028  0.7842184527581011  14.677641501416911  14.677641501416911  1.0  0.704  0.274  0.022  0.694  0.306  0.694  0.306  1.0  0.814  0.172  0.013  0.828  0.172  0.828  0.172
5  2.25  0.01  0.01  0.47925589803942215  0.5672511640993757  0.7870632871369787  14.671669930934403  14.671669930934403  1.0  0.705  0.273  0.022  0.694  0.306  0.694  0.306  1.0  0.815  0.172  0.013  0.828  0.172  0.828  0.172
5  2.25  0.01  0.01  0.4702844025793893  0.49203965024682583  0.7733473164304429  14.703536847591225  14.703536847591225  1.0  0.701  0.276  0.023  0.694  0.306  0.694  0.306  1.0  0.811  0.176  0.013  0.828  0.172  0.828  0.172
5  2.25  0.01  0.01  0.5224767109211716  0.9071315464180223  0.8564146240048505  14.561645437875594  14.561645437875594  1.0  0.722  0.257  0.021  0.694  0.306  0.694  0.306  1.0  0.836  0.153  0.011  0.828  0.172  0.828  0.172
5  2.25  0.01  0.01  0.47280070417853454  0.5169312969190065  0.7773235056534655  14.693431420416958  14.693431420416958  1.0  0.702  0.275  0.022  0.694  0.306  0.694  0.306  1.0  0.812  0.174  0.013  0.828  0.172  0.828  0.172
5  2.25  0.01  0.01  0.4683190344858363  0.4762816578307766  0.7702803423899318  14.711030425747115  14.711030425747115  1.0  0.7  0.277  0.023  0.694  0.306  0.694  0.306  1.0  0.81  0.176  0.013  0.828  0.172  0.828  0.172
5  2.25  0.01  0.01  0.5491516495167688  1.0924897720678894  0.8994965691100504  14.553438513288716  14.553438513288716  1.0  0.733  0.247  0.02  0.694  0.306  0.694  0.306  1.0  0.847  0.143  0.01  0.828  0.172  0.828  0.172
5  2.25  0.01  0.01  0.5457859799221441  1.0690071237681644  0.8935592029258768  14.551765118936762  14.551765118936762  1.0  0.731  0.248  0.02  0.694  0.306  0.694  0.306  1.0  0.846  0.144  0.01  0.828  0.172  0.828  0.172
5  2.25  0.01  0.01  0.5139901214101804  0.8468301736945104  0.8428429135282987  14.574841845329157  14.574841845329157  1.0  0.719  0.26  0.021  0.694  0.306  0.694  0.306  1.0  0.832  0.157  0.011  0.828  0.172  0.828  0.172
5  2.25  0.01  0.01  0.46855318921828193  0.4776601262412612  0.7702105219328019  14.710503392506467  14.710503392506467  1.0  0.7  0.277  0.023  0.694  0.306  0.694  0.306  1.0  0.81  0.176  0.013  0.828  0.172  0.828  0.172
5  2.25  0.01  0.01  0.5505334011096064  1.1031105701233215  0.9014437786202065  14.5566290394567  14.5566290394567  1.0  0.733  0.247  0.02  0.694  0.306  0.694  0.306  1.0  0.848  0.142  0.01  0.828  0.172  0.828  0.172
5  2.25  0.01  0.01  0.46777122073382577  0.4638032186089924  0.7677586814033661  14.716890015105523  14.716890015105523  1.0  0.7  0.277  0.023  0.694  0.306  0.694  0.306  1.0  0.809  0.177  0.014  0.828  0.172  0.828  0.172
5  2.25  0.01  0.01  0.5162919740790142  0.8611909384120258  0.8461928037861094  14.570640222235795  14.570640222235795  1.0  0.72  0.259  0.021  0.694  0.306  0.694  0.306  1.0  0.833  0.156  0.011  0.828  0.172  0.828  0.172
5  2.25  0.01  0.01  0.47054182707438824  0.495362138542307  0.7736276403497794  14.702364069272223  14.702364069272223  1.0  0.701  0.276  0.023  0.694  0.306  0.694  0.306  1.0  0.811  0.175  0.013  0.828  0.172  0.828  0.172
5  2.25  0.01  0.01  0.5100211889647184  0.816651514208711  0.8366003299413737  14.582788117232926  14.582788117232926  1.0  0.717  0.261  0.021  0.694  0.306  0.694  0.306  1.0  0.83  0.158  0.012  0.828  0.172  0.828  0.172
5  2.25  0.01  0.01  0.642379973724502  1.6113871451159463  1.0471914124206938  16.239477968944005  16.239477968944005  1.0  0.767  0.215  0.017  0.694  0.306  0.694  0.306  1.0  0.882  0.111  0.007  0.828  0.172  0.828  0.172
5  2.25  0.01  0.01  0.4983482159606967  0.7261537707069456  0.8184343641300279  14.610848125563933  14.610848125563933  1.0  0.713  0.266  0.022  0.694  0.306  0.694  0.306  1.0  0.825  0.163  0.012  0.828  0.172  0.828  0.172
5  2.25  0.01  0.01  0.4615957532343264  0.41357973948362814  0.7591057996458996  14.739657344460365  14.739657344460365  1.0  0.697  0.28  0.023  0.694  0.306  0.694  0.306  1.0  0.807  0.18  0.014  0.828  0.172  0.828  0.172
5  2.25  0.01  0.01  0.49032575077884794  0.6622973074001193  0.8052399708994851  14.633483426561432  14.633483426561432  1.0  0.709  0.269  0.022  0.694  0.306  0.694  0.306  1.0  0.821  0.167  0.012  0.828  0.172  0.828  0.172
5  2.25  0.01  0.01  0.5817467883943988  1.29320637093731  0.9515119431453063  14.680088470655575  14.680088470655575  1.0  0.745  0.236  0.019  0.694  0.306  0.694  0.306  1.0  0.86  0.131  0.009  0.828  0.172  0.828  0.172
5  2.25  0.01  0.01  0.517827585057578  0.8731985510139432  0.8489095579086395  14.5685330453535  14.5685330453535  1.0  0.72  0.258  0.021  0.694  0.306  0.694  0.306  1.0  0.833  0.155  0.011  0.828  0.172  0.828  0.172
5  2.25  0.01  0.01  0.5716505117284317  1.2322731749390476  0.9352831114315242  14.612689798093088  14.612689798093088  1.0  0.741  0.239  0.019  0.694  0.306  0.694  0.306  1.0  0.856  0.134  0.009  0.828  0.172  0.828  0.172
5  2.25  0.01  0.01  0.461476574255045  0.41149657389340966  0.7587143224977272  14.739933565193398  14.739933565193398  1.0  0.697  0.28  0.023  0.694  0.306  0.694  0.306  1.0  0.807  0.18  0.014  0.828  0.172  0.828  0.172
5  2.25  0.01  0.01  0.4915635131911017  0.6755204494184501  0.8075508834605007  14.628861462000083  14.628861462000083  1.0  0.71  0.268  0.022  0.694  0.306  0.694  0.306  1.0  0.821  0.166  0.012  0.828  0.172  0.828  0.172
5  2.25  0.01  0.01  0.4599641321491956  0.39733644282841935  0.7563991282395602  14.746924252633843  14.746924252633843  1.0  0.697  0.28  0.023  0.694  0.306  0.694  0.306  1.0  0.806  0.18  0.014  0.828  0.172  0.828  0.172
5  2.25  0.01  0.01  0.4568616424852952  0.36976096084181975  0.7516722671044542  14.760034840820651  14.760034840820651  1.0  0.695  0.282  0.023  0.694  0.306  0.694  0.306  1.0  0.804  0.182  0.014  0.828  0.172  0.828  0.172
5  2.25  0.01  0.01  0.48921512527156036  0.6546039224995439  0.8042011324986  14.636766317112913  14.636766317112913  1.0  0.709  0.269  0.022  0.694  0.306  0.694  0.306  1.0  0.82  0.167  0.012  0.828  0.172  0.828  0.172
----------------------------------------------------------------------------------------------------------------------------------------------------------------------------------------------------------------------------------
5  2.25  0.01  0.01  0.379875663552385  0.40136334551581515  0.7571291572231333  14.748602109051593  14.629600938935013  1.0  0.663  0.312  0.025  0.659  0.341  0.85  0.15  1.0  0.806  0.18  0.014  0.828  0.172  0.828  0.172
5  2.25  0.01  0.01  0.5407398754667264  0.8799102679685797  0.8502397889650678  14.55245308954567  14.452294606114284  1.0  0.729  0.25  0.02  0.705  0.295  0.65  0.35  1.0  0.834  0.155  0.011  0.828  0.172  0.828  0.172
5  2.25  0.01  0.01  0.37433593848360824  0.4030876796570694  0.7566252789341246  14.756494600072296  14.61761044116504  1.0  0.66  0.315  0.025  0.659  0.341  0.85  0.15  1.0  0.806  0.18  0.014  0.828  0.172  0.828  0.172
5  2.25  0.01  0.01  0.6644771005472729  1.256390825952598  0.9418132894593553  14.588789196547394  14.558348459117154  1.0  0.775  0.208  0.017  0.716  0.284  0.6  0.4  1.0  0.858  0.133  0.009  0.828  0.172  0.828  0.172
5  2.25  0.01  0.01  0.5013198596717825  1.293291495534778  0.9518120695771076  14.6550650655221  14.571394554982707  1.0  0.714  0.265  0.022  0.659  0.341  0.85  0.15  1.0  0.86  0.131  0.009  0.828  0.172  0.828  0.172
5  2.25  0.01  0.01  0.44846948270519793  1.0270111208870865  0.8845112064091813  14.531121448997315  14.435860044092411  1.0  0.692  0.285  0.023  0.659  0.341  0.85  0.15  1.0  0.843  0.146  0.01  0.828  0.172  0.828  0.172
5  2.25  0.01  0.01  0.39651691753405444  0.48346320707206625  0.7714867873382809  14.6901400177666  14.621548307394578  1.0  0.67  0.306  0.025  0.659  0.341  0.85  0.15  1.0  0.811  0.176  0.013  0.828  0.172  0.828  0.172
5  2.25  0.01  0.01  0.6814447682383816  1.5578355823259775  1.029741579627514  15.596015076255279  16.229417307888966  1.0  0.781  0.203  0.016  0.716  0.284  0.6  0.4  1.0  0.879  0.114  0.007  0.828  0.172  0.828  0.172
5  2.25  0.01  0.01  0.4549230164064358  0.7274959311287565  0.8182018983563729  14.585394302190595  14.521045892005343  1.0  0.695  0.282  0.023  0.67  0.33  0.8  0.2  1.0  0.825  0.163  0.012  0.828  0.172  0.828  0.172
5  2.25  0.01  0.01  0.4917457818093129  0.4349225001823052  0.7627540843223868  14.69874611225347  14.662292357398345  1.0  0.71  0.268  0.022  0.705  0.295  0.65  0.35  1.0  0.808  0.179  0.014  0.828  0.172  0.828  0.172
5  2.25  0.01  0.01  0.6026284699905631  1.0184225368810718  0.8817341339544843  14.506469030433026  14.470734491060824  1.0  0.753  0.228  0.019  0.716  0.284  0.6  0.4  1.0  0.842  0.147  0.01  0.828  0.172  0.828  0.172
5  2.25  0.01  0.01  0.4820909164429102  0.458289539031886  0.7668061056026343  14.704207398895543  14.625187275736183  1.0  0.706  0.272  0.022  0.705  0.295  0.65  0.35  1.0  0.809  0.177  0.014  0.828  0.172  0.828  0.172
5  2.25  0.01  0.01  0.4652838503581052  0.6367081212588134  0.8002675522680089  14.616416624598811  14.561844367212048  1.0  0.699  0.278  0.023  0.682  0.318  0.75  0.25  1.0  0.819  0.168  0.013  0.828  0.172  0.828  0.172
5  2.25  0.01  0.01  0.5152710961146344  0.9307436989657193  0.8613495158963173  14.54563563934946  14.43533608858044  1.0  0.719  0.259  0.021  0.693  0.307  0.7  0.3  1.0  0.837  0.152  0.011  0.828  0.172  0.828  0.172
5  2.25  0.01  0.01  0.549411336060562  0.897626256323929  0.8547355195494023  14.5449595852199  14.453561243216875  1.0  0.733  0.247  0.02  0.705  0.295  0.65  0.35  1.0  0.835  0.154  0.011  0.828  0.172  0.828  0.172
5  2.25  0.01  0.01  0.45147441592947735  0.38192988732480454  0.7540742143649838  14.69728482078295  14.726424278166842  1.0  0.693  0.284  0.023  0.682  0.318  0.75  0.25  1.0  0.805  0.181  0.014  0.828  0.172  0.828  0.172
5  2.25  0.01  0.01  0.538529990366406  0.9594806135356126  0.8681308255315606  14.567268349615428  14.390830025068958  1.0  0.729  0.251  0.02  0.705  0.295  0.65  0.35  1.0  0.839  0.15  0.011  0.828  0.172  0.828  0.172
5  2.25  0.01  0.01  0.5825977388830027  1.1012012505206141  0.9018933558831471  14.529878817082878  14.442246272260347  1.0  0.746  0.235  0.019  0.705  0.295  0.65  0.35  1.0  0.848  0.142  0.01  0.828  0.172  0.828  0.172
5  2.25  0.01  0.01  0.47961800156745343  0.782470253627265  0.8296624971025855  14.57148328731219  14.492152399775128  1.0  0.705  0.273  0.022  0.682  0.318  0.75  0.25  1.0  0.828  0.16  0.012  0.828  0.172  0.828  0.172
5  2.25  0.01  0.01  0.5236038247073064  0.537143872920172  0.7815923630736143  14.617837560973571  14.666625033656048  1.0  0.723  0.256  0.021  0.705  0.295  0.65  0.35  1.0  0.814  0.173  0.013  0.828  0.172  0.828  0.172
5  2.25  0.01  0.01  0.508247967957281  1.2303718485110955  0.9346754524429215  14.57455566720018  14.517346398275649  1.0  0.717  0.262  0.021  0.67  0.33  0.8  0.2  1.0  0.856  0.135  0.009  0.828  0.172  0.828  0.172
5  2.25  0.01  0.01  0.5394390022480129  0.9198514009397861  0.8592020887193426  14.513303669003928  14.488865253323615  1.0  0.729  0.251  0.02  0.693  0.307  0.7  0.3  1.0  0.836  0.153  0.011  0.828  0.172  0.828  0.172
5  2.25  0.01  0.01  0.6250512227508015  0.9166350578443805  0.8583829850012107  14.46495977500301  14.568996142410255  1.0  0.761  0.221  0.018  0.716  0.284  0.6  0.4  1.0  0.836  0.153  0.011  0.828  0.172  0.828  0.172
5  2.25  0.01  0.01  0.47150965777554193  0.47767884525318943  0.7702238632221593  14.684754465380873  14.632860352835861  1.0  0.702  0.276  0.023  0.693  0.307  0.7  0.3  1.0  0.81  0.176  0.013  0.828  0.172  0.828  0.172
5  2.25  0.01  0.01  0.5516995724326088  0.8170509767850967  0.8365742968464932  14.53900869055572  14.515618069955934  1.0  0.734  0.246  0.02  0.705  0.295  0.65  0.35  1.0  0.83  0.158  0.012  0.828  0.172  0.828  0.172
5  2.25  0.01  0.01  0.5368611449510869  0.5316846635340228  0.7801339417045514  14.676800058622586  14.584444498607436  1.0  0.728  0.252  0.021  0.727  0.273  0.55  0.45  1.0  0.813  0.174  0.013  0.828  0.172  0.828  0.172
5  2.25  0.01  0.01  0.6452745421081307  1.2038321076285374  0.9276280646457773  14.49659392796957  14.591857720891296  1.0  0.769  0.214  0.017  0.716  0.284  0.6  0.4  1.0  0.854  0.136  0.009  0.828  0.172  0.828  0.172
5  2.25  0.01  0.01  0.49886341521133964  0.805229691387648  0.8343091209612373  14.581091403188646  14.460328805215166  1.0  0.713  0.266  0.022  0.693  0.307  0.7  0.3  1.0  0.829  0.159  0.012  0.828  0.172  0.828  0.172
5  2.25  0.01  0.01  0.5857292507426168  1.3005240155758206  0.9532710298395807  14.60770007417023  14.656483114762127  1.0  0.747  0.234  0.019  0.682  0.318  0.75  0.25  1.0  0.861  0.13  0.009  0.828  0.172  0.828  0.172
5  2.25  0.01  0.01  0.5187320825611559  0.6403262112576973  0.8007823424888145  14.612726911856369  14.563754280487013  1.0  0.721  0.258  0.021  0.705  0.295  0.65  0.35  1.0  0.819  0.168  0.013  0.828  0.172  0.828  0.172
----------------------------------------------------------------------------------------------------------------------------------------------------------------------------------------------------------------------------------