0.00025   0.0
0.00075   -0.000375
0.00075   -0.000375
0.0017500000000000003   -0.00075
0.0017500000000000003   -0.00075
0.003750000000000001   -0.0018750000000000001
0.003750000000000001   -0.0018750000000000001
0.0077500000000000025   -0.003750000000000001
0.0077500000000000025   -0.003750000000000001
0.009750000000000003   -0.004875000000000003
0.009750000000000003   -0.004875000000000003
0.009750000000000003   -0.004875000000000003
0.009750000000000003   -0.004875000000000003
0.009750000000000003   -0.004875000000000003
0.010000000000000002   -0.004875000000000003
0.010000000000000002   -0.004875000000000003
0.010218749999999999   -0.004687500000000002
0.010703124999999997   -0.004843750000000003
0.011382812499999992   -0.004546875000000002
0.012691406249999988   -0.004710937500000002
0.014705078124999972   -0.004199218750000001
0.018329101562499957   -0.004271484374999999
0.024168457031249917   -0.003284179687499996
0.034336181640624866   -0.002935058593749991
0.051098754882812264   -0.0007858886718749829
0.07981549072265585   0.0009869384765625313
0.12769900512695243   0.006171691894531305
0.20907423400878794   0.01230972290039072
0.34552887725829884   0.025748245239257977
0.5765066566467254   0.04474356842041044
0.9649048328399604   0.08111827468872118
0.9649048328399604   0.08111827468872118
0.9649048328399604   0.08111827468872118
0.9649048328399604   0.08111827468872118
1.0777730033397617   0.09012332868576103
1.0777730033397617   0.09012332868576103
1.0239596372842732   0.08611340928077749
1.069561100214714   0.09010606402158791
1.0622666860446275   0.08911653266847186
1.0449367652069719   0.08786235381290369
1.0456220383313424   0.08768113285023772
1.0537730439068924   0.08844413800002128
1.0537730439068924   0.08844413800002128
1.0498688594002101   0.088017330184463
1.0498688594002101   0.088017330184463
1.0498688594002101   0.088017330184463
1.0499714163310871   0.08817261795290739
1.0507848856190538   0.08818550670079692
1.0507848856190538   0.08818550670079692
1.0507848856190538   0.08818550670079692
1.050619977146141   0.08824051742699118
1.050619977146141   0.08824051742699118
1.0506999185457948   0.08819016292245135
1.0506999185457948   0.08819016292245135
