0  3.5  1.75  0.01  0.01  0.6381294756185403  0.06353407418258011  0.5106888720822828  13.884739534211606  1.0  0.763  0.169  0.067  0.842  0.158
0  3.5  1.75  0.01  0.01  0.5434019981121156  0.36958473924646484  0.8633976280301537  13.93739737628214  1.0  0.759  0.169  0.072  0.833  0.167
0  3.5  1.75  0.01  0.01  0.5581193783719254  0.1361357450940077  0.5303238301780066  13.964063310822592  1.0  0.739  0.187  0.074  0.807  0.193
0  3.5  1.75  0.01  0.01  0.5155300758044756  0.3450081546866779  0.8926823006074288  13.85340394079925  1.0  0.746  0.18  0.075  0.807  0.193
0  3.5  1.75  0.01  0.01  0.7101243069101983  -0.09199893759258679  0.4903972009102652  13.845095110550602  1.0  0.775  0.163  0.062  0.851  0.149
0  3.5  1.75  0.01  0.01  0.7784213268282538  0.05574655979131464  0.8834509584867696  13.542290268247575  1.0  0.816  0.131  0.053  0.86  0.14
0  3.5  1.75  0.01  0.01  0.6010256657549198  0.06756658528298484  0.5804538793000128  13.861235418017989  1.0  0.749  0.18  0.071  0.816  0.184
0  3.5  1.75  0.01  0.01  0.6000207214771776  0.32827515228488147  1.05225760435847  13.619630992273693  1.0  0.778  0.156  0.067  0.816  0.184
0  3.5  1.75  0.01  0.01  0.7235637269561896  -0.08327605758629969  0.5807262175924593  13.823228199522095  1.0  0.782  0.158  0.06  0.86  0.14
0  3.5  1.75  0.01  0.01  0.6511804092426627  0.36011608082674784  0.5504639355489928  13.731972473977148  1.0  0.8  0.139  0.061  0.877  0.123
0  3.5  1.75  0.01  0.01  0.6839495601387162  -0.01100390092187057  0.7026728851854326  13.828641340985177  1.0  0.774  0.163  0.063  0.842  0.158
0  3.5  1.75  0.01  0.01  0.5622853551682672  0.35488570344036086  0.6006243985775579  13.84530349572089  1.0  0.765  0.165  0.07  0.842  0.158
0  3.5  1.75  0.01  0.01  0.6895319870250041  -0.14493389431878606  0.5300848832566121  13.86718887085065  1.0  0.762  0.174  0.065  0.833  0.167
0  3.5  1.75  0.01  0.01  0.6417171497040813  0.005987704318629809  0.6004198649295178  13.92932764439982  1.0  0.759  0.173  0.068  0.842  0.158
0  3.5  1.75  0.01  0.01  0.8535495847189143  -0.574996308029835  0.6830035215431866  13.749365649294582  1.0  0.776  0.171  0.053  0.833  0.167
0  3.5  1.75  0.01  0.01  0.7157783963984377  -0.03543569356310115  0.49024827226277834  13.840731890112536  1.0  0.783  0.156  0.061  0.868  0.132
0  3.5  1.75  0.01  0.01  0.6043272576395424  0.13605227047900295  0.4904860157642705  13.932897294155785  1.0  0.759  0.172  0.069  0.842  0.158
0  3.5  1.75  0.01  0.01  0.5733031133920659  0.3623300190166272  0.7601700063432114  13.693673259812762  1.0  0.77  0.161  0.069  0.833  0.167
0  3.5  1.75  0.01  0.01  0.8008441344186763  0.09501115701301324  0.9939892564764563  13.530256588564534  1.0  0.827  0.122  0.05  0.86  0.14
0  3.5  1.75  0.01  0.01  0.6640154657071151  0.017908311099962042  0.5404395570281089  13.851671022517749  1.0  0.769  0.166  0.065  0.842  0.158
0  3.5  1.75  0.01  0.01  0.6545504265697797  -0.02320559140836872  0.5202914324808304  13.863562868074983  1.0  0.761  0.172  0.067  0.833  0.167
0  3.5  1.75  0.01  0.01  0.7227794764926299  -0.14606790434339936  0.5502906065633184  13.75791477416137  1.0  0.774  0.165  0.061  0.833  0.167
0  3.5  1.75  0.01  0.01  0.4428584425984796  0.7463773827887012  0.5270077191835081  13.943443286703282  1.0  0.761  0.165  0.074  0.842  0.158
0  3.5  1.75  0.01  0.01  0.43764210685063976  0.4849965949087147  0.6709921985861831  13.867986203184042  1.0  0.727  0.193  0.08  0.86  0.14
0  3.5  1.75  0.01  0.01  0.5634747018383933  0.5349922657450705  0.9339813240603462  13.687922758419644  1.0  0.785  0.149  0.067  0.851  0.149
0  3.5  1.75  0.01  0.01  0.7852847688307678  -0.13162463027135426  0.5704426573570214  13.704041713995613  1.0  0.799  0.146  0.055  0.868  0.132
0  3.5  1.75  0.01  0.01  0.5959850404361936  0.02880115825088959  0.4706295594457025  13.984193031429088  1.0  0.743  0.185  0.072  0.825  0.175
0  3.5  1.75  0.01  0.01  0.5194965043773909  0.734955680239511  1.1274646956763121  13.73142784330213  1.0  0.789  0.144  0.067  0.86  0.14
0  3.5  1.75  0.01  0.01  0.5573188670316199  0.28593018981442864  0.480240645779538  13.898236633734504  1.0  0.756  0.172  0.072  0.833  0.167
0  3.5  1.75  0.01  0.01  0.7831816576889771  -0.2548863608289602  0.3908306878581457  13.808752334355296  1.0  0.786  0.158  0.057  0.86  0.14
0  3.5  1.75  0.01  0.01  0.3979821266370758  0.724987767695641  0.9539929433647463  13.764880428092175  1.0  0.739  0.182  0.079  0.86  0.14
0  3.5  1.75  0.01  0.01  0.616338958648313  0.25781605103954175  0.5507602368817996  13.810657235161525  1.0  0.777  0.157  0.066  0.851  0.149
0  3.5  1.75  0.01  0.01  0.5662651647458303  0.3450041446318529  0.8730319854630617  13.844276425777311  1.0  0.767  0.164  0.07  0.825  0.175
0  3.5  1.75  0.01  0.01  0.7131027050187971  0.03671436962705561  0.4807021078098951  13.747689583073877  1.0  0.79  0.15  0.06  0.86  0.14
0  3.5  1.75  0.01  0.01  0.7080387084239124  -0.054993647086779035  0.5000195806565177  13.81264525241932  1.0  0.779  0.159  0.062  0.851  0.149
0  3.5  1.75  0.01  0.01  0.7281913636337934  -0.25190352512513403  0.32016306748474743  13.835877281077604  1.0  0.765  0.173  0.062  0.851  0.149
0  3.5  1.75  0.01  0.01  0.6790114371161563  -0.01699567659670089  0.4409253653569499  13.862219880951791  1.0  0.771  0.165  0.064  0.851  0.149
0  3.5  1.75  0.01  0.01  0.674302835156529  0.18858484644994633  0.6404937345656151  13.770234443378468  1.0  0.792  0.147  0.061  0.868  0.132
0  3.5  1.75  0.01  0.01  0.5095596824305576  0.5215730544840556  0.9133412047818514  13.752044705305313  1.0  0.762  0.165  0.072  0.825  0.175
0  3.5  1.75  0.01  0.01  0.6522465670187312  0.048773407822269424  0.5207910485367208  13.870265510004833  1.0  0.768  0.166  0.066  0.851  0.149
0  3.5  1.75  0.01  0.01  0.7504967371800406  0.008060464987928232  0.5404093511881949  13.715034249335726  1.0  0.801  0.142  0.056  0.877  0.123
0  3.5  1.75  0.01  0.01  0.6762398279728747  0.024522280203621204  0.8329365740626379  13.781638610391726  1.0  0.774  0.162  0.064  0.833  0.167
0  3.5  1.75  0.01  0.01  0.8556851626751897  -0.015003248188009504  0.6100980895263721  13.614019730180287  1.0  0.834  0.119  0.047  0.895  0.105
0  3.5  1.75  0.01  0.01  0.7115938339109735  -0.08891255924779934  0.4904726763245462  13.898092495973996  1.0  0.776  0.162  0.062  0.868  0.132
0  3.5  1.75  0.01  0.01  0.627746506764483  -0.25202343368157076  0.40035889861704244  14.037499368548227  1.0  0.723  0.205  0.072  0.798  0.202
0  3.5  1.75  0.01  0.01  0.6875068747955697  -0.12492128280812759  0.5400095214335265  13.86741535349934  1.0  0.763  0.172  0.065  0.833  0.167
0  3.5  1.75  0.01  0.01  0.502923169679137  0.6549999711415422  0.8330003987057197  13.766898792500848  1.0  0.774  0.156  0.07  0.86  0.14
0  3.5  1.75  0.01  0.01  0.5570588381335206  0.11750433834169449  0.3601256602212418  13.995817846621964  1.0  0.737  0.189  0.075  0.825  0.175
0  3.5  1.75  0.01  0.01  0.1507253782421789  0.8849974393282123  0.670000019599104  14.049584184502917  1.0  0.648  0.258  0.095  0.833  0.167
0  3.5  1.75  0.01  0.01  0.7887380367140333  -0.13153087854781684  0.9714562055455948  13.607916256134914  1.0  0.801  0.145  0.055  0.825  0.175
0  3.5  1.75  0.01  0.01  0.6614223947591069  -0.010364950364817563  0.43045833287783186  13.89437026023483  1.0  0.765  0.169  0.066  0.842  0.158
0  3.5  1.75  0.01  0.01  0.6201599854712834  -0.1647390084732971  0.5406275583290868  13.901646544966754  1.0  0.73  0.198  0.072  0.789  0.211
0  3.5  1.75  0.01  0.01  0.5937640904091783  0.042422105952452  0.5006524175837579  13.914299867847364  1.0  0.743  0.185  0.072  0.816  0.184
0  3.5  1.75  0.01  0.01  0.5532435053427347  0.8299643799250364  1.1827441909983536  13.606685479085447  1.0  0.812  0.127  0.061  0.868  0.132
0  3.5  1.75  0.01  0.01  0.5413395376107704  0.007411641585162938  0.560353115764319  14.075738554249131  1.0  0.717  0.206  0.078  0.798  0.202
0  3.5  1.75  0.01  0.01  0.6344185050422262  -0.009949755971394827  0.7032277960828586  13.826983979468144  1.0  0.754  0.177  0.069  0.807  0.193
0  3.5  1.75  0.01  0.01  0.5735820621702665  0.14423371960662734  0.5705429830617378  13.914920811730918  1.0  0.746  0.182  0.073  0.816  0.184
0  3.5  1.75  0.01  0.01  0.6397420771108608  -0.07801030473363219  0.7933768698222293  13.840095876713496  1.0  0.748  0.183  0.069  0.807  0.193
0  3.5  1.75  0.01  0.01  0.9022610070679062  0.0013002186112216212  0.813461419812319  13.459106470986589  1.0  0.85  0.107  0.042  0.904  0.096
0  3.5  1.75  0.01  0.01  0.4183884902886853  0.04500014598728633  0.660802403130803  13.93860922145749  1.0  0.665  0.246  0.089  0.816  0.184
0  3.5  1.75  0.01  0.01  0.9442679013320977  -0.004365844062940119  0.9725134279646408  13.319322010752504  1.0  0.863  0.099  0.038  0.886  0.114
0  3.5  1.75  0.01  0.01  0.7202158899687722  0.015318337153532502  0.550358796956374  13.773775946231165  1.0  0.791  0.15  0.059  0.868  0.132
0  3.5  1.75  0.01  0.01  0.6561663022876629  0.22361265513207096  0.5901795359553755  13.76354095502477  1.0  0.788  0.149  0.063  0.86  0.14
0  3.5  1.75  0.01  0.01  0.6585418620458903  0.009855855790220448  0.5407568187097921  13.831385662090504  1.0  0.766  0.168  0.066  0.833  0.167
0  3.5  1.75  0.01  0.01  0.6459769495598158  0.011292947737207836  0.3205252658948063  13.897375267491611  1.0  0.761  0.172  0.067  0.851  0.149
0  3.5  1.75  0.01  0.01  0.7204014611166556  -0.2620295896100393  0.470270029792565  13.876918528310904  1.0  0.76  0.177  0.063  0.816  0.184
0  3.5  1.75  0.01  0.01  0.32334638519232717  0.9648645042351978  0.5591151435854963  14.016149028812277  1.0  0.736  0.184  0.08  0.816  0.184
0  3.5  1.75  0.01  0.01  0.668089517019349  -0.27740696179087926  0.4505147110914419  13.965492144517516  1.0  0.736  0.195  0.069  0.807  0.193
0  3.5  1.75  0.01  0.01  0.6337292984273719  0.644997346785028  1.124002031538248  13.504078871641035  1.0  0.821  0.121  0.058  0.877  0.123
0  3.5  1.75  0.01  0.01  0.580577554173799  0.12299753350846052  0.5002922866172975  13.918905203415319  1.0  0.747  0.181  0.072  0.825  0.175
0  3.5  1.75  0.01  0.01  0.5734416501461292  0.036026361137299276  0.5709265269262788  13.885858723151756  1.0  0.734  0.192  0.074  0.798  0.202
0  3.5  1.75  0.01  0.01  0.7027474063288666  -0.05487698975232365  0.992813782357098  13.653647060382488  1.0  0.777  0.161  0.062  0.807  0.193
0  3.5  1.75  0.01  0.01  0.7275932804641745  0.12197161699215936  0.5006487055955195  13.623535854008344  1.0  0.804  0.139  0.057  0.877  0.123
0  3.5  1.75  0.01  0.01  0.7116863059632357  0.04342689682132614  0.9524952233008337  13.662936472696725  1.0  0.79  0.15  0.06  0.833  0.167
0  3.5  1.75  0.01  0.01  0.6893759804813704  -0.17467213901715323  0.4606082070260694  13.871944434115832  1.0  0.758  0.177  0.065  0.825  0.175
0  3.5  1.75  0.01  0.01  0.7114252305958683  0.13345442364998117  0.5405564217705529  13.69003006139726  1.0  0.799  0.142  0.059  0.86  0.14
0  3.5  1.75  0.01  0.01  0.5837284497660351  -0.16441121638882836  0.47038554554064327  14.027795846842087  1.0  0.715  0.21  0.076  0.789  0.211
0  3.5  1.75  0.01  0.01  0.7029543143735892  0.08243756388868947  0.763840249730486  13.685309563480965  1.0  0.791  0.149  0.06  0.842  0.158
0  3.5  1.75  0.01  0.01  0.6657445428308509  0.012613389808133823  0.5707812439479606  13.847701415670388  1.0  0.769  0.166  0.065  0.842  0.158
0  3.5  1.75  0.01  0.01  0.5950556639437616  0.24451971643286446  0.48075341351219414  13.852475863849138  1.0  0.766  0.165  0.069  0.842  0.158
0  3.5  1.75  0.01  0.01  0.6437355889121558  0.16819125502125248  0.4904957150798285  13.803798796435283  1.0  0.778  0.157  0.065  0.851  0.149
0  3.5  1.75  0.01  0.01  0.8531041580579166  -0.07136672039986475  0.9721293019669055  13.537088334663135  1.0  0.829  0.124  0.048  0.868  0.132
0  3.5  1.75  0.01  0.01  0.6149794584812016  -0.06499919027028384  0.43000677990207764  14.020663766086939  1.0  0.74  0.189  0.071  0.825  0.175
0  3.5  1.75  0.01  0.01  0.5491454118673442  0.23355502503361578  0.5190086713873848  13.875323408262018  1.0  0.746  0.18  0.074  0.825  0.175
0  3.5  1.75  0.01  0.01  0.7980551271754723  0.08849105341767471  0.8130966021480377  13.670923250909935  1.0  0.826  0.124  0.051  0.895  0.105
0  3.5  1.75  0.01  0.01  0.5733901842250826  0.22915632587259122  0.8136508426375175  13.807656395861464  1.0  0.756  0.173  0.071  0.816  0.184
0  3.5  1.75  0.01  0.01  0.6019720555158445  0.1700751687994111  0.5104020017036076  13.916911102835735  1.0  0.761  0.17  0.069  0.842  0.158
0  3.5  1.75  0.01  0.01  0.9793426563532059  -0.2549983560698116  0.8629980499655195  13.382010853254465  1.0  0.851  0.111  0.038  0.886  0.114
0  3.5  1.75  0.01  0.01  0.6782539297201438  -0.056863970806873804  0.5701486642207938  13.871987864846083  1.0  0.766  0.169  0.065  0.842  0.158
0  3.5  1.75  0.01  0.01  0.6238452564227912  -0.016920519220478568  0.5901306481014873  13.968204450889942  1.0  0.749  0.182  0.07  0.833  0.167
0  3.5  1.75  0.01  0.01  0.47145816584262845  0.2935121122780679  0.4709997438805926  13.989649670109877  1.0  0.719  0.2  0.08  0.789  0.211
0  3.5  1.75  0.01  0.01  0.5989978275235779  0.18746550816770402  0.46033517243608746  13.896939244696304  1.0  0.762  0.169  0.069  0.842  0.158
0  3.5  1.75  0.01  0.01  0.7284917273899147  0.01455372102198314  0.5106720479323927  13.755303074663871  1.0  0.793  0.148  0.059  0.868  0.132
0  3.5  1.75  0.01  0.01  0.6506371803114515  0.005210905495790617  0.5402127875478758  13.86333539466499  1.0  0.763  0.17  0.067  0.833  0.167
0  3.5  1.75  0.01  0.01  0.7667222779693026  -0.014550102158796797  0.5804185930844086  13.665213621920968  1.0  0.805  0.14  0.055  0.868  0.132
0  3.5  1.75  0.01  0.01  0.6031431056084524  -0.006090080382642217  0.5005145242498797  13.99107764853555  1.0  0.741  0.187  0.072  0.825  0.175
0  3.5  1.75  0.01  0.01  0.476935538580033  0.314829006181092  0.29328741679185816  14.018502308959826  1.0  0.724  0.196  0.079  0.816  0.184
0  3.5  1.75  0.01  0.01  0.7386394876245314  0.10006181160600046  0.8834424527004516  13.601117683708534  1.0  0.806  0.138  0.056  0.86  0.14
0  3.5  1.75  0.01  0.01  0.8041470747593662  -0.31366752254211516  0.4604488254918318  13.752954410395233  1.0  0.787  0.158  0.055  0.851  0.149
0  3.5  1.75  0.01  0.01  0.6066613427545258  -0.0493184644445358  0.6004844258085873  13.867971108691483  1.0  0.738  0.19  0.072  0.798  0.202
0  3.5  1.75  0.01  0.01  0.4169602451755573  0.12700765734552732  0.5103708528675033  14.158620661834048  1.0  0.675  0.238  0.088  0.754  0.246
0  3.5  1.75  0.01  0.01  0.6763024083011093  0.2975648848410224  0.8834407961971532  13.684243874297401  1.0  0.803  0.137  0.059  0.868  0.132
0  3.5  1.75  0.01  0.01  0.5921453328689343  0.22114247303742515  0.8236136056574046  13.833436440533609  1.0  0.763  0.168  0.069  0.825  0.175
0  3.5  1.75  0.01  0.01  0.6499709071035404  0.2500120544698881  0.8635138221074774  13.72911993220818  1.0  0.789  0.148  0.063  0.851  0.149
0  3.5  1.75  0.01  0.01  0.5198905431947075  0.33755506586840384  1.0334195399674664  13.849337420597188  1.0  0.746  0.179  0.075  0.807  0.193
0  3.5  1.75  0.01  0.01  0.579446233247846  0.11116119261716827  0.5602355767803221  13.965522332759903  1.0  0.745  0.183  0.072  0.816  0.184
0  3.5  1.75  0.01  0.01  0.7112598991775447  -0.0046428530383482505  0.3702376755742014  13.769011594727777  1.0  0.786  0.154  0.061  0.868  0.132
0  3.5  1.75  0.01  0.01  0.7912289662475523  -0.12488216340079461  0.5300940572935658  13.897392123356127  1.0  0.803  0.143  0.054  0.877  0.123
0  3.5  1.75  0.01  0.01  0.6167224342292215  -0.10925737367568827  0.5803880711605982  14.01366219975141  1.0  0.735  0.193  0.072  0.816  0.184
0  3.5  1.75  0.01  0.01  0.6272003606129042  -0.00884545597467726  0.4305464255446503  13.915250026680837  1.0  0.751  0.18  0.069  0.825  0.175
0  3.5  1.75  0.01  0.01  0.7664867643139741  -0.1538854554639561  0.7725377182226164  13.691736182988528  1.0  0.79  0.153  0.057  0.833  0.167
0  3.5  1.75  0.01  0.01  0.6189152205759896  0.2649992901708169  0.5409972309961093  13.802399060330849  1.0  0.778  0.156  0.066  0.868  0.132
0  3.5  1.75  0.01  0.01  0.5921150514427496  0.12478504930879201  0.5107307288338113  13.935635676209104  1.0  0.751  0.178  0.071  0.833  0.167
0  3.5  1.75  0.01  0.01  0.5814221834992712  0.12431270852794865  0.40052576645734317  13.988413573988549  1.0  0.747  0.181  0.072  0.833  0.167
0  3.5  1.75  0.01  0.01  0.6506120423903359  -0.0007601711571256369  0.6104892311623727  13.803697133175778  1.0  0.762  0.171  0.067  0.825  0.175
0  3.5  1.75  0.01  0.01  0.7375654177344387  -0.016942305927375213  0.9124066726709973  13.661475155133004  1.0  0.793  0.148  0.058  0.833  0.167
0  3.5  1.75  0.01  0.01  0.7531571700950802  -0.015475401642012294  0.5504970558057978  13.706125628237556  1.0  0.799  0.144  0.057  0.868  0.132
0  3.5  1.75  0.01  0.01  0.8053579596511627  -0.05307808783356297  0.8226618831287614  13.56748334918666  1.0  0.815  0.134  0.052  0.851  0.149
0  3.5  1.75  0.01  0.01  0.7933656943188188  0.022408200086175112  1.0625911359600406  13.620392329977358  1.0  0.817  0.131  0.052  0.868  0.132
0  3.5  1.75  0.01  0.01  0.6440505149816131  0.07073833683962757  0.450231868336  13.88438500657585  1.0  0.767  0.167  0.066  0.851  0.149
0  3.5  1.75  0.01  0.01  0.7849684918831721  -0.08071561004222472  0.5705338123573671  13.69341301407404  1.0  0.804  0.141  0.054  0.877  0.123
0  3.5  1.75  0.01  0.01  0.7074768982269748  0.05415272408795625  0.5307172836051823  13.818650707087269  1.0  0.789  0.15  0.06  0.877  0.123
0  3.5  1.75  0.01  0.01  0.7391473351952049  -0.27670280781988243  0.5005873550077538  13.841180972531522  1.0  0.765  0.173  0.061  0.833  0.167
0  3.5  1.75  0.01  0.01  0.6391041656210139  0.1775338560051451  0.5107608367398233  13.769688631209483  1.0  0.777  0.158  0.065  0.842  0.158
0  3.5  1.75  0.01  0.01  0.8182943332486764  0.05026178595911217  0.740601648432942  13.96047893976132  1.0  0.829  0.122  0.049  0.886  0.114
0  3.5  1.75  0.01  0.01  0.7242204135512371  -0.11497056922220514  0.44081042967003004  13.81676275559762  1.0  0.779  0.161  0.061  0.851  0.149
0  3.5  1.75  0.01  0.01  0.18243564462022543  1.1949994705031526  1.1350214529678828  13.746913897502335  1.0  0.705  0.21  0.085  0.851  0.149
0  3.5  1.75  0.01  0.01  0.5893634045842993  0.3441891542143709  0.6105723675824234  13.765267301713186  1.0  0.775  0.158  0.068  0.842  0.158
0  3.5  1.75  0.01  0.01  0.656074488571464  0.14487482699011095  0.5201946273916613  13.827261634539319  1.0  0.779  0.157  0.064  0.86  0.14
0  3.5  1.75  0.01  0.01  0.828562348759659  -0.04565841995283079  0.5601669158142769  13.590822004203105  1.0  0.822  0.128  0.05  0.895  0.105
0  3.5  1.75  0.01  0.01  0.7641071160420443  0.12500731181818805  0.7621429584755055  13.670582777137174  1.0  0.818  0.129  0.053  0.842  0.158
0  3.5  1.75  0.01  0.01  0.6377445799700459  -0.01603550274768125  0.4804336327287944  13.934512290805655  1.0  0.754  0.177  0.068  0.833  0.167
0  3.5  1.75  0.01  0.01  0.03675832045307412  0.9449980372942945  0.818024557899631  13.887669740718662  1.0  0.602  0.299  0.099  0.842  0.158
0  3.5  1.75  0.01  0.01  0.832379195558058  -0.36694646590671287  0.42083801176955077  13.766848791064046  1.0  0.791  0.156  0.053  0.868  0.132
0  3.5  1.75  0.01  0.01  0.15501226606786633  1.0349785411204242  0.9239704863780287  13.897146723595023  1.0  0.671  0.238  0.091  0.833  0.167
0  3.5  1.75  0.01  0.01  0.8059454591960753  -0.4249986306740281  0.5300048864532155  13.805958674797383  1.0  0.775  0.169  0.056  0.86  0.14
0  3.5  1.75  0.01  0.01  0.6840582513494291  -0.006817654837744606  0.5708854347281366  13.783269636614484  1.0  0.774  0.163  0.063  0.842  0.158
0  3.5  1.75  0.01  0.01  0.5657549051349791  0.33499774393782095  0.8432571604924045  13.880414077168735  1.0  0.764  0.166  0.07  0.851  0.149
0  3.5  1.75  0.01  0.01  0.7562852493687204  -0.14126511421308885  0.5502390424526392  13.765246229578986  1.0  0.788  0.154  0.058  0.86  0.14
0  3.5  1.75  0.01  0.01  0.5306463902144316  0.5249988850344915  0.6409812938669917  13.732536783198874  1.0  0.771  0.159  0.07  0.851  0.149
0  3.5  1.75  0.01  0.01  0.7273451570564562  0.013311167257393097  0.4704452740299159  13.776106147192017  1.0  0.793  0.149  0.059  0.868  0.132
0  3.5  1.75  0.01  0.01  0.026865704221516573  -0.07499975966505396  0.4209999173441054  14.343754682878867  1.0  0.449  0.441  0.11  0.833  0.167
0  3.5  1.75  0.01  0.01  0.7153730197704022  -0.4749922528524214  0.4200018811236984  13.941581164991264  1.0  0.733  0.201  0.066  0.833  0.167
0  3.5  1.75  0.01  0.01  0.6977806061830625  -0.0495190600937524  0.540485360013557  13.87611129190579  1.0  0.775  0.162  0.063  0.851  0.149
0  3.5  1.75  0.01  0.01  0.1211997243889743  1.0550000320942887  1.2120000289605923  13.71062569988392  1.0  0.66  0.248  0.092  0.816  0.184
0  3.5  1.75  0.01  0.01  0.6255608505856012  -0.18183131855228318  0.23016627303244536  14.01496798744972  1.0  0.73  0.198  0.072  0.825  0.175
0  3.5  1.75  0.01  0.01  0.7763605555982669  -0.06577817444093913  0.530432434378976  13.813900850545165  1.0  0.802  0.143  0.055  0.886  0.114
0  3.5  1.75  0.01  0.01  0.6537409286754126  -0.22120036405712296  0.005179929942412592  13.984014503416628  1.0  0.738  0.193  0.069  0.842  0.158
0  3.5  1.75  0.01  0.01  0.8342280376130704  -0.06499914831499082  0.8138299440444063  13.562924745672362  1.0  0.823  0.127  0.049  0.877  0.123
0  3.5  1.75  0.01  0.01  0.31140230443145056  0.5149961769138534  0.013000058345727093  14.141775226275165  1.0  0.674  0.235  0.091  0.851  0.149
1  3.5  1.75  0.01  0.01  0.294677952904448  -0.13812655851463868  0.333136991594677  14.448317853786023  1.0  0.577  0.322  0.1  0.658  0.342
1  3.5  1.75  0.01  0.01  0.29143244341445373  0.153180424594205  0.8374560594060192  14.21580137867545  1.0  0.616  0.286  0.098  0.683  0.317
1  3.5  1.75  0.01  0.01  0.24258014053309956  -0.15493111482057226  0.34312184797773104  14.470715257988926  1.0  0.549  0.347  0.104  0.625  0.375
1  3.5  1.75  0.01  0.01  0.24257648682867416  0.11817347795247149  0.38355782386969006  14.439217766606616  1.0  0.587  0.311  0.101  0.667  0.333
1  3.5  1.75  0.01  0.01  0.3435771103601132  -0.1033569113659247  0.8975581736652536  14.138448116639923  1.0  0.608  0.295  0.097  0.667  0.333
1  3.5  1.75  0.01  0.01  0.35371146083278115  -0.22327918854656928  0.31354765936194073  14.441365009982395  1.0  0.596  0.307  0.097  0.683  0.317
1  3.5  1.75  0.01  0.01  0.2933088696623296  0.034890449338875584  0.45374527739733533  14.31142322451514  1.0  0.6  0.301  0.099  0.675  0.325
1  3.5  1.75  0.01  0.01  0.3098363127902911  0.18980288714864696  0.26376853283426016  14.380586517763195  1.0  0.631  0.273  0.096  0.717  0.283
1  3.5  1.75  0.01  0.01  0.39971630182160367  -0.187063421562948  0.8378765565105685  14.131654753810336  1.0  0.624  0.283  0.093  0.683  0.317
1  3.5  1.75  0.01  0.01  0.3041815758584403  -0.10178141214312972  0.45379495380894164  14.388232202007831  1.0  0.588  0.313  0.099  0.667  0.333
1  3.5  1.75  0.01  0.01  0.27835186330835054  0.09145738751175785  0.8863249726271499  14.208493646516796  1.0  0.601  0.299  0.099  0.667  0.333
1  3.5  1.75  0.01  0.01  0.23495153304400385  0.16262539853697333  0.4433683584019302  14.381750296819499  1.0  0.589  0.31  0.101  0.667  0.333
1  3.5  1.75  0.01  0.01  0.22258110149588295  0.30803029015554473  0.9785265006663295  14.130595599220248  1.0  0.603  0.296  0.1  0.667  0.333
1  3.5  1.75  0.01  0.01  0.38094323417339837  -0.057023320207092  0.4533422013460743  14.248807884046538  1.0  0.632  0.275  0.093  0.708  0.292
1  3.5  1.75  0.01  0.01  0.29876239796632575  -0.0756725041037275  0.26322402398089745  14.398843045077177  1.0  0.588  0.312  0.1  0.667  0.333
1  3.5  1.75  0.01  0.01  0.23775378314765894  0.03741241505855607  0.4531376494023861  14.418250315380794  1.0  0.573  0.324  0.103  0.65  0.35
1  3.5  1.75  0.01  0.01  0.3727782118096591  -0.19055761039261865  0.42339945396468104  14.321167100470955  1.0  0.61  0.295  0.095  0.692  0.308
1  3.5  1.75  0.01  0.01  0.3701227436967395  -0.1104664826492262  0.8304056352540315  14.085704324930258  1.0  0.62  0.286  0.095  0.675  0.325
1  3.5  1.75  0.01  0.01  0.23507217482997245  0.32494034440735725  0.8078019256789728  14.272962122653832  1.0  0.611  0.289  0.099  0.683  0.317
1  3.5  1.75  0.01  0.01  0.47234382407354913  -0.22830212837078268  0.9565743634960786  14.137621043294557  1.0  0.654  0.259  0.087  0.717  0.283
1  3.5  1.75  0.01  0.01  0.03964915038305537  0.1150000249784715  0.8477829636174633  14.238855723940787  1.0  0.483  0.408  0.109  0.683  0.317
1  3.5  1.75  0.01  0.01  0.3328500326661692  -0.07443371701739815  0.2330955307377208  14.390973055382405  1.0  0.607  0.296  0.097  0.692  0.308
1  3.5  1.75  0.01  0.01  0.2212988980363052  0.2925240253930808  0.8926599888083245  14.207681238538958  1.0  0.6  0.299  0.101  0.667  0.333
1  3.5  1.75  0.01  0.01  0.3509322708114332  0.01499047466722054  0.9579972141411079  14.100502346870133  1.0  0.627  0.278  0.095  0.692  0.308
1  3.5  1.75  0.01  0.01  0.32155619568651295  0.1549995525595373  0.33300163941815714  14.328395054140408  1.0  0.631  0.273  0.096  0.725  0.275
1  3.5  1.75  0.01  0.01  0.31487215768413496  0.00944905363627678  0.8725002362101577  14.112523386335424  1.0  0.609  0.294  0.098  0.667  0.333
1  3.5  1.75  0.01  0.01  0.33324777223197033  -0.03898767028131403  0.36367122859658174  14.352893315225947  1.0  0.611  0.292  0.097  0.692  0.308
1  3.5  1.75  0.01  0.01  0.3249256306618925  -0.042232134674605626  0.4530013804595522  14.283437529787557  1.0  0.607  0.296  0.097  0.692  0.308
1  3.5  1.75  0.01  0.01  0.34242335739035923  0.07319000232952753  0.35371332525405486  14.349224033728877  1.0  0.63  0.275  0.095  0.717  0.283
1  3.5  1.75  0.01  0.01  0.32113175284314455  0.03971360974910558  0.4235899605659158  14.36045653249602  1.0  0.616  0.287  0.097  0.7  0.3
1  3.5  1.75  0.01  0.01  0.2448964520746716  0.29499711943017726  0.3730018887862999  14.463378529585666  1.0  0.612  0.289  0.099  0.708  0.292
1  3.5  1.75  0.01  0.01  0.3897445274873904  0.09491155459130698  0.9376518263506904  14.039654396551999  1.0  0.656  0.253  0.091  0.717  0.283
1  3.5  1.75  0.01  0.01  0.35957864674799744  0.12212410648468536  0.9024444641086499  14.183836682787568  1.0  0.646  0.261  0.093  0.717  0.283
1  3.5  1.75  0.01  0.01  0.34543823170792254  0.12848782658287894  0.46336046643062906  14.208272974079618  1.0  0.64  0.266  0.094  0.717  0.283
1  3.5  1.75  0.01  0.01  0.2666231365290962  0.22499660161825785  0.7620001885506922  14.108549737564898  1.0  0.613  0.288  0.099  0.675  0.325
1  3.5  1.75  0.01  0.01  0.2871188934050507  0.12694039052086975  0.473559093092746  14.369219575097555  1.0  0.611  0.291  0.098  0.692  0.308
1  3.5  1.75  0.01  0.01  0.2728310367340473  0.06374755270872927  0.8474234239994037  14.082784529997673  1.0  0.594  0.306  0.1  0.65  0.35
1  3.5  1.75  0.01  0.01  -0.00207012529257405  0.4149998717669542  0.8751985553942655  14.277313063474605  1.0  0.503  0.389  0.108  0.683  0.317
1  3.5  1.75  0.01  0.01  0.3378034045149838  -0.1749984710309987  0.6520040079129803  14.102543549178039  1.0  0.595  0.307  0.098  0.667  0.333
1  3.5  1.75  0.01  0.01  0.28006922030323744  0.09477023412870567  0.9084623169368274  14.168562704502815  1.0  0.602  0.299  0.099  0.667  0.333
1  3.5  1.75  0.01  0.01  0.45983569086569764  -0.2530012599412403  0.8604589566979052  14.064659597832831  1.0  0.645  0.267  0.088  0.7  0.3
1  3.5  1.75  0.01  0.01  0.47632287588131744  -0.29724188656871614  0.7324553819005578  14.135919472614974  1.0  0.646  0.266  0.087  0.708  0.292
1  3.5  1.75  0.01  0.01  0.315020672048263  -0.0031287237603643586  0.413358548713169  14.29008115026249  1.0  0.607  0.295  0.098  0.683  0.317
1  3.5  1.75  0.01  0.01  0.3761971215004023  0.0010870085844084591  0.6641255241344614  14.193038023993163  1.0  0.638  0.269  0.093  0.717  0.283
1  3.5  1.75  0.01  0.01  0.39321452256032974  -0.32499974506162554  0.24301484511413188  14.321852299453706  1.0  0.602  0.303  0.094  0.7  0.3
1  3.5  1.75  0.01  0.01  0.4156654762570247  -0.3532025494782894  0.2736651353591755  14.346409959068842  1.0  0.609  0.298  0.093  0.692  0.308
1  3.5  1.75  0.01  0.01  0.3592329915584794  -0.06580269635403727  0.45322495768064436  14.302272893098944  1.0  0.62  0.285  0.095  0.7  0.3
1  3.5  1.75  0.01  0.01  0.22311733992079374  0.38499677246174513  0.7770122655603502  14.191214033587398  1.0  0.613  0.287  0.099  0.692  0.308
1  3.5  1.75  0.01  0.01  0.28366379039809764  0.10499586664876037  0.8666185068303186  14.270807182929408  1.0  0.605  0.296  0.099  0.675  0.325
1  3.5  1.75  0.01  0.01  0.37285337626669895  -0.11552014646990841  0.8574137648305051  14.180842881851566  1.0  0.62  0.286  0.095  0.683  0.317
1  3.5  1.75  0.01  0.01  0.2576807431953714  0.06441764723951252  0.4537452089537097  14.495717556094018  1.0  0.586  0.312  0.101  0.667  0.333
1  3.5  1.75  0.01  0.01  0.35118743492947113  -0.15433106016555515  0.3933229916359517  14.310206623796669  1.0  0.605  0.299  0.096  0.683  0.317
1  3.5  1.75  0.01  0.01  0.3544768772815394  -0.028098073424760513  0.8382300886848724  14.12049037078901  1.0  0.623  0.282  0.095  0.683  0.317
1  3.5  1.75  0.01  0.01  0.2617333857120715  0.14120652155602303  0.46349066652124454  14.42607429809964  1.0  0.6  0.3  0.1  0.683  0.317
1  3.5  1.75  0.01  0.01  0.08582636152528669  0.37499803172113  0.4421229467101772  14.387169067577103  1.0  0.542  0.351  0.106  0.683  0.317
1  3.5  1.75  0.01  0.01  0.44583746378252975  0.07249749050084833  0.9376457971320141  14.018941682898477  1.0  0.68  0.234  0.086  0.742  0.258
1  3.5  1.75  0.01  0.01  0.273780195458783  0.14046342543054968  0.463253851748095  14.347414958808042  1.0  0.606  0.295  0.099  0.683  0.317
1  3.5  1.75  0.01  0.01  0.37239111723555546  -0.0038880298062407377  1.0123735516794496  14.06386148934272  1.0  0.636  0.271  0.093  0.692  0.308
1  3.5  1.75  0.01  0.01  0.23085639969206645  0.18838573313605977  0.7875158816995865  14.279917922006797  1.0  0.591  0.308  0.101  0.658  0.342
1  3.5  1.75  0.01  0.01  0.2939695620410459  -0.10387659614478914  0.40344933244771114  14.403947188314051  1.0  0.583  0.317  0.1  0.658  0.342
1  3.5  1.75  0.01  0.01  0.2535875879050902  0.2311669832445341  0.2839468021404273  14.28336124573626  1.0  0.608  0.293  0.099  0.683  0.317
1  3.5  1.75  0.01  0.01  0.15203004543821158  0.2537254453834573  0.33328051922742224  14.496861171285396  1.0  0.559  0.336  0.105  0.633  0.367
1  3.5  1.75  0.01  0.01  0.2720467058034527  0.016522451683576106  0.8225265360761205  14.184064413336605  1.0  0.588  0.311  0.101  0.65  0.35
1  3.5  1.75  0.01  0.01  0.3096133328205044  0.15466177313412727  0.3738738106807315  14.341040783634986  1.0  0.625  0.278  0.096  0.708  0.292
1  3.5  1.75  0.01  0.01  0.4682217193059879  -0.02511763141594102  0.8178658735619224  13.994225904960759  1.0  0.678  0.237  0.085  0.733  0.267
1  3.5  1.75  0.01  0.01  0.35081444418288016  -0.0230110042130469  0.3437682492781534  14.372609291718646  1.0  0.622  0.282  0.095  0.708  0.292
1  3.5  1.75  0.01  0.01  0.40682380168631266  -0.12165173882247633  0.8073617879856202  14.069399056231108  1.0  0.637  0.272  0.092  0.692  0.308
1  3.5  1.75  0.01  0.01  0.26472812723064143  0.19634684502209138  0.45363651994049137  14.261149203192105  1.0  0.609  0.291  0.099  0.683  0.317
1  3.5  1.75  0.01  0.01  0.4118143269990036  -0.27495135072516563  0.32367551679411855  14.306887708503867  1.0  0.619  0.289  0.093  0.7  0.3
1  3.5  1.75  0.01  0.01  0.4729734433167395  -0.25459538871336906  0.817650915631194  14.079553818588682  1.0  0.651  0.261  0.087  0.708  0.292
1  3.5  1.75  0.01  0.01  0.2752762073048562  0.19498929168003437  0.45399811131947687  14.317800348805605  1.0  0.613  0.288  0.098  0.683  0.317
1  3.5  1.75  0.01  0.01  0.3395536914021052  -0.0845463760108345  0.8166324436532117  14.13372271931711  1.0  0.609  0.295  0.097  0.667  0.333
1  3.5  1.75  0.01  0.01  0.4410078423447946  -0.0125059664372037  0.7773487230507458  14.025982113696127  1.0  0.668  0.245  0.088  0.725  0.275
1  3.5  1.75  0.01  0.01  0.3736131280505267  0.18471114728767907  0.44396934247164965  14.20192772393932  1.0  0.66  0.249  0.091  0.742  0.258
1  3.5  1.75  0.01  0.01  0.27106077343702695  0.10079832393898652  0.2933707248962701  14.421949515730732  1.0  0.599  0.301  0.1  0.683  0.317
1  3.5  1.75  0.01  0.01  0.33473284000051995  0.044832334049240724  0.43302431478625003  14.2582079846617  1.0  0.623  0.282  0.096  0.7  0.3
1  3.5  1.75  0.01  0.01  0.43782184286236936  -0.1661481263213458  0.42365603873611046  14.151799511356346  1.0  0.645  0.265  0.09  0.717  0.283
1  3.5  1.75  0.01  0.01  0.19592994883824938  0.4049999146449014  0.84744911672214  14.161495927379928  1.0  0.603  0.297  0.101  0.742  0.258
1  3.5  1.75  0.01  0.01  0.303911116939318  0.08655922836928685  0.37327564642680044  14.301314842217801  1.0  0.614  0.288  0.098  0.692  0.308
1  3.5  1.75  0.01  0.01  0.1944822049453805  0.03695900571391072  0.4434956376201693  14.451204380765107  1.0  0.551  0.344  0.105  0.625  0.375
1  3.5  1.75  0.01  0.01  0.4928819091224854  -0.10857266806171711  0.887688412106792  14.049238366126898  1.0  0.679  0.237  0.084  0.742  0.258
1  3.5  1.75  0.01  0.01  -0.006496124014081004  0.025000088787558702  0.4239996133979715  14.392802906730985  1.0  0.446  0.444  0.11  0.708  0.292
1  3.5  1.75  0.01  0.01  0.39179763708937926  0.021767162175293953  0.43366038225041215  14.183826815854703  1.0  0.648  0.26  0.091  0.725  0.275
1  3.5  1.75  0.01  0.01  0.1604780252958784  0.3133738969370108  0.8564975316921062  14.138416592825148  1.0  0.572  0.324  0.104  0.633  0.367
1  3.5  1.75  0.01  0.01  0.42801932813989485  -0.1822390781998081  0.44360824198430526  14.152501705634508  1.0  0.639  0.27  0.091  0.708  0.292
1  3.5  1.75  0.01  0.01  0.2958753330736133  0.19499699032989315  0.3630007174147151  14.320695037043935  1.0  0.624  0.279  0.097  0.708  0.292
1  3.5  1.75  0.01  0.01  0.29231035426259216  -0.032613781385775496  0.4137286098166117  14.413831281019887  1.0  0.592  0.309  0.1  0.675  0.325
1  3.5  1.75  0.01  0.01  0.2875210005323696  -0.028785573587922095  0.4335536885053932  14.348651409886532  1.0  0.589  0.311  0.1  0.667  0.333
1  3.5  1.75  0.01  0.01  0.4236600686305076  -0.06708991625322308  0.3136210194079632  14.224483052717524  1.0  0.652  0.259  0.09  0.733  0.267
1  3.5  1.75  0.01  0.01  0.39364450843026555  -0.21391713671956225  0.4238072964181  14.250131063579596  1.0  0.618  0.288  0.094  0.692  0.308
1  3.5  1.75  0.01  0.01  0.42872431149520196  -0.3677525210718443  0.423866875822645  14.362683988200166  1.0  0.613  0.295  0.092  0.7  0.3
1  3.5  1.75  0.01  0.01  0.36515619767991103  0.08159992168547733  0.9800624877299595  14.060103386281996  1.0  0.643  0.264  0.093  0.7  0.3
1  3.5  1.75  0.01  0.01  0.26772310042286884  0.3449884124755572  0.967033137429867  14.043923265513417  1.0  0.63  0.273  0.097  0.692  0.308
1  3.5  1.75  0.01  0.01  -0.011002053597447176  -0.08496261548450093  0.21399980197334276  14.633811542843615  1.0  0.428  0.462  0.11  0.683  0.317
1  3.5  1.75  0.01  0.01  0.31202378377536955  0.0005260396457876214  0.9085551439285731  14.154258179360566  1.0  0.606  0.296  0.098  0.667  0.333
1  3.5  1.75  0.01  0.01  0.5298720733619009  -0.30168639314367707  0.8871862700457227  13.905514305521212  1.0  0.672  0.246  0.082  0.708  0.292
1  3.5  1.75  0.01  0.01  0.27183896989249046  -0.11392857494420766  0.4332205754844397  14.337244722805435  1.0  0.57  0.328  0.102  0.642  0.358
1  3.5  1.75  0.01  0.01  0.2061300245883212  0.24907578669129954  0.4634568636545226  14.461888410843589  1.0  0.587  0.311  0.102  0.667  0.333
1  3.5  1.75  0.01  0.01  0.458266724855593  -0.1891586103026227  0.7424635201318376  14.18106355640809  1.0  0.652  0.26  0.088  0.725  0.275
1  3.5  1.75  0.01  0.01  0.4191955392267476  0.022396183359118412  0.9305423689691885  14.007144739471281  1.0  0.661  0.25  0.089  0.717  0.283
1  3.5  1.75  0.01  0.01  0.3634979184592745  -0.024138119793675666  0.43341366751542126  14.189920087074551  1.0  0.629  0.277  0.094  0.7  0.3
1  3.5  1.75  0.01  0.01  0.002711085346625599  0.5449856699653017  0.9850463430798247  14.149846584602342  1.0  0.525  0.368  0.107  0.692  0.308
1  3.5  1.75  0.01  0.01  0.3866006109730695  -0.1838520707437143  0.25379138758114744  14.33823260277154  1.0  0.618  0.288  0.094  0.7  0.3
1  3.5  1.75  0.01  0.01  0.29028095678149957  -0.020754348812973132  0.8073252315570568  14.252116372996902  1.0  0.592  0.308  0.1  0.658  0.342
1  3.5  1.75  0.01  0.01  0.2778825710460127  0.11761741307542663  0.8523013477034058  14.267943522390002  1.0  0.605  0.296  0.099  0.675  0.325
1  3.5  1.75  0.01  0.01  0.2579565425400987  0.04277156681994718  0.46339100273826345  14.33914938865519  1.0  0.584  0.315  0.101  0.658  0.342
1  3.5  1.75  0.01  0.01  0.3160281207404747  0.12091767577476215  0.44343596509555855  14.257653831836556  1.0  0.624  0.279  0.096  0.7  0.3
1  3.5  1.75  0.01  0.01  0.3732309401049403  -0.20941351327276347  0.6674488047295486  14.291656983141955  1.0  0.608  0.297  0.095  0.683  0.317
1  3.5  1.75  0.01  0.01  0.24935653890298046  0.01121285096278759  0.8384871370243515  14.259828110482072  1.0  0.575  0.323  0.102  0.642  0.358
1  3.5  1.75  0.01  0.01  0.3351236835919544  -0.09492972793944414  0.8372823557829147  14.175642657456773  1.0  0.605  0.298  0.097  0.667  0.333
1  3.5  1.75  0.01  0.01  0.37575617039425924  -0.11626885149474783  0.9426738959526927  14.231508263151587  1.0  0.621  0.284  0.094  0.692  0.308
1  3.5  1.75  0.01  0.01  0.3252537300827753  -0.2036884465933303  0.7876593072290488  14.164135110900625  1.0  0.585  0.317  0.099  0.642  0.358
1  3.5  1.75  0.01  0.01  0.48070696305884186  -0.26499819640966776  0.9589973568285067  14.012614752931364  1.0  0.654  0.26  0.087  0.7  0.3
1  3.5  1.75  0.01  0.01  0.2506682110391761  0.2908311717477887  0.927278386181555  14.079374934412806  1.0  0.615  0.286  0.099  0.675  0.325
1  3.5  1.75  0.01  0.01  0.36963244463577616  -0.06501067674034017  0.44314466000134284  14.209073112323154  1.0  0.625  0.281  0.094  0.7  0.3
1  3.5  1.75  0.01  0.01  0.3076588597129877  0.11436996942847621  0.43362805183412473  14.230647611553072  1.0  0.619  0.284  0.097  0.692  0.308
1  3.5  1.75  0.01  0.01  0.42488915172040254  0.006520654745925577  0.9408072943478725  14.149308905226349  1.0  0.663  0.249  0.089  0.733  0.267
1  3.5  1.75  0.01  0.01  0.33231659095918276  0.06233092124861753  0.4233509804984401  14.325407129286473  1.0  0.624  0.28  0.096  0.708  0.292
1  3.5  1.75  0.01  0.01  0.28273233960807787  -0.016609030695779528  0.35357072114128374  14.39271111652749  1.0  0.588  0.312  0.1  0.667  0.333
1  3.5  1.75  0.01  0.01  0.32308276655212376  -0.19103064644637735  0.7827001555353796  14.275527106599187  1.0  0.585  0.316  0.099  0.65  0.35
1  3.5  1.75  0.01  0.01  0.38376823873282084  -0.1414561426874859  0.4434078584725577  14.258943458260285  1.0  0.623  0.284  0.094  0.7  0.3
1  3.5  1.75  0.01  0.01  0.2956284351550327  -0.007310697033666744  0.8227851880777982  14.180944262313497  1.0  0.596  0.305  0.099  0.658  0.342
1  3.5  1.75  0.01  0.01  0.3362256762251168  -0.07175835077910944  0.4337654309430963  14.362537299669464  1.0  0.608  0.295  0.097  0.692  0.308
1  3.5  1.75  0.01  0.01  0.24912402303839434  0.04513837178606693  0.3331505218865236  14.405175591864712  1.0  0.581  0.318  0.102  0.658  0.342
1  3.5  1.75  0.01  0.01  0.5035733816047643  -0.12500252179886662  0.8170002871130833  14.033196750372328  1.0  0.682  0.235  0.083  0.725  0.275
1  3.5  1.75  0.01  0.01  0.25806215201612026  0.1514245483151484  0.45333699274302247  14.333250623437262  1.0  0.599  0.301  0.1  0.675  0.325
1  3.5  1.75  0.01  0.01  0.3620931478456043  -0.005547956254505871  0.3635450388996058  14.455265713718534  1.0  0.629  0.276  0.094  0.725  0.275
1  3.5  1.75  0.01  0.01  0.2930600222625016  0.3043942774857847  0.7627323965843223  14.186207223321587  1.0  0.637  0.267  0.096  0.708  0.292
1  3.5  1.75  0.01  0.01  0.4139311187473307  -0.3342234182569437  0.83788440708905  14.190165911963655  1.0  0.611  0.296  0.093  0.675  0.325
1  3.5  1.75  0.01  0.01  0.40808573355915845  -0.0001387323245400632  0.2338332034756694  14.342296920449591  1.0  0.653  0.256  0.09  0.75  0.25
1  3.5  1.75  0.01  0.01  0.02548803394479489  0.5849953496614775  0.9250546137926899  14.17906865800029  1.0  0.542  0.352  0.106  0.675  0.325
1  3.5  1.75  0.01  0.01  0.2445957694664419  0.30795231057875094  0.36340142557432226  14.306400225777422  1.0  0.615  0.287  0.099  0.692  0.308
1  3.5  1.75  0.01  0.01  0.28267477433400223  0.007264222641491493  0.7723889105156163  14.12315014257283  1.0  0.592  0.308  0.1  0.65  0.35
1  3.5  1.75  0.01  0.01  0.2530196889158478  0.16612426989354467  0.8026480775959097  14.06276758437064  1.0  0.599  0.3  0.1  0.658  0.342
1  3.5  1.75  0.01  0.01  0.36633386762343345  -0.040789032213762996  0.8974010265360455  14.073070005856788  1.0  0.627  0.278  0.094  0.683  0.317
1  3.5  1.75  0.01  0.01  0.2904351312548049  0.2936925618509789  0.8409247430931774  14.133098835851573  1.0  0.635  0.269  0.096  0.7  0.3
1  3.5  1.75  0.01  0.01  0.3991063681002244  -0.06499954808619066  0.8473768143903168  14.104133554502607  1.0  0.641  0.267  0.092  0.7  0.3
1  3.5  1.75  0.01  0.01  0.3096558896734046  0.15156452280478572  0.8875061036089379  14.171156651945486  1.0  0.625  0.278  0.096  0.692  0.308
1  3.5  1.75  0.01  0.01  0.32172678366252777  -0.13557183546385837  0.333220443358847  14.431143284905193  1.0  0.591  0.31  0.099  0.675  0.325
1  3.5  1.75  0.01  0.01  0.2388557640390914  0.2009394455073807  0.3733438910984395  14.402256987044025  1.0  0.596  0.303  0.101  0.675  0.325
1  3.5  1.75  0.01  0.01  0.04339825391322169  0.11500439724180267  0.80799988580359  14.204229504919473  1.0  0.485  0.406  0.109  0.7  0.3
1  3.5  1.75  0.01  0.01  0.2999915438722782  0.05985290388175274  0.4738129059881855  14.300749676774775  1.0  0.608  0.294  0.098  0.683  0.317
1  3.5  1.75  0.01  0.01  0.3761623310891279  -0.15018865560479613  0.4031557148158238  14.384379312513094  1.0  0.617  0.288  0.095  0.7  0.3
1  3.5  1.75  0.01  0.01  0.3795106459467536  0.1094769557740865  0.9276838993696924  14.102077900444188  1.0  0.654  0.255  0.091  0.717  0.283
1  3.5  1.75  0.01  0.01  0.4712364325136853  0.017111107335969947  0.9175658052654178  14.047483962884758  1.0  0.686  0.23  0.084  0.75  0.25
1  3.5  1.75  0.01  0.01  0.23177560804594083  0.3544418913209144  0.3031517864422001  14.453512517213236  1.0  0.614  0.287  0.099  0.7  0.3
1  3.5  1.75  0.01  0.01  0.30669801352679127  0.20296480181911328  0.7522158703153168  14.202618920900884  1.0  0.63  0.274  0.096  0.7  0.3
1  3.5  1.75  0.01  0.01  0.18944884124678446  0.22583834409988274  0.28322041093807526  14.389103036077067  1.0  0.575  0.321  0.103  0.65  0.35
1  3.5  1.75  0.01  0.01  0.22855445619273418  0.20880181538363113  0.4339979383838853  14.374929824635554  1.0  0.593  0.306  0.101  0.667  0.333
1  3.5  1.75  0.01  0.01  0.530712401112903  -0.488352466089596  0.687311440773676  14.196544246874522  1.0  0.647  0.27  0.084  0.717  0.283
