0  3.5  1.75  0.01  0.01  0.5519359145070042  -0.038297387071949254  0.41329379443533376  14.109817843958334  1.0  0.715  0.208  0.077  0.808  0.192
0  3.5  1.75  0.01  0.01  0.48390102495203025  0.157887647929774  0.4434490824808443  14.135972727904532  1.0  0.709  0.21  0.081  0.8  0.2
0  3.5  1.75  0.01  0.01  0.6622400725234456  -0.2883315531522798  0.2735052199246692  14.053859527157028  1.0  0.733  0.198  0.069  0.825  0.175
0  3.5  1.75  0.01  0.01  0.525826977856676  -0.022043438973293944  0.5306692170772253  14.116448023470907  1.0  0.706  0.214  0.08  0.792  0.208
0  3.5  1.75  0.01  0.01  0.522224938035118  0.12480814864478097  0.6202273461950361  13.985196619289429  1.0  0.721  0.201  0.078  0.8  0.2
0  3.5  1.75  0.01  0.01  0.5036429653578545  0.22382416794657634  0.3504815469900456  14.100654351069766  1.0  0.725  0.196  0.078  0.817  0.183
0  3.5  1.75  0.01  0.01  0.5016800074875241  0.4049934528875907  0.4730001993110342  14.056296071630875  1.0  0.746  0.179  0.075  0.858  0.142
0  3.5  1.75  0.01  0.01  0.5957862536982644  -0.2202584762026591  0.2530262525908445  14.133153324887202  1.0  0.712  0.212  0.075  0.808  0.192
0  3.5  1.75  0.01  0.01  0.48034355714198707  0.16785591903719385  0.4104070806937042  14.150533102829279  1.0  0.709  0.21  0.081  0.8  0.2
0  3.5  1.75  0.01  0.01  0.6748897954556492  -0.21298971747065906  0.5706841832296948  13.911048015696384  1.0  0.748  0.185  0.067  0.825  0.175
0  3.5  1.75  0.01  0.01  0.4862984060485205  0.0614527197907369  0.3609756663359331  14.140720656661875  1.0  0.698  0.22  0.082  0.783  0.217
0  3.5  1.75  0.01  0.01  0.5439821866508752  0.15104825126624705  0.34045592299648086  14.110942180901391  1.0  0.734  0.19  0.075  0.833  0.167
0  3.5  1.75  0.01  0.01  0.6258449592728825  -0.07680532410926572  0.35358696712201293  14.030019799353882  1.0  0.742  0.187  0.07  0.842  0.158
0  3.5  1.75  0.01  0.01  0.37639560397569094  0.5982961836589893  1.112330231285003  13.90785511702519  1.0  0.715  0.202  0.083  0.775  0.225
0  3.5  1.75  0.01  0.01  0.5226050549488295  -0.006412338709983711  0.6604023697694551  14.19800230935021  1.0  0.706  0.214  0.08  0.8  0.2
0  3.5  1.75  0.01  0.01  0.6060549018512937  -0.0040966197298020705  0.6604833469054805  13.95235029684375  1.0  0.743  0.185  0.071  0.817  0.183
0  3.5  1.75  0.01  0.01  0.46500792441892547  0.2949832405306449  0.5609073205928071  14.118703864958896  1.0  0.717  0.203  0.081  0.808  0.192
0  3.5  1.75  0.01  0.01  0.558638479055453  -0.22922387331801947  0.4136603996068283  14.22369516393333  1.0  0.694  0.227  0.079  0.792  0.208
0  3.5  1.75  0.01  0.01  0.6785757621799725  -0.04494906383576244  0.9925405101375675  13.778053320754903  1.0  0.769  0.167  0.064  0.817  0.183
0  3.5  1.75  0.01  0.01  0.6318313423574031  -8.965487071530649e-05  0.5307839544981657  13.919436025206426  1.0  0.754  0.177  0.069  0.833  0.167
0  3.5  1.75  0.01  0.01  0.6506437889312784  -0.20642194701301259  0.44367786604535925  13.963189777348896  1.0  0.737  0.193  0.069  0.817  0.183
0  3.5  1.75  0.01  0.01  0.5645388647561276  -0.11250646593305925  0.6603360587637294  14.170269960077613  1.0  0.712  0.211  0.077  0.783  0.217
0  3.5  1.75  0.01  0.01  0.5406427617518754  0.1276257565364112  1.022884069526714  13.855184976790245  1.0  0.731  0.193  0.076  0.783  0.217
0  3.5  1.75  0.01  0.01  0.8170801209813048  -0.06336491886294854  0.9422226943971594  13.595663653170073  1.0  0.818  0.132  0.051  0.858  0.142
0  3.5  1.75  0.01  0.01  0.554716084897099  0.10376755523929318  0.36345662566154574  14.06640793539267  1.0  0.733  0.192  0.075  0.825  0.175
0  3.5  1.75  0.01  0.01  0.6883290143975644  -0.3349996130383667  0.660000210377713  14.102633259771387  1.0  0.739  0.194  0.067  0.817  0.183
0  3.5  1.75  0.01  0.01  0.6780940074405972  -0.3749592177726392  0.6709470972492154  14.059285546580833  1.0  0.73  0.202  0.068  0.8  0.2
0  3.5  1.75  0.01  0.01  0.7142621326476093  0.009992300711576986  1.1037915571202914  13.655790073732751  1.0  0.788  0.152  0.06  0.825  0.175
0  3.5  1.75  0.01  0.01  0.40119776582907096  0.4540974593113951  0.46039300067427796  14.110893715401991  1.0  0.708  0.208  0.084  0.792  0.208
0  3.5  1.75  0.01  0.01  0.6413409197177762  -0.31450169836306563  0.5600538388153267  13.96589536271962  1.0  0.721  0.207  0.072  0.792  0.208
0  3.5  1.75  0.01  0.01  0.6780016201059551  -0.5246050037599712  0.2831814103009089  14.130318253359121  1.0  0.711  0.22  0.07  0.808  0.192
0  3.5  1.75  0.01  0.01  0.5144476458725904  0.26492547912348174  0.3901733836485903  14.037634713126218  1.0  0.735  0.189  0.077  0.825  0.175
0  3.5  1.75  0.01  0.01  0.5898470939766862  -0.028033706104183674  0.42062615788588137  14.038152202420452  1.0  0.733  0.194  0.073  0.817  0.183
0  3.5  1.75  0.01  0.01  0.6055929830013314  0.038555276428745885  0.660740602769285  14.032308828841606  1.0  0.748  0.181  0.071  0.817  0.183
0  3.5  1.75  0.01  0.01  0.487942033550963  0.41498804596375527  1.0029997874623866  13.872594555817885  1.0  0.741  0.183  0.076  0.817  0.183
0  3.5  1.75  0.01  0.01  0.6725003262133993  0.025539376238435677  1.1016425692861036  13.67948823467055  1.0  0.774  0.162  0.064  0.808  0.192
0  3.5  1.75  0.01  0.01  0.47438760701574756  -0.01942792006354182  0.4602470271272384  14.187177620808889  1.0  0.682  0.233  0.085  0.767  0.233
0  3.5  1.75  0.01  0.01  0.3512137333382146  0.36436624323110145  0.6605387723992517  14.15288224064294  1.0  0.673  0.237  0.09  0.75  0.25
0  3.5  1.75  0.01  0.01  0.5943046608876659  -0.2725569680693266  0.48041336464900947  14.077387185719592  1.0  0.705  0.219  0.076  0.783  0.217
0  3.5  1.75  0.01  0.01  0.557744445688922  0.22499880711726886  0.9510248542182903  13.805435381376196  1.0  0.748  0.179  0.073  0.8  0.2
0  3.5  1.75  0.01  0.01  0.654896655141815  -0.42300118704097434  0.27372050319407276  14.196104296043497  1.0  0.713  0.215  0.071  0.817  0.183
0  3.5  1.75  0.01  0.01  0.676961583307475  0.04735806947819854  1.0112212221724035  13.683391362855323  1.0  0.778  0.159  0.063  0.817  0.183
0  3.5  1.75  0.01  0.01  0.621375328307965  0.23247567803794694  0.9524178577083284  13.737929389117278  1.0  0.775  0.158  0.066  0.825  0.175
0  3.5  1.75  0.01  0.01  0.028621180100612324  0.05877372922592004  0.2839991971469788  14.50366176122529  1.0  0.468  0.422  0.11  0.817  0.183
0  3.5  1.75  0.01  0.01  0.5226555930665301  0.33451965098655057  0.6706928783304932  14.068163792027528  1.0  0.746  0.179  0.074  0.842  0.158
0  3.5  1.75  0.01  0.01  0.5840593204389648  0.04499459598086906  0.47092790619330266  13.997173267187723  1.0  0.739  0.188  0.073  0.825  0.175
0  3.5  1.75  0.01  0.01  0.6269293089335951  -0.01111333141266459  0.6006727083303744  13.871160843864065  1.0  0.751  0.18  0.069  0.825  0.175
0  3.5  1.75  0.01  0.01  0.5156070071020274  0.004886436864121921  0.4533687753958406  14.114628199435005  1.0  0.704  0.216  0.08  0.792  0.208
0  3.5  1.75  0.01  0.01  0.6023201483922909  -0.13167804094290786  0.4500595495839916  14.077310227816465  1.0  0.726  0.2  0.073  0.817  0.183
0  3.5  1.75  0.01  0.01  0.5673356593118909  -0.2129557352655695  0.5903644452198566  14.018596000192504  1.0  0.701  0.221  0.078  0.767  0.233
0  3.5  1.75  0.01  0.01  0.7460735540351242  -0.11062510499112338  0.9921405293886637  13.718605794196701  1.0  0.787  0.154  0.059  0.833  0.167
0  3.5  1.75  0.01  0.01  0.49912405630389434  -0.011698907463852631  0.35356644094013195  14.142612233226323  1.0  0.695  0.223  0.082  0.783  0.217
0  3.5  1.75  0.01  0.01  0.6328140377716824  -0.08497917468591501  0.6608093243861025  14.124492856185066  1.0  0.745  0.185  0.07  0.825  0.175
0  3.5  1.75  0.01  0.01  0.5999296367627429  -0.012968359159724926  1.042371993461187  13.859162948153152  1.0  0.74  0.188  0.072  0.792  0.208
0  3.5  1.75  0.01  0.01  0.4880864238879913  0.09462831220893417  0.36017724004337776  14.212272133951663  1.0  0.702  0.216  0.082  0.8  0.2
0  3.5  1.75  0.01  0.01  0.7209375059919463  0.22654170031966503  1.062432078889655  13.530896855807239  1.0  0.813  0.131  0.056  0.842  0.158
0  3.5  1.75  0.01  0.01  0.5389644000707352  -0.14485385125268302  0.4803692163256273  14.254281658777614  1.0  0.697  0.223  0.08  0.783  0.217
0  3.5  1.75  0.01  0.01  0.7547842626980625  -0.20840887004846184  0.9629111261515819  13.737654306779651  1.0  0.779  0.162  0.059  0.825  0.175
0  3.5  1.75  0.01  0.01  0.05814100743358351  0.6449994612810261  0.38930469909591986  14.312269673279262  1.0  0.568  0.329  0.104  0.775  0.225
0  3.5  1.75  0.01  0.01  0.5443112674353434  0.32493825216794314  0.6606137125644639  14.07035244385844  1.0  0.754  0.173  0.073  0.842  0.158
0  3.5  1.75  0.01  0.01  0.6029607575141811  0.03765522551219612  0.5808312426245172  13.97363523366516  1.0  0.747  0.182  0.071  0.825  0.175
0  3.5  1.75  0.01  0.01  0.7135428223311802  -0.21883195930745336  0.49370154525775045  13.987771094452215  1.0  0.762  0.175  0.063  0.85  0.15
0  3.5  1.75  0.01  0.01  0.6563380569277787  -0.2175388497776652  0.43379542313105895  14.034216247305512  1.0  0.739  0.192  0.069  0.833  0.167
0  3.5  1.75  0.01  0.01  0.5195615905505748  -0.011791853010159493  0.4301080596800007  14.110512963179685  1.0  0.704  0.216  0.08  0.792  0.208
0  3.5  1.75  0.01  0.01  0.5619376258368367  -0.072567748363515  0.6804966624631763  14.323081384037332  1.0  0.716  0.207  0.077  0.775  0.225
0  3.5  1.75  0.01  0.01  0.5378469489528599  0.03904784611865063  0.6604753119344868  14.070499435891731  1.0  0.719  0.204  0.078  0.8  0.2
0  3.5  1.75  0.01  0.01  0.48409773667940814  0.14495580359151555  0.41300239107195413  14.11718283513023  1.0  0.707  0.212  0.081  0.792  0.208
0  3.5  1.75  0.01  0.01  0.6414050944738072  -0.09678547779644016  0.45019676626864796  14.119200433748142  1.0  0.747  0.184  0.069  0.858  0.142
0  3.5  1.75  0.01  0.01  0.4528274421475642  0.15653474500714076  0.34024891868982754  14.178174034562566  1.0  0.695  0.221  0.084  0.783  0.217
0  3.5  1.75  0.01  0.01  0.45722042773459437  0.17112480541755984  0.5207014439849851  14.055822482606185  1.0  0.698  0.218  0.084  0.775  0.225
0  3.5  1.75  0.01  0.01  0.5577558619264043  0.0706217346589249  0.620402842634652  13.96806453454857  1.0  0.731  0.194  0.075  0.808  0.192
0  3.5  1.75  0.01  0.01  0.5696528431600725  0.014486203631767579  0.2937051828706897  14.108792194401383  1.0  0.729  0.196  0.075  0.825  0.175
0  3.5  1.75  0.01  0.01  0.6918948320924374  -0.15040899829102092  0.9034774876321857  13.822258378632878  1.0  0.761  0.174  0.065  0.825  0.175
0  3.5  1.75  0.01  0.01  0.5332368095168221  0.09302493778587229  0.2532926309297598  14.044504958919068  1.0  0.723  0.2  0.077  0.817  0.183
0  3.5  1.75  0.01  0.01  0.47454749947440045  0.013824259941108984  0.510509266839098  14.12739874930525  1.0  0.686  0.23  0.084  0.767  0.233
0  3.5  1.75  0.01  0.01  0.552517042089663  0.1497917812958078  0.4403501267894841  14.028852922958704  1.0  0.738  0.187  0.075  0.825  0.175
0  3.5  1.75  0.01  0.01  0.6183503749279669  0.0043227007157691875  0.620325126961338  13.920071665749477  1.0  0.749  0.181  0.07  0.825  0.175
0  3.5  1.75  0.01  0.01  0.43436330564912484  0.4282256069919798  1.0732961379287609  13.8549669678901  1.0  0.72  0.199  0.081  0.775  0.225
0  3.5  1.75  0.01  0.01  0.5702572689267191  -0.0697369976419987  0.30366509199764286  14.090926588986644  1.0  0.72  0.205  0.076  0.808  0.192
0  3.5  1.75  0.01  0.01  0.5880119263189646  -0.22092490608508816  0.17327376809440756  14.262259084038506  1.0  0.709  0.215  0.076  0.825  0.175
0  3.5  1.75  0.01  0.01  0.6460364890855042  -0.09900161120553014  0.5203552637707612  13.858934644598198  1.0  0.748  0.183  0.069  0.808  0.192
0  3.5  1.75  0.01  0.01  0.5025015570336845  0.1916593939443455  0.6603702924218371  14.138553883662244  1.0  0.721  0.2  0.079  0.8  0.2
0  3.5  1.75  0.01  0.01  0.5585394359782974  -0.36810430706828945  0.0002979524277773647  14.330834495877378  1.0  0.676  0.244  0.08  0.8  0.2
0  3.5  1.75  0.01  0.01  0.49047328365686915  0.3449993938017558  1.0329878880769394  13.8129613806625  1.0  0.734  0.189  0.078  0.792  0.208
0  3.5  1.75  0.01  0.01  0.4604774241077977  0.14495808262116977  0.5400381495550649  14.13941312433967  1.0  0.696  0.22  0.084  0.783  0.217
0  3.5  1.75  0.01  0.01  0.6345050438021487  0.02448194640090573  0.3804987922684604  13.881219961525339  1.0  0.757  0.174  0.068  0.833  0.167
0  3.5  1.75  0.01  0.01  0.5149287978291248  -0.05979382238523934  0.4237500491866887  14.087530078567175  1.0  0.696  0.223  0.081  0.775  0.225
0  3.5  1.75  0.01  0.01  0.4864780530880096  0.21498339137634803  0.6209984801722906  13.974763809062539  1.0  0.716  0.203  0.08  0.8  0.2
0  3.5  1.75  0.01  0.01  0.5673352627572504  -0.2667352025432429  0.40352100110220707  14.109611128670796  1.0  0.693  0.228  0.079  0.775  0.225
0  3.5  1.75  0.01  0.01  0.6054453246425298  -0.0404477934131585  0.33366067420775325  14.069076332464828  1.0  0.738  0.19  0.072  0.833  0.167
0  3.5  1.75  0.01  0.01  0.755697491262554  -0.24501349999581976  0.47099921880078727  13.858216544546528  1.0  0.775  0.165  0.059  0.85  0.15
0  3.5  1.75  0.01  0.01  0.5113071655619077  0.09877976836925148  0.6205721267477937  14.012001456647022  1.0  0.714  0.206  0.079  0.792  0.208
0  3.5  1.75  0.01  0.01  0.6682857773419479  0.07000166834882868  0.6306358188820838  13.847586942992798  1.0  0.777  0.16  0.064  0.858  0.142
0  3.5  1.75  0.01  0.01  0.4697690687436711  0.17753049278094082  0.3908438895326418  14.117272898753157  1.0  0.705  0.213  0.082  0.792  0.208
0  3.5  1.75  0.01  0.01  0.4272481541828575  0.294998403730277  0.3900048001365385  14.14535908298177  1.0  0.7  0.216  0.084  0.792  0.208
0  3.5  1.75  0.01  0.01  0.6340943042203382  -0.1575486800133694  0.4403279451485917  13.942818404349236  1.0  0.736  0.193  0.071  0.808  0.192
0  3.5  1.75  0.01  0.01  0.5774435177959687  -0.2091033936190146  0.42331150944914137  14.146579682924125  1.0  0.705  0.218  0.077  0.8  0.2
0  3.5  1.75  0.01  0.01  0.5296051480947417  0.007215622957454428  0.5607889279948917  13.966993570666137  1.0  0.711  0.21  0.079  0.783  0.217
0  3.5  1.75  0.01  0.01  0.5671194176170955  -0.07412761472839657  0.373169277967848  14.076601452267994  1.0  0.718  0.206  0.076  0.817  0.183
0  3.5  1.75  0.01  0.01  0.4638334358612672  0.03780898836211486  0.8036398914299333  14.038152339480522  1.0  0.685  0.23  0.085  0.758  0.242
0  3.5  1.75  0.01  0.01  0.6062470412149736  -0.2703090229703097  0.343320823998598  14.156674376327105  1.0  0.711  0.215  0.075  0.808  0.192
0  3.5  1.75  0.01  0.01  0.6241497354215205  0.079196505939476  0.962632056300471  13.72338947131394  1.0  0.76  0.172  0.068  0.8  0.2
0  3.5  1.75  0.01  0.01  0.5815710875488058  -0.27469780031069146  0.24014989928129157  14.244910021610421  1.0  0.7  0.223  0.077  0.808  0.192
0  3.5  1.75  0.01  0.01  0.5533172711804488  0.06625126198351214  0.4338796198923073  14.089447777462366  1.0  0.729  0.195  0.076  0.825  0.175
0  3.5  1.75  0.01  0.01  0.7599013566229365  -0.25863304969652423  0.9925961860997171  13.705886630413257  1.0  0.776  0.165  0.059  0.808  0.192
0  3.5  1.75  0.01  0.01  0.5752854377966434  0.08326051902727655  0.5203867340518497  13.983194912808324  1.0  0.74  0.187  0.073  0.817  0.183
0  3.5  1.75  0.01  0.01  0.5918535811330923  -0.010498038652815019  0.4302190928427195  14.072252952868515  1.0  0.736  0.191  0.073  0.833  0.167
0  3.5  1.75  0.01  0.01  0.5707143151644465  -0.18732870816114697  0.5908627377729369  13.956068810820186  1.0  0.705  0.218  0.077  0.767  0.233
0  3.5  1.75  0.01  0.01  0.7061792647258147  0.1042995666107317  0.9825245741008183  13.717001452258955  1.0  0.794  0.146  0.06  0.85  0.15
0  3.5  1.75  0.01  0.01  0.6088211198819591  0.3159729595192937  1.0926130208846625  13.805881177830603  1.0  0.78  0.154  0.066  0.85  0.15
0  3.5  1.75  0.01  0.01  0.6812077303659713  0.00872840180972355  0.9925107906905987  13.719731837807167  1.0  0.775  0.161  0.063  0.817  0.183
0  3.5  1.75  0.01  0.01  0.5194824700879626  0.36476802845931244  0.650471969773352  13.921555043187023  1.0  0.748  0.177  0.074  0.825  0.175
0  3.5  1.75  0.01  0.01  0.5531992906058275  0.036328074171392735  0.5105669397578351  13.977299960364565  1.0  0.725  0.198  0.076  0.8  0.2
0  3.5  1.75  0.01  0.01  0.5362772115960113  -0.0462421210854814  0.443451557732961  14.102044856057601  1.0  0.707  0.214  0.079  0.792  0.208
0  3.5  1.75  0.01  0.01  0.6374824747615203  0.01418913774584057  0.6604263536482646  13.942777319203199  1.0  0.758  0.174  0.068  0.842  0.158
0  3.5  1.75  0.01  0.01  0.5091901716900504  -0.02280468287411403  0.2934098527143539  14.137404419669005  1.0  0.698  0.22  0.081  0.792  0.208
0  3.5  1.75  0.01  0.01  0.5845757232212977  -0.00636465416696886  0.42030691911669116  13.987909746974257  1.0  0.733  0.193  0.074  0.817  0.183
0  3.5  1.75  0.01  0.01  0.5857821192071591  -0.18468436274947136  0.3439312719321496  14.13646462306004  1.0  0.713  0.211  0.076  0.808  0.192
0  3.5  1.75  0.01  0.01  0.5411731544666405  -0.011174823307014504  0.46325476865943666  14.014776579754786  1.0  0.714  0.208  0.078  0.792  0.208
0  3.5  1.75  0.01  0.01  0.5510364670815252  -0.20401430676208201  0.3706773963526384  14.21232086411725  1.0  0.695  0.226  0.079  0.792  0.208
0  3.5  1.75  0.01  0.01  0.4665992350787197  0.3040376255738859  0.5805030950528526  14.128524152484667  1.0  0.719  0.201  0.081  0.808  0.192
0  3.5  1.75  0.01  0.01  0.5925974391993885  -0.33499857597843374  0.38000002090169704  14.090867460883889  1.0  0.697  0.226  0.077  0.783  0.217
0  3.5  1.75  0.01  0.01  0.612233880190667  0.07829888800937382  1.0224037914708506  13.722414545219994  1.0  0.755  0.175  0.07  0.792  0.208
0  3.5  1.75  0.01  0.01  0.6137404384059413  -0.1311619549608391  0.6007157181384306  14.105695483918343  1.0  0.731  0.196  0.072  0.817  0.183
0  3.5  1.75  0.01  0.01  0.5237489688652807  -0.03439696300129702  0.22046182638842182  14.209807600831745  1.0  0.704  0.216  0.08  0.8  0.2
0  3.5  1.75  0.01  0.01  0.6162203104442461  0.13623516570583705  0.5033503009809825  13.869827534660134  1.0  0.764  0.168  0.068  0.842  0.158
0  3.5  1.75  0.01  0.01  0.46008611383373066  0.030905074026430578  0.5008170948008702  14.106308169598863  1.0  0.682  0.233  0.085  0.758  0.242
0  3.5  1.75  0.01  0.01  0.5794166757370929  -0.14201908508672229  0.6603044668180051  14.133418565266421  1.0  0.715  0.209  0.076  0.8  0.2
0  3.5  1.75  0.01  0.01  0.46616863331005964  0.01054396874911728  0.5104752088196377  14.166445116247312  1.0  0.682  0.233  0.085  0.767  0.233
0  3.5  1.75  0.01  0.01  0.5533219686203483  -0.0026916349867116465  0.4633852047234714  14.038493610379781  1.0  0.721  0.203  0.077  0.808  0.192
0  3.5  1.75  0.01  0.01  0.6187100723076235  0.11297159873689105  0.43333447926906077  13.879085359635804  1.0  0.761  0.17  0.068  0.842  0.158
0  3.5  1.75  0.01  0.01  0.6215426703008355  0.13894660760250097  0.9827673380503956  13.765053143164623  1.0  0.766  0.167  0.068  0.817  0.183
0  3.5  1.75  0.01  0.01  0.690463006252445  -0.20296797942708894  0.5106958422946255  14.002462978733979  1.0  0.755  0.18  0.065  0.825  0.175
0  3.5  1.75  0.01  0.01  0.650585616355716  0.08971822967188656  0.9421532494976136  13.722197978432037  1.0  0.772  0.163  0.065  0.817  0.183
0  3.5  1.75  0.01  0.01  0.43564784533766876  -0.08767631852618074  0.30376794886325237  14.214404057183355  1.0  0.655  0.256  0.089  0.742  0.258
0  3.5  1.75  0.01  0.01  0.596197475948776  -0.036686103442707604  0.6603137192326072  14.033810168610595  1.0  0.734  0.193  0.073  0.817  0.183
0  3.5  1.75  0.01  0.01  0.6327948431747025  -0.18460346511536557  0.43028915921626837  14.006268490629433  1.0  0.733  0.196  0.071  0.817  0.183
0  3.5  1.75  0.01  0.01  0.6475330425897998  -0.20496414374918653  0.830650468418056  13.976802868495195  1.0  0.737  0.193  0.07  0.817  0.183
0  3.5  1.75  0.01  0.01  0.696362713118996  0.0709669597521753  0.6205541297729343  13.75800055716445  1.0  0.787  0.152  0.061  0.858  0.142
0  3.5  1.75  0.01  0.01  0.5299340178636074  0.006344015167250999  0.41304812351489534  14.045781737733986  1.0  0.711  0.21  0.079  0.792  0.208
0  3.5  1.75  0.01  0.01  0.5620238635130697  -0.005057331772114102  0.6306190671411671  13.987394909058013  1.0  0.723  0.201  0.076  0.8  0.2
0  3.5  1.75  0.01  0.01  0.7258821429532776  -0.28481090171389434  0.9410424408057348  13.888409776305112  1.0  0.76  0.177  0.063  0.825  0.175
0  3.5  1.75  0.01  0.01  0.5984109911674007  -0.1840442105275284  0.4902907302625038  14.093448096911485  1.0  0.719  0.207  0.074  0.792  0.208
0  3.5  1.75  0.01  0.01  0.6433804891526236  0.0035072146775848587  0.21328435715835684  14.120477457085787  1.0  0.759  0.174  0.067  0.875  0.125
0  3.5  1.75  0.01  0.01  0.5518517130399558  0.1382717117499651  0.6007621152521584  13.96099438293099  1.0  0.737  0.189  0.075  0.817  0.183
0  3.5  1.75  0.01  0.01  0.5085115822880901  0.4949032727760746  1.0620000158409242  13.860403715969694  1.0  0.759  0.168  0.073  0.808  0.192
0  3.5  1.75  0.01  0.01  0.6334737302279044  0.0009648234916644623  0.6204086340006563  13.895039317747894  1.0  0.755  0.177  0.069  0.825  0.175
0  3.5  1.75  0.01  0.01  0.6208404541208159  0.234095371617767  1.0723776092047086  13.685872230141838  1.0  0.775  0.159  0.066  0.817  0.183
0  3.5  1.75  0.01  0.01  0.6222424465080347  -0.27610519753776946  0.18399965774432292  14.092990006437674  1.0  0.717  0.21  0.073  0.808  0.192
0  3.5  1.75  0.01  0.01  0.5293785313300452  0.16356801650496672  0.44047174192604954  14.117376258096886  1.0  0.729  0.194  0.077  0.825  0.175
1  3.5  1.75  0.01  0.01  0.401561982954474  -0.012116423505212994  0.6634202930112177  14.051610361110793  1.0  0.649  0.26  0.091  0.711  0.289
1  3.5  1.75  0.01  0.01  0.14073081868475087  0.5449995381927631  0.7530259723326244  14.182242457751062  1.0  0.595  0.304  0.102  0.684  0.316
1  3.5  1.75  0.01  0.01  0.4798603647834242  -0.08300878404359058  0.8272400972787354  13.97690684770221  1.0  0.677  0.238  0.085  0.728  0.272
1  3.5  1.75  0.01  0.01  0.3368249516859515  0.11500216500260105  0.732986466941944  14.114560567546466  1.0  0.634  0.271  0.095  0.702  0.298
1  3.5  1.75  0.01  0.01  0.014108825466814592  0.764986443606463  0.832023393137567  14.15897188329187  1.0  0.563  0.333  0.103  0.737  0.263
1  3.5  1.75  0.01  0.01  0.43613358295503946  -0.0342800830180566  0.7075871443741417  14.037965846574807  1.0  0.663  0.249  0.088  0.719  0.281
1  3.5  1.75  0.01  0.01  0.46012397981232245  0.015204985646481727  0.6915356067691688  13.991581859301881  1.0  0.681  0.234  0.085  0.737  0.263
1  3.5  1.75  0.01  0.01  0.41581058528943404  0.2435972154325523  0.7134166482827301  13.952661849996346  1.0  0.688  0.226  0.086  0.746  0.254
1  3.5  1.75  0.01  0.01  0.40348880558927536  -0.13015232167383273  0.6036672579142995  14.184910005464824  1.0  0.634  0.274  0.092  0.702  0.298
1  3.5  1.75  0.01  0.01  0.4061932049214658  0.03199972594881206  0.7473282095910443  14.00057162884341  1.0  0.656  0.254  0.09  0.711  0.289
1  3.5  1.75  0.01  0.01  0.4734726202984557  0.06769788646459002  0.8259563363776768  13.909604261157952  1.0  0.693  0.223  0.083  0.746  0.254
1  3.5  1.75  0.01  0.01  0.4060418456158035  0.04757771863168789  0.7502680899991611  14.020936869210212  1.0  0.659  0.251  0.09  0.719  0.281
1  3.5  1.75  0.01  0.01  0.3488032061661378  -0.03118352613947524  0.6423833568100934  14.179868760207276  1.0  0.62  0.284  0.096  0.684  0.316
1  3.5  1.75  0.01  0.01  0.2975343246652087  -0.010538597514684538  0.8525227064595954  14.157877556992066  1.0  0.597  0.304  0.099  0.658  0.342
1  3.5  1.75  0.01  0.01  0.4952191612737399  -0.17082145142681043  0.765285479189963  13.92188704124381  1.0  0.673  0.243  0.084  0.711  0.289
1  3.5  1.75  0.01  0.01  0.5288787925185379  -0.18783344440934796  0.633816303989282  13.9814753127513  1.0  0.686  0.233  0.081  0.737  0.263
1  3.5  1.75  0.01  0.01  0.43126388313152103  -0.04426018947813067  0.7334507647508466  14.07038944670348  1.0  0.659  0.252  0.089  0.719  0.281
1  3.5  1.75  0.01  0.01  0.36646385662804876  0.2592100548905434  0.7334419104227019  14.008626893290723  1.0  0.667  0.242  0.09  0.728  0.272
1  3.5  1.75  0.01  0.01  0.3726436271614512  0.05887348923357609  0.7255181979134062  14.074435818944945  1.0  0.644  0.263  0.093  0.702  0.298
1  3.5  1.75  0.01  0.01  0.3234590021194592  0.13956950316568079  0.6435034141087003  14.102339468057789  1.0  0.631  0.274  0.096  0.693  0.307
1  3.5  1.75  0.01  0.01  0.4242555447033458  0.17418366666679008  0.7372794681863146  14.019596940463204  1.0  0.683  0.23  0.087  0.746  0.254
1  3.5  1.75  0.01  0.01  0.3155096862398056  0.17706907702098149  0.7033821999384728  14.063085210748643  1.0  0.632  0.272  0.096  0.693  0.307
1  3.5  1.75  0.01  0.01  0.40845741695438664  -0.004393421295750905  0.727514948661924  14.028734345146924  1.0  0.653  0.256  0.09  0.711  0.289
1  3.5  1.75  0.01  0.01  0.30381855942852853  0.1271925443201722  0.7385492180667794  14.166237585301372  1.0  0.619  0.283  0.097  0.684  0.316
1  3.5  1.75  0.01  0.01  0.36386776897232403  0.3249928335588466  0.877053492627125  13.981477015225133  1.0  0.674  0.236  0.09  0.737  0.263
1  3.5  1.75  0.01  0.01  0.32912881973733377  0.14808259396501436  0.801160371988308  14.128956941038952  1.0  0.635  0.27  0.095  0.702  0.298
1  3.5  1.75  0.01  0.01  0.3880715773506478  -0.1942159587612755  0.7252453536074266  14.14572171271505  1.0  0.618  0.288  0.094  0.675  0.325
1  3.5  1.75  0.01  0.01  0.316617196841074  0.29130696500936526  0.713465686544512  14.075304922265106  1.0  0.647  0.259  0.094  0.711  0.289
1  3.5  1.75  0.01  0.01  0.29578457368312383  0.445002437938929  0.8179885241976728  14.030501338325582  1.0  0.659  0.248  0.093  0.728  0.272
1  3.5  1.75  0.01  0.01  0.4054312077992783  0.264965149764846  0.7730014697732637  13.863479115846854  1.0  0.686  0.227  0.087  0.728  0.272
1  3.5  1.75  0.01  0.01  0.44140195349771455  0.04023311637801241  0.7837728805911127  13.976318909785746  1.0  0.674  0.239  0.087  0.728  0.272
1  3.5  1.75  0.01  0.01  0.3372257480820515  0.05897057793823711  0.7024428382492309  14.161879363608191  1.0  0.627  0.278  0.095  0.693  0.307
1  3.5  1.75  0.01  0.01  0.4104505958278556  -0.1283809693402525  0.7135306692217614  14.16450982894076  1.0  0.637  0.271  0.092  0.702  0.298
1  3.5  1.75  0.01  0.01  0.23349341820112157  0.4850170090250726  0.7729874554648221  14.052451851078905  1.0  0.634  0.269  0.097  0.702  0.298
1  3.5  1.75  0.01  0.01  0.4076065968004194  0.004266006284346018  0.6234131213377087  14.047985857104766  1.0  0.653  0.257  0.09  0.711  0.289
1  3.5  1.75  0.01  0.01  0.36420863661545066  0.02275710168659449  0.6750040615557517  14.113384378511084  1.0  0.635  0.272  0.094  0.693  0.307
1  3.5  1.75  0.01  0.01  0.47171916159400984  0.1124123849490613  0.8776186548394571  13.88595086417042  1.0  0.697  0.219  0.083  0.746  0.254
1  3.5  1.75  0.01  0.01  0.4908424805388369  -0.213650259981282  0.7474927723119819  14.082664894599832  1.0  0.665  0.249  0.085  0.728  0.272
1  3.5  1.75  0.01  0.01  0.36784038199851293  0.05503222383347473  0.7138794625645932  14.05292190832664  1.0  0.642  0.265  0.093  0.702  0.298
1  3.5  1.75  0.01  0.01  0.36277253682566235  0.08813717900914136  0.86720325710268  13.963516073383738  1.0  0.643  0.264  0.093  0.693  0.307
1  3.5  1.75  0.01  0.01  0.38657881854761433  0.18515423269248465  0.7338812531926583  13.987802076471244  1.0  0.668  0.242  0.09  0.728  0.272
1  3.5  1.75  0.01  0.01  0.3858314172717394  -0.011238004407332436  0.7274307709886648  14.003220064726749  1.0  0.641  0.267  0.092  0.693  0.307
1  3.5  1.75  0.01  0.01  0.2924971737294324  0.46297704054217526  0.7484775693246732  13.964624527741723  1.0  0.658  0.249  0.093  0.719  0.281
1  3.5  1.75  0.01  0.01  0.39005363126936343  -0.0031191563303823644  0.5131635815637419  14.133890349816056  1.0  0.645  0.264  0.092  0.719  0.281
1  3.5  1.75  0.01  0.01  0.4796710127123811  -0.022438555554153063  0.7972210614413765  14.019838460733935  1.0  0.685  0.231  0.084  0.746  0.254
1  3.5  1.75  0.01  0.01  0.2666231733569878  0.4484141796188058  0.7674764101792052  13.962693714475794  1.0  0.644  0.26  0.095  0.702  0.298
1  3.5  1.75  0.01  0.01  0.23661738555129555  0.23553146084950422  0.6835523200980762  14.180382243817618  1.0  0.601  0.299  0.1  0.667  0.333
1  3.5  1.75  0.01  0.01  0.3592151658033097  0.138625242913452  0.6736229465854413  14.100973880164943  1.0  0.648  0.259  0.093  0.711  0.289
1  3.5  1.75  0.01  0.01  0.4553020384797939  -0.18811976625459947  0.6724992648291027  14.186969854115677  1.0  0.651  0.261  0.088  0.719  0.281
1  3.5  1.75  0.01  0.01  0.45016584551521366  -0.06980530076907013  0.7031534499487541  14.026070002016805  1.0  0.664  0.248  0.087  0.719  0.281
1  3.5  1.75  0.01  0.01  0.3637949746651984  0.0954699094610296  0.7524339482744647  14.117903928579397  1.0  0.645  0.262  0.093  0.711  0.289
1  3.5  1.75  0.01  0.01  0.33725581657435144  0.40504509610676154  0.7830692077039167  13.961085933680907  1.0  0.673  0.237  0.09  0.737  0.263
1  3.5  1.75  0.01  0.01  0.43673141081249556  -0.1148995263500624  0.6822801806262129  14.057467392877767  1.0  0.653  0.258  0.089  0.711  0.289
1  3.5  1.75  0.01  0.01  0.35151567387548954  -0.18166521682710124  0.6525076479434474  14.261907334868198  1.0  0.601  0.302  0.097  0.667  0.333
1  3.5  1.75  0.01  0.01  0.2543481479871105  0.14603691131098537  0.6703663615452784  14.27670867393356  1.0  0.597  0.302  0.1  0.667  0.333
1  3.5  1.75  0.01  0.01  0.4363851521517668  -0.01543881592922166  0.7478424509764826  14.085658799305346  1.0  0.664  0.248  0.088  0.728  0.272
1  3.5  1.75  0.01  0.01  0.3325121668538169  0.26361523187429936  0.8210869279696581  14.028998026610084  1.0  0.651  0.256  0.093  0.711  0.289
1  3.5  1.75  0.01  0.01  0.3922267980748245  -0.11939073819178485  0.7930148579012297  14.138958410785861  1.0  0.629  0.278  0.093  0.684  0.316
1  3.5  1.75  0.01  0.01  0.6730324872994897  -0.35866478923123035  0.6136975101811696  13.976839520111506  1.0  0.729  0.202  0.069  0.789  0.211
1  3.5  1.75  0.01  0.01  0.49316619280620433  -0.17020378303388317  0.740584863567333  14.036732291863206  1.0  0.672  0.244  0.085  0.728  0.272
1  3.5  1.75  0.01  0.01  0.44749326025455405  -0.23107675176394032  0.6977807015870672  14.049176028405249  1.0  0.642  0.269  0.089  0.693  0.307
1  3.5  1.75  0.01  0.01  0.40824082556125996  -0.21205416188341542  0.5722919327944185  14.2265820010085  1.0  0.625  0.282  0.092  0.693  0.307
1  3.5  1.75  0.01  0.01  0.3901252070674433  -0.009927991212538487  0.6334220028583414  14.098279469777284  1.0  0.643  0.265  0.092  0.711  0.289
1  3.5  1.75  0.01  0.01  0.331426227668315  -0.07238920507858668  0.6831825498478645  14.165049847513973  1.0  0.606  0.297  0.097  0.667  0.333
1  3.5  1.75  0.01  0.01  0.5692359481124265  -0.19263162705465914  0.7524266599121208  14.03427189175473  1.0  0.704  0.218  0.077  0.772  0.228
1  3.5  1.75  0.01  0.01  0.37027916674328454  -0.07877468894602348  0.6827395081197111  14.221523331076773  1.0  0.624  0.282  0.094  0.693  0.307
1  3.5  1.75  0.01  0.01  0.2619220553773946  0.22581987122997216  0.6539502651013599  14.134622464048753  1.0  0.612  0.289  0.099  0.675  0.325
1  3.5  1.75  0.01  0.01  0.387181372484364  -0.04407783848088051  0.7327743721098289  14.044327378263022  1.0  0.638  0.27  0.093  0.693  0.307
1  3.5  1.75  0.01  0.01  0.42375030649681267  -0.07788112515306134  0.6732647043497791  14.09206717201345  1.0  0.65  0.26  0.09  0.711  0.289
1  3.5  1.75  0.01  0.01  0.4323191090997269  -0.0733545939913482  0.3872348561194087  14.027864753030084  1.0  0.656  0.255  0.089  0.719  0.281
1  3.5  1.75  0.01  0.01  0.2851303131418087  0.31767534033951234  0.7432734852937436  13.978176696413371  1.0  0.636  0.268  0.096  0.693  0.307
1  3.5  1.75  0.01  0.01  0.41388224238133375  0.13674001120181278  0.7434739221306839  13.959024210328113  1.0  0.674  0.238  0.088  0.728  0.272
1  3.5  1.75  0.01  0.01  0.47355967658319675  0.003041200220768188  0.5425796798761482  14.038233653293224  1.0  0.684  0.231  0.084  0.746  0.254
1  3.5  1.75  0.01  0.01  0.2847712922502126  0.16873662510018678  0.6935144446295145  14.067108278485646  1.0  0.615  0.287  0.098  0.675  0.325
1  3.5  1.75  0.01  0.01  0.5107702451409681  -0.08869144137828366  0.8305310719779889  13.982598030415243  1.0  0.69  0.228  0.082  0.746  0.254
1  3.5  1.75  0.01  0.01  0.5486415077620868  -0.30482458476223306  0.6029790227791266  14.081561138428944  1.0  0.681  0.239  0.081  0.746  0.254
1  3.5  1.75  0.01  0.01  0.3027608108458814  0.08501719036381566  0.7429910581502643  14.13759033709446  1.0  0.613  0.289  0.098  0.675  0.325
1  3.5  1.75  0.01  0.01  0.33724339835092887  -0.17422830308665188  0.6524226238802182  14.119598173934476  1.0  0.595  0.307  0.098  0.649  0.351
1  3.5  1.75  0.01  0.01  0.35939414810756376  -0.004922403088769311  0.6937478272491575  14.056366714045067  1.0  0.629  0.276  0.094  0.684  0.316
1  3.5  1.75  0.01  0.01  0.41202448182183954  0.27776611247799676  0.7932133863665051  13.908287953231778  1.0  0.691  0.223  0.086  0.746  0.254
1  3.5  1.75  0.01  0.01  0.3515668084580259  0.14502399152671985  0.8000081148956592  14.141297382347066  1.0  0.646  0.261  0.093  0.711  0.289
1  3.5  1.75  0.01  0.01  0.4199181139263253  0.1566179381096361  0.6873805572950428  14.067704728454194  1.0  0.68  0.233  0.087  0.754  0.246
1  3.5  1.75  0.01  0.01  0.27885906235805924  0.10967503218976593  0.7736397398635714  14.166410095372216  1.0  0.604  0.297  0.099  0.667  0.333
1  3.5  1.75  0.01  0.01  0.2626148551514573  0.3510729037927547  0.7273036606894253  14.081842059267238  1.0  0.629  0.274  0.097  0.693  0.307
1  3.5  1.75  0.01  0.01  0.5003501471048449  -0.13499601114386683  0.7939900705775724  13.960396263597138  1.0  0.68  0.236  0.083  0.728  0.272
1  3.5  1.75  0.01  0.01  0.46668869097142585  -0.26487144605277824  0.7513485898974879  14.080033168971623  1.0  0.647  0.265  0.088  0.702  0.298
1  3.5  1.75  0.01  0.01  0.4406323346823878  0.2345457111556303  0.7873370652517818  13.937955796823154  1.0  0.698  0.218  0.084  0.754  0.246
1  3.5  1.75  0.01  0.01  0.21930876486033157  0.2907306039103804  0.7203764213805517  14.218247095906591  1.0  0.599  0.3  0.101  0.667  0.333
1  3.5  1.75  0.01  0.01  0.4249318665042834  0.1661602161501027  0.7536991589865588  14.026756873114415  1.0  0.683  0.23  0.087  0.746  0.254
1  3.5  1.75  0.01  0.01  0.3883279823670944  0.10010512627108073  0.6104498754232816  13.996057696131144  1.0  0.657  0.252  0.091  0.719  0.281
1  3.5  1.75  0.01  0.01  0.19450145663358673  0.4769995306224616  0.7935723496053957  14.022404019748983  1.0  0.613  0.287  0.1  0.675  0.325
1  3.5  1.75  0.01  0.01  0.4057019372467926  0.17683956912975318  0.7236561641209013  14.014664456351625  1.0  0.676  0.236  0.088  0.737  0.263
1  3.5  1.75  0.01  0.01  0.2504565973551033  0.35499996896942176  0.6079655193734282  14.22238834968607  1.0  0.623  0.279  0.098  0.702  0.298
1  3.5  1.75  0.01  0.01  0.3995169269942338  0.12084269666601158  0.6839046387650689  14.071939968671414  1.0  0.665  0.246  0.09  0.728  0.272
1  3.5  1.75  0.01  0.01  0.4267321372595626  -0.008873875119001357  0.8452993559405938  13.976531371227878  1.0  0.661  0.25  0.089  0.711  0.289
1  3.5  1.75  0.01  0.01  0.3810056183227199  0.04571616830668105  0.8013628294205675  14.099012430475936  1.0  0.647  0.261  0.092  0.711  0.289
1  3.5  1.75  0.01  0.01  0.4501717316395899  -0.014783733055826757  0.6739550362216904  14.003681029149023  1.0  0.672  0.241  0.087  0.728  0.272
1  3.5  1.75  0.01  0.01  0.49616172777201584  -0.006563688621228619  0.8024465388839725  13.922269567211178  1.0  0.694  0.224  0.082  0.746  0.254
1  3.5  1.75  0.01  0.01  0.25482901218978726  0.34499677143666496  0.633990082938808  14.13163064455901  1.0  0.624  0.278  0.098  0.711  0.289
1  3.5  1.75  0.01  0.01  0.5625924848670484  -0.15499320423587593  0.7239989566445207  13.953609196621636  1.0  0.706  0.216  0.078  0.763  0.237
1  3.5  1.75  0.01  0.01  0.4936571601731893  0.011755219664766788  0.642529456435343  13.94118960761008  1.0  0.695  0.223  0.082  0.754  0.246
1  3.5  1.75  0.01  0.01  0.4817811263595009  -0.05497479312667379  0.8370771032500323  13.919936709985487  1.0  0.682  0.234  0.084  0.728  0.272
1  3.5  1.75  0.01  0.01  0.5152173148692605  -0.12498223751309326  0.900030730038187  13.926957367585093  1.0  0.688  0.23  0.082  0.737  0.263
1  3.5  1.75  0.01  0.01  0.37446805662942884  0.05243025284175431  0.7073300915186254  14.05943295407034  1.0  0.644  0.264  0.093  0.702  0.298
1  3.5  1.75  0.01  0.01  0.5058051789086027  -0.2731005456949469  0.72576236794728  14.061468700370055  1.0  0.665  0.251  0.084  0.719  0.281
1  3.5  1.75  0.01  0.01  0.4832025707301809  0.0012012059454194874  0.7354960631806599  13.917866324978926  1.0  0.689  0.228  0.083  0.737  0.263
1  3.5  1.75  0.01  0.01  0.3792622051693537  0.0422711537257931  0.7875242554644469  14.055570066285618  1.0  0.645  0.263  0.092  0.702  0.298
1  3.5  1.75  0.01  0.01  0.05840576113443399  0.6449933177091659  0.8156375656361915  14.104333328115692  1.0  0.568  0.328  0.104  0.667  0.333
1  3.5  1.75  0.01  0.01  0.5256636663491032  -0.1634588356330291  0.9303706790155083  13.962927508112974  1.0  0.688  0.23  0.081  0.737  0.263
1  3.5  1.75  0.01  0.01  0.39144115680708436  0.06645387973776448  0.8213863654785518  14.012110416853782  1.0  0.654  0.255  0.091  0.711  0.289
1  3.5  1.75  0.01  0.01  0.2844936403067133  0.19448132654084  0.7273932951310477  14.166852114801452  1.0  0.618  0.284  0.098  0.684  0.316
1  3.5  1.75  0.01  0.01  0.4724204773593267  -0.2849992322625371  0.7550059735279111  14.10505529901996  1.0  0.647  0.265  0.088  0.693  0.307
1  3.5  1.75  0.01  0.01  0.37534552087277484  0.15954619106207835  0.6833776224262492  14.059762183094128  1.0  0.659  0.25  0.091  0.719  0.281
1  3.5  1.75  0.01  0.01  0.4558242495201698  -0.13614242226334278  0.6739428476872948  14.000315600096934  1.0  0.658  0.254  0.088  0.711  0.289
1  3.5  1.75  0.01  0.01  0.44589404308242714  0.02393953968848948  0.6635578591215339  13.991845554083156  1.0  0.674  0.239  0.087  0.728  0.272
1  3.5  1.75  0.01  0.01  0.34933616904808734  0.0395629940053758  0.6687179173652693  14.113108943621459  1.0  0.63  0.275  0.095  0.693  0.307
1  3.5  1.75  0.01  0.01  0.1817093333587684  0.6949604445568778  0.8039999140161657  14.037644564640194  1.0  0.636  0.267  0.097  0.763  0.237
1  3.5  1.75  0.01  0.01  0.4568735388616232  -0.0027762240829356695  0.727446431070151  14.021149352803704  1.0  0.677  0.237  0.086  0.737  0.263
1  3.5  1.75  0.01  0.01  0.4285444371917754  -0.20874531857209816  0.6523337056716606  14.128872987749743  1.0  0.635  0.274  0.091  0.693  0.307
1  3.5  1.75  0.01  0.01  0.33688634643445514  -0.07931149153496234  0.6732719437249639  14.241364480611251  1.0  0.607  0.296  0.097  0.675  0.325
1  3.5  1.75  0.01  0.01  0.24148771608878844  0.29670873240685913  0.7526706727206787  14.124569424799848  1.0  0.612  0.289  0.099  0.675  0.325
1  3.5  1.75  0.01  0.01  0.29372624529517694  0.30493294014414474  0.8403125986826846  13.983257099510253  1.0  0.637  0.267  0.096  0.693  0.307
1  3.5  1.75  0.01  0.01  0.34994651753245415  0.16514485264730022  0.742308657929025  14.07385850940278  1.0  0.648  0.259  0.093  0.711  0.289
1  3.5  1.75  0.01  0.01  0.4556080012657552  0.1035517510589429  0.6838528203179293  13.898468461682835  1.0  0.689  0.226  0.085  0.737  0.263
1  3.5  1.75  0.01  0.01  0.5936407755640394  -0.09891755971368159  0.6623775748607527  13.866176774986837  1.0  0.726  0.2  0.074  0.772  0.228
1  3.5  1.75  0.01  0.01  0.3645167257623858  -0.18499453338807764  0.6030018749892833  14.194730067463  1.0  0.607  0.297  0.096  0.667  0.333
1  3.5  1.75  0.01  0.01  0.3017545662475929  -0.1253862575672806  0.633212215991861  14.273482606124473  1.0  0.582  0.318  0.1  0.649  0.351
1  3.5  1.75  0.01  0.01  0.36519793266199563  0.31499949380941117  0.8130001175140895  14.058095634012295  1.0  0.673  0.237  0.09  0.728  0.272
1  3.5  1.75  0.01  0.01  0.4086548214589236  -0.0008772891441352054  0.7524674469944573  14.040105794277762  1.0  0.654  0.256  0.09  0.711  0.289
1  3.5  1.75  0.01  0.01  0.2775418738949579  0.20413685049451125  0.57328691900602  14.12495251961171  1.0  0.616  0.286  0.098  0.684  0.316
1  3.5  1.75  0.01  0.01  0.40563049890129077  -0.006920877139071661  0.7307018457474604  14.064596447553953  1.0  0.651  0.259  0.091  0.711  0.289
1  3.5  1.75  0.01  0.01  0.4552156815692626  0.2085548264881874  0.7452752589269582  13.900658030787485  1.0  0.702  0.215  0.083  0.754  0.246
1  3.5  1.75  0.01  0.01  0.46310325332525726  -0.2747612372396232  0.6336510604652795  14.112859294759364  1.0  0.644  0.268  0.088  0.702  0.298
1  3.5  1.75  0.01  0.01  0.3101771530129743  0.1891396174310258  0.682867568631434  14.10554698846004  1.0  0.631  0.273  0.096  0.693  0.307
1  3.5  1.75  0.01  0.01  0.39695066235024173  0.020353712837382333  0.7405991343511873  14.15398379278274  1.0  0.651  0.258  0.091  0.719  0.281
1  3.5  1.75  0.01  0.01  0.4347040400943928  0.011706180482202422  0.7635038134529705  13.981889329564083  1.0  0.667  0.245  0.088  0.719  0.281
1  3.5  1.75  0.01  0.01  0.3221901073757465  0.2450837609877496  0.6337598798426645  14.118674059521382  1.0  0.645  0.261  0.094  0.711  0.289
1  3.5  1.75  0.01  0.01  0.31857669309793246  0.27590145693200163  0.7423381457718432  14.067443933722224  1.0  0.647  0.259  0.094  0.711  0.289
1  3.5  1.75  0.01  0.01  0.33435772429731103  0.2643425388313029  0.7083963675273064  14.117718480015313  1.0  0.652  0.255  0.093  0.719  0.281
1  3.5  1.75  0.01  0.01  0.3754411168863815  0.03441750950311302  0.6734632691416756  14.176376323597005  1.0  0.641  0.266  0.093  0.711  0.289
1  3.5  1.75  0.01  0.01  0.5220265687647598  -0.40280984740780756  0.5876586846197079  14.12202528094465  1.0  0.655  0.261  0.084  0.719  0.281
1  3.5  1.75  0.01  0.01  0.28459891898030354  -0.042297550556960835  0.7373505562707998  14.20708105663403  1.0  0.586  0.313  0.1  0.649  0.351
1  3.5  1.75  0.01  0.01  0.3724572017681469  0.01019429312662887  0.7954993639062555  14.156096249303085  1.0  0.637  0.27  0.093  0.702  0.298
1  3.5  1.75  0.01  0.01  0.45596936632150653  -0.26498612660290044  0.6609997798785333  14.13309104590738  1.0  0.642  0.269  0.089  0.711  0.289
1  3.5  1.75  0.01  0.01  0.38464070836271536  -0.12036033816138704  0.6853925617357269  14.036897951406326  1.0  0.626  0.281  0.094  0.675  0.325
1  3.5  1.75  0.01  0.01  0.4013392536327271  -0.0015062594023798398  0.7373144254276375  13.98913855690169  1.0  0.65  0.259  0.091  0.702  0.298
1  3.5  1.75  0.01  0.01  0.6859800422968576  -0.35302181708592134  0.5736154628781412  13.85987135983287  1.0  0.735  0.197  0.067  0.781  0.219
1  3.5  1.75  0.01  0.01  0.2572326681902287  0.45699008745143477  0.7432710356536145  14.009135236190165  1.0  0.641  0.263  0.096  0.702  0.298
1  3.5  1.75  0.01  0.01  0.5856324120603784  -0.1550725568224567  0.7237719236697927  13.876371570511028  1.0  0.715  0.209  0.075  0.763  0.237
1  3.5  1.75  0.01  0.01  0.3129326705027682  0.22500024821056955  0.6939886040569339  14.13662946515759  1.0  0.637  0.267  0.095  0.711  0.289
