0  3.5  1.75  0.01  0.01  0.7149502982699696  0.0004687549607491747  2.232448240568574  14.055710769804087  14.055710769804087  1.0  0.834  0.162  0.004  0.822  0.178  0.822  0.178  True
0  3.5  1.75  0.01  0.01  0.8277120031387613  -0.17751196926249935  2.232531896684575  13.954127278781662  13.954127278781662  1.0  0.852  0.146  0.003  0.844  0.156  0.844  0.156  True
0  3.5  1.75  0.01  0.01  0.718362132353268  0.09309841330452942  2.2722236747085995  13.992486315992851  13.992486315992851  1.0  0.844  0.153  0.004  0.833  0.167  0.833  0.167  True
0  3.5  1.75  0.01  0.01  0.8222910282460921  -0.1672039606835673  2.2523084733719085  13.943628786284224  13.943628786284224  1.0  0.851  0.146  0.003  0.844  0.156  0.844  0.156  True
0  3.5  1.75  0.01  0.01  0.7363223584702567  -0.003057796539509899  2.262409943739356  14.015350746441133  14.015350746441133  1.0  0.841  0.155  0.004  0.833  0.167  0.833  0.167  True
0  3.5  1.75  0.01  0.01  1.0590890768525347  -0.8920872026762581  2.062521996249019  13.895960048290704  13.895960048290704  1.0  0.842  0.157  0.001  0.867  0.133  0.867  0.133  True
0  3.5  1.75  0.01  0.01  0.8378566646695533  -0.02341027727575829  2.282158706661263  13.853965233345463  13.853965233345463  1.0  0.868  0.129  0.003  0.867  0.133  0.867  0.133  True
0  3.5  1.75  0.01  0.01  0.7751992085377197  0.023834897962094426  2.1826155334125397  13.966485754150394  13.966485754150394  1.0  0.854  0.142  0.003  0.856  0.144  0.856  0.144  True
0  3.5  1.75  0.01  0.01  1.0913753871797294  -0.9267013534596076  2.1422205316059872  13.862577469086954  13.862577469086954  1.0  0.846  0.153  0.001  0.867  0.133  0.867  0.133  True
0  3.5  1.75  0.01  0.01  0.7538682778795949  0.23197584616427613  2.5265519653445723  13.939411064513898  13.939411064513898  1.0  0.866  0.131  0.003  0.856  0.144  0.856  0.144  True
0  3.5  1.75  0.01  0.01  0.7653836728303682  -0.23066142693717423  2.2526358389754213  14.061278990521988  14.061278990521988  1.0  0.828  0.169  0.003  0.811  0.189  0.811  0.189  True
0  3.5  1.75  0.01  0.01  0.8442243861616021  -0.36758614276843493  2.2222463052640564  14.007153121705  14.007153121705  1.0  0.838  0.159  0.003  0.833  0.167  0.833  0.167  True
0  3.5  1.75  0.01  0.01  0.7957320176298369  -0.3505797432665191  2.212556980257883  14.064698027989452  14.064698027989452  1.0  0.825  0.172  0.003  0.811  0.189  0.811  0.189  True
0  3.5  1.75  0.01  0.01  0.7011723499937252  0.10722008109931158  2.5363291851721432  14.040506121774628  14.040506121774628  1.0  0.84  0.156  0.004  0.822  0.178  0.822  0.178  True
0  3.5  1.75  0.01  0.01  0.8217552356430833  -0.045190451944905195  2.5263069026317235  13.919387046112904  13.919387046112904  1.0  0.861  0.136  0.003  0.844  0.156  0.844  0.156  True
0  3.5  1.75  0.01  0.01  0.7501108656325091  0.20119696046169316  2.2223050070090844  13.95214362813413  13.95214362813413  1.0  0.863  0.134  0.003  0.867  0.133  0.867  0.133  True
0  3.5  1.75  0.01  0.01  0.8216323009328641  -0.19806549527515555  2.232356657071163  13.963588570529211  13.963588570529211  1.0  0.848  0.149  0.003  0.844  0.156  0.844  0.156  True
0  3.5  1.75  0.01  0.01  0.729847442790324  -0.05526169474900924  2.2324909612013175  14.057628322769315  14.057628322769315  1.0  0.833  0.163  0.004  0.822  0.178  0.822  0.178  True
0  3.5  1.75  0.01  0.01  0.8073758836694153  0.06023535707251855  2.526504908025808  13.919512249348443  13.919512249348443  1.0  0.867  0.13  0.003  0.856  0.144  0.856  0.144  True
0  3.5  1.75  0.01  0.01  0.7428744435816366  -0.017704038055114956  2.2626309201819423  14.010507747783034  14.010507747783034  1.0  0.841  0.155  0.004  0.833  0.167  0.833  0.167  True
0  3.5  1.75  0.01  0.01  0.6923981953001084  0.45476854166365377  2.3316779340800027  13.928332027073894  13.928332027073894  1.0  0.866  0.13  0.004  0.867  0.133  0.867  0.133  True
0  3.5  1.75  0.01  0.01  0.7776504754345993  -0.00684992257419509  2.252078054075203  13.941705174083005  13.941705174083005  1.0  0.852  0.144  0.003  0.844  0.156  0.844  0.156  True
0  3.5  1.75  0.01  0.01  0.8246305657213984  -0.2705415240919632  2.2328879669850417  13.985458102184044  13.985458102184044  1.0  0.842  0.155  0.003  0.833  0.167  0.833  0.167  True
0  3.5  1.75  0.01  0.01  0.7292092468561506  0.24499923382367894  2.282040628273779  13.896514111685741  13.896514111685741  1.0  0.86  0.137  0.004  0.867  0.133  0.867  0.133  True
0  3.5  1.75  0.01  0.01  0.4940371238340215  0.6449999234045165  2.549752895425655  14.109462264178534  14.109462264178534  1.0  0.819  0.175  0.006  0.856  0.144  0.856  0.144  True
0  3.5  1.75  0.01  0.01  0.7130567085775197  0.0006559354697563376  2.122943066343387  14.022128604998725  14.022128604998725  1.0  0.833  0.163  0.004  0.833  0.167  0.833  0.167  True
0  3.5  1.75  0.01  0.01  0.8007710096411551  0.3349842358981867  2.5390003916885764  13.9779681919759  13.9779681919759  1.0  0.886  0.111  0.003  0.856  0.144  0.856  0.144  True
0  3.5  1.75  0.01  0.01  0.8753897445259995  -0.32501562974423626  2.142006241205684  14.012246563707889  14.012246563707889  1.0  0.851  0.147  0.002  0.856  0.144  0.856  0.144  True
0  3.5  1.75  0.01  0.01  1.0474626805079943  -0.7649979307534172  2.072997455761741  13.965549689464188  13.965549689464188  1.0  0.853  0.145  0.001  0.856  0.144  0.856  0.144  True
0  3.5  1.75  0.01  0.01  0.7374716742829109  -0.07656002753412151  1.9272974214900984  14.044251280666995  14.044251280666995  1.0  0.834  0.163  0.004  0.856  0.144  0.856  0.144  True
1  3.5  1.75  0.01  0.01  0.31307254538881146  0.13114198800704485  1.8485196722722514  14.715179449959164  14.715179449959164  1.0  0.682  0.308  0.01  0.688  0.312  0.688  0.312  True
1  3.5  1.75  0.01  0.01  0.3569935022316687  0.08668652593158926  1.868223814714984  14.66009663874952  14.66009663874952  1.0  0.699  0.292  0.009  0.701  0.299  0.701  0.299  True
1  3.5  1.75  0.01  0.01  0.3987056316782901  0.02909903757273207  1.8486925700646137  14.633119175374722  14.633119175374722  1.0  0.711  0.28  0.009  0.715  0.285  0.715  0.285  True
1  3.5  1.75  0.01  0.01  0.3730201902762946  0.17759473153606475  1.828612324766808  14.614637494461748  14.614637494461748  1.0  0.718  0.273  0.009  0.722  0.278  0.722  0.278  True
1  3.5  1.75  0.01  0.01  0.3554880936843161  0.14808937737513386  1.8684266149512803  14.645455076293931  14.645455076293931  1.0  0.705  0.285  0.009  0.708  0.292  0.708  0.292  True
1  3.5  1.75  0.01  0.01  0.2919893899810214  0.09068393344311837  0.6721573896815314  15.216172511822883  15.216172511822883  1.0  0.666  0.323  0.01  0.715  0.285  0.715  0.285  True
1  3.5  1.75  0.01  0.01  0.4053296645085888  -0.06625825256903248  1.8385356297975328  14.614802765593955  14.614802765593955  1.0  0.702  0.289  0.009  0.701  0.299  0.701  0.299  True
1  3.5  1.75  0.01  0.01  0.45770298303372775  -0.1291960785743094  1.8284450832599322  14.598044851663502  14.598044851663502  1.0  0.719  0.273  0.008  0.722  0.278  0.722  0.278  True
1  3.5  1.75  0.01  0.01  0.4063568711111454  0.03296490865365672  1.848607712528681  14.651981940279013  14.651981940279013  1.0  0.715  0.276  0.009  0.722  0.278  0.722  0.278  True
1  3.5  1.75  0.01  0.01  0.31570209970299745  -0.025681618983689335  1.042327235121373  15.042152626775103  15.042152626775103  1.0  0.663  0.327  0.01  0.701  0.299  0.701  0.299  True
1  3.5  1.75  0.01  0.01  0.4044272281228893  0.09121945835727888  2.2396728023868433  14.60483546748272  14.60483546748272  1.0  0.721  0.27  0.009  0.722  0.278  0.722  0.278  True
1  3.5  1.75  0.01  0.01  0.4108482582650797  -0.00976181462981264  1.8586279538494084  14.629866799784335  14.629866799784335  1.0  0.712  0.279  0.009  0.715  0.285  0.715  0.285  True
1  3.5  1.75  0.01  0.01  0.44110661021156616  -0.1460889579301186  1.8184921334412811  14.643241365597994  14.643241365597994  1.0  0.709  0.283  0.008  0.715  0.285  0.715  0.285  True
1  3.5  1.75  0.01  0.01  0.43873031191524164  0.0005690353171056905  1.838658092261077  14.577476841871126  14.577476841871126  1.0  0.726  0.266  0.008  0.729  0.271  0.729  0.271  True
1  3.5  1.75  0.01  0.01  0.5206606760013519  -0.4843932270490847  1.8082705621513373  14.650943439925236  14.650943439925236  1.0  0.703  0.29  0.007  0.708  0.292  0.708  0.292  True
1  3.5  1.75  0.01  0.01  0.5106932997510323  -0.5346032911876433  1.758184885696316  14.692640245697836  14.692640245697836  1.0  0.691  0.301  0.007  0.701  0.299  0.701  0.299  True
1  3.5  1.75  0.01  0.01  0.34872777627490736  0.12474467345361817  1.848551988029917  14.653666095310435  14.653666095310435  1.0  0.698  0.292  0.01  0.701  0.299  0.701  0.299  True
1  3.5  1.75  0.01  0.01  0.4362334125163484  -0.18581290369592035  1.828616311660261  14.673650542934764  14.673650542934764  1.0  0.701  0.29  0.008  0.708  0.292  0.708  0.292  True
1  3.5  1.75  0.01  0.01  0.3814442334427372  -0.04500602514771454  1.8385080016437072  14.653449669970124  14.653449669970124  1.0  0.693  0.298  0.009  0.694  0.306  0.694  0.306  True
1  3.5  1.75  0.01  0.01  0.4556252388363166  -0.1331039107638477  1.848333894474305  14.615011137200124  14.615011137200124  1.0  0.718  0.274  0.008  0.722  0.278  0.722  0.278  True
1  3.5  1.75  0.01  0.01  0.4741964374892528  0.20499961680971943  2.249000260447931  14.623004083151212  14.623004083151212  1.0  0.765  0.227  0.007  0.715  0.285  0.715  0.285  True
1  3.5  1.75  0.01  0.01  0.42462614341582616  -0.03705607192481833  1.7789182647187372  14.617540473149026  14.617540473149026  1.0  0.715  0.277  0.009  0.722  0.278  0.722  0.278  True
1  3.5  1.75  0.01  0.01  0.47557518316630487  -0.2057177205356911  1.8384103546859056  14.619233630427898  14.619233630427898  1.0  0.717  0.275  0.008  0.722  0.278  0.722  0.278  True
1  3.5  1.75  0.01  0.01  0.43905240485394914  -0.19978144492008795  1.8280777247551216  14.62216130629689  14.62216130629689  1.0  0.701  0.29  0.008  0.701  0.299  0.701  0.299  True
1  3.5  1.75  0.01  0.01  0.44351722073562255  -0.10057047710973936  2.239466779385112  14.621578192614319  14.621578192614319  1.0  0.716  0.276  0.008  0.715  0.285  0.715  0.285  True
1  3.5  1.75  0.01  0.01  0.31024898698667697  0.37228825016944955  1.888054696546813  14.659842177012962  14.659842177012962  1.0  0.711  0.279  0.01  0.715  0.285  0.715  0.285  True
1  3.5  1.75  0.01  0.01  0.2711273854171221  0.46499847034253916  1.8580132600759252  14.698256330588615  14.698256330588615  1.0  0.703  0.287  0.01  0.715  0.285  0.715  0.285  True
1  3.5  1.75  0.01  0.01  0.42066959072052146  -0.015024875654387721  1.8489970801028264  14.652090687150412  14.652090687150412  1.0  0.715  0.276  0.009  0.722  0.278  0.722  0.278  True
1  3.5  1.75  0.01  0.01  0.42784730410677263  -0.24003511842499012  1.8285343813439796  14.679683912750297  14.679683912750297  1.0  0.691  0.301  0.009  0.694  0.306  0.694  0.306  True
1  3.5  1.75  0.01  0.01  0.44475641087776085  -0.23444012386987956  1.8170336633054571  14.627614367534825  14.627614367534825  1.0  0.7  0.292  0.008  0.701  0.299  0.701  0.299  True
