3.5  1.75  0.01  0.01  0.45277536690288833  0.020322136802522373  1.014466288355146  14.599383154526377  14.599383154526377  1.0  0.735  0.257  0.008  0.75  0.25  0.75  0.25  True
3.5  1.75  0.01  0.01  0.40612574617030783  0.18381285032025696  0.9911212858035351  14.633419911680877  14.633419911680877  1.0  0.733  0.259  0.009  0.75  0.25  0.75  0.25  True
3.5  1.75  0.01  0.01  0.41908319238959224  0.30071251681195027  1.7146658723195651  14.778592498426121  14.778592498426121  1.0  0.753  0.239  0.008  0.754  0.246  0.754  0.246  True
3.5  1.75  0.01  0.01  0.47019766218077585  0.08870144056732784  1.1525227543316459  14.542249636396942  14.542249636396942  1.0  0.751  0.241  0.008  0.758  0.242  0.758  0.242  True
3.5  1.75  0.01  0.01  0.5302071858428095  -0.18412801685734254  1.1326416760916904  14.567715245838452  14.567715245838452  1.0  0.745  0.248  0.007  0.754  0.246  0.754  0.246  True
3.5  1.75  0.01  0.01  0.47973144215070873  0.023848989171289157  1.1624834714775327  14.564852663558915  14.564852663558915  1.0  0.747  0.246  0.008  0.754  0.246  0.754  0.246  True
3.5  1.75  0.01  0.01  0.5446157401678309  -0.21667175565803937  1.1426466463038532  14.55651391165848  14.55651391165848  1.0  0.746  0.247  0.007  0.754  0.246  0.754  0.246  True
3.5  1.75  0.01  0.01  0.4691009416889112  0.16712461755810065  1.4134755032930046  14.665368768375384  14.665368768375384  1.0  0.76  0.233  0.008  0.758  0.242  0.758  0.242  True
3.5  1.75  0.01  0.01  0.6073562736233836  -0.30633516635740554  1.4135360256255238  14.709780879289285  14.709780879289285  1.0  0.762  0.233  0.006  0.762  0.238  0.762  0.238  True
3.5  1.75  0.01  0.01  0.5167004119154237  -0.1473307845235868  1.1323819396396837  14.561298658348614  14.561298658348614  1.0  0.743  0.25  0.007  0.75  0.25  0.75  0.25  True
3.5  1.75  0.01  0.01  0.5889335213854402  -0.2306306313962691  1.4132914795754046  14.663153105839104  14.663153105839104  1.0  0.764  0.23  0.006  0.758  0.242  0.758  0.242  True
3.5  1.75  0.01  0.01  0.5023175051273288  0.006499970679911916  1.162234326521522  14.559454388139608  14.559454388139608  1.0  0.755  0.237  0.007  0.767  0.233  0.767  0.233  True
3.5  1.75  0.01  0.01  0.5284987743294152  -0.12063399416051487  1.1427460522905373  14.558088031621496  14.558088031621496  1.0  0.751  0.242  0.007  0.762  0.238  0.762  0.238  True
3.5  1.75  0.01  0.01  0.4625806807428698  0.06910536375832842  1.1624369564893988  14.580208684442347  14.580208684442347  1.0  0.745  0.247  0.008  0.754  0.246  0.754  0.246  True
3.5  1.75  0.01  0.01  0.49539278224007854  -0.07182934228764953  1.152317711500616  14.57092046680275  14.57092046680275  1.0  0.743  0.25  0.007  0.75  0.25  0.75  0.25  True
3.5  1.75  0.01  0.01  0.42888301909369314  0.20346396552548948  1.1724536536014305  14.586595892082004  14.586595892082004  1.0  0.745  0.246  0.008  0.754  0.246  0.754  0.246  True
3.5  1.75  0.01  0.01  0.5646970213167055  -0.21139702168007526  1.1322976665444537  14.553287120206686  14.553287120206686  1.0  0.756  0.238  0.006  0.771  0.229  0.771  0.229  True
3.5  1.75  0.01  0.01  0.542996890930972  -0.007720184824654898  1.414650558587643  14.648585123486836  14.648585123486836  1.0  0.77  0.223  0.007  0.771  0.229  0.771  0.229  True
3.5  1.75  0.01  0.01  0.5195303087091532  -0.09199580812052342  1.1526186764904085  14.539874006665082  14.539874006665082  1.0  0.751  0.242  0.007  0.758  0.242  0.758  0.242  True
3.5  1.75  0.01  0.01  0.2593653169450115  0.5249994559375184  1.202999624333828  14.643431630735844  14.643431630735844  1.0  0.705  0.285  0.01  0.758  0.242  0.758  0.242  True
3.5  1.75  0.01  0.01  0.4778531289848899  0.04441076436590061  1.182175831307127  14.558411034290362  14.558411034290362  1.0  0.748  0.244  0.008  0.754  0.246  0.754  0.246  True
3.5  1.75  0.01  0.01  0.4999889064223999  0.10498692309253091  1.4168675715779946  14.630653565353803  14.630653565353803  1.0  0.765  0.228  0.007  0.762  0.238  0.762  0.238  True
3.5  1.75  0.01  0.01  0.5272044150771137  -0.1691451670556645  1.1429394739057137  14.57606259898429  14.57606259898429  1.0  0.745  0.248  0.007  0.754  0.246  0.754  0.246  True
3.5  1.75  0.01  0.01  0.4871909136745979  0.16959699504998998  1.5977770286213124  14.723922257512841  14.723922257512841  1.0  0.767  0.226  0.007  0.767  0.233  0.767  0.233  True
3.5  1.75  0.01  0.01  0.462766155802071  0.2850072981659416  1.7800001031555468  14.784755391051078  14.784755391051078  1.0  0.77  0.222  0.007  0.767  0.233  0.767  0.233  True
3.5  1.75  0.01  0.01  0.551756572705801  -0.21184368311603763  1.142689284063291  14.564517120935628  14.564517120935628  1.0  0.751  0.243  0.007  0.762  0.238  0.762  0.238  True
3.5  1.75  0.01  0.01  0.6116894408107179  -0.6749994581549585  1.086999268253348  14.586817835776374  14.586817835776374  1.0  0.717  0.277  0.006  0.758  0.242  0.758  0.242  True
3.5  1.75  0.01  0.01  0.6196138035146599  -0.6449999156644386  1.0520005069272762  14.60218963665383  14.60218963665383  1.0  0.725  0.269  0.006  0.75  0.25  0.75  0.25  True
3.5  1.75  0.01  0.01  0.6295900337562922  -0.5048950404605834  1.0815714440431365  14.554714483355383  14.554714483355383  1.0  0.747  0.247  0.006  0.762  0.238  0.762  0.238  True
3.5  1.75  0.01  0.01  0.5564432232003349  -0.24489930808974542  1.1229950938556013  14.544450665226792  14.544450665226792  1.0  0.749  0.244  0.007  0.758  0.242  0.758  0.242  True
