0  5.5  2.75  0.01  0.01  -0.35609788972997025  0.726493909019454  15.832366031002296  16.05170377603189  1.0  0.335  0.562  0.103  0.79  0.21  0.85  0.15
0  5.5  2.75  0.01  0.01  -0.43909535494865537  0.8057831218308669  15.924902418071522  16.051310225533257  1.0  0.311  0.589  0.1  0.778  0.222  0.9  0.1
0  5.5  2.75  0.01  0.01  0.7898964097848564  0.8424944692611539  15.178591839841529  14.889233173246335  1.0  0.698  0.221  0.081  0.79  0.21  0.85  0.15
0  5.5  2.75  0.01  0.01  -0.03565470259850967  0.8801279796719399  15.419406940589294  15.55731319251792  1.0  0.434  0.457  0.109  0.778  0.222  0.9  0.1
0  5.5  2.75  0.01  0.01  0.061155809884309686  0.914007925831416  15.284070958662955  15.656067045812213  1.0  0.465  0.426  0.109  0.79  0.21  0.85  0.15
0  5.5  2.75  0.01  0.01  -0.48842188093869354  0.974701379443544  15.944712057075419  16.019742427403816  1.0  0.297  0.605  0.098  0.827  0.173  0.7  0.3
0  5.5  2.75  0.01  0.01  0.8032691027748158  0.9990312015959621  15.137831238468744  14.794814182934582  1.0  0.702  0.218  0.08  0.79  0.21  0.85  0.15
0  5.5  2.75  0.01  0.01  0.9083445520550049  0.7256507111392796  15.230662235917974  15.14207378170821  1.0  0.732  0.195  0.074  0.802  0.198  0.8  0.2
0  5.5  2.75  0.01  0.01  0.9669292099917346  1.2124593569221438  15.081586485848865  14.849523885238165  1.0  0.747  0.183  0.07  0.802  0.198  0.8  0.2
0  5.5  2.75  0.01  0.01  0.8756389653070349  1.2174576828100103  15.049547595744073  14.857221835048666  1.0  0.722  0.202  0.076  0.79  0.21  0.85  0.15
0  5.5  2.75  0.01  0.01  0.08396464346379795  1.2088284587588918  15.214275754302298  15.40646073282976  1.0  0.473  0.418  0.109  0.802  0.198  0.8  0.2
0  5.5  2.75  0.01  0.01  -0.4315796123112303  0.387002881756172  16.0991805319053  16.294805520768623  1.0  0.313  0.587  0.1  0.79  0.21  0.85  0.15
0  5.5  2.75  0.01  0.01  0.9700654237053243  0.6633238715628866  15.1437523629975  15.760411406138104  1.0  0.748  0.182  0.07  0.827  0.173  0.7  0.3
0  5.5  2.75  0.01  0.01  -0.8550492222207062  0.5800607198424812  16.674594391317285  17.15238341521231  1.0  0.206  0.717  0.077  0.79  0.21  0.85  0.15
0  5.5  2.75  0.01  0.01  0.9276223149482274  0.4990711149530791  15.2221141564058  15.752214292842188  1.0  0.737  0.191  0.073  0.815  0.185  0.75  0.25
0  5.5  2.75  0.01  0.01  -0.8013637465500765  0.4309376495104175  16.751839887675924  16.713785056303003  1.0  0.218  0.701  0.08  0.815  0.185  0.75  0.25
0  5.5  2.75  0.01  0.01  -0.20025242699184065  0.36829818883037185  15.796962955628075  16.047165971081704  1.0  0.382  0.511  0.107  0.815  0.185  0.75  0.25
0  5.5  2.75  0.01  0.01  -0.2564446495652499  0.6461124284281884  15.786979733114967  15.780521114806618  1.0  0.364  0.53  0.106  0.827  0.173  0.7  0.3
0  5.5  2.75  0.01  0.01  -0.6136305693985653  1.2663101321984662  16.102285336971395  15.9612918450743  1.0  0.264  0.645  0.091  0.778  0.222  0.9  0.1
0  5.5  2.75  0.01  0.01  -0.34592707440061754  0.5941818860672274  15.80066980528103  16.38050385606942  1.0  0.338  0.559  0.103  0.778  0.222  0.9  0.1
0  5.5  2.75  0.01  0.01  0.21312285965705802  1.3942753272377602  15.066048781172437  15.292627588929696  1.0  0.515  0.378  0.107  0.815  0.185  0.75  0.25
0  5.5  2.75  0.01  0.01  0.6825743284290526  2.348754453258315  16.908571769826903  18.978180971970737  1.0  0.666  0.246  0.088  0.802  0.198  0.8  0.2
0  5.5  2.75  0.01  0.01  0.7942760977903385  2.0365771707072975  15.401290314845907  14.639832307157231  1.0  0.699  0.22  0.081  0.778  0.222  0.9  0.1
----------------------------------------------------------------------------------------------------------------------------------------------------------
