5  2.25  0.01  0.01  0.4602803878620368  0.4893145153169621  1.143470772379543  14.239822792267255  14.239822792267255  1.0  0.606  0.244  0.15  0.645  0.355  0.645  0.355  1.0  0.842  0.088  0.07  0.85  0.15  0.85  0.15
5  2.25  0.01  0.01  0.4615966398807192  0.49772281846741634  1.1467862079453954  14.244729498049837  14.244729498049837  1.0  0.606  0.243  0.15  0.645  0.355  0.645  0.355  1.0  0.843  0.087  0.07  0.85  0.15  0.85  0.15
5  2.25  0.01  0.01  0.4554023030483963  0.45376476238734953  1.1301821611371765  14.226437601241809  14.226437601241809  1.0  0.604  0.245  0.151  0.645  0.355  0.645  0.355  1.0  0.839  0.09  0.072  0.85  0.15  0.85  0.15
5  2.25  0.01  0.01  0.6589376729786618  1.8098690135925692  1.7372152897520166  24.46604785320774  24.46604785320774  1.0  0.685  0.186  0.129  0.645  0.355  0.645  0.355  1.0  0.948  0.03  0.021  0.85  0.15  0.85  0.15
5  2.25  0.01  0.01  0.6707356131247059  2.2240596235051133  1.8589133100871287  31.439896157450377  31.439896157450377  1.0  0.69  0.183  0.128  0.645  0.355  0.645  0.355  1.0  0.96  0.024  0.016  0.85  0.15  0.85  0.15
5  2.25  0.01  0.01  0.5837367576511502  2.0594879287971155  1.7904731794036932  29.488345513971897  29.488345513971897  1.0  0.656  0.207  0.138  0.645  0.355  0.645  0.355  1.0  0.954  0.028  0.019  0.85  0.15  0.85  0.15
5  2.25  0.01  0.01  0.46531932801697856  0.5231032242974826  1.1567903484211948  14.256746125368494  14.256746125368494  1.0  0.608  0.242  0.15  0.645  0.355  0.645  0.355  1.0  0.846  0.086  0.069  0.85  0.15  0.85  0.15
5  2.25  0.01  0.01  0.4567140052294758  0.46458167631942093  1.134806152909349  14.233563591747206  14.233563591747206  1.0  0.604  0.245  0.151  0.645  0.355  0.645  0.355  1.0  0.84  0.089  0.071  0.85  0.15  0.85  0.15
5  2.25  0.01  0.01  0.46957646913903484  0.5547084175757722  1.1684969220137436  14.290543632652685  14.290543632652685  1.0  0.61  0.241  0.15  0.645  0.355  0.645  0.355  1.0  0.849  0.084  0.067  0.85  0.15  0.85  0.15
5  2.25  0.01  0.01  0.455852503392961  0.4575337736640928  1.1323497163831655  14.229512593509249  14.229512593509249  1.0  0.604  0.245  0.151  0.645  0.355  0.645  0.355  1.0  0.839  0.089  0.071  0.85  0.15  0.85  0.15
5  2.25  0.01  0.01  0.4578831357032892  0.4716745174465309  1.1379888545192942  14.233067465263916  14.233067465263916  1.0  0.605  0.244  0.151  0.645  0.355  0.645  0.355  1.0  0.841  0.088  0.071  0.85  0.15  0.85  0.15
5  2.25  0.01  0.01  0.6549840511939201  1.7930659974924765  1.7246450944240301  24.235442951349818  24.235442951349818  1.0  0.684  0.187  0.129  0.645  0.355  0.645  0.355  1.0  0.947  0.031  0.022  0.85  0.15  0.85  0.15
5  2.25  0.01  0.01  0.47942641777557254  0.6131749812871586  1.191244457275665  14.367340679879135  14.367340679879135  1.0  0.614  0.238  0.149  0.645  0.355  0.645  0.355  1.0  0.854  0.081  0.065  0.85  0.15  0.85  0.15
5  2.25  0.01  0.01  0.6641402108902966  2.6256671150501685  1.978167062402409  37.804394730323885  37.804394730323885  1.0  0.687  0.185  0.128  0.645  0.355  0.645  0.355  1.0  0.969  0.019  0.011  0.85  0.15  0.85  0.15
5  2.25  0.01  0.01  0.47078191024571314  0.5609259229836463  1.1708909543292743  14.288860666729192  14.288860666729192  1.0  0.61  0.24  0.149  0.645  0.355  0.645  0.355  1.0  0.849  0.084  0.067  0.85  0.15  0.85  0.15
5  2.25  0.01  0.01  0.69259647847418  2.70661549312457  2.037875185983227  39.01288248840778  39.01288248840778  1.0  0.698  0.177  0.125  0.645  0.355  0.645  0.355  1.0  0.973  0.017  0.01  0.85  0.15  0.85  0.15
5  2.25  0.01  0.01  0.5929179198116384  2.096301214015996  1.7960212862980858  29.943536367007116  29.943536367007116  1.0  0.659  0.204  0.137  0.645  0.355  0.645  0.355  1.0  0.954  0.027  0.018  0.85  0.15  0.85  0.15
5  2.25  0.01  0.01  0.6634919978861217  2.340066332099911  1.9142717509108236  32.78186752458569  32.78186752458569  1.0  0.687  0.185  0.128  0.645  0.355  0.645  0.355  1.0  0.965  0.022  0.014  0.85  0.15  0.85  0.15
5  2.25  0.01  0.01  0.5968100467720684  1.5766486466339285  1.6742822572542613  20.490737837131913  20.490737837131913  1.0  0.661  0.203  0.136  0.645  0.355  0.645  0.355  1.0  0.941  0.034  0.025  0.85  0.15  0.85  0.15
5  2.25  0.01  0.01  0.48755545270754436  0.8037516034365818  1.2552291562645808  15.006139838835814  15.006139838835814  1.0  0.617  0.235  0.148  0.645  0.355  0.645  0.355  1.0  0.869  0.072  0.058  0.85  0.15  0.85  0.15
5  2.25  0.01  0.01  0.6343281568909872  2.242489799885016  1.8436108848498034  31.905376428921024  31.905376428921024  1.0  0.676  0.193  0.132  0.645  0.355  0.645  0.355  1.0  0.959  0.025  0.016  0.85  0.15  0.85  0.15
5  2.25  0.01  0.01  0.4714436933471866  0.5634146562710939  1.1720894401490636  14.291190286339088  14.291190286339088  1.0  0.61  0.24  0.149  0.645  0.355  0.645  0.355  1.0  0.85  0.083  0.067  0.85  0.15  0.85  0.15
5  2.25  0.01  0.01  0.689331749815908  2.6978134724464313  2.0257826714828013  38.8688073345029  38.8688073345029  1.0  0.697  0.178  0.125  0.645  0.355  0.645  0.355  1.0  0.972  0.018  0.01  0.85  0.15  0.85  0.15
5  2.25  0.01  0.01  0.692076587340071  2.42786523881872  1.9394364571783202  33.92223384420495  33.92223384420495  1.0  0.698  0.177  0.125  0.645  0.355  0.645  0.355  1.0  0.967  0.021  0.013  0.85  0.15  0.85  0.15
5  2.25  0.01  0.01  0.4450742811816208  0.3809117921889524  1.1048389097380609  14.218832064579692  14.218832064579692  1.0  0.6  0.248  0.152  0.645  0.355  0.645  0.355  1.0  0.832  0.093  0.075  0.85  0.15  0.85  0.15
5  2.25  0.01  0.01  0.6170358705030264  1.5395206571289535  1.645095992191352  19.611037010850996  19.611037010850996  1.0  0.669  0.197  0.134  0.645  0.355  0.645  0.355  1.0  0.937  0.036  0.026  0.85  0.15  0.85  0.15
5  2.25  0.01  0.01  0.4886506930442472  0.6704477360803278  1.1979879648988636  14.64400151406959  14.64400151406959  1.0  0.618  0.235  0.148  0.645  0.355  0.645  0.355  1.0  0.856  0.08  0.064  0.85  0.15  0.85  0.15
5  2.25  0.01  0.01  0.4743767956683143  0.5898965565021261  1.1818442991041407  14.328281027291801  14.328281027291801  1.0  0.612  0.239  0.149  0.645  0.355  0.645  0.355  1.0  0.852  0.082  0.066  0.85  0.15  0.85  0.15
5  2.25  0.01  0.01  0.5526532769307656  1.9393653996898965  1.711501192637997  27.939720417959265  27.939720417959265  1.0  0.643  0.216  0.141  0.645  0.355  0.645  0.355  1.0  0.945  0.032  0.023  0.85  0.15  0.85  0.15
5  2.25  0.01  0.01  0.6041494452106684  2.138178253144537  1.7732168688392924  30.63496869146047  30.63496869146047  1.0  0.664  0.201  0.135  0.645  0.355  0.645  0.355  1.0  0.952  0.028  0.019  0.85  0.15  0.85  0.15
3.5  1.75  0.01  0.01  0.3144942196247028  0.4052189862944477  0.7807583145760308  14.176830521841582  14.176830521841582  1.0  0.607  0.295  0.098  0.645  0.355  0.645  0.355  1.0  0.811  0.135  0.054  0.85  0.15  0.85  0.15
3.5  1.75  0.01  0.01  0.34621410261192653  0.7048814184917165  0.8498873699670629  14.557770833743156  14.557770833743156  1.0  0.623  0.282  0.095  0.645  0.355  0.645  0.355  1.0  0.834  0.119  0.047  0.85  0.15  0.85  0.15
3.5  1.75  0.01  0.01  0.3140183174214722  0.4006857282270545  0.7794552657260725  14.176157111381578  14.176157111381578  1.0  0.607  0.295  0.098  0.645  0.355  0.645  0.355  1.0  0.811  0.136  0.054  0.85  0.15  0.85  0.15
3.5  1.75  0.01  0.01  0.3428324418927946  0.8094669033360751  0.8816411457678826  14.88031230429072  14.88031230429072  1.0  0.621  0.283  0.096  0.645  0.355  0.645  0.355  1.0  0.844  0.112  0.044  0.85  0.15  0.85  0.15
3.5  1.75  0.01  0.01  0.33968766926633276  0.6478356343776123  0.8334836761177873  14.53485180486382  14.53485180486382  1.0  0.62  0.284  0.096  0.645  0.355  0.645  0.355  1.0  0.829  0.123  0.048  0.85  0.15  0.85  0.15
3.5  1.75  0.01  0.01  0.3106969212784982  0.3679350507961458  0.7714088014208527  14.185766175485867  14.185766175485867  1.0  0.605  0.297  0.098  0.645  0.355  0.645  0.355  1.0  0.808  0.138  0.055  0.85  0.15  0.85  0.15
3.5  1.75  0.01  0.01  0.3118798010396101  0.3789946907418104  0.7737563033661244  14.182600143636966  14.182600143636966  1.0  0.606  0.296  0.098  0.645  0.355  0.645  0.355  1.0  0.809  0.137  0.054  0.85  0.15  0.85  0.15
3.5  1.75  0.01  0.01  0.34833787161580265  0.7228006848526501  0.855064940592157  14.572163975373883  14.572163975373883  1.0  0.624  0.281  0.095  0.645  0.355  0.645  0.355  1.0  0.836  0.118  0.046  0.85  0.15  0.85  0.15
3.5  1.75  0.01  0.01  0.32900402905992965  0.54951917256814  0.8176655336313104  14.188861727715725  14.188861727715725  1.0  0.614  0.289  0.097  0.645  0.355  0.645  0.355  1.0  0.824  0.126  0.05  0.85  0.15  0.85  0.15
3.5  1.75  0.01  0.01  0.33307871755633894  0.5872482889485409  0.8281676965328943  14.222331537070064  14.222331537070064  1.0  0.616  0.287  0.096  0.645  0.355  0.645  0.355  1.0  0.827  0.124  0.049  0.85  0.15  0.85  0.15
3.5  1.75  0.01  0.01  0.3561708386464095  0.9205870458471892  0.9182910001660078  14.902761102244797  14.902761102244797  1.0  0.628  0.278  0.095  0.645  0.355  0.645  0.355  1.0  0.855  0.104  0.041  0.85  0.15  0.85  0.15
3.5  1.75  0.01  0.01  0.3325275738928033  0.5825048632408498  0.8267427068613236  14.212394927801688  14.212394927801688  1.0  0.616  0.287  0.096  0.645  0.355  0.645  0.355  1.0  0.827  0.124  0.049  0.85  0.15  0.85  0.15
3.5  1.75  0.01  0.01  0.3127401574485815  0.3870060882447201  0.7761507980360696  14.18031038661379  14.18031038661379  1.0  0.606  0.296  0.098  0.645  0.355  0.645  0.355  1.0  0.809  0.137  0.054  0.85  0.15  0.85  0.15
3.5  1.75  0.01  0.01  0.3157557663510881  0.4194200478311138  0.7840170537105221  14.173178041559282  14.173178041559282  1.0  0.608  0.295  0.098  0.645  0.355  0.645  0.355  1.0  0.812  0.135  0.053  0.85  0.15  0.85  0.15
3.5  1.75  0.01  0.01  0.3343260581492736  0.5996887295916418  0.8312470394530187  14.234369245990443  14.234369245990443  1.0  0.617  0.287  0.096  0.645  0.355  0.645  0.355  1.0  0.828  0.123  0.049  0.85  0.15  0.85  0.15
3.5  1.75  0.01  0.01  0.3328019856925831  0.5830213296265011  0.8271118321338492  14.21181861300144  14.21181861300144  1.0  0.616  0.287  0.096  0.645  0.355  0.645  0.355  1.0  0.827  0.124  0.049  0.85  0.15  0.85  0.15
3.5  1.75  0.01  0.01  0.3468376788068052  0.7111366723133551  0.8518231775916282  14.564703696830804  14.564703696830804  1.0  0.623  0.281  0.095  0.645  0.355  0.645  0.355  1.0  0.835  0.118  0.047  0.85  0.15  0.85  0.15
3.5  1.75  0.01  0.01  0.31572890938041903  0.4184237499210438  0.7838091473844723  14.173629755366603  14.173629755366603  1.0  0.608  0.295  0.098  0.645  0.355  0.645  0.355  1.0  0.812  0.135  0.053  0.85  0.15  0.85  0.15
3.5  1.75  0.01  0.01  0.32370714081562124  0.4989248044219777  0.8041910186040563  14.171877730569724  14.171877730569724  1.0  0.612  0.291  0.097  0.645  0.355  0.645  0.355  1.0  0.819  0.13  0.051  0.85  0.15  0.85  0.15
3.5  1.75  0.01  0.01  0.31391448144040135  0.39807110876843677  0.7787289821175709  14.177608329585274  14.177608329585274  1.0  0.607  0.295  0.098  0.645  0.355  0.645  0.355  1.0  0.81  0.136  0.054  0.85  0.15  0.85  0.15
3.5  1.75  0.01  0.01  0.3446991808373483  0.6921210028163  0.8462033518257381  14.551694869093069  14.551694869093069  1.0  0.622  0.282  0.096  0.645  0.355  0.645  0.355  1.0  0.833  0.12  0.047  0.85  0.15  0.85  0.15
3.5  1.75  0.01  0.01  0.344870601873573  0.8273864046096145  0.8874999428521095  14.880392907135125  14.880392907135125  1.0  0.622  0.282  0.096  0.645  0.355  0.645  0.355  1.0  0.846  0.111  0.043  0.85  0.15  0.85  0.15
3.5  1.75  0.01  0.01  0.31951785123364396  0.4564423476298418  0.7933940604589294  14.17034417128307  14.17034417128307  1.0  0.61  0.293  0.097  0.645  0.355  0.645  0.355  1.0  0.815  0.132  0.052  0.85  0.15  0.85  0.15
3.5  1.75  0.01  0.01  0.3140335908062581  0.4006258624744095  0.7794644186957496  14.176157111949744  14.176157111949744  1.0  0.607  0.295  0.098  0.645  0.355  0.645  0.355  1.0  0.811  0.136  0.054  0.85  0.15  0.85  0.15
3.5  1.75  0.01  0.01  0.3112464566781515  0.37195643000400364  0.7722308467008232  14.184502676833244  14.184502676833244  1.0  0.605  0.297  0.098  0.645  0.355  0.645  0.355  1.0  0.808  0.138  0.054  0.85  0.15  0.85  0.15
3.5  1.75  0.01  0.01  0.32026169145821126  0.46465645540383466  0.7955296683497551  14.171206177482196  14.171206177482196  1.0  0.61  0.293  0.097  0.645  0.355  0.645  0.355  1.0  0.816  0.132  0.052  0.85  0.15  0.85  0.15
3.5  1.75  0.01  0.01  0.34619527171756925  0.8377608078052888  0.890743245294815  14.881116056314433  14.881116056314433  1.0  0.623  0.282  0.095  0.645  0.355  0.645  0.355  1.0  0.847  0.11  0.043  0.85  0.15  0.85  0.15
3.5  1.75  0.01  0.01  0.3559343364772051  0.917334164643076  0.9172563205598558  14.902212433035125  14.902212433035125  1.0  0.628  0.278  0.095  0.645  0.355  0.645  0.355  1.0  0.855  0.104  0.041  0.85  0.15  0.85  0.15
3.5  1.75  0.01  0.01  0.3558545527767357  0.7846390088146262  0.87405028004618  14.675986582180563  14.675986582180563  1.0  0.628  0.278  0.095  0.645  0.355  0.645  0.355  1.0  0.842  0.114  0.045  0.85  0.15  0.85  0.15
3.5  1.75  0.01  0.01  0.3123010285675481  0.382417602734382  0.7750362202040266  14.180950056308296  14.180950056308296  1.0  0.606  0.296  0.098  0.645  0.355  0.645  0.355  1.0  0.809  0.137  0.054  0.85  0.15  0.85  0.15
------------------------------------------------------------------------------------------------------------------------------------------------------------------------------------------------------------------------------
3.5  1.75  0.01  0.01  0.2871514976318641  0.4137892006595927  0.7295814548157438  14.236924039072687  13.958268351512757  1.0  0.593  0.307  0.1  0.632  0.368  0.684  0.316  1.0  0.792  0.149  0.059  0.825  0.175  0.95  0.05
3.5  1.75  0.01  0.01  0.37588139276398014  0.9387999605820504  0.9830798002431346  15.121434690167431  14.192526067594617  1.0  0.638  0.269  0.093  0.649  0.351  0.632  0.368  1.0  0.873  0.092  0.035  0.862  0.138  0.8  0.2
3.5  1.75  0.01  0.01  0.2599157179270619  0.4211072547490852  0.76379903189651  14.18690660077471  14.131653920435465  1.0  0.579  0.319  0.102  0.614  0.386  0.737  0.263  1.0  0.805  0.14  0.055  0.838  0.162  0.9  0.1
3.5  1.75  0.01  0.01  0.26871388939662466  0.7399579310065124  0.8646546761134818  14.765920699357391  13.94590871370422  1.0  0.584  0.315  0.101  0.614  0.386  0.737  0.263  1.0  0.839  0.116  0.046  0.85  0.15  0.85  0.15
3.5  1.75  0.01  0.01  0.4075724631298071  0.8553083649652695  1.04021454493108  14.969181980530575  14.636397024564777  1.0  0.653  0.257  0.09  0.667  0.333  0.579  0.421  1.0  0.888  0.082  0.031  0.888  0.112  0.7  0.3
3.5  1.75  0.01  0.01  0.3523494769491607  0.6459545925768916  0.8070293113201381  14.697156124059584  13.970016137763329  1.0  0.626  0.279  0.095  0.649  0.351  0.632  0.368  1.0  0.82  0.129  0.051  0.838  0.162  0.9  0.1
3.5  1.75  0.01  0.01  0.26150365919604196  0.4479870313859998  0.7789768082637574  14.192869465149853  14.09767900787874  1.0  0.58  0.319  0.101  0.614  0.386  0.737  0.263  1.0  0.81  0.136  0.054  0.85  0.15  0.85  0.15
3.5  1.75  0.01  0.01  0.34207278397283236  0.5725966621968704  0.8769470227495941  14.190512160232009  14.25559319380986  1.0  0.621  0.283  0.096  0.649  0.351  0.632  0.368  1.0  0.843  0.113  0.044  0.862  0.138  0.8  0.2
3.5  1.75  0.01  0.01  0.42453690765767593  0.9239098399587541  0.9853643321307543  14.514243609180426  16.289197800362565  1.0  0.661  0.25  0.089  0.667  0.333  0.579  0.421  1.0  0.874  0.091  0.035  0.862  0.138  0.8  0.2
3.5  1.75  0.01  0.01  0.2535600789162028  0.4722624642763277  0.9227315311661946  13.968077109025453  14.921375257115374  1.0  0.576  0.322  0.102  0.614  0.386  0.737  0.263  1.0  0.856  0.103  0.04  0.888  0.112  0.7  0.3
3.5  1.75  0.01  0.01  0.22713391749649117  0.7009745677548995  0.7735644707912803  14.653439674789112  14.225579783695988  1.0  0.562  0.334  0.103  0.596  0.404  0.789  0.211  1.0  0.808  0.137  0.054  0.825  0.175  0.95  0.05
3.5  1.75  0.01  0.01  0.21615473881720298  0.40604138886446905  0.8457099005536943  14.128638358230171  14.375311551038982  1.0  0.557  0.339  0.104  0.596  0.404  0.789  0.211  1.0  0.833  0.12  0.047  0.875  0.125  0.75  0.25
3.5  1.75  0.01  0.01  0.28823366612008117  0.40147278609651665  0.7605734409665746  14.20049832429508  14.096060963636063  1.0  0.594  0.307  0.1  0.632  0.368  0.684  0.316  1.0  0.804  0.141  0.056  0.838  0.162  0.9  0.1
3.5  1.75  0.01  0.01  0.33596842289690876  0.527474865592107  0.7794006984491039  14.119413850161008  14.396107447067374  1.0  0.618  0.286  0.096  0.649  0.351  0.632  0.368  1.0  0.81  0.136  0.054  0.838  0.162  0.9  0.1
3.5  1.75  0.01  0.01  0.26578629603566245  0.451858846101734  0.8261093009831483  14.034651270992859  14.652029391341935  1.0  0.582  0.317  0.101  0.614  0.386  0.737  0.263  1.0  0.826  0.124  0.049  0.85  0.15  0.85  0.15
3.5  1.75  0.01  0.01  0.3572716510308036  0.40611042579171436  0.8221984658998146  14.137490729312836  14.321516036881707  1.0  0.628  0.277  0.095  0.667  0.333  0.579  0.421  1.0  0.825  0.125  0.05  0.862  0.138  0.8  0.2
3.5  1.75  0.01  0.01  0.35249910371926124  0.49790526726158574  0.8637185966099797  13.995995596640256  14.801613381287103  1.0  0.626  0.279  0.095  0.649  0.351  0.632  0.368  1.0  0.839  0.116  0.046  0.875  0.125  0.75  0.25
3.5  1.75  0.01  0.01  0.24242872350238986  0.8632290300316117  0.8986753096452126  14.581749327409764  15.96482896962124  1.0  0.57  0.327  0.103  0.596  0.404  0.789  0.211  1.0  0.849  0.108  0.042  0.862  0.138  0.8  0.2
3.5  1.75  0.01  0.01  0.36511958616804385  0.8462475986409574  0.9329838099814861  15.065046476037384  14.245893874074628  1.0  0.632  0.274  0.094  0.649  0.351  0.632  0.368  1.0  0.859  0.101  0.039  0.862  0.138  0.8  0.2
3.5  1.75  0.01  0.01  0.29800024093606264  0.5710183699535153  0.8264737009357463  14.184558242473871  14.274663213023254  1.0  0.599  0.302  0.099  0.632  0.368  0.684  0.316  1.0  0.827  0.124  0.049  0.85  0.15  0.85  0.15
3.5  1.75  0.01  0.01  0.3350717670633563  0.5283990340304933  0.906560310757809  14.104580031937973  14.467065561355879  1.0  0.617  0.286  0.096  0.649  0.351  0.632  0.368  1.0  0.852  0.107  0.042  0.875  0.125  0.75  0.25
3.5  1.75  0.01  0.01  0.32220671395992023  0.42436683634059164  0.7967455519536916  14.178205975219903  14.159766158176353  1.0  0.611  0.292  0.097  0.649  0.351  0.632  0.368  1.0  0.817  0.131  0.052  0.85  0.15  0.85  0.15
3.5  1.75  0.01  0.01  0.31821064341758293  0.8823411534466331  0.8723021270094359  15.128691700382989  14.044899119174056  1.0  0.609  0.294  0.098  0.632  0.368  0.684  0.316  1.0  0.841  0.114  0.045  0.838  0.162  0.9  0.1
3.5  1.75  0.01  0.01  0.29837868657343475  0.8414330529495422  0.93778129987722  15.134849290419318  13.997324991681603  1.0  0.599  0.302  0.099  0.632  0.368  0.684  0.316  1.0  0.861  0.1  0.039  0.875  0.125  0.75  0.25
3.5  1.75  0.01  0.01  0.3192169559160003  0.9029715735990378  0.8772501648994736  15.132142489587103  14.061852854478289  1.0  0.609  0.293  0.097  0.632  0.368  0.684  0.316  1.0  0.843  0.113  0.044  0.838  0.162  0.9  0.1
3.5  1.75  0.01  0.01  0.24734689111211566  0.4015455716836528  0.7699307585217778  14.203862093361995  14.091320142146381  1.0  0.573  0.325  0.102  0.614  0.386  0.737  0.263  1.0  0.807  0.138  0.055  0.838  0.162  0.9  0.1
3.5  1.75  0.01  0.01  0.31442634436356065  0.6842740642293358  0.888957416163204  14.509466218832754  14.686734945631187  1.0  0.607  0.295  0.098  0.632  0.368  0.684  0.316  1.0  0.846  0.11  0.043  0.862  0.138  0.8  0.2
3.5  1.75  0.01  0.01  0.3570414358794286  0.7043516916300259  0.8992997566452542  14.66306047344994  14.193931050056866  1.0  0.628  0.277  0.095  0.649  0.351  0.632  0.368  1.0  0.85  0.108  0.042  0.875  0.125  0.75  0.25
3.5  1.75  0.01  0.01  0.31310993906980933  0.9277182226350118  0.9731123231590125  15.149828534350796  14.064489603717453  1.0  0.606  0.296  0.098  0.632  0.368  0.684  0.316  1.0  0.87  0.094  0.036  0.862  0.138  0.8  0.2
3.5  1.75  0.01  0.01  0.3281719646288435  0.9512028302216124  0.8993590290855541  15.236802411445938  13.812719089737275  1.0  0.614  0.289  0.097  0.632  0.368  0.684  0.316  1.0  0.85  0.108  0.042  0.838  0.162  0.9  0.1
