2.0  1.0  0.01  0.01  0.6177507521833654  -0.9203565159208662  0.5031668086983219  14.571918171387857  14.652804760585067  1.0  0.711  0.252  0.037  0.745  0.255  0.821  0.179
2.5  0.75  0.01  0.01  0.3316974208317281  0.5635050725817281  2.210097791701131  35.78916748057537  26.377515201666565  1.0  0.779  0.015  0.206  0.752  0.248  0.795  0.205
2.0  0.5  0.01  0.01  0.14694268278658612  0.7705758735652808  1.5836583228490908  25.486315731572997  22.184243175662534  1.0  0.67  0.007  0.323  0.766  0.234  0.744  0.256
2.5  1.75  0.01  0.01  0.21113616460934354  0.9389309561941881  1.4030642074172024  16.97288109607659  18.668434150642376  1.0  0.753  0.239  0.008  0.781  0.219  0.692  0.308
3.5  1.25  0.01  0.01  0.7604055480827551  -0.3345071374283717  0.445739167952762  14.79269241101835  15.24469213836208  1.0  0.834  0.04  0.126  0.788  0.212  0.667  0.333
3.0  1.5  0.01  0.01  0.3241558973367609  0.6616388111983462  0.4654133481142268  14.256679358736303  14.627741069581417  1.0  0.736  0.184  0.08  0.774  0.226  0.718  0.282
3.0  2.0  0.01  0.01  0.41859758910562317  0.8594918069961841  2.42253146624829  31.875950354232533  33.88316186721415  1.0  0.767  0.221  0.012  0.766  0.234  0.744  0.256
2.5  1.25  0.01  0.01  0.1248779543605076  0.9573449784230306  0.48934965495526456  14.505141722108673  14.67360612100536  1.0  0.723  0.196  0.081  0.766  0.234  0.744  0.256
3.5  2.25  0.01  0.01  0.5263102123495231  0.30653069200902094  0.5619626075815771  14.354079234869523  14.898737967783894  1.0  0.702  0.28  0.017  0.766  0.234  0.744  0.256
4.0  1.5  0.01  0.01  0.9664150298160445  -0.689025346299633  0.5855995540736837  15.144290306589602  14.717596018649187  1.0  0.843  0.054  0.103  0.774  0.226  0.718  0.282
4.5  2.75  0.01  0.01  0.821698548504502  -0.07169669924850752  0.7733576772052603  14.97121027496971  13.756582050729607  1.0  0.703  0.273  0.024  0.759  0.241  0.769  0.231
4.5  1.75  0.01  0.01  1.377051350175546  -0.642804290110242  1.317000966992609  18.410565220481214  18.412357952886367  1.0  0.924  0.03  0.046  0.774  0.226  0.718  0.282
2.0  1.5  0.01  0.01  0.5859687643863036  -0.5005791471456027  0.95085364019595  15.56953106058758  14.725212047145513  1.0  0.619  0.378  0.003  0.759  0.241  0.769  0.231
5.0  2.0  0.01  0.01  1.6569136552952748  -0.969837735025314  1.4791186084111192  19.897242326361976  20.77761557635182  1.0  0.93  0.034  0.036  0.766  0.234  0.744  0.256
3.0  1.0  0.01  0.01  0.95433441121772  -0.6497518543779552  1.841393572882946  30.630279863515277  24.549239981379866  1.0  0.95  0.011  0.039  0.73  0.27  0.872  0.128
5.0  2.5  0.01  0.01  1.26812718554781  -0.9354863652230645  0.8268479496786203  14.650150442742703  16.279940045721833  1.0  0.778  0.172  0.05  0.752  0.248  0.795  0.205
4.0  2.5  0.01  0.01  0.8194949031120987  -0.20162347664394664  0.5383007416847807  14.328298166995351  14.608413772814655  1.0  0.706  0.275  0.019  0.781  0.219  0.692  0.308
4.0  2.0  0.01  0.01  0.8691325265485961  0.3306994718311045  1.8765826826372947  25.650414158419313  27.023163619134614  1.0  0.832  0.117  0.051  0.766  0.234  0.744  0.256
6.0  3.5  0.01  0.01  1.828932128351794  -0.938249720057595  1.5308538695567782  17.806610863686313  20.954262752272562  1.0  0.786  0.195  0.018  0.752  0.248  0.795  0.205
4.5  2.25  0.01  0.01  1.2836895981645045  -0.7302251642968358  1.4903442288638211  19.746441756432052  15.031858650929626  1.0  0.826  0.135  0.039  0.745  0.255  0.821  0.179
5.0  3.0  0.01  0.01  1.1047108500369232  0.17605030187009785  1.4047434409233777  16.887974509608046  18.258552446851184  1.0  0.771  0.207  0.022  0.766  0.234  0.744  0.256
3.5  1.75  0.01  0.01  0.8155557714527194  -0.28229522624430814  1.2550943165936568  16.661485421991568  14.24749176690339  1.0  0.795  0.152  0.054  0.737  0.263  0.846  0.154
5.5  3.25  0.01  0.01  1.5972828071781302  0.11403653452313578  2.358476946740066  30.761985087661337  35.924566830140996  1.0  0.834  0.15  0.017  0.774  0.226  0.718  0.282
6.0  2.5  0.01  0.01  1.5006511525336506  -0.8274420112107985  0.8695789183824704  15.63995987575782  14.640741039612985  1.0  0.845  0.076  0.079  0.781  0.219  0.692  0.308
5.5  2.75  0.01  0.01  1.2845054507670433  -0.9350126014959166  0.5399385154646764  14.237434698805014  14.49555681247518  1.0  0.759  0.185  0.056  0.766  0.234  0.744  0.256
6.0  3.0  0.01  0.01  1.2224504190860974  0.12752877383784056  1.4641162886500059  19.022698404680057  15.39794300903753  1.0  0.794  0.147  0.059  0.737  0.263  0.846  0.154
5.5  2.25  0.01  0.01  1.1066312359841204  0.6651654138131322  1.8446393434055262  26.130094310343086  25.707035136222338  1.0  0.857  0.052  0.091  0.774  0.226  0.718  0.282
2.0  0.5  0.01  0.01  0.5322822905861405  -0.6000701988459742  0.580398803981134  18.33436763130549  18.319296843454648  1.0  0.917  0.002  0.081  0.745  0.255  0.821  0.179
3.0  2.0  0.01  0.01  0.7967352816283011  -0.029736069151277578  1.5643159422961261  18.625267419707438  22.23180337185447  1.0  0.757  0.234  0.009  0.781  0.219  0.692  0.308
2.5  1.75  0.01  0.01  0.6743599665529108  -0.25190526351884657  1.3408133200407448  17.059124096996275  16.09500039889158  1.0  0.703  0.29  0.006  0.766  0.234  0.744  0.256
2.5  0.75  0.01  0.01  0.4855221847321316  -0.04617722552828418  0.5403254728447844  15.653837753068892  16.565759692261555  1.0  0.831  0.012  0.157  0.781  0.219  0.692  0.308
2.0  1.5  0.01  0.01  0.9907563430405435  -0.9756298380237531  1.9200935806842634  28.464392903324597  23.93008066562022  1.0  0.613  0.386  0.001  0.766  0.234  0.744  0.256
2.5  1.25  0.01  0.01  0.7834322599614477  -0.8957400778938667  0.7488681672422769  15.103073122826745  14.375071545673272  1.0  0.773  0.191  0.036  0.752  0.248  0.795  0.205
3.5  1.75  0.01  0.01  0.8684256595424067  -0.7814085699082947  0.5151476256079218  14.359325731596615  14.163567682306965  1.0  0.756  0.191  0.053  0.774  0.226  0.718  0.282
3.5  1.25  0.01  0.01  0.7705640836576237  0.03914537901811577  1.5241785369632797  21.58959733102904  19.529071973347747  1.0  0.871  0.026  0.103  0.752  0.248  0.795  0.205
3.0  1.0  0.01  0.01  0.9367212836562052  -0.9424150850551603  0.97596778942135  17.725420861043474  15.827588106668433  1.0  0.927  0.02  0.053  0.752  0.248  0.795  0.205
3.0  1.5  0.01  0.01  0.9363386420173357  -0.33784563370498977  2.1697221842508108  33.10574015087971  22.126365751945514  1.0  0.869  0.1  0.031  0.752  0.248  0.795  0.205
2.0  1.0  0.01  0.01  0.26614704364805114  0.3249686127375495  0.6352301267268649  14.355138153630975  14.517253407818052  1.0  0.748  0.175  0.077  0.774  0.226  0.718  0.282
4.0  1.5  0.01  0.01  1.201869125942761  -0.5262633556103544  1.2951048269382823  18.400067345651028  17.863204681950812  1.0  0.928  0.023  0.048  0.788  0.212  0.667  0.333
3.5  2.25  0.01  0.01  0.29319600968709514  0.9141917538456961  0.5964629272564232  14.567435261612761  14.768828459006617  1.0  0.709  0.273  0.018  0.752  0.248  0.795  0.205
5.0  3.0  0.01  0.01  0.6117047952352798  0.9397820921410474  0.8487315039040162  14.640692699623008  16.41192074011811  1.0  0.727  0.245  0.029  0.759  0.241  0.769  0.231
4.5  2.75  0.01  0.01  1.5658759259662665  -0.580134015732779  2.344933618651067  33.656987389044026  25.983412377016382  1.0  0.814  0.175  0.011  0.752  0.248  0.795  0.205
6.0  3.5  0.01  0.01  1.308166224340862  -0.41372229129805604  0.6734952567092033  14.122499540206714  16.355341064575438  1.0  0.734  0.238  0.028  0.781  0.219  0.692  0.308
4.5  1.75  0.01  0.01  0.6910208875301652  0.9502578381912756  1.828441399161455  25.10559672358248  26.55926122454551  1.0  0.815  0.054  0.131  0.766  0.234  0.744  0.256
4.5  2.25  0.01  0.01  0.8011679630067307  0.11525454492395037  0.9325686255090834  15.219153921486575  14.099694154971608  1.0  0.761  0.171  0.068  0.752  0.248  0.795  0.205
4.0  2.0  0.01  0.01  1.152934634988015  -0.8574772895346079  0.9386527140288786  15.332131153637864  14.366932075787805  1.0  0.809  0.151  0.04  0.781  0.219  0.692  0.308
5.0  2.0  0.01  0.01  1.1723410358163884  -0.10404776474995603  1.3388399977637955  19.013068547192553  15.49501215683132  1.0  0.866  0.049  0.084  0.759  0.241  0.769  0.231
5.5  2.75  0.01  0.01  1.8613372847899896  -0.8726895992152177  2.34315101446156  31.894666395332568  35.86406458735592  1.0  0.879  0.096  0.025  0.752  0.248  0.795  0.205
6.0  3.0  0.01  0.01  1.0113897103443625  -0.2635400181637333  0.3917373702817443  14.278638803591258  14.05756035085807  1.0  0.718  0.207  0.074  0.745  0.255  0.821  0.179
5.0  2.5  0.01  0.01  1.3367136743232808  -0.7211597253972115  1.1488916311062998  16.161750017160415  14.125823818501326  1.0  0.812  0.143  0.044  0.759  0.241  0.769  0.231
5.5  3.25  0.01  0.01  1.2048997625700189  -0.7486386193345571  0.5022655017991859  14.30647656403307  14.351963341546265  1.0  0.7  0.273  0.026  0.766  0.234  0.744  0.256
6.0  2.5  0.01  0.01  0.9416308155448808  0.6501040074188913  0.7644765002661308  14.53241286204311  16.60842688198302  1.0  0.78  0.093  0.127  0.774  0.226  0.718  0.282
4.0  2.5  0.01  0.01  0.8468973703464746  0.31992389164932544  1.4655514478960692  18.677104893905753  14.121173409922148  1.0  0.767  0.216  0.017  0.774  0.226  0.718  0.282
5.5  2.25  0.01  0.01  1.5006142925898762  0.38417377938673325  2.686787740199701  40.7425644414398  33.35234982009471  1.0  0.925  0.027  0.047  0.781  0.219  0.692  0.308
2.5  0.75  0.01  0.01  0.6247492464157448  -0.09451066271385966  2.16934976232136  34.8859167719803  32.50246627554943  1.0  0.925  0.004  0.071  0.745  0.255  0.821  0.179
2.0  0.5  0.01  0.01  0.2927317501296665  0.40523333203469525  1.6980231488848612  28.373064638597405  26.59968968609457  1.0  0.812  0.002  0.186  0.759  0.241  0.769  0.231
3.0  1.0  0.01  0.01  0.5756964235703886  0.5844042442819395  2.54252957879422  36.28512502793009  44.14906302924141  1.0  0.883  0.012  0.105  0.766  0.234  0.744  0.256
2.5  1.25  0.01  0.01  0.6583025094097373  -0.15326199067019508  1.6288177102414354  21.962101115649748  18.197431166829745  1.0  0.837  0.12  0.043  0.752  0.248  0.795  0.205
2.0  1.0  0.01  0.01  0.3374273242541897  0.2864686460401782  1.152066453213715  14.209788431386123  20.314950844819  1.0  0.792  0.142  0.065  0.774  0.226  0.718  0.282
2.0  1.5  0.01  0.01  0.056013615356527824  0.8729834976457305  0.5487096135941889  15.516075131638116  15.278257332479003  1.0  0.734  0.262  0.004  0.759  0.241  0.769  0.231
3.5  1.25  0.01  0.01  0.6680733156994063  0.3085323216453173  1.4971966037992317  21.177489249743388  18.14185811997825  1.0  0.845  0.03  0.125  0.766  0.234  0.744  0.256
3.5  1.75  0.01  0.01  0.3910431035449243  0.7474584833164724  0.8027826833775931  15.256431038067072  14.263727420889113  1.0  0.74  0.182  0.079  0.766  0.234  0.744  0.256
2.5  1.75  0.01  0.01  0.7216333173759987  -0.8682513317711251  0.4729779611839359  14.843155374056327  15.008751612167993  1.0  0.59  0.405  0.006  0.766  0.234  0.744  0.256
4.0  2.0  0.01  0.01  0.851497789430264  0.21295563364973313  1.1266330997137415  15.664924725157618  15.05669581998806  1.0  0.816  0.129  0.054  0.796  0.204  0.641  0.359
3.0  1.5  0.01  0.01  0.3072778530924002  0.5602962414621884  0.46528172199526974  14.331675485703773  14.23046190454405  1.0  0.714  0.202  0.084  0.752  0.248  0.795  0.205
3.0  2.0  0.01  0.01  0.6741199848569775  0.29646122708770317  2.382103884716367  33.032124293049215  29.672683319503577  1.0  0.767  0.223  0.01  0.766  0.234  0.744  0.256
5.0  2.5  0.01  0.01  0.6906360335728459  0.962520767913531  0.9193258576352656  15.196747656757402  14.360501417788445  1.0  0.769  0.16  0.071  0.781  0.219  0.692  0.308
4.0  1.5  0.01  0.01  0.6152907723248766  0.9800775600812637  1.7478935515482608  23.358984138812346  27.456467941972313  1.0  0.829  0.041  0.131  0.774  0.226  0.718  0.282
4.5  1.75  0.01  0.01  0.6066592795150427  0.4715413092212788  0.5452297693751841  14.429548663345857  15.36750299629473  1.0  0.737  0.089  0.173  0.759  0.241  0.769  0.231
4.5  2.75  0.01  0.01  1.1884875568056021  -0.5860186600919628  1.1081146454336734  14.621765746901747  16.898277159728472  1.0  0.738  0.244  0.018  0.766  0.234  0.744  0.256
3.5  2.25  0.01  0.01  1.035847037019907  -0.5767207600603697  1.166905230016768  15.791190606233407  14.255251548417638  1.0  0.732  0.258  0.011  0.774  0.226  0.718  0.282
4.0  2.5  0.01  0.01  0.5878821713084318  0.5328090874504803  0.8751957006100809  15.209412027418567  14.345555209510835  1.0  0.723  0.256  0.021  0.766  0.234  0.744  0.256
5.5  2.75  0.01  0.01  0.782236185137614  0.4140076376495425  0.5017444681269958  14.252403575040727  14.208575772361195  1.0  0.728  0.195  0.078  0.752  0.248  0.795  0.205
4.5  2.25  0.01  0.01  0.8604702745283772  0.32986412459292924  1.491587513585412  17.780323803757046  20.346636283306463  1.0  0.797  0.143  0.061  0.752  0.248  0.795  0.205
5.0  3.0  0.01  0.01  1.1120275704058735  -0.8953133539317464  0.4067365847760524  14.33576045513632  14.566434518394866  1.0  0.678  0.298  0.024  0.759  0.241  0.769  0.231
6.0  3.5  0.01  0.01  0.9226126581041387  0.6153739192402907  0.5903931039778346  14.243137117579126  14.623460508948423  1.0  0.732  0.235  0.033  0.774  0.226  0.718  0.282
5.5  3.25  0.01  0.01  0.7779205813481169  0.9076925069041308  1.4085665039104813  16.295472678348784  20.335242259476946  1.0  0.741  0.229  0.03  0.745  0.255  0.821  0.179
5.0  2.0  0.01  0.01  1.1682187880597563  0.2714937230654475  2.15741423144297  32.103631408435355  28.97196545879352  1.0  0.885  0.039  0.076  0.774  0.226  0.718  0.282
6.0  2.5  0.01  0.01  1.494733526517334  -0.26819577185845667  1.3046840033705378  17.96736861840483  15.637811533473329  1.0  0.871  0.057  0.072  0.766  0.234  0.744  0.256
5.5  2.25  0.01  0.01  1.4421193790736775  0.06591693535873944  2.232829951852134  33.16707966370617  29.146897454738202  1.0  0.904  0.037  0.059  0.766  0.234  0.744  0.256
6.0  3.0  0.01  0.01  1.2923186585524193  -0.9596493889360473  0.3745152348678654  14.201398891546178  14.408528692307426  1.0  0.738  0.2  0.062  0.759  0.241  0.769  0.231
2.0  0.5  0.01  0.01  0.2543471916298833  0.4029530782757018  2.626655311072081  45.21325755512284  37.02899644165831  1.0  0.749  0.004  0.247  0.737  0.263  0.846  0.154
2.5  0.75  0.01  0.01  0.871945939640128  -0.59941555400773  1.5378956416551055  25.03177499824013  24.219081885853136  1.0  0.979  0.003  0.018  0.752  0.248  0.795  0.205
2.0  1.5  0.01  0.01  0.2679976593756373  0.332823382500268  0.7844165416593745  15.314541263494776  15.065429019346107  1.0  0.691  0.305  0.004  0.766  0.234  0.744  0.256
2.5  1.25  0.01  0.01  0.6724128981176374  -0.2980194176022595  1.3336585668627547  16.887871888240575  17.97768892536246  1.0  0.823  0.133  0.043  0.752  0.248  0.795  0.205
3.0  1.5  0.01  0.01  0.49897542844826615  0.272517996176435  0.9044574680176612  14.033488443184975  18.251365772954212  1.0  0.769  0.162  0.069  0.766  0.234  0.744  0.256
2.0  1.0  0.01  0.01  0.4592625390633469  -0.20486046888978393  0.852633256168018  15.152607499432275  14.34457533673631  1.0  0.783  0.161  0.056  0.766  0.234  0.744  0.256
2.5  1.75  0.01  0.01  0.4037477054319147  0.41651772455653235  1.2731861228190304  15.727194315507795  16.917961761302593  1.0  0.728  0.264  0.008  0.774  0.226  0.718  0.282
3.0  2.0  0.01  0.01  1.0289038619650757  -0.9283185304146544  1.1376494990470933  15.932202528341724  14.351208802594973  1.0  0.682  0.311  0.007  0.766  0.234  0.744  0.256
3.5  1.75  0.01  0.01  0.9923751576673184  -0.9039680446162943  0.8200671851083879  14.75589912974827  16.145898405075584  1.0  0.786  0.172  0.042  0.766  0.234  0.744  0.256
3.0  1.0  0.01  0.01  0.5851505031158015  -0.32791462089231405  0.542288596127073  15.640859574010253  14.464707514623846  1.0  0.791  0.038  0.171  0.737  0.263  0.846  0.154
4.0  1.5  0.01  0.01  0.8561766679208964  -0.5585458868559445  0.5946265730919807  15.210208472512171  14.425321865749783  1.0  0.806  0.064  0.13  0.752  0.248  0.795  0.205
4.0  2.0  0.01  0.01  1.3035977066254087  -0.4836858053625037  2.470815209063601  33.791311056915504  35.96780302817677  1.0  0.879  0.093  0.027  0.737  0.263  0.846  0.154
4.5  1.75  0.01  0.01  1.3259237907191617  -0.7864056731493516  1.1621544257892458  16.449148181146157  18.615784032601056  1.0  0.906  0.038  0.056  0.781  0.219  0.692  0.308
3.5  2.25  0.01  0.01  0.8435166632050944  -0.3348628805164078  0.9540696871741015  15.15182951719003  14.334812208506136  1.0  0.713  0.274  0.014  0.766  0.234  0.744  0.256
5.5  3.25  0.01  0.01  0.9771359386685691  0.4423016028975979  1.4513387428441746  17.069566970081052  18.453156392596213  1.0  0.747  0.225  0.028  0.737  0.263  0.846  0.154
5.0  2.5  0.01  0.01  1.3012365485158461  -0.6737429983855194  0.9765265584691041  15.33817321142168  14.21990295094668  1.0  0.808  0.146  0.046  0.774  0.226  0.718  0.282
6.0  3.5  0.01  0.01  0.839035587060911  0.7946482184455244  0.603884427762319  14.232295863422992  14.735261538421506  1.0  0.727  0.239  0.034  0.774  0.226  0.718  0.282
6.0  3.0  0.01  0.01  1.1665504524467827  0.6676348359027089  2.0834014909822263  30.86296939230114  24.26895429824145  1.0  0.814  0.129  0.057  0.759  0.241  0.769  0.231
5.0  3.0  0.01  0.01  0.8172725983533706  0.43641204753672524  0.9570560919832062  15.147109575849734  14.11082762576898  1.0  0.731  0.242  0.027  0.766  0.234  0.744  0.256
5.5  2.25  0.01  0.01  1.3133357814132  0.31889665177047877  2.3159294168695177  34.737422327450844  27.375756362136183  1.0  0.888  0.042  0.07  0.766  0.234  0.744  0.256
5.5  2.75  0.01  0.01  0.9041319249272052  0.5996720442505707  1.2333681952730275  15.608047126391364  16.567046893974293  1.0  0.774  0.158  0.068  0.752  0.248  0.795  0.205
4.5  2.25  0.01  0.01  1.26160382340454  -0.37720792178309437  1.6111696115147232  21.638767169280914  17.263687241776186  1.0  0.847  0.114  0.038  0.752  0.248  0.795  0.205
3.5  1.25  0.01  0.01  0.8216872403351902  0.04167152652818018  1.5765699567285807  22.425880711784302  21.44501539757014  1.0  0.892  0.021  0.087  0.752  0.248  0.795  0.205
5.0  2.0  0.01  0.01  1.3601373901161178  -0.001792881916533151  1.960639609815758  30.445164616676692  23.082421328964628  1.0  0.915  0.03  0.055  0.788  0.212  0.667  0.333
4.0  2.5  0.01  0.01  0.7033632396624185  0.46717337213653143  1.3669508624528262  17.903736644064452  14.121371873263383  1.0  0.747  0.234  0.019  0.766  0.234  0.744  0.256
6.0  2.5  0.01  0.01  1.0629283604553974  -0.010692775662005216  0.8075809794472604  15.035954418259525  16.062587342757205  1.0  0.775  0.101  0.124  0.752  0.248  0.795  0.205
4.5  2.75  0.01  0.01  0.5381144824388447  0.5473730903077645  0.39872026113361736  14.499758589910787  14.472619065676405  1.0  0.692  0.281  0.027  0.752  0.248  0.795  0.205
2.0  0.5  0.01  0.01  0.4860101997282626  -0.2723471333207128  0.8699729555697577  19.16951622484317  18.91746141133169  1.0  0.917  0.001  0.082  0.766  0.234  0.744  0.256
2.0  1.0  0.01  0.01  0.6758877303659825  -0.8237259453524419  0.7020978025895136  14.117659889091566  17.865692620439486  1.0  0.775  0.195  0.03  0.781  0.219  0.692  0.308
2.5  1.25  0.01  0.01  0.5013161859135699  0.2965345495231917  1.4857150701433697  19.097262662434623  15.404332850385012  1.0  0.824  0.121  0.055  0.781  0.219  0.692  0.308
3.5  1.75  0.01  0.01  0.5503431617184146  0.21483729744325775  0.7670472794230151  14.848450050984495  14.083919076929893  1.0  0.744  0.182  0.074  0.752  0.248  0.795  0.205
2.5  1.75  0.01  0.01  0.6465657124910646  -0.18616962441822626  1.6342289642135426  21.194498264468947  17.72600700929267  1.0  0.705  0.289  0.007  0.745  0.255  0.821  0.179
3.0  1.0  0.01  0.01  0.45686935199811396  0.4419544799958046  2.169474547700405  32.44530465939015  33.39717316515566  1.0  0.793  0.028  0.179  0.745  0.255  0.821  0.179
3.0  1.5  0.01  0.01  0.6744877421051784  -0.036997134835704104  1.1589227813100993  16.09504557053676  13.969837790222613  1.0  0.808  0.138  0.054  0.766  0.234  0.744  0.256
4.0  2.5  0.01  0.01  1.0077267970348927  0.2307756798851115  1.6071471438488032  19.19154405149329  21.294973866206483  1.0  0.795  0.191  0.014  0.788  0.212  0.667  0.333
2.5  0.75  0.01  0.01  0.5564156673021531  -0.1862353973522024  0.7621043039333492  17.016998030050804  15.937198609768956  1.0  0.872  0.009  0.119  0.774  0.226  0.718  0.282
3.5  1.25  0.01  0.01  0.5913038411537378  0.04449251576459501  0.4789571348041873  14.86749888914527  14.783643494852086  1.0  0.775  0.052  0.173  0.766  0.234  0.744  0.256
4.5  2.25  0.01  0.01  1.3848966715650157  -0.6414812646064547  1.6206103893289163  22.004564033380934  18.52013105931491  1.0  0.856  0.111  0.032  0.766  0.234  0.744  0.256
3.5  2.25  0.01  0.01  0.5550511262566857  0.6931171247291681  1.5696326844369988  19.60358014437244  18.321902356195256  1.0  0.756  0.229  0.016  0.766  0.234  0.744  0.256
2.0  1.5  0.01  0.01  0.9726782669136012  -0.9554507846480871  1.5542149057219687  18.869884194637518  22.10622842949388  1.0  0.615  0.384  0.001  0.766  0.234  0.744  0.256
5.5  2.25  0.01  0.01  0.8599975960595615  -0.09279190602796916  0.4410050522795039  14.586736423315882  13.974275736179749  1.0  0.731  0.118  0.151  0.737  0.263  0.846  0.154
4.0  1.5  0.01  0.01  1.2417865014412421  -0.7538545060226169  1.4169684721222753  20.29596483356825  18.190280588265367  1.0  0.927  0.027  0.046  0.766  0.234  0.744  0.256
4.5  2.75  0.01  0.01  1.1897504225393565  -0.870112337958415  0.904687186768518  15.222144405931365  14.095296686481232  1.0  0.71  0.272  0.018  0.759  0.241  0.769  0.231
6.0  3.0  0.01  0.01  1.227897589632284  0.35337408290004624  1.6991572339315697  23.265490155985095  16.66052238870919  1.0  0.808  0.135  0.057  0.759  0.241  0.769  0.231
4.0  2.0  0.01  0.01  1.03110095992584  -0.6331246456689734  1.2405169019099864  16.664325133715444  14.234461298584007  1.0  0.796  0.156  0.048  0.73  0.27  0.872  0.128
3.0  2.0  0.01  0.01  0.9530754592821498  -0.2912795251649978  2.610883193321553  35.7365835826399  38.0020533225883  1.0  0.764  0.228  0.007  0.752  0.248  0.795  0.205
5.0  2.5  0.01  0.01  1.7093301454973318  -0.7925495910971712  2.2366904660342004  33.36988317032974  25.77546407782236  1.0  0.881  0.094  0.024  0.759  0.241  0.769  0.231
5.0  2.0  0.01  0.01  1.0715496638845858  0.17437727565524863  1.5912489193278676  22.54621801201734  17.37266231834403  1.0  0.853  0.052  0.095  0.752  0.248  0.795  0.205
5.5  2.75  0.01  0.01  1.157294876127141  0.12854622556858963  1.2162536683016076  15.495107704349094  16.81320530418964  1.0  0.804  0.14  0.057  0.766  0.234  0.744  0.256
5.0  3.0  0.01  0.01  1.6572172096628663  -0.5911762340818991  2.057623242933425  29.501057175327983  26.312524792374862  1.0  0.813  0.174  0.013  0.766  0.234  0.744  0.256
4.5  1.75  0.01  0.01  0.7308130080125037  0.36414173128879246  0.9448819628508865  15.97512425562014  14.372410064875838  1.0  0.784  0.07  0.146  0.759  0.241  0.769  0.231
6.0  3.5  0.01  0.01  1.3909094410334453  -0.12777069841180322  1.4031168716280569  16.42627866227952  20.201350165442634  1.0  0.768  0.206  0.025  0.759  0.241  0.769  0.231
5.5  3.25  0.01  0.01  1.131686854871176  0.5983405792838288  2.530896123848904  32.958777315360216  41.56280612345178  1.0  0.787  0.188  0.024  0.752  0.248  0.795  0.205
6.0  2.5  0.01  0.01  1.6365074064617233  -0.24336946399253456  1.6015927956660285  21.686485384289707  20.745673618992885  1.0  0.899  0.045  0.056  0.774  0.226  0.718  0.282
2.0  0.5  0.01  0.01  0.10299654383818199  0.8123988689587629  0.8616202422108923  17.722863732983605  19.42653262570509  1.0  0.6  0.013  0.388  0.774  0.226  0.718  0.282
2.0  1.0  0.01  0.01  0.46009516692396407  -0.3731711929726462  0.4110350890376594  14.206460884793474  14.428497362821599  1.0  0.748  0.193  0.059  0.766  0.234  0.744  0.256
3.0  1.5  0.01  0.01  0.3113802922581762  0.7250054307237406  0.37862747545863273  14.362575281523796  14.53405283032181  1.0  0.74  0.181  0.079  0.788  0.212  0.667  0.333
3.0  1.0  0.01  0.01  1.008851641001202  -0.43969720108196664  1.8338794912898784  28.22245790924886  30.542366420878135  1.0  0.97  0.006  0.024  0.774  0.226  0.718  0.282
2.0  1.5  0.01  0.01  0.1616054707934007  0.5791538643934435  1.0952647240571998  14.459082711353105  18.82892369395557  1.0  0.706  0.29  0.004  0.745  0.255  0.821  0.179
3.0  2.0  0.01  0.01  0.5745942866117743  -0.011312862262698342  0.5724939003413602  14.468616916838716  14.739925137940453  1.0  0.694  0.294  0.012  0.781  0.219  0.692  0.308
2.5  1.25  0.01  0.01  0.5778256590070285  0.031838028810445396  1.965265182136103  26.97572718886523  30.48907847924761  1.0  0.825  0.125  0.051  0.759  0.241  0.769  0.231
2.5  1.75  0.01  0.01  0.9071904915837893  -0.35612791131806865  1.9585817318067849  25.809695757730108  32.358289508466555  1.0  0.756  0.24  0.004  0.781  0.219  0.692  0.308
3.5  1.75  0.01  0.01  0.47014226084982613  0.3459170319813101  0.5210277351678981  14.26106715139144  14.228810537666924  1.0  0.726  0.195  0.079  0.752  0.248  0.795  0.205
3.5  1.25  0.01  0.01  0.7290197219649135  0.3302083663199653  1.7852916717101637  26.692177819615623  21.85817538381607  1.0  0.875  0.023  0.102  0.766  0.234  0.744  0.256
2.5  0.75  0.01  0.01  0.34548456515782505  0.5026161744682414  1.7804590609222546  28.461406595663483  21.383493295881244  1.0  0.782  0.014  0.203  0.752  0.248  0.795  0.205
5.0  2.0  0.01  0.01  0.7745746737539687  0.37033541902463485  1.1366664761657292  16.21819065311963  16.516591562846763  1.0  0.765  0.088  0.147  0.737  0.263  0.846  0.154
4.0  1.5  0.01  0.01  0.988651210227869  -0.9838854196209303  0.675781595032269  15.47754332804239  15.385473983872652  1.0  0.828  0.066  0.106  0.752  0.248  0.795  0.205
4.5  1.75  0.01  0.01  1.4614263732274146  -0.3216849162810549  1.5918553052247704  22.066687243168843  21.82266660072827  1.0  0.951  0.018  0.031  0.796  0.204  0.641  0.359
5.5  2.75  0.01  0.01  1.0354257533474738  0.28615250020669714  1.0207036349354948  14.76001991297885  16.049661378922362  1.0  0.785  0.152  0.063  0.774  0.226  0.718  0.282
6.0  3.0  0.01  0.01  1.764795154660651  -0.4536534815825435  2.0189678474404857  29.93690643179282  22.47181505763054  1.0  0.864  0.102  0.034  0.766  0.234  0.744  0.256
3.5  2.25  0.01  0.01  0.45898054011032435  0.7898996537407608  1.1201921199576044  15.26083090587718  16.05974508848922  1.0  0.741  0.242  0.017  0.781  0.219  0.692  0.308
5.0  2.5  0.01  0.01  0.9361782890609871  0.0711151634199998  0.8387161745080431  14.57362854685482  16.257078806599583  1.0  0.769  0.166  0.065  0.759  0.241  0.769  0.231
4.5  2.75  0.01  0.01  0.6217747937997189  0.7897279220166129  1.622394592161252  22.111739466600792  13.829591942115098  1.0  0.736  0.24  0.024  0.745  0.255  0.821  0.179
4.0  2.5  0.01  0.01  0.76538925144565  0.3143026033631182  1.1136145585197146  15.27956042611507  14.206472248031883  1.0  0.746  0.236  0.019  0.774  0.226  0.718  0.282
4.5  2.25  0.01  0.01  1.175790875219723  -0.7910743741537312  1.1639839388774629  16.32662993853853  13.950616785958951  1.0  0.793  0.16  0.047  0.737  0.263  0.846  0.154
6.0  3.5  0.01  0.01  1.0446899615168541  0.6334370931344004  1.984486100786409  28.47303506341748  23.415463847737957  1.0  0.756  0.214  0.03  0.752  0.248  0.795  0.205
5.5  2.25  0.01  0.01  1.6865292014727367  -0.3348161915994421  2.6178033930690217  38.913430521176984  37.796840264446416  1.0  0.93  0.03  0.04  0.766  0.234  0.744  0.256
5.0  3.0  0.01  0.01  0.9257245413787041  -0.047312776111360755  0.3842423196951699  14.269702634201947  14.85739318806904  1.0  0.713  0.26  0.026  0.781  0.219  0.692  0.308
4.0  2.0  0.01  0.01  0.8963388161156369  -0.4604171176591678  0.831278370134263  15.256727525986772  13.966656613204549  1.0  0.769  0.173  0.058  0.752  0.248  0.795  0.205
5.5  3.25  0.01  0.01  1.3357728863457587  -0.7711924873637459  0.7084904012652671  14.744678516895561  14.295334237893735  1.0  0.725  0.251  0.024  0.781  0.219  0.692  0.308
6.0  2.5  0.01  0.01  2.018989753488749  -0.47868085943170535  2.6706956616292588  40.351408810955725  35.28624987236838  1.0  0.945  0.027  0.028  0.759  0.241  0.769  0.231
2.0  0.5  0.01  0.01  0.3908271261032519  -0.27119162767334215  0.38807950240082684  17.157522320429297  16.589421783789337  1.0  0.806  0.004  0.19  0.745  0.255  0.821  0.179
2.0  1.5  0.01  0.01  0.4240464497198702  0.021881380595834  1.0818162825664852  15.489160277375092  14.386871203960332  1.0  0.683  0.313  0.004  0.774  0.226  0.718  0.282
2.5  1.75  0.01  0.01  0.18994358649736862  0.6652837027851097  0.7295910792834709  15.25882507388676  14.691279967299696  1.0  0.698  0.293  0.009  0.745  0.255  0.821  0.179
2.0  1.0  0.01  0.01  0.5868363382404358  -0.2619404375495704  1.5255961814214816  18.48228639048634  21.01886156967128  1.0  0.846  0.117  0.037  0.752  0.248  0.795  0.205
2.5  1.25  0.01  0.01  0.40540816302341026  0.3791950073171  1.466624563755435  18.633746725666576  16.379051410102605  1.0  0.786  0.147  0.067  0.774  0.226  0.718  0.282
3.0  1.5  0.01  0.01  0.586751129472991  -0.2727301013331398  0.3858631849706969  14.20788623385936  14.315159727682499  1.0  0.739  0.194  0.067  0.759  0.241  0.769  0.231
2.5  0.75  0.01  0.01  0.5895071088849405  -0.6442562743373605  0.3771564404258621  16.10814001593197  14.88384138761808  1.0  0.842  0.019  0.139  0.745  0.255  0.821  0.179
3.0  2.0  0.01  0.01  0.7385572291363904  -0.41459540085098867  0.676146545773618  14.784926836804894  15.034062243813787  1.0  0.684  0.305  0.01  0.774  0.226  0.718  0.282
3.5  2.25  0.01  0.01  0.7381564830187949  -0.23851732586108731  0.7861958244757998  14.125728883246568  17.134808591579105  1.0  0.694  0.29  0.015  0.759  0.241  0.769  0.231
4.0  1.5  0.01  0.01  0.6134724555747231  0.2903659758352295  0.737610760900303  15.500544836004046  14.434181086614895  1.0  0.764  0.067  0.169  0.752  0.248  0.795  0.205
4.5  2.75  0.01  0.01  0.7700046239398133  0.8727707269251448  2.6981075591204813  37.44131124154823  36.20415624961751  1.0  0.777  0.202  0.021  0.766  0.234  0.744  0.256
5.0  2.0  0.01  0.01  0.8531341531357446  -0.11629027092534083  0.45835627498764814  14.588830500686525  14.234315785888242  1.0  0.758  0.096  0.146  0.759  0.241  0.769  0.231
4.0  2.0  0.01  0.01  1.4653171303128596  -0.790254586152672  1.9116566979539096  27.264133139854685  28.17905457099652  1.0  0.889  0.091  0.02  0.774  0.226  0.718  0.282
5.0  2.5  0.01  0.01  0.6136951289626966  0.7323942750824486  0.7313863705333357  14.86515966084771  13.95065812255521  1.0  0.728  0.192  0.08  0.752  0.248  0.795  0.205
4.0  2.5  0.01  0.01  0.43521225785062867  0.7574985208206626  0.9710621154582844  14.637754890434419  16.30435097970463  1.0  0.707  0.27  0.022  0.737  0.263  0.846  0.154
3.5  1.25  0.01  0.01  0.604903844771409  0.43387131355340025  1.3032976070837214  18.695511635123545  16.529361485877473  1.0  0.824  0.034  0.142  0.774  0.226  0.718  0.282
3.5  1.75  0.01  0.01  0.7235261966230966  0.06594872507746952  1.431994081321628  18.102837395613086  16.546993577039117  1.0  0.797  0.144  0.058  0.745  0.255  0.821  0.179
3.0  1.0  0.01  0.01  0.4207599219009732  0.6726155735043684  2.187787501113776  34.45150475883851  25.826304360930997  1.0  0.797  0.027  0.177  0.766  0.234  0.744  0.256
5.5  2.25  0.01  0.01  0.9379418908372401  0.148395816602364  0.6498715000917462  14.974258562927124  14.593331467840434  1.0  0.776  0.093  0.132  0.766  0.234  0.744  0.256
6.0  2.5  0.01  0.01  0.8885233460083088  0.11068852428732301  0.3860404393189245  14.384852910842259  14.413654057555801  1.0  0.728  0.125  0.147  0.752  0.248  0.795  0.205
6.0  3.5  0.01  0.01  1.8244705661024596  -0.5245287129772604  2.1821304252259943  30.671110752874622  29.76811911197364  1.0  0.813  0.169  0.018  0.759  0.241  0.769  0.231
5.0  3.0  0.01  0.01  0.8649723166089615  0.5641742624470245  2.072834950302106  28.83304957830095  28.067378839636294  1.0  0.751  0.224  0.026  0.737  0.263  0.846  0.154
5.5  3.25  0.01  0.01  0.7623557210097721  0.9669204359486425  0.97496623353284  15.192165739826034  14.11945492726505  1.0  0.742  0.228  0.03  0.774  0.226  0.718  0.282
4.5  1.75  0.01  0.01  1.1721651857020292  -0.7583637934585934  0.9614914589786868  16.228028405222396  14.852112194291166  1.0  0.866  0.053  0.081  0.766  0.234  0.744  0.256
5.5  2.75  0.01  0.01  0.9263110131879704  0.619250595515906  0.9453065643974407  14.503704277382614  16.683097365306242  1.0  0.781  0.153  0.066  0.774  0.226  0.718  0.282
4.5  2.25  0.01  0.01  1.3120702247823786  -0.7481660248606161  1.394250133137227  18.052195083377253  17.05878270179753  1.0  0.831  0.131  0.038  0.752  0.248  0.795  0.205
6.0  3.0  0.01  0.01  1.3154494623998036  -0.755447006544171  0.48918836853742365  14.223405242284738  14.326551760873645  1.0  0.758  0.183  0.06  0.774  0.226  0.718  0.282
2.0  0.5  0.01  0.01  0.23696692612375905  0.2435121426943352  0.4525534649817639  16.96917614038456  16.02140534275182  1.0  0.672  0.007  0.321  0.745  0.255  0.821  0.179
2.0  1.0  0.01  0.01  0.1612240445385458  0.6401785251458676  1.7392434654867392  24.114715311917188  18.144844368306256  1.0  0.738  0.182  0.08  0.745  0.255  0.821  0.179
2.0  1.5  0.01  0.01  0.5552615605496168  -0.6619118695255635  0.5341710279940158  15.070371928186677  15.222833268629957  1.0  0.562  0.435  0.003  0.752  0.248  0.795  0.205
2.5  1.25  0.01  0.01  0.1953069901837445  0.7043354711411023  0.833717101869103  14.725151442190118  16.385192659006595  1.0  0.717  0.199  0.084  0.745  0.255  0.821  0.179
2.5  1.75  0.01  0.01  0.1994998746739972  0.769978958748224  1.2767666547700578  15.888671101827839  16.947435224630713  1.0  0.719  0.272  0.009  0.752  0.248  0.795  0.205
4.5  2.25  0.01  0.01  1.1043499407318758  0.038364368701957696  1.609324385450145  20.560380966118156  19.938334146151004  1.0  0.84  0.115  0.046  0.774  0.226  0.718  0.282
3.0  1.5  0.01  0.01  0.8427401433566667  -0.3791909958443431  1.4071333547651126  18.318863882727616  16.15088100580123  1.0  0.834  0.126  0.04  0.766  0.234  0.744  0.256
3.0  2.0  0.01  0.01  0.2763038574257666  0.6868947157378593  0.43246763567636576  14.804508268321605  14.758469266040667  1.0  0.7  0.286  0.014  0.759  0.241  0.769  0.231
2.5  0.75  0.01  0.01  0.8602519587980527  -0.45924830729324606  2.2600800778562795  37.94993194024385  30.327985680183627  1.0  0.981  0.002  0.017  0.745  0.255  0.821  0.179
3.5  1.25  0.01  0.01  0.5147926707463987  0.26409000892489276  0.7749584633287049  15.82765728781006  14.703510039636154  1.0  0.751  0.057  0.192  0.752  0.248  0.795  0.205
4.0  2.0  0.01  0.01  0.4574744460368893  0.6892971642142354  0.4713372270321251  14.266568370903883  14.399423332800566  1.0  0.726  0.193  0.081  0.759  0.241  0.769  0.231
3.0  1.0  0.01  0.01  0.23621543637270903  0.8524025777182882  1.9338720697906127  28.782929918935498  31.213765043582008  1.0  0.672  0.059  0.269  0.73  0.27  0.872  0.128
5.0  2.5  0.01  0.01  0.7149943260846823  0.44027433937440086  0.5506773137445165  14.288201260616923  14.144132606153761  1.0  0.734  0.189  0.077  0.759  0.241  0.769  0.231
3.5  2.25  0.01  0.01  0.9192414472591329  0.032108591158225064  2.4100595389359234  31.486451942338967  36.12078029350458  1.0  0.776  0.213  0.012  0.759  0.241  0.769  0.231
5.0  2.0  0.01  0.01  1.2089428504632642  -0.8401523572256173  0.5646302816634645  14.792385442558652  14.655151301445743  1.0  0.832  0.074  0.094  0.781  0.219  0.692  0.308
4.0  1.5  0.01  0.01  0.6268823572567136  0.25261419667098606  0.5551940339393465  14.830336595655702  14.565990709810299  1.0  0.767  0.067  0.167  0.759  0.241  0.769  0.231
3.5  1.75  0.01  0.01  0.7665362972542853  -0.43266269750314756  0.6116009037008775  14.31414786867181  14.516981641367147  1.0  0.759  0.181  0.06  0.752  0.248  0.795  0.205
4.5  1.75  0.01  0.01  1.409853658497809  -0.6581079436238937  1.486123591692393  20.129640035162478  20.80462202386205  1.0  0.93  0.028  0.042  0.774  0.226  0.718  0.282
6.0  3.0  0.01  0.01  1.0474279170488185  -0.023284526488809076  0.4244781278408546  14.215225469123828  14.282476471735423  1.0  0.744  0.185  0.071  0.774  0.226  0.718  0.282
6.0  3.5  0.01  0.01  1.5304984924881548  -0.6471661000739355  1.220663899565647  16.063676525031013  13.89697864813283  1.0  0.757  0.219  0.024  0.752  0.248  0.795  0.205
5.5  2.75  0.01  0.01  1.1439760163967512  -0.0707827323715009  1.0262639583552116  15.324434398046979  14.227786509126545  1.0  0.787  0.154  0.059  0.759  0.241  0.769  0.231
5.0  3.0  0.01  0.01  0.9409480029877538  -0.44915541667032666  0.6250261326931971  14.563181640083036  13.796407961595227  1.0  0.681  0.292  0.027  0.737  0.263  0.846  0.154
6.0  2.5  0.01  0.01  1.523778622627089  -0.2262993857973068  1.7023552509060849  24.11922973931857  20.256805294202287  1.0  0.879  0.054  0.068  0.745  0.255  0.821  0.179
5.5  3.25  0.01  0.01  1.0599010328018916  -0.16236707189479982  0.7213314211492426  14.781896601677918  14.103656482188395  1.0  0.718  0.254  0.028  0.766  0.234  0.744  0.256
4.5  2.75  0.01  0.01  1.0591952799163533  -0.09048565573789236  1.4803569689269789  18.916403379633916  13.915560901949902  1.0  0.757  0.224  0.019  0.759  0.241  0.769  0.231
5.5  2.25  0.01  0.01  1.4909442662013659  -0.7501792971545014  1.448603861496834  19.972236351946258  17.031342827124174  1.0  0.877  0.057  0.066  0.745  0.255  0.821  0.179
4.0  2.5  0.01  0.01  0.9992338823925123  -0.6675959813258694  0.6321771720137332  14.429134010524264  14.640308501513895  1.0  0.698  0.285  0.016  0.774  0.226  0.718  0.282
2.0  1.0  0.01  0.01  0.6324307150289414  -0.7079981425641746  0.7517955627567308  15.101400022121032  14.435532742286872  1.0  0.78  0.186  0.035  0.766  0.234  0.744  0.256
2.5  1.75  0.01  0.01  0.27155343856730035  0.6494220909133748  0.703939546502623  15.282410338527493  14.66314351241302  1.0  0.723  0.269  0.008  0.788  0.212  0.667  0.333
2.0  0.5  0.01  0.01  0.5103875421771259  -0.052517993446045574  1.534168219896714  25.918876708377674  29.298572265867108  1.0  0.955  0.0  0.045  0.766  0.234  0.744  0.256
2.0  1.5  0.01  0.01  0.2745630235341819  0.20347069688778396  0.47824465829853147  15.024121891996026  15.212264772268785  1.0  0.664  0.331  0.005  0.759  0.241  0.769  0.231
2.5  0.75  0.01  0.01  0.6412576258805442  -0.5910598896430903  0.5639161249455015  16.35755213573418  16.24796488691859  1.0  0.888  0.012  0.1  0.774  0.226  0.718  0.282
3.0  1.0  0.01  0.01  0.6364841365075663  -0.11882781436887546  1.2137004074822388  18.29317542111578  17.72324122684307  1.0  0.851  0.022  0.127  0.752  0.248  0.795  0.205
4.0  2.5  0.01  0.01  0.9504177468080472  -0.444729164934911  0.8800869898329396  15.157488462627283  14.273687555906331  1.0  0.713  0.27  0.017  0.766  0.234  0.744  0.256
3.5  1.75  0.01  0.01  0.7422384545223092  -0.1521524736885247  1.0318915132891733  14.789548872385652  16.20551164374993  1.0  0.781  0.159  0.059  0.752  0.248  0.795  0.205
3.0  2.0  0.01  0.01  0.8479165864516  -0.9331940184616874  0.5540220547676332  14.597821649680972  14.89804288158423  1.0  0.628  0.363  0.009  0.759  0.241  0.769  0.231
2.5  1.25  0.01  0.01  0.6003265963761354  -0.4551647890922974  0.8368134021328296  15.348861624971416  13.848950359110928  1.0  0.762  0.183  0.055  0.745  0.255  0.821  0.179
3.0  1.5  0.01  0.01  0.5972510216559729  -0.22473475311252522  0.5291141096760102  14.250577079927194  14.234190622979387  1.0  0.751  0.183  0.065  0.759  0.241  0.769  0.231
4.5  2.25  0.01  0.01  0.5850795936389342  0.4280355626480872  0.3744663388912506  14.230651825889968  14.438185171015734  1.0  0.718  0.202  0.081  0.752  0.248  0.795  0.205
5.0  3.0  0.01  0.01  0.5846765097672024  0.9019355471845718  0.39669705949589834  14.46296119200913  14.680822785081793  1.0  0.717  0.254  0.029  0.774  0.226  0.718  0.282
3.5  2.25  0.01  0.01  0.24326264663148928  0.9865156467244978  0.6240147439295155  14.719518727771415  14.418379293220232  1.0  0.705  0.277  0.018  0.745  0.255  0.821  0.179
4.5  2.75  0.01  0.01  1.1169100411997392  0.436240330639883  2.1646431980556504  29.303504920922588  31.948520651508122  1.0  0.813  0.171  0.016  0.796  0.204  0.641  0.359
4.5  1.75  0.01  0.01  0.9587067338557624  -0.43127604324063196  0.6752872513442721  15.285771097387975  14.622676417454532  1.0  0.814  0.068  0.118  0.766  0.234  0.744  0.256
5.5  3.25  0.01  0.01  1.884737035973418  -0.3742853572223144  2.5784198059008148  36.305805950640604  33.994453941218644  1.0  0.846  0.141  0.013  0.774  0.226  0.718  0.282
4.0  2.0  0.01  0.01  1.2361981987642006  -0.5354798680420079  1.8267545560478016  25.23228184112606  23.677491753468242  1.0  0.86  0.108  0.032  0.759  0.241  0.769  0.231
4.0  1.5  0.01  0.01  1.041387581686972  -0.5570555412369969  1.1209732402709667  16.874096385713532  16.87711276063816  1.0  0.881  0.039  0.081  0.752  0.248  0.795  0.205
3.5  1.25  0.01  0.01  0.4670264334681876  0.2688527543458352  0.461897773902287  14.92156413672765  14.39722747285341  1.0  0.72  0.068  0.213  0.745  0.255  0.821  0.179
5.5  2.75  0.01  0.01  0.5487307769524453  0.9155051404944334  0.3703966306712814  14.357054430680897  14.226739688497936  1.0  0.701  0.213  0.086  0.745  0.255  0.821  0.179
6.0  3.5  0.01  0.01  1.724880714240303  -0.6526756799039279  1.6623346603044478  21.106746072724864  20.549657674785667  1.0  0.79  0.191  0.02  0.759  0.241  0.769  0.231
5.0  2.5  0.01  0.01  1.0275302316665162  0.42762250461022  1.619070703164474  21.500073545164266  18.31756295991358  1.0  0.819  0.126  0.055  0.759  0.241  0.769  0.231
6.0  2.5  0.01  0.01  1.4604972505430036  -0.3822770339189028  1.0893130539671851  15.263426827821199  18.158143230076092  1.0  0.858  0.064  0.077  0.781  0.219  0.692  0.308
6.0  3.0  0.01  0.01  0.6243929883670424  0.9656825274747467  0.37030752250670995  14.32105111618139  14.329740040567732  1.0  0.706  0.21  0.085  0.745  0.255  0.821  0.179
5.5  2.25  0.01  0.01  1.0149193430227963  -0.05983852254818123  0.9429614081195415  15.715743129799156  14.655096255804414  1.0  0.787  0.089  0.124  0.745  0.255  0.821  0.179
5.0  2.0  0.01  0.01  1.384112626941398  -0.28777832254566804  1.6608173481068094  22.45344286434809  24.183788140874984  1.0  0.908  0.035  0.057  0.759  0.241  0.769  0.231
2.5  0.75  0.01  0.01  0.7002526743155852  -0.16553611240653243  1.4343971632615689  22.000377498167506  22.167532749907483  1.0  0.952  0.003  0.045  0.781  0.219  0.692  0.308
2.5  1.75  0.01  0.01  0.5373417397304332  -0.3955675879170577  0.38403639546627705  14.731575588303949  15.145543312893702  1.0  0.626  0.366  0.008  0.752  0.248  0.795  0.205
3.0  1.0  0.01  0.01  0.7981932840128729  -0.5238628084101884  1.1459477861045582  18.63389349847973  15.73337152052061  1.0  0.902  0.018  0.08  0.752  0.248  0.795  0.205
2.0  1.0  0.01  0.01  0.20061857619656362  0.32590989847059726  0.6706705104902464  14.841330769620942  13.984562910336361  1.0  0.7  0.213  0.087  0.73  0.27  0.872  0.128
2.0  0.5  0.01  0.01  0.5664573419969864  -0.17986417803329413  1.712877678968168  30.096021980184865  31.343378826848884  1.0  0.971  0.0  0.029  0.752  0.248  0.795  0.205
3.0  2.0  0.01  0.01  0.603500991119456  -0.38073964732749  0.5100740247431521  14.536185917249655  14.615440253452935  1.0  0.645  0.342  0.012  0.737  0.263  0.846  0.154
2.0  1.5  0.01  0.01  0.7316064920718389  -0.2763519055716648  2.2690310632699533  32.06248887668781  27.77265200034163  1.0  0.727  0.271  0.002  0.774  0.226  0.718  0.282
3.0  1.5  0.01  0.01  0.917329928665558  -0.40366422187943685  1.3425219340581915  17.076353281424815  18.46787580797169  1.0  0.857  0.11  0.033  0.781  0.219  0.692  0.308
2.5  1.25  0.01  0.01  0.6754051112443669  -0.12096287365025593  1.6304988206989801  20.811329047379868  22.181774374683382  1.0  0.849  0.111  0.04  0.759  0.241  0.769  0.231
4.5  1.75  0.01  0.01  0.736440086016318  0.2657936280120521  0.41032871109630376  14.408151499836473  14.995723279134664  1.0  0.778  0.073  0.148  0.788  0.212  0.667  0.333
3.5  1.75  0.01  0.01  0.8420332084332628  -0.8750885212215567  0.6586936398763753  14.922843027041946  13.93882533703551  1.0  0.732  0.212  0.056  0.73  0.27  0.872  0.128
4.5  2.75  0.01  0.01  1.0048735830809634  -0.6140327743287715  0.4964308265190652  14.399403998722857  14.269724830340156  1.0  0.694  0.285  0.021  0.781  0.219  0.692  0.308
4.0  2.0  0.01  0.01  0.7775497957307559  0.6192693961197466  2.4079082601484747  34.906416206244714  26.45208679455909  1.0  0.828  0.117  0.055  0.759  0.241  0.769  0.231
3.5  2.25  0.01  0.01  0.6626802343415377  -0.12508388262279402  0.4179470136434584  14.396117740622124  14.94961005382704  1.0  0.687  0.297  0.016  0.774  0.226  0.718  0.282
5.5  2.75  0.01  0.01  0.8741637548185947  0.30047589028423194  0.8071245544054922  15.234373388645084  13.954253458893435  1.0  0.745  0.182  0.073  0.752  0.248  0.795  0.205
5.0  3.0  0.01  0.01  1.0876303814027477  0.4413079466153411  2.069537827000671  27.236899925716067  33.66633627842715  1.0  0.787  0.192  0.021  0.759  0.241  0.769  0.231
3.5  1.25  0.01  0.01  0.7155702246371388  -0.4824182346044068  0.37648854112578406  14.841885857946945  14.826763808045843  1.0  0.794  0.055  0.151  0.752  0.248  0.795  0.205
4.0  2.5  0.01  0.01  1.257242490588777  -0.7717040658291563  1.7496496370797052  23.60323827086917  20.533302083590595  1.0  0.749  0.239  0.012  0.745  0.255  0.821  0.179
4.0  1.5  0.01  0.01  0.6508495414920582  -0.1250574030314351  0.42479235140313665  14.602751507395936  14.877870214547757  1.0  0.741  0.081  0.177  0.745  0.255  0.821  0.179
4.5  2.25  0.01  0.01  0.5504884759403962  0.8102574283667452  1.097801121807646  15.241866626772525  15.029897300447914  1.0  0.741  0.181  0.078  0.745  0.255  0.821  0.179
5.5  2.25  0.01  0.01  1.5817790471253526  -0.6853952444540579  1.6260104220993057  22.70199707509152  21.603625622641772  1.0  0.899  0.047  0.055  0.745  0.255  0.821  0.179
5.5  3.25  0.01  0.01  1.072309929835033  -0.11958038792952386  1.3089209862839508  16.142695299883073  16.340190847051534  1.0  0.724  0.248  0.028  0.723  0.277  0.897  0.103
5.0  2.0  0.01  0.01  1.2595298696062915  0.046725513074339364  1.8436277175776106  29.009956172070734  17.929617587248433  1.0  0.896  0.037  0.067  0.766  0.234  0.744  0.256
6.0  3.5  0.01  0.01  0.9930403949950016  -0.07331339084825084  0.5609402405037358  14.365143707657051  14.024216842014761  1.0  0.697  0.27  0.034  0.745  0.255  0.821  0.179
5.0  2.5  0.01  0.01  0.7309349556796674  0.5511694440106374  0.7146746911239225  14.656257218023  14.561277470427317  1.0  0.748  0.178  0.074  0.766  0.234  0.744  0.256
6.0  2.5  0.01  0.01  0.772343075703269  0.7573159091269768  0.5976239457344238  14.645177635383426  14.181324351338077  1.0  0.735  0.116  0.149  0.752  0.248  0.795  0.205
6.0  3.0  0.01  0.01  1.7724037076597765  -0.42545498948627736  2.3215044833684746  33.47063635135214  28.570039336577164  1.0  0.866  0.1  0.034  0.759  0.241  0.769  0.231
