0  5.5  2.75  0.01  0.01  0.5268544129759701  0.9754528924476449  14.663299016922116  14.782150294199045  1.0  0.676  0.314  0.01  0.67  0.33  0.8  0.2
0  5.5  2.75  0.01  0.01  0.6389232238279934  1.6064154879976489  15.868339909926771  18.553022413531405  1.0  0.711  0.28  0.009  0.682  0.318  0.75  0.25
0  5.5  2.75  0.01  0.01  0.4780354260422492  0.38080972640471766  14.954363848561167  15.061161166510052  1.0  0.661  0.329  0.01  0.682  0.318  0.75  0.25
0  5.5  2.75  0.01  0.01  0.47436482496064203  0.4498766158765505  14.975765868150019  14.753784753971846  1.0  0.659  0.33  0.01  0.682  0.318  0.75  0.25
0  5.5  2.75  0.01  0.01  0.7525476716866507  2.523672113928702  30.50358235204485  28.521166671603176  1.0  0.744  0.248  0.008  0.705  0.295  0.65  0.35
0  5.5  2.75  0.01  0.01  0.4764876298232871  0.39920347330113576  14.965776652842987  14.951514411388136  1.0  0.66  0.33  0.01  0.682  0.318  0.75  0.25
0  5.5  2.75  0.01  0.01  0.5845695901664965  0.8986389689609284  14.78498045812475  14.38205871842816  1.0  0.694  0.296  0.009  0.705  0.295  0.65  0.35
0  5.5  2.75  0.01  0.01  0.5708200187539266  0.8666052277504127  14.711667576064285  14.770058172688277  1.0  0.69  0.3  0.009  0.693  0.307  0.7  0.3
0  5.5  2.75  0.01  0.01  0.8973362735650074  2.0570757821576104  21.201630505493917  18.967131684519625  1.0  0.782  0.212  0.006  0.727  0.273  0.55  0.45
0  5.5  2.75  0.01  0.01  0.6139775842630786  1.6491012018776148  16.628472176706374  17.928687960424057  1.0  0.703  0.288  0.009  0.682  0.318  0.75  0.25
0  5.5  2.75  0.01  0.01  0.5361566291791624  0.6039050835322386  14.81315862190998  15.005557595369117  1.0  0.679  0.311  0.01  0.693  0.307  0.7  0.3
0  5.5  2.75  0.01  0.01  0.5987349873858971  2.569485532963338  32.25903216420903  30.16536191429039  1.0  0.699  0.292  0.009  0.682  0.318  0.75  0.25
0  5.5  2.75  0.01  0.01  0.7502370647801796  1.4895318526317316  15.183303234624738  14.759526687758708  1.0  0.743  0.249  0.008  0.716  0.284  0.6  0.4
0  5.5  2.75  0.01  0.01  0.5791871670695655  1.1862637933822069  14.697357860386008  14.48950859112137  1.0  0.693  0.298  0.009  0.682  0.318  0.75  0.25
0  5.5  2.75  0.01  0.01  0.42130989692888765  0.4511299612894037  14.969291219991137  14.793447642425534  1.0  0.642  0.347  0.011  0.659  0.341  0.85  0.15
0  5.5  2.75  0.01  0.01  0.5107191679309935  0.3691691128673057  14.921844360248054  15.236664490476013  1.0  0.671  0.319  0.01  0.693  0.307  0.7  0.3
0  5.5  2.75  0.01  0.01  0.45845643396851105  0.3812606378925234  15.064287297194545  14.575045090086672  1.0  0.654  0.335  0.01  0.682  0.318  0.75  0.25
0  5.5  2.75  0.01  0.01  0.621836354767553  2.05590384977785  21.9646891620218  15.601284765527476  1.0  0.706  0.285  0.009  0.659  0.341  0.85  0.15
0  5.5  2.75  0.01  0.01  0.4576779849953081  0.4774620140876643  14.920272801035757  14.917134236006186  1.0  0.654  0.336  0.01  0.67  0.33  0.8  0.2
0  5.5  2.75  0.01  0.01  0.6808376789315996  1.376495485256472  14.767459111259848  14.837717982443499  1.0  0.723  0.268  0.008  0.693  0.307  0.7  0.3
0  5.5  2.75  0.01  0.01  0.8213978425991151  2.4109563319337175  28.825179433614096  21.253265548260323  1.0  0.763  0.23  0.007  0.716  0.284  0.6  0.4
0  5.5  2.75  0.01  0.01  0.8618899058120275  1.8623632119544125  18.02296299973387  15.856546596936965  1.0  0.773  0.22  0.006  0.727  0.273  0.55  0.45
0  5.5  2.75  0.01  0.01  0.7740329460830302  2.4667795554869367  29.8099220197877  22.432138253244386  1.0  0.75  0.243  0.007  0.705  0.295  0.65  0.35
0  5.5  2.75  0.01  0.01  0.778942883060735  2.6046053704426866  33.47095432013757  30.341739301251415  1.0  0.751  0.241  0.007  0.682  0.318  0.75  0.25
0  5.5  2.75  0.01  0.01  0.5407763604929834  0.40671360172215126  14.90888884803408  15.181488083213548  1.0  0.681  0.31  0.01  0.705  0.295  0.65  0.35
0  5.5  2.75  0.01  0.01  0.4378422472799527  0.6050739481912668  14.885370473431108  14.705138656124594  1.0  0.647  0.342  0.011  0.659  0.341  0.85  0.15
0  5.5  2.75  0.01  0.01  0.7672411974172021  1.5821473117216192  16.178278336213495  15.099918428528449  1.0  0.748  0.245  0.007  0.716  0.284  0.6  0.4
0  5.5  2.75  0.01  0.01  0.6545481874744826  0.7163439309731586  14.672101158928552  15.343274070833695  1.0  0.716  0.276  0.009  0.727  0.273  0.55  0.45
0  5.5  2.75  0.01  0.01  0.5545521462979347  0.5875436004670077  14.85950561930156  14.848024665154284  1.0  0.685  0.305  0.01  0.705  0.295  0.65  0.35
0  5.5  2.75  0.01  0.01  0.5555167770257553  1.0458299617528166  14.707741774384916  14.486575489305869  1.0  0.685  0.305  0.01  0.682  0.318  0.75  0.25
1  5.5  2.75  0.01  0.01  0.8452967644227695  0.5937415144792433  14.633318970196791  14.69360053395915  1.0  0.769  0.224  0.007  0.812  0.188  0.9  0.1
1  5.5  2.75  0.01  0.01  0.870823481539866  0.7389103778052999  14.636160630728986  14.172629449710886  1.0  0.776  0.218  0.006  0.823  0.177  0.85  0.15
1  5.5  2.75  0.01  0.01  0.9874784819695225  0.8370969823843274  14.405878852479768  14.970944488642434  1.0  0.804  0.191  0.005  0.844  0.156  0.75  0.25
1  5.5  2.75  0.01  0.01  1.2374193998325025  2.1046725873083165  18.47581937612466  17.900642672420226  1.0  0.856  0.141  0.003  0.823  0.177  0.85  0.15
1  5.5  2.75  0.01  0.01  1.4286468235227412  2.497526114226663  23.513091793362687  15.816738925642023  1.0  0.887  0.111  0.002  0.833  0.167  0.8  0.2
1  5.5  2.75  0.01  0.01  0.9461384316313741  1.1242754334305387  14.53853653868937  13.712752336545687  1.0  0.794  0.2  0.006  0.823  0.177  0.85  0.15
1  5.5  2.75  0.01  0.01  1.0294525265207408  1.3592557489161652  14.711390586823498  13.802037577541984  1.0  0.814  0.182  0.005  0.833  0.167  0.8  0.2
1  5.5  2.75  0.01  0.01  1.3009451762986541  2.0014243820388016  17.770801393742076  14.225106922861466  1.0  0.867  0.13  0.003  0.823  0.177  0.85  0.15
1  5.5  2.75  0.01  0.01  0.8243705160699474  0.4563241780209659  14.69815168020643  14.885382994116705  1.0  0.764  0.23  0.007  0.812  0.188  0.9  0.1
1  5.5  2.75  0.01  0.01  1.4609973808799763  2.6322516625472234  25.1368269691343  28.042056093530665  1.0  0.892  0.106  0.002  0.833  0.167  0.8  0.2
1  5.5  2.75  0.01  0.01  1.1652326617472544  1.8708121442961292  16.711974376207213  17.74204414546268  1.0  0.842  0.154  0.004  0.812  0.188  0.9  0.1
1  5.5  2.75  0.01  0.01  0.8391029039060163  0.4789973465469987  14.791639073680743  14.350342248729172  1.0  0.767  0.226  0.007  0.833  0.167  0.8  0.2
1  5.5  2.75  0.01  0.01  0.823613080409171  0.39865104375615285  14.770000218593088  14.754258703696767  1.0  0.763  0.23  0.007  0.823  0.177  0.85  0.15
1  5.5  2.75  0.01  0.01  1.4434515429911887  2.367124843538842  21.073395529703948  18.723850067656947  1.0  0.89  0.109  0.002  0.833  0.167  0.8  0.2
1  5.5  2.75  0.01  0.01  0.9567876626039826  0.859896621973397  14.455712575656444  14.65485940035794  1.0  0.797  0.198  0.005  0.833  0.167  0.8  0.2
1  5.5  2.75  0.01  0.01  0.9705879024101915  0.8537353208722306  14.459030838306267  14.66173863772596  1.0  0.8  0.195  0.005  0.844  0.156  0.75  0.25
1  5.5  2.75  0.01  0.01  1.0844470661911478  1.34117707147722  14.474557262267615  14.682355531520296  1.0  0.826  0.17  0.004  0.844  0.156  0.75  0.25
1  5.5  2.75  0.01  0.01  1.0009390906530224  1.3369739321633614  14.46350938014877  14.753543702300643  1.0  0.807  0.188  0.005  0.833  0.167  0.8  0.2
1  5.5  2.75  0.01  0.01  1.0522417809969151  1.5082473360260595  15.50816569478333  13.57670403277615  1.0  0.819  0.177  0.005  0.823  0.177  0.85  0.15
1  5.5  2.75  0.01  0.01  1.4052635499932136  2.353388646821096  20.835411098616994  19.459761322065155  1.0  0.884  0.114  0.002  0.844  0.156  0.75  0.25
1  5.5  2.75  0.01  0.01  1.0588728593759904  1.302661143608599  14.454856365670786  14.437717520664105  1.0  0.82  0.175  0.004  0.823  0.177  0.85  0.15
1  5.5  2.75  0.01  0.01  1.066413637453151  1.2878200065278216  14.400031990547097  14.653034458808392  1.0  0.822  0.174  0.004  0.833  0.167  0.8  0.2
1  5.5  2.75  0.01  0.01  1.403081448432089  2.019911739630653  17.502852169577082  16.011512983509558  1.0  0.884  0.114  0.002  0.854  0.146  0.7  0.3
1  5.5  2.75  0.01  0.01  0.8896984452357726  0.4130410265145209  14.674272141030857  15.169573098911059  1.0  0.78  0.213  0.006  0.844  0.156  0.75  0.25
1  5.5  2.75  0.01  0.01  0.9933188134361217  0.7162170958534899  14.380843577666298  15.500859002553645  1.0  0.806  0.189  0.005  0.844  0.156  0.75  0.25
1  5.5  2.75  0.01  0.01  0.8864627300125116  0.5885984947775995  14.633649930104857  14.705760423572267  1.0  0.78  0.214  0.006  0.833  0.167  0.8  0.2
1  5.5  2.75  0.01  0.01  1.1654366989156628  1.629735970877429  16.041009071428718  14.226171014910582  1.0  0.842  0.154  0.004  0.833  0.167  0.8  0.2
1  5.5  2.75  0.01  0.01  1.3278175181854222  2.1601872346488196  19.370167946293694  14.67126254251281  1.0  0.872  0.126  0.002  0.844  0.156  0.75  0.25
1  5.5  2.75  0.01  0.01  1.2274808461128122  1.8331065567411111  16.537243651009092  18.376223405145343  1.0  0.854  0.143  0.003  0.833  0.167  0.8  0.2
1  5.5  2.75  0.01  0.01  1.0772114374532802  0.9523096266256875  14.302669013739234  15.170383319579315  1.0  0.824  0.172  0.004  0.865  0.135  0.65  0.35
-----------------------------------------------------------------------------------

0  5  2.25  0.01  0.01  0.6551443899158658  0.10360942395569617  0.8140865931239821  14.61175586376098  14.61175586376098  1.0  0.78  0.204  0.017  0.763  0.237  0.763  0.237
0  5  2.25  0.01  0.01  0.6697792522016127  0.8426625791218161  2.4572223147413084  25.144520017711898  25.144520017711898  1.0  0.836  0.15  0.014  0.763  0.237  0.763  0.237
0  5  2.25  0.01  0.01  1.064654487875477  -0.2992204778119154  2.079279999386706  19.935673908146157  19.935673908146157  1.0  0.869  0.124  0.007  0.763  0.237  0.763  0.237
0  5  2.25  0.01  0.01  0.6821404146622625  0.7884275451782272  2.4000465414372494  24.336230977404494  24.336230977404494  1.0  0.836  0.15  0.014  0.763  0.237  0.763  0.237
0  5  2.25  0.01  0.01  0.8450819712146574  -0.8292984150606679  0.5848196631153437  14.65117878429113  14.65117878429113  1.0  0.769  0.218  0.013  0.763  0.237  0.763  0.237
0  5  2.25  0.01  0.01  0.9724423719024475  -0.7817721333375847  1.1769975896846618  14.64331769913762  14.64331769913762  1.0  0.812  0.178  0.009  0.763  0.237  0.763  0.237
0  5  2.25  0.01  0.01  0.6824649579012322  0.16713491837814898  1.0735432370526323  14.581748270599633  14.581748270599633  1.0  0.794  0.19  0.016  0.763  0.237  0.763  0.237
0  5  2.25  0.01  0.01  0.6675360871098243  0.3617833067741525  1.2784532336544177  14.687065762971908  14.687065762971908  1.0  0.803  0.181  0.016  0.763  0.237  0.763  0.237
0  5  2.25  0.01  0.01  0.8008125962856815  -0.1897367895050861  1.1600769805078512  14.595560805851537  14.595560805851537  1.0  0.806  0.181  0.013  0.763  0.237  0.763  0.237
0  5  2.25  0.01  0.01  0.6721508040978588  0.07070068268461749  0.8747594798928463  14.59377482763409  14.59377482763409  1.0  0.783  0.2  0.016  0.763  0.237  0.763  0.237
0  5  2.25  0.01  0.01  0.6031850328599249  0.46467934647272835  1.0808618511646269  14.606405567858202  14.606405567858202  1.0  0.789  0.194  0.017  0.763  0.237  0.763  0.237
0  5  2.25  0.01  0.01  0.845062284851434  -0.5167894598560538  0.9520513330185579  14.56583824464413  14.56583824464413  1.0  0.795  0.193  0.012  0.763  0.237  0.763  0.237
0  5  2.25  0.01  0.01  0.6907736137771469  -0.30551237490143457  0.41830947695326787  14.728688905488482  14.728688905488482  1.0  0.76  0.224  0.016  0.763  0.237  0.763  0.237
0  5  2.25  0.01  0.01  0.5233562603188984  0.7291104059935156  1.0431269462598973  14.642791329974898  14.642791329974898  1.0  0.781  0.2  0.019  0.763  0.237  0.763  0.237
0  5  2.25  0.01  0.01  0.6946144239330628  0.7119249092322719  2.1570150576901637  21.177230776436637  21.177230776436637  1.0  0.835  0.151  0.014  0.763  0.237  0.763  0.237
0  5  2.25  0.01  0.01  0.6643207258830283  0.6390641961489791  1.731523708807828  16.879363904934717  16.879363904934717  1.0  0.821  0.164  0.015  0.763  0.237  0.763  0.237
0  5  2.25  0.01  0.01  0.5804198257245641  0.19733733830124267  0.4854865457534138  14.74916356878085  14.74916356878085  1.0  0.761  0.22  0.019  0.763  0.237  0.763  0.237
0  5  2.25  0.01  0.01  0.8781043024033596  -0.4720800585861862  1.1519037708479793  14.600826320856116  14.600826320856116  1.0  0.809  0.18  0.011  0.763  0.237  0.763  0.237
0  5  2.25  0.01  0.01  1.3057010076688838  -0.9893492674865598  2.1803151469251834  22.00288958312454  22.00288958312454  1.0  0.876  0.12  0.004  0.763  0.237  0.763  0.237
0  5  2.25  0.01  0.01  1.133846020591321  -0.8066958219462035  1.696422333328408  16.932660468016614  16.932660468016614  1.0  0.852  0.142  0.006  0.763  0.237  0.763  0.237
0  5  2.25  0.01  0.01  0.5569245885142942  0.5908436401004544  1.0087124322108092  14.625931473146931  14.625931473146931  1.0  0.782  0.199  0.018  0.763  0.237  0.763  0.237
0  5  2.25  0.01  0.01  0.6995001403242481  -0.278305245942434  0.5152561826701949  14.689588006779662  14.689588006779662  1.0  0.765  0.219  0.016  0.763  0.237  0.763  0.237
0  5  2.25  0.01  0.01  1.0984793396053927  -0.5478407400037391  1.8854543868566775  17.89896586013259  17.89896586013259  1.0  0.861  0.132  0.006  0.763  0.237  0.763  0.237
0  5  2.25  0.01  0.01  0.6981646336386953  -0.07395793344288482  0.8101807636850913  14.600075669215828  14.600075669215828  1.0  0.781  0.203  0.016  0.763  0.237  0.763  0.237
0  5  2.25  0.01  0.01  0.6167385064101192  0.8092918053566887  1.8041454296006572  17.249498509105557  17.249498509105557  1.0  0.818  0.166  0.016  0.763  0.237  0.763  0.237
0  5  2.25  0.01  0.01  0.6315345494470439  0.6510242870952248  1.56790180667024  15.960250314479273  15.960250314479273  1.0  0.812  0.172  0.016  0.763  0.237  0.763  0.237
0  5  2.25  0.01  0.01  0.4466990849053616  0.7869807259944432  0.5492059733123823  14.821010272439294  14.821010272439294  1.0  0.758  0.221  0.021  0.763  0.237  0.763  0.237
0  5  2.25  0.01  0.01  1.113392880872329  -0.3331171934749053  2.494506886750516  26.301114208479664  26.301114208479664  1.0  0.878  0.116  0.006  0.763  0.237  0.763  0.237
0  5  2.25  0.01  0.01  0.7039421691491099  -0.02546381395269126  0.8991702285264468  14.582014281601685  14.582014281601685  1.0  0.787  0.198  0.015  0.763  0.237  0.763  0.237
0  5  2.25  0.01  0.01  0.6994046923504287  -0.1572651723541354  0.6874234093628405  14.632147383607222  14.632147383607222  1.0  0.775  0.209  0.016  0.763  0.237  0.763  0.237

all data: x0 is free 
--------------------------------------------------------------------------------------------------------------------------------------------------------------------------

0  5  2.25  0.01  0.01  0.6330024903112792  0.5197769675239703  14.711137620061407  14.711137620061407  1.0  0.764  0.218  0.018  0.763  0.237  0.763  0.237
0  5  2.25  0.01  0.01  0.7080559940667889  0.9647526652104085  14.573901335102752  14.573901335102752  1.0  0.79  0.195  0.015  0.763  0.237  0.763  0.237
0  5  2.25  0.01  0.01  0.7975819654383518  1.4126574058364316  15.114988165671942  15.114988165671942  1.0  0.818  0.169  0.013  0.763  0.237  0.763  0.237
0  5  2.25  0.01  0.01  0.9581003018402221  2.1059041922863115  20.43491461376155  20.43491461376155  1.0  0.862  0.129  0.009  0.763  0.237  0.763  0.237
0  5  2.25  0.01  0.01  0.9732459401146469  2.3276195978712892  23.619673222272873  23.619673222272873  1.0  0.866  0.126  0.008  0.763  0.237  0.763  0.237
0  5  2.25  0.01  0.01  0.8774111282200722  1.7721199758407242  17.243091285600304  17.243091285600304  1.0  0.841  0.148  0.011  0.763  0.237  0.763  0.237
0  5  2.25  0.01  0.01  0.7272873189089885  1.0638441532579357  14.57271038966397  14.57271038966397  1.0  0.796  0.189  0.015  0.763  0.237  0.763  0.237
0  5  2.25  0.01  0.01  0.9561102158880488  2.2029777646500213  21.834770714428846  21.834770714428846  1.0  0.862  0.13  0.009  0.763  0.237  0.763  0.237
0  5  2.25  0.01  0.01  0.6268472027153039  0.47965823870838675  14.728526753111282  14.728526753111282  1.0  0.762  0.22  0.018  0.763  0.237  0.763  0.237
0  5  2.25  0.01  0.01  0.7635792580611342  1.2375486758159513  14.642776657879352  14.642776657879352  1.0  0.808  0.178  0.014  0.763  0.237  0.763  0.237
0  5  2.25  0.01  0.01  0.7914578544757322  1.361999288509581  14.825377187398216  14.825377187398216  1.0  0.817  0.17  0.013  0.763  0.237  0.763  0.237
0  5  2.25  0.01  0.01  0.7393656180801501  1.1233726155664148  14.583082481639853  14.583082481639853  1.0  0.8  0.185  0.014  0.763  0.237  0.763  0.237
0  5  2.25  0.01  0.01  0.6229712218995659  0.45379038776295705  14.74019701618749  14.74019701618749  1.0  0.76  0.222  0.018  0.763  0.237  0.763  0.237
0  5  2.25  0.01  0.01  0.9798314244181264  2.3207323317720574  23.4278465823613  23.4278465823613  1.0  0.867  0.125  0.008  0.763  0.237  0.763  0.237
0  5  2.25  0.01  0.01  0.6473657571424208  0.6120315175287692  14.672380093646145  14.672380093646145  1.0  0.769  0.214  0.017  0.763  0.237  0.763  0.237
0  5  2.25  0.01  0.01  0.852031224693581  1.6006087068763728  16.2286674393952  16.2286674393952  1.0  0.834  0.155  0.011  0.763  0.237  0.763  0.237
0  5  2.25  0.01  0.01  0.8059921755099079  1.4493987500574945  15.20670894423366  15.20670894423366  1.0  0.821  0.167  0.012  0.763  0.237  0.763  0.237
0  5  2.25  0.01  0.01  0.7338291899052977  1.0965150913955588  14.576756809346064  14.576756809346064  1.0  0.799  0.187  0.015  0.763  0.237  0.763  0.237
0  5  2.25  0.01  0.01  0.7014626430108379  0.9285774188861935  14.578832129284901  14.578832129284901  1.0  0.788  0.197  0.015  0.763  0.237  0.763  0.237
0  5  2.25  0.01  0.01  0.6882176824107205  0.856568445503998  14.592933131439894  14.592933131439894  1.0  0.783  0.201  0.016  0.763  0.237  0.763  0.237
0  5  2.25  0.01  0.01  0.9761168826426907  2.3884899145039813  24.406687008053318  24.406687008053318  1.0  0.866  0.125  0.008  0.763  0.237  0.763  0.237
0  5  2.25  0.01  0.01  0.9598446017403446  2.137875715406481  20.863525060318604  20.863525060318604  1.0  0.862  0.129  0.009  0.763  0.237  0.763  0.237
0  5  2.25  0.01  0.01  0.6183052547428272  0.4215343981262896  14.753999004901889  14.753999004901889  1.0  0.759  0.223  0.018  0.763  0.237  0.763  0.237
0  5  2.25  0.01  0.01  0.6528702104316126  0.6478265012947636  14.6592025287316  14.6592025287316  1.0  0.771  0.212  0.017  0.763  0.237  0.763  0.237
0  5  2.25  0.01  0.01  0.6455996953952454  0.5980994506371357  14.678099398122535  14.678099398122535  1.0  0.769  0.214  0.017  0.763  0.237  0.763  0.237
0  5  2.25  0.01  0.01  0.6651477835296551  0.7231837701356861  14.63189963325425  14.63189963325425  1.0  0.776  0.208  0.017  0.763  0.237  0.763  0.237
0  5  2.25  0.01  0.01  0.7149497155126925  1.0007815676237306  14.571528785801558  14.571528785801558  1.0  0.792  0.192  0.015  0.763  0.237  0.763  0.237
0  5  2.25  0.01  0.01  0.8015289111498267  1.4028756491719234  14.959082839564768  14.959082839564768  1.0  0.82  0.168  0.013  0.763  0.237  0.763  0.237
0  5  2.25  0.01  0.01  0.6621475421061194  0.7036173935945587  14.6388032878189  14.6388032878189  1.0  0.774  0.209  0.017  0.763  0.237  0.763  0.237
0  5  2.25  0.01  0.01  0.6342226694359601  0.528081045632831  14.707036981324872  14.707036981324872  1.0  0.765  0.218  0.018  0.763  0.237  0.763  0.237

all data: x0 =0 
-----------------------------------------------------------------------------------------------------------------------------------------------------------------------------------