0.44999999999999996   0.5249999999999999   0.5249999999999999
0.44999999999999996   0.47499999999999987   0.5499999999999998
0.3999999999999999   0.4999999999999998   0.5999999999999996
0.2999999999999998   0.49999999999999956   0.6249999999999993
0.24999999999999978   0.4249999999999994   0.7249999999999988
0.24999999999999978   0.4249999999999994   0.7249999999999988
0.08888888888888852   0.43333333333333235   0.7999999999999983
-0.07777777777777839   0.3333333333333319   1.0249999999999972
-0.009259259259259744   0.3194444444444432   0.9499999999999977
-0.009259259259259744   0.3194444444444432   0.9499999999999977
-0.06337448559670843   0.2641975308641962   1.0666666666666638
-0.06337448559670843   0.2641975308641962   1.0666666666666638
0.12050754458161832   0.2665637860082295   0.8861111111111093
0.11323731138545909   0.24146090534979325   0.9722222222222197
0.09519890260630953   0.07304526748971096   1.0861111111111084
0.09519890260630953   0.07304526748971096   1.0861111111111084
0.25009144947416495   -0.09543895747599518   1.1824074074074042
0.25009144947416495   -0.09543895747599518   1.1824074074074042
0.25009144947416495   -0.09543895747599518   1.1824074074074042
0.39780521262002677   -0.359465020576132   1.2972222222222192
0.451521617639587   -0.2595259868922422   1.156584362139915
0.42754238005724   -0.30201823908957   1.2864883401920402
0.42754238005724   -0.30201823908957   1.2864883401920402
0.42754238005724   -0.30201823908957   1.2864883401920402
0.3617180223204451   -0.22268169232332516   1.262354252400545
0.4613550234174624   -0.2830123428564979   1.2714544276787039
0.4613550234174624   -0.2830123428564979   1.2714544276787039
0.4613550234174624   -0.2830123428564979   1.2714544276787039
0.4613550234174624   -0.2830123428564979   1.2714544276787039
0.4206074517266941   -0.23445519317255342   1.2685386759771982
0.4107733651357356   -0.22057514937882872   1.2421311178200682
0.4107733651357356   -0.22057514937882872   1.2421311178200682
0.4107733651357356   -0.22057514937882872   1.2421311178200682
0.44071575422778875   -0.23950225238621234   1.2618703801341042
0.44071575422778875   -0.23950225238621234   1.2618703801341042
0.44071575422778875   -0.23950225238621234   1.2618703801341042
0.44071575422778875   -0.23950225238621234   1.2618703801341042
0.44071575422778875   -0.23950225238621234   1.2618703801341042
0.429485501010057   -0.22495298091240074   1.2521198475542499
0.429485501010057   -0.22495298091240074   1.2521198475542499
0.429485501010057   -0.22495298091240074   1.2521198475542499
0.429485501010057   -0.22495298091240074   1.2521198475542499
0.429485501010057   -0.22495298091240074   1.2521198475542499
0.429485501010057   -0.22495298091240074   1.2521198475542499
0.429485501010057   -0.22495298091240074   1.2521198475542499
0.429485501010057   -0.22495298091240074   1.2521198475542499
0.429485501010057   -0.22495298091240074   1.2521198475542499
0.429485501010057   -0.22495298091240074   1.2521198475542499
0.429485501010057   -0.22495298091240074   1.2521198475542499
0.42952407563216494   -0.22498111408105692   1.2521101479551948
0.42952407563216494   -0.22498111408105692   1.2521101479551948
0.42959634412577397   -0.22495435058480862   1.2521778231835814
0.42959634412577397   -0.22495435058480862   1.2521778231835814
0.42959634412577397   -0.22495435058480862   1.2521778231835814
0.4296491254198176   -0.22499582026926732   1.2521824347575263
0.42978530547525573   -0.2249485220582511   1.2522812570015889
0.42978530547525573   -0.2249485220582511   1.2522812570015889
0.42987051835087786   -0.2249897993503786   1.2523222257608912
0.4301234358064028   -0.2249185634453575   1.2525249949050212
0.4301234358064028   -0.2249185634453575   1.2525249949050212
0.43051032014188917   -0.22494402600662955   1.2527506434501419
0.43060997023806336   -0.22487373183587656   1.2528388243341557
0.4307421738557836   -0.22489150686451337   1.252943705005472
0.4307421738557836   -0.22489150686451337   1.252943705005472
0.4307421738557836   -0.22489150686451337   1.252943705005472
0.43074516781328936   -0.22489921943325208   1.2529242399361487
0.43074516781328936   -0.22489921943325208   1.2529242399361487
0.4307934958826235   -0.22486021606350626   1.2529780629128173
0.4307934958826235   -0.22486021606350626   1.2529780629128173
0.4307934958826235   -0.22486021606350626   1.2529780629128173
0.4307978564203576   -0.22488612635822738   1.2529761305224767
0.4308521724047032   -0.22486254812595896   1.252991023360499
0.4308521724047032   -0.22486254812595896   1.252991023360499
0.4308521724047032   -0.22486254812595896   1.252991023360499
0.4308521724047032   -0.22486254812595896   1.252991023360499
0.43086149414484987   -0.22488225677607165   1.2529962600486586
0.43086149414484987   -0.22488225677607165   1.2529962600486586
0.43087689110838734   -0.22487446523328936   1.2529947176755858
0.43087689110838734   -0.22487446523328936   1.2529947176755858
0.43087689110838734   -0.22487446523328936   1.2529947176755858
0.4308911728802107   -0.22490900627196697   1.2529990018905552
0.4308911728802107   -0.22490900627196697   1.2529990018905552
0.43091190160599613   -0.22490193625726296   1.2529945648482776
0.43091981782263156   -0.2249072935375296   1.2529988242301582
0.43091981782263156   -0.2249072935375296   1.2529988242301582
0.43094163460720614   -0.22488148921196327   1.2529914759632836
0.4309888321578339   -0.22491017508454658   1.2529926837098038
0.4309888321578339   -0.22491017508454658   1.2529926837098038
0.4310791192388954   -0.22487444618688063   1.2529806022999903
0.4311729703014353   -0.22491901181293072   1.252984425170446
0.4311729703014353   -0.22491901181293072   1.252984425170446
0.43144675157098766   -0.2248781609215268   1.2529573764171031
0.4316338097409569   -0.22495333345150492   1.252958313353843
0.4319088789207304   -0.22494040000434523   1.2529446822088435
0.4326434996298043   -0.2249338707515155   1.2528915216388974
0.4326434996298043   -0.2249338707515155   1.2528915216388974
0.4326434996298043   -0.2249338707515155   1.2528915216388974
0.43361427828672205   -0.22495665403671938   1.2528427716250823
0.43501073414607117   -0.22491280371771838   1.2527403787745985
0.43501073414607117   -0.22491280371771838   1.2527403787745985
0.438279640477244   -0.22496752298386835   1.2525544385526324
0.44100344535393043   -0.22493282536060955   1.2523636055078127
0.4444105653691268   -0.22488153859727322   1.252149759973551
0.4444105653691268   -0.22488153859727322   1.252149759973551
0.4444105653691268   -0.22488153859727322   1.252149759973551
0.4444105653691268   -0.22488153859727322   1.252149759973551
0.44573791438646415   -0.22489069129301542   1.252061319779215
0.44573791438646415   -0.22489069129301542   1.252061319779215
0.4467432464643878   -0.2248869730708477   1.252005593437326
0.4467432464643878   -0.2248869730708477   1.252005593437326
0.4467432464643878   -0.2248869730708477   1.252005593437326
0.4467432464643878   -0.2248869730708477   1.252005593437326
0.4467432464643878   -0.2248869730708477   1.252005593437326
0.4467432464643878   -0.2248869730708477   1.252005593437326
0.4467432464643878   -0.2248869730708477   1.252005593437326
0.4467432464643878   -0.2248869730708477   1.252005593437326
0.4467432464643878   -0.2248869730708477   1.252005593437326
0.4467432464643878   -0.2248869730708477   1.252005593437326
0.4467432464643878   -0.2248869730708477   1.252005593437326
0.4467432464643878   -0.2248869730708477   1.252005593437326
0.4467432464643878   -0.2248869730708477   1.252005593437326
0.446776565214366   -0.22488220876202009   1.2520009882264036
0.446776565214366   -0.22488220876202009   1.2520009882264036
0.4468187563021576   -0.22488932898028924   1.2520030665692523
0.4468187563021576   -0.22488932898028924   1.2520030665692523
0.4468187563021576   -0.22488932898028924   1.2520030665692523
0.4468260736623224   -0.2248868071775168   1.2520010381805826
0.4468260736623224   -0.2248868071775168   1.2520010381805826
0.4468260736623224   -0.2248868071775168   1.2520010381805826
