5  2.25  0.01  0.01  0.5995344327966527  0.33429510105854454  0.838310311240214  14.629037727712358  14.629037727712358  1.0  0.778  0.204  0.018  0.763  0.237  0.763  0.237  True
5  2.25  0.01  0.01  0.6994455350375757  0.0778521340607235  1.0325221092325179  14.573951264816118  14.573951264816118  1.0  0.793  0.191  0.015  0.763  0.237  0.763  0.237  True
5  2.25  0.01  0.01  0.7438090510538806  -0.08944111095367357  1.022683180640059  14.566690768108687  14.566690768108687  1.0  0.795  0.19  0.014  0.763  0.237  0.763  0.237  True
5  2.25  0.01  0.01  0.7696750977018167  -0.2036185772634449  1.0027295180913747  14.56403083164547  14.56403083164547  1.0  0.795  0.191  0.014  0.763  0.237  0.763  0.237  True
5  2.25  0.01  0.01  0.731633839072021  -0.04576595626881351  1.0165333702264596  14.568708561979008  14.568708561979008  1.0  0.794  0.191  0.015  0.763  0.237  0.763  0.237  True
5  2.25  0.01  0.01  0.7329814512014197  -0.04841494818440918  1.0222967351315801  14.568022250205177  14.568022250205177  1.0  0.795  0.191  0.015  0.763  0.237  0.763  0.237  True
5  2.25  0.01  0.01  0.6822664434118731  0.17271998893832258  1.0723748133043771  14.580584094593373  14.580584094593373  1.0  0.794  0.19  0.016  0.763  0.237  0.763  0.237  True
5  2.25  0.01  0.01  0.7173919335004055  0.0028224722765446218  1.0127823764068251  14.570177040370307  14.570177040370307  1.0  0.793  0.192  0.015  0.763  0.237  0.763  0.237  True
5  2.25  0.01  0.01  0.8446667648456365  -0.19461189927293274  1.413632746501153  14.805020335678872  14.805020335678872  1.0  0.819  0.169  0.012  0.763  0.237  0.763  0.237  True
5  2.25  0.01  0.01  0.7309957113205499  -0.0500361579705666  1.012337263175703  14.56807647649185  14.56807647649185  1.0  0.794  0.191  0.015  0.763  0.237  0.763  0.237  True
5  2.25  0.01  0.01  0.7002784010828752  0.07289701175784075  1.0225642988976897  14.573489688742699  14.573489688742699  1.0  0.793  0.192  0.015  0.763  0.237  0.763  0.237  True
5  2.25  0.01  0.01  0.7364251994583884  -0.07365266858761466  1.012737774423636  14.567343179782702  14.567343179782702  1.0  0.794  0.191  0.015  0.763  0.237  0.763  0.237  True
5  2.25  0.01  0.01  0.61469932827586  -0.07669557099523902  0.2643247376883827  14.819620329706298  14.819620329706298  1.0  0.751  0.231  0.018  0.763  0.237  0.763  0.237  True
5  2.25  0.01  0.01  0.7201225477840695  -0.011543157294450237  1.0125079010272813  14.569726336117892  14.569726336117892  1.0  0.793  0.192  0.015  0.763  0.237  0.763  0.237  True
5  2.25  0.01  0.01  0.6656715011344725  0.21046226351192288  1.0428755202445534  14.582229437670678  14.582229437670678  1.0  0.792  0.192  0.016  0.763  0.237  0.763  0.237  True
5  2.25  0.01  0.01  0.6382423041064605  0.18408157942204462  0.837142375891592  14.61306937773709  14.61306937773709  1.0  0.78  0.203  0.017  0.763  0.237  0.763  0.237  True
5  2.25  0.01  0.01  0.7769291298163246  0.009605219757700283  1.714820151239209  15.008705269981009  15.008705269981009  1.0  0.813  0.174  0.013  0.763  0.237  0.763  0.237  True
5  2.25  0.01  0.01  0.7723201274562319  -0.213250057842653  1.0023748011790978  14.563865811931711  14.563865811931711  1.0  0.795  0.191  0.014  0.763  0.237  0.763  0.237  True
5  2.25  0.01  0.01  0.755868568505955  0.08363210262863266  1.7803808144797326  15.044527416525463  15.044527416525463  1.0  0.811  0.175  0.014  0.763  0.237  0.763  0.237  True
5  2.25  0.01  0.01  0.7864645860562633  -0.2694899798106171  0.992548371754854  14.563222908729387  14.563222908729387  1.0  0.795  0.191  0.014  0.763  0.237  0.763  0.237  True
5  2.25  0.01  0.01  0.7556266608345062  0.18500013002489857  1.7804714720936181  15.027028525495366  15.027028525495366  1.0  0.819  0.168  0.013  0.763  0.237  0.763  0.237  True
5  2.25  0.01  0.01  0.7663124306688973  -0.1821072406263035  1.0125573508813008  14.564398447676046  14.564398447676046  1.0  0.796  0.19  0.014  0.763  0.237  0.763  0.237  True
5  2.25  0.01  0.01  0.7049161816153944  0.058376672621733565  1.0325225468804609  14.572891707201219  14.572891707201219  1.0  0.794  0.191  0.015  0.763  0.237  0.763  0.237  True
5  2.25  0.01  0.01  0.689528388136103  0.13499313231216964  1.0529400002951554  14.577122124789396  14.577122124789396  1.0  0.794  0.191  0.016  0.763  0.237  0.763  0.237  True
5  2.25  0.01  0.01  0.680374594683613  0.1737059920124536  1.062430396125363  14.5799703956938  14.5799703956938  1.0  0.794  0.191  0.016  0.763  0.237  0.763  0.237  True
5  2.25  0.01  0.01  0.8086409830342366  -0.36476509618919783  0.982492113514243  14.563109224095427  14.563109224095427  1.0  0.796  0.191  0.013  0.763  0.237  0.763  0.237  True
5  2.25  0.01  0.01  0.8015867366857101  -0.3150151052722222  0.9923675330817788  14.56298471547021  14.56298471547021  1.0  0.796  0.19  0.013  0.763  0.237  0.763  0.237  True
5  2.25  0.01  0.01  0.4298989303066218  1.0443235421629669  1.1149999375403659  14.695720470875388  14.695720470875388  1.0  0.771  0.209  0.021  0.763  0.237  0.763  0.237  True
5  2.25  0.01  0.01  0.034809472107686576  0.7949972567448855  0.862034176734098  14.844349094403745  14.844349094403745  1.0  0.58  0.39  0.029  0.763  0.237  0.763  0.237  True
5  2.25  0.01  0.01  0.8105558128882668  -0.10019264756367949  1.7199437481527962  15.041874517020814  15.041874517020814  1.0  0.815  0.172  0.013  0.763  0.237  0.763  0.237  True
-------------------------------------------------------------------------------------------------
5  2.25  0.01  0.01  0.7197002176327868  -0.16855014033883048  1.002469435952508  14.535086425584746  14.535086425584746  1.0  0.781  0.204  0.015  0.763  0.237  0.763  0.237  True
5  2.25  0.01  0.01  0.708398325045962  -0.02788964782127009  1.1424848978497046  14.557117728024362  14.557117728024362  1.0  0.788  0.197  0.015  0.763  0.237  0.763  0.237  True
5  2.25  0.01  0.01  0.6637544009481624  0.040610250798128175  1.0124118456192146  14.54009881861411  14.54009881861411  1.0  0.778  0.205  0.017  0.763  0.237  0.763  0.237  True
5  2.25  0.01  0.01  0.6385270986376135  0.030431975879428447  0.8528401489763824  14.561877832458862  14.561877832458862  1.0  0.768  0.214  0.017  0.763  0.237  0.763  0.237  True
5  2.25  0.01  0.01  0.6462419714443044  0.1092321580036599  1.0223832973753297  14.543025081735644  14.543025081735644  1.0  0.777  0.206  0.017  0.763  0.237  0.763  0.237  True
5  2.25  0.01  0.01  0.7571404211432113  -0.32025325360941137  0.9824593254873322  14.535221334380916  14.535221334380916  1.0  0.782  0.204  0.014  0.763  0.237  0.763  0.237  True
5  2.25  0.01  0.01  0.7279715849750461  -0.2028866422205351  1.002493264060115  14.534878962424854  14.534878962424854  1.0  0.782  0.203  0.015  0.763  0.237  0.763  0.237  True
5  2.25  0.01  0.01  0.6207247293797409  -0.016049119292301343  0.6613404236724771  14.616516961069635  14.616516961069635  1.0  0.758  0.224  0.018  0.763  0.237  0.763  0.237  True
5  2.25  0.01  0.01  0.7819911688981431  -0.4114017141585774  0.982366883681075  14.53670285561912  14.53670285561912  1.0  0.783  0.203  0.014  0.763  0.237  0.763  0.237  True
5  2.25  0.01  0.01  0.8260977825525536  -0.27249501475706567  1.4131518582648237  14.786940908494456  14.786940908494456  1.0  0.808  0.18  0.012  0.763  0.237  0.763  0.237  True
5  2.25  0.01  0.01  0.5650934080822027  0.4336327603243654  1.0626852438808494  14.56559342097791  14.56559342097791  1.0  0.773  0.208  0.019  0.763  0.237  0.763  0.237  True
5  2.25  0.01  0.01  0.77369310251489  -0.384887355984854  0.9826408448606986  14.536074390752036  14.536074390752036  1.0  0.783  0.203  0.014  0.763  0.237  0.763  0.237  True
5  2.25  0.01  0.01  0.7675222406010819  -0.3523193623780855  0.9923030361078755  14.535638971628483  14.535638971628483  1.0  0.783  0.203  0.014  0.763  0.237  0.763  0.237  True
5  2.25  0.01  0.01  0.6968038563803826  -0.07850114314773261  1.0123106104352055  14.536458344632523  14.536458344632523  1.0  0.78  0.204  0.016  0.763  0.237  0.763  0.237  True
5  2.25  0.01  0.01  0.6710820233612185  0.02035040222976893  1.0224429521408145  14.539271159172854  14.539271159172854  1.0  0.779  0.205  0.016  0.763  0.237  0.763  0.237  True
5  2.25  0.01  0.01  0.5937186016690104  0.3204480731916167  1.0527404705804144  14.556129335155715  14.556129335155715  1.0  0.775  0.207  0.018  0.763  0.237  0.763  0.237  True
5  2.25  0.01  0.01  0.6600046719374532  0.05705052460510529  1.022306400343539  14.54078306977033  14.54078306977033  1.0  0.778  0.205  0.017  0.763  0.237  0.763  0.237  True
5  2.25  0.01  0.01  0.728744978839913  -0.21215472955276576  0.9922975921338348  14.534859195209965  14.534859195209965  1.0  0.781  0.204  0.015  0.763  0.237  0.763  0.237  True
5  2.25  0.01  0.01  0.6802011656259837  -0.015846989494436386  1.0125808213641225  14.538000338406905  14.538000338406905  1.0  0.779  0.205  0.016  0.763  0.237  0.763  0.237  True
5  2.25  0.01  0.01  0.7308073777580899  -0.20530817412005375  1.002661376554602  14.534840165392707  14.534840165392707  1.0  0.782  0.203  0.015  0.763  0.237  0.763  0.237  True
5  2.25  0.01  0.01  0.634257337858273  0.1636358133388816  1.0320807317642382  14.545533367046785  14.545533367046785  1.0  0.777  0.206  0.017  0.763  0.237  0.763  0.237  True
5  2.25  0.01  0.01  0.6353330068883856  0.15293023612935908  1.0222287209084038  14.545101915368633  14.545101915368633  1.0  0.777  0.206  0.017  0.763  0.237  0.763  0.237  True
5  2.25  0.01  0.01  0.5782054920526862  0.3049952464181115  1.0429783750019674  14.554866652146012  14.554866652146012  1.0  0.768  0.214  0.019  0.763  0.237  0.763  0.237  True
5  2.25  0.01  0.01  0.7181689581440477  -0.14573908366703692  1.0224605162732885  14.53561237244775  14.53561237244775  1.0  0.782  0.203  0.015  0.763  0.237  0.763  0.237  True
5  2.25  0.01  0.01  -0.000281117286202731  0.045011481371992484  0.9828789182833901  14.869539406619499  14.869539406619499  1.0  0.49  0.48  0.031  0.763  0.237  0.763  0.237  True
5  2.25  0.01  0.01  0.679940382493774  -0.06500196496055276  1.0120001669654868  14.536818023927339  14.536818023927339  1.0  0.775  0.208  0.016  0.763  0.237  0.763  0.237  True
5  2.25  0.01  0.01  0.7018747977467481  0.10643560345714942  1.7147912911245773  14.96164542244212  14.96164542244212  1.0  0.796  0.189  0.015  0.763  0.237  0.763  0.237  True
5  2.25  0.01  0.01  0.6867933169991782  0.16126310076121667  1.714033026827199  14.952854293542023  14.952854293542023  1.0  0.795  0.189  0.016  0.763  0.237  0.763  0.237  True
5  2.25  0.01  0.01  0.5916257368022009  0.47499753872128303  1.4149991687314998  14.768834416245484  14.768834416245484  1.0  0.786  0.197  0.018  0.763  0.237  0.763  0.237  True
5  2.25  0.01  0.01  0.5120765100830535  0.8226743694953949  1.5129137077267025  15.080857231277264  15.080857231277264  1.0  0.784  0.197  0.019  0.763  0.237  0.763  0.237  True
3.5  1.75  0.01  0.01  0.562556675483737  -0.1844971169566817  1.1723113996766217  14.521252698252413  14.521252698252413  1.0  0.759  0.235  0.006  0.763  0.237  0.763  0.237  True
3.5  1.75  0.01  0.01  0.5336150486161989  -0.09913805158035359  1.132452403448912  14.519048100434288  14.519048100434288  1.0  0.756  0.237  0.007  0.763  0.237  0.763  0.237  True
3.5  1.75  0.01  0.01  0.48937410495854716  0.16103037716363455  1.4135597265263908  14.6381528968163  14.6381528968163  1.0  0.767  0.226  0.007  0.763  0.237  0.763  0.237  True
3.5  1.75  0.01  0.01  0.508177451909046  -0.005319777447162621  1.1325720340742906  14.52233250108445  14.52233250108445  1.0  0.756  0.237  0.007  0.763  0.237  0.763  0.237  True
3.5  1.75  0.01  0.01  0.5624292552893144  -0.2791858054322781  0.9922706511891933  14.538688742714324  14.538688742714324  1.0  0.747  0.247  0.006  0.763  0.237  0.763  0.237  True
3.5  1.75  0.01  0.01  0.5134256729628321  0.07929733267926234  1.4137291677920298  14.635212466889248  14.635212466889248  1.0  0.768  0.225  0.007  0.763  0.237  0.763  0.237  True
3.5  1.75  0.01  0.01  0.48058486687295465  0.188769345463014  1.414540815182497  14.640510798741214  14.640510798741214  1.0  0.767  0.226  0.007  0.763  0.237  0.763  0.237  True
3.5  1.75  0.01  0.01  0.5647900885697317  -0.207619495791506  1.1323626610637538  14.5185433536594  14.5185433536594  1.0  0.756  0.238  0.006  0.763  0.237  0.763  0.237  True
3.5  1.75  0.01  0.01  0.4670383464763386  0.15234218824339596  1.1625580864542335  14.533338739453773  14.533338739453773  1.0  0.756  0.236  0.008  0.763  0.237  0.763  0.237  True
3.5  1.75  0.01  0.01  0.46130224563697986  0.16839139451293694  1.1623773197098597  14.53529208885675  14.53529208885675  1.0  0.756  0.236  0.008  0.763  0.237  0.763  0.237  True
3.5  1.75  0.01  0.01  0.43867367491417464  0.24878660072307388  1.1625656917370641  14.54444039505829  14.54444039505829  1.0  0.756  0.237  0.008  0.763  0.237  0.763  0.237  True
3.5  1.75  0.01  0.01  0.49109925536280774  0.06792624314015804  1.1726562553464548  14.527311321739607  14.527311321739607  1.0  0.758  0.235  0.007  0.763  0.237  0.763  0.237  True
3.5  1.75  0.01  0.01  0.5337226006728164  -0.08535910599207791  1.1522889260887803  14.519518674153273  14.519518674153273  1.0  0.757  0.236  0.007  0.763  0.237  0.763  0.237  True
3.5  1.75  0.01  0.01  0.5475050387212486  -0.1579360240919523  1.1122612188047718  14.518845943624513  14.518845943624513  1.0  0.755  0.239  0.007  0.763  0.237  0.763  0.237  True
3.5  1.75  0.01  0.01  0.49648383900749626  0.11977680461394369  1.6488216243224412  14.747209826997379  14.747209826997379  1.0  0.766  0.227  0.007  0.763  0.237  0.763  0.237  True
3.5  1.75  0.01  0.01  0.5716273828104299  -0.2411335057506554  1.1225506837053716  14.518966440084125  14.518966440084125  1.0  0.755  0.238  0.006  0.763  0.237  0.763  0.237  True
3.5  1.75  0.01  0.01  0.45616368986072764  0.2849267334088369  1.432014962739091  14.675329539102007  14.675329539102007  1.0  0.766  0.226  0.008  0.763  0.237  0.763  0.237  True
3.5  1.75  0.01  0.01  0.5039061393364288  0.016737973233412983  1.162306452253972  14.523854989934538  14.523854989934538  1.0  0.757  0.236  0.007  0.763  0.237  0.763  0.237  True
3.5  1.75  0.01  0.01  0.5252431952768313  -0.05536442683160491  1.1523101782454943  14.52024068363234  14.52024068363234  1.0  0.757  0.236  0.007  0.763  0.237  0.763  0.237  True
3.5  1.75  0.01  0.01  0.510141490086526  -0.017793429233903278  1.1329813964972744  14.521840160175733  14.521840160175733  1.0  0.755  0.238  0.007  0.763  0.237  0.763  0.237  True
3.5  1.75  0.01  0.01  0.5053133173115225  0.005475047883146731  1.1524016345150216  14.523053279277772  14.523053279277772  1.0  0.757  0.236  0.007  0.763  0.237  0.763  0.237  True
3.5  1.75  0.01  0.01  0.45718495059866393  0.18483822118657925  1.1526020671152957  14.53652414286911  14.53652414286911  1.0  0.756  0.237  0.008  0.763  0.237  0.763  0.237  True
3.5  1.75  0.01  0.01  0.5180556100042364  -0.04175478085492734  1.1423529077454528  14.520760247044914  14.520760247044914  1.0  0.756  0.237  0.007  0.763  0.237  0.763  0.237  True
3.5  1.75  0.01  0.01  0.4509584747291083  0.22489279300406606  1.1929485356080578  14.541885278709145  14.541885278709145  1.0  0.757  0.235  0.008  0.763  0.237  0.763  0.237  True
3.5  1.75  0.01  0.01  0.46414026693581856  0.16441148730495572  1.1627803618513268  14.534298816322424  14.534298816322424  1.0  0.756  0.236  0.008  0.763  0.237  0.763  0.237  True
3.5  1.75  0.01  0.01  0.552141061163941  -0.15890920416996773  1.1421390209955715  14.518465204962101  14.518465204962101  1.0  0.757  0.237  0.007  0.763  0.237  0.763  0.237  True
3.5  1.75  0.01  0.01  0.39327024341444716  0.3787769721537948  1.0829261426215204  14.577360783441332  14.577360783441332  1.0  0.75  0.241  0.008  0.763  0.237  0.763  0.237  True
3.5  1.75  0.01  0.01  0.5562792821437048  -0.1833122638283714  1.1326171217832035  14.518299357093118  14.518299357093118  1.0  0.756  0.237  0.006  0.763  0.237  0.763  0.237  True
3.5  1.75  0.01  0.01  0.5168061600788896  -0.016004577632054838  1.1725394298435003  14.522794712986897  14.522794712986897  1.0  0.758  0.235  0.007  0.763  0.237  0.763  0.237  True
3.5  1.75  0.01  0.01  0.552078212472477  0.08508952223192295  1.9150001090910627  15.195666512201822  15.195666512201822  1.0  0.785  0.209  0.006  0.763  0.237  0.763  0.237  True
