0  5.5  2.75  0.01  0.01  0.6052834224507668  -0.8730858466537939  0.6390202353519477  15.420063876724143  15.262427945208703  1.0  0.565  0.339  0.095  0.614  0.386  0.737  0.263
0  5.5  2.75  0.01  0.01  0.5300068384742695  -0.40692311825556926  0.6980110940103407  15.394570138372968  15.220431384843685  1.0  0.582  0.32  0.098  0.614  0.386  0.737  0.263
0  5.5  2.75  0.01  0.01  0.9439132875187743  -0.8120070067619951  0.8019686833888201  15.406203737636615  15.458753497226317  1.0  0.676  0.247  0.077  0.649  0.351  0.632  0.368
0  5.5  2.75  0.01  0.01  0.849917643331453  -0.0022345941032901884  0.7696573110124594  15.442520334578544  15.694447536765994  1.0  0.715  0.207  0.077  0.649  0.351  0.632  0.368
0  5.5  2.75  0.01  0.01  -0.10753530147776003  0.36518618022859184  0.45584663388919416  15.586881936132238  15.59237695535516  1.0  0.444  0.447  0.109  0.649  0.351  0.632  0.368
0  5.5  2.75  0.01  0.01  0.3840242497697939  -0.3251591689003501  1.0342388721497817  15.249188399749862  15.174559772855293  1.0  0.542  0.355  0.103  0.632  0.368  0.684  0.316
0  5.5  2.75  0.01  0.01  -0.6267117912658624  -0.46300901755482404  0.5338704139267567  16.02190601771847  16.40144209129952  1.0  0.226  0.687  0.087  0.632  0.368  0.684  0.316
0  5.5  2.75  0.01  0.01  -0.9073581961904096  0.49217699007193727  0.785775939139827  16.15330108828853  16.323023053725738  1.0  0.23  0.693  0.078  0.632  0.368  0.684  0.316
0  5.5  2.75  0.01  0.01  -0.9572545819135048  0.8823685730624531  0.8129397910782161  16.15399270540166  16.310997994440168  1.0  0.249  0.674  0.076  0.667  0.333  0.579  0.421
0  5.5  2.75  0.01  0.01  -0.6050341017311047  0.3408356507541608  0.5113321229140537  15.928113734092957  16.039264774674518  1.0  0.293  0.613  0.094  0.649  0.351  0.632  0.368
0  5.5  2.75  0.01  0.01  0.6368348741786289  -0.7208179519773785  0.5365480589076285  15.45188933486084  15.333803221763551  1.0  0.589  0.317  0.094  0.614  0.386  0.737  0.263
0  5.5  2.75  0.01  0.01  -0.7657577767957382  0.5277254901600785  1.1877788372211446  15.907510123048915  15.682842408260088  1.0  0.267  0.647  0.086  0.667  0.333  0.579  0.421
0  5.5  2.75  0.01  0.01  -0.3997899225798953  -0.2734135428769118  0.40051636267121116  15.851121735358449  15.978368424212482  1.0  0.3  0.601  0.1  0.614  0.386  0.737  0.263
0  5.5  2.75  0.01  0.01  -0.7019277449412926  0.6001176518854701  0.40092221550080626  16.051099527576604  16.27042310621521  1.0  0.289  0.621  0.09  0.632  0.368  0.684  0.316
0  5.5  2.75  0.01  0.01  -0.7864465230851947  -0.21850538472234882  2.1686504462100697  16.468222983868554  16.386395482430284  1.0  0.206  0.714  0.079  0.596  0.404  0.789  0.211
0  5.5  2.75  0.01  0.01  -0.13878131921480819  -0.1402806193376147  0.3878621200297236  15.646011585740453  15.69124245159262  1.0  0.388  0.504  0.108  0.649  0.351  0.632  0.368
0  5.5  2.75  0.01  0.01  0.20164712510810245  -0.0160340894248725  0.3828369331052908  15.522801166992323  15.519909408311623  1.0  0.51  0.383  0.107  0.632  0.368  0.684  0.316
0  5.5  2.75  0.01  0.01  0.6886715975151996  -0.566796050756778  0.425953441696212  15.508529302746425  15.510287879269733  1.0  0.619  0.29  0.091  0.632  0.368  0.684  0.316
0  5.5  2.75  0.01  0.01  -0.7229131559373954  0.6741238242911198  1.3900396344491515  15.682635925911644  15.734285984198038  1.0  0.29  0.621  0.089  0.632  0.368  0.684  0.316
0  5.5  2.75  0.01  0.01  -0.08018890762254438  0.3981675792152244  1.082410692456755  15.267083854995494  15.537351871432751  1.0  0.456  0.435  0.109  0.632  0.368  0.684  0.316
0  5.5  2.75  0.01  0.01  0.916966697293035  0.4190053130547855  0.4886064791993565  15.951049671061343  15.341134022382134  1.0  0.764  0.166  0.069  0.596  0.404  0.789  0.211
0  5.5  2.75  0.01  0.01  0.9006798199727277  0.7420405171379263  1.260474633033217  15.587738946607434  15.43670765645736  1.0  0.782  0.151  0.066  0.632  0.368  0.684  0.316
0  5.5  2.75  0.01  0.01  0.7009213322467729  0.4651761623532509  2.306289246744496  15.368878175155205  19.33364732916045  1.0  0.709  0.209  0.082  0.614  0.386  0.737  0.263
0  5.5  2.75  0.01  0.01  -0.8412808564439347  0.3636452902984637  1.8518049070687108  15.77915710161907  16.240521313812916  1.0  0.235  0.684  0.081  0.579  0.421  0.842  0.158
0  5.5  2.75  0.01  0.01  -0.848435557071898  -0.41126963829516283  1.5895869912579308  16.040267505049826  16.253013370102092  1.0  0.181  0.746  0.074  0.632  0.368  0.684  0.316
0  5.5  2.75  0.01  0.01  0.07914705856550186  0.43621643480482986  2.2497874101338  16.64003293733758  15.108115515899948  1.0  0.512  0.381  0.108  0.632  0.368  0.684  0.316
0  5.5  2.75  0.01  0.01  0.7124342321777137  0.09642850924307811  2.083441984079154  15.511433886935476  15.177659183556802  1.0  0.683  0.232  0.085  0.596  0.404  0.789  0.211
0  5.5  2.75  0.01  0.01  -0.1716472422915889  -0.44195239378608586  2.5356070726828  18.36324801811583  15.306634385705943  1.0  0.352  0.542  0.106  0.649  0.351  0.632  0.368
0  5.5  2.75  0.01  0.01  -0.6568892756071814  0.452193311203158  2.5508294172227908  18.31538128176638  16.58584165481969  1.0  0.289  0.62  0.092  0.632  0.368  0.684  0.316
0  5.5  2.75  0.01  0.01  -0.41381078367129853  -0.7995510081618844  1.8637187082400417  15.569258923347315  15.926632034472263  1.0  0.255  0.651  0.094  0.667  0.333  0.579  0.421
1  5.5  2.75  0.01  0.01  -0.5023958292921153  -0.9269069352336636  0.7142427637728406  16.2090527683529  16.203022762155147  1.0  0.223  0.689  0.088  0.85  0.15  0.85  0.15
1  5.5  2.75  0.01  0.01  -0.1996178549583003  0.9335106578917067  0.8723463898309326  15.376001981039597  15.361203946659325  1.0  0.468  0.426  0.106  0.838  0.162  0.9  0.1
1  5.5  2.75  0.01  0.01  0.17992068322859822  0.5672987135053911  0.790348702601267  15.08593547766757  15.079587026044882  1.0  0.556  0.339  0.105  0.85  0.15  0.85  0.15
1  5.5  2.75  0.01  0.01  0.4509409606521013  -0.6939488242095884  0.43928803173522657  15.071657680094129  15.153394723063212  1.0  0.531  0.368  0.101  0.85  0.15  0.85  0.15
1  5.5  2.75  0.01  0.01  0.6232085121260795  -0.6258970825163837  0.9692127836438744  14.710089128921652  14.825499990023905  1.0  0.593  0.313  0.094  0.825  0.175  0.95  0.05
1  5.5  2.75  0.01  0.01  0.3958201145331608  0.41881015326313253  0.3690289417997959  15.152156353934274  15.373459253953609  1.0  0.613  0.289  0.099  0.875  0.125  0.75  0.25
1  5.5  2.75  0.01  0.01  -0.7186244723089039  -0.9130574288750708  0.4620875707946911  16.80607244408921  16.58847056670688  1.0  0.177  0.748  0.076  0.875  0.125  0.75  0.25
1  5.5  2.75  0.01  0.01  -0.24967323431279786  0.8900164628830869  1.130018995586217  15.236237609390162  15.59469698583504  1.0  0.448  0.446  0.106  0.838  0.162  0.9  0.1
1  5.5  2.75  0.01  0.01  -0.1775050815996353  0.7301951185061515  0.8610249787746576  15.26192251762551  15.728201578341793  1.0  0.456  0.437  0.107  0.85  0.15  0.85  0.15
1  5.5  2.75  0.01  0.01  -0.28033368218582777  0.04244384046067551  1.3609011004504923  15.3400233659798  15.346030755570649  1.0  0.361  0.534  0.105  0.825  0.175  0.95  0.05
1  5.5  2.75  0.01  0.01  0.29500087767638994  0.34149061748580856  0.9427490438854284  14.877753526481442  15.10775679486674  1.0  0.573  0.324  0.103  0.85  0.15  0.85  0.15
1  5.5  2.75  0.01  0.01  0.5686364843360037  0.5453458476854773  0.5074367302376606  15.067294544867092  15.117684025045184  1.0  0.677  0.234  0.089  0.85  0.15  0.85  0.15
1  5.5  2.75  0.01  0.01  0.1548658114388184  -0.11172109370868166  1.3063538028124184  14.901890983023382  14.944106177389969  1.0  0.486  0.406  0.108  0.838  0.162  0.9  0.1
1  5.5  2.75  0.01  0.01  -0.8931844006502392  -0.37397411645825285  0.9758869264424928  16.617471325177114  16.802664025010408  1.0  0.174  0.755  0.071  0.85  0.15  0.85  0.15
1  5.5  2.75  0.01  0.01  0.13993608805618907  0.9931578621796764  2.2304179628855576  15.78492606632145  18.57793670112622  1.0  0.582  0.316  0.102  0.838  0.162  0.9  0.1
1  5.5  2.75  0.01  0.01  -0.3485639543984411  -0.5182456802285853  1.0494594226740794  15.628421629080488  15.87045540906505  1.0  0.294  0.606  0.1  0.85  0.15  0.85  0.15
1  5.5  2.75  0.01  0.01  0.3561434122709093  -0.359992008096379  1.023423021724113  14.875154463343435  14.810860393000382  1.0  0.53  0.366  0.104  0.85  0.15  0.85  0.15
1  5.5  2.75  0.01  0.01  0.49437874586584973  0.922455771832011  1.2544707624010702  14.763991433878578  14.733839338217399  1.0  0.685  0.226  0.089  0.825  0.175  0.95  0.05
1  5.5  2.75  0.01  0.01  -0.3895185927103273  0.041726704666198655  1.2613339088434226  15.480413730859164  15.712343701725839  1.0  0.328  0.57  0.102  0.838  0.162  0.9  0.1
1  5.5  2.75  0.01  0.01  0.4938676623634082  -0.6167096103241685  2.120799166158589  15.548158266226295  14.996192716376422  1.0  0.552  0.349  0.1  0.85  0.15  0.85  0.15
1  5.5  2.75  0.01  0.01  0.46027913861684144  -0.7376229714688385  1.9603826161788602  14.726485931846138  15.958155868858999  1.0  0.53  0.369  0.101  0.862  0.138  0.8  0.2
1  5.5  2.75  0.01  0.01  0.13807646444325639  0.29622465933065945  1.7171302814182015  14.828350232222244  14.784416775499134  1.0  0.518  0.375  0.107  0.825  0.175  0.95  0.05
1  5.5  2.75  0.01  0.01  0.10203600205335861  0.5044613476385538  1.5250331064827567  14.7642566752429  15.14124554254696  1.0  0.525  0.368  0.107  0.85  0.15  0.85  0.15
1  5.5  2.75  0.01  0.01  -0.28219838249018014  -0.6446881468918875  2.4774800023638766  17.0327105756849  22.050970034528685  1.0  0.303  0.596  0.101  0.888  0.112  0.7  0.3
1  5.5  2.75  0.01  0.01  -0.04461581513916224  -0.7589299600934092  1.648630955058264  15.213044766313235  15.393070182028415  1.0  0.364  0.53  0.106  0.838  0.162  0.9  0.1
1  5.5  2.75  0.01  0.01  0.6731954196222041  0.38142630107121667  2.584155352788004  18.235179328503477  14.845409968553284  1.0  0.694  0.221  0.085  0.85  0.15  0.85  0.15
1  5.5  2.75  0.01  0.01  0.48404900474012047  -0.992062484499795  1.707652249388627  14.839671229353087  14.678950653175665  1.0  0.514  0.386  0.1  0.85  0.15  0.85  0.15
1  5.5  2.75  0.01  0.01  -0.4240824077988712  -0.9468238085638598  2.705994841721191  20.654207294416636  20.729780011143866  1.0  0.241  0.667  0.092  0.85  0.15  0.85  0.15
1  5.5  2.75  0.01  0.01  -0.2249900979243964  -0.1701359497060151  1.990315847633001  15.393385202065321  15.939602700209145  1.0  0.359  0.535  0.106  0.85  0.15  0.85  0.15
1  5.5  2.75  0.01  0.01  0.12729366348792026  -0.40190377971464053  1.4570035413161746  14.998603059389065  14.73169801088479  1.0  0.451  0.441  0.109  0.85  0.15  0.85  0.15
