0  3.5  1.75  0.01  0.01  0.4177714651519393  0.7927518338790553  1.2110632092362654  15.712112760271873  15.712112760271873  1.0  0.755  0.169  0.075  0.761  0.239  0.761  0.239
0  3.5  1.75  0.01  0.01  0.5209087215363859  0.7377790815466849  2.1812311947282588  30.484424510348802  30.484424510348802  1.0  0.791  0.143  0.067  0.761  0.239  0.761  0.239
0  3.5  1.75  0.01  0.01  0.8266226724590463  -0.2512376656637836  1.1564353979869613  15.661552215449147  15.661552215449147  1.0  0.802  0.146  0.052  0.761  0.239  0.761  0.239
0  3.5  1.75  0.01  0.01  1.2282327561266335  -0.7380410069457302  2.0024178604525957  28.394458542613656  28.394458542613656  1.0  0.873  0.104  0.024  0.761  0.239  0.761  0.239
0  3.5  1.75  0.01  0.01  0.8316509277528662  -0.6373670884767526  0.615441024626442  14.421068762461998  14.421068762461998  1.0  0.759  0.185  0.056  0.761  0.239  0.761  0.239
0  3.5  1.75  0.01  0.01  0.33879086175727163  0.9620085387625448  1.101982300300559  15.22623201421773  15.22623201421773  1.0  0.743  0.179  0.079  0.761  0.239  0.761  0.239
0  3.5  1.75  0.01  0.01  0.6149755316579342  0.4206200672538438  1.475329173800865  18.20270106295647  18.20270106295647  1.0  0.793  0.143  0.064  0.761  0.239  0.761  0.239
0  3.5  1.75  0.01  0.01  1.0444979796069673  -0.9856056796001471  0.941423515229374  15.195106082467056  15.195106082467056  1.0  0.792  0.169  0.038  0.761  0.239  0.761  0.239
0  3.5  1.75  0.01  0.01  0.6034757396678956  0.5293205873495088  2.02123854241102  27.993209436698564  27.993209436698564  1.0  0.8  0.137  0.063  0.761  0.239  0.761  0.239
0  3.5  1.75  0.01  0.01  0.7007609936677128  0.14305448497000883  1.2952840062774136  16.43279404184301  16.43279404184301  1.0  0.796  0.144  0.06  0.761  0.239  0.761  0.239
0  3.5  1.75  0.01  0.01  0.7397898629956808  -0.460331043661077  0.48803725097592676  14.247786089889905  14.247786089889905  1.0  0.744  0.192  0.063  0.761  0.239  0.761  0.239
0  3.5  1.75  0.01  0.01  0.7072138104007516  -0.38427001625099  0.45883956867914194  14.23334448324709  14.23334448324709  1.0  0.741  0.194  0.066  0.761  0.239  0.761  0.239
0  3.5  1.75  0.01  0.01  0.7428560235613298  -0.40555142874579886  0.5699029432532782  14.29392565343968  14.29392565343968  1.0  0.752  0.186  0.062  0.761  0.239  0.761  0.239
0  3.5  1.75  0.01  0.01  1.0512514168906135  -0.362781165713407  1.8000992344667572  24.120226720607864  24.120226720607864  1.0  0.862  0.105  0.033  0.761  0.239  0.761  0.239
0  3.5  1.75  0.01  0.01  0.5281725099275879  0.27279439766921376  0.6284625924628836  14.344145669165165  14.344145669165165  1.0  0.742  0.183  0.075  0.761  0.239  0.761  0.239
0  3.5  1.75  0.01  0.01  0.6122056491171874  0.06640208364598532  0.7417510785804089  14.651290883122794  14.651290883122794  1.0  0.754  0.176  0.07  0.761  0.239  0.761  0.239
0  3.5  1.75  0.01  0.01  0.43981983794402857  0.7488209522380249  1.2799212343711777  16.311389662182197  16.311389662182197  1.0  0.76  0.166  0.074  0.761  0.239  0.761  0.239
0  3.5  1.75  0.01  0.01  0.9069391326812493  -0.3090284657733713  1.3661068056613832  17.58502505818262  17.58502505818262  1.0  0.823  0.132  0.045  0.761  0.239  0.761  0.239
0  3.5  1.75  0.01  0.01  0.6877660930898493  -0.29696026760413385  0.48640678616694283  14.234963587488922  14.234963587488922  1.0  0.742  0.191  0.067  0.761  0.239  0.761  0.239
0  3.5  1.75  0.01  0.01  1.2273951327858978  -0.43270355056507537  2.5436420472199956  36.111560606302916  36.111560606302916  1.0  0.898  0.08  0.022  0.761  0.239  0.761  0.239
0  3.5  1.75  0.01  0.01  0.4860372509977365  0.45721810219442416  0.8342391066768833  14.975876436489495  14.975876436489495  1.0  0.746  0.178  0.076  0.761  0.239  0.761  0.239
0  3.5  1.75  0.01  0.01  0.5114246855031996  0.7250365871681816  1.8675624001015694  25.65080626018687  25.65080626018687  1.0  0.786  0.146  0.068  0.761  0.239  0.761  0.239
0  3.5  1.75  0.01  0.01  1.2740896008148939  -0.8540051408394527  1.9884523052537786  28.338885111948457  28.338885111948457  1.0  0.873  0.106  0.021  0.761  0.239  0.761  0.239
0  3.5  1.75  0.01  0.01  0.7304241360235384  -0.2551881128658542  0.7538112259623068  14.6896017358555  14.6896017358555  1.0  0.764  0.174  0.062  0.761  0.239  0.761  0.239
0  3.5  1.75  0.01  0.01  1.2838086581785728  -0.8824158199262586  1.8659565140545933  26.627878052897202  26.627878052897202  1.0  0.872  0.107  0.021  0.761  0.239  0.761  0.239
0  3.5  1.75  0.01  0.01  0.8465424946215393  -0.6947995133676179  0.6098527557560921  14.408982068819661  14.408982068819661  1.0  0.759  0.187  0.054  0.761  0.239  0.761  0.239
0  3.5  1.75  0.01  0.01  0.7585756906832659  0.3243112174633329  2.3881933752754634  33.02263368516578  33.02263368516578  1.0  0.834  0.115  0.051  0.761  0.239  0.761  0.239
0  3.5  1.75  0.01  0.01  0.4412870070754711  0.6798957243989192  1.0528936357330176  15.092060246803236  15.092060246803236  1.0  0.752  0.172  0.076  0.761  0.239  0.761  0.239
0  3.5  1.75  0.01  0.01  0.8053118952522048  -0.35402799105762894  0.9379235078913114  15.021972782784054  15.021972782784054  1.0  0.783  0.162  0.055  0.761  0.239  0.761  0.239
0  3.5  1.75  0.01  0.01  0.6056245688887668  0.1380701879564692  0.8583352500411741  14.950574094649374  14.950574094649374  1.0  0.759  0.172  0.069  0.761  0.239  0.761  0.239

ndt is free
------------------------------------------------------------------------------------------------------------------------------------------------------------------------------------
0  3.5  1.75  0.01  0.01  0.5998407132330303  15.02097530434607  15.02097530434607  1.0  0.768  0.164  0.068  0.761  0.239  0.761  0.239
0  3.5  1.75  0.01  0.01  1.0026416829657738  15.228773422619254  15.228773422619254  1.0  0.799  0.16  0.041  0.761  0.239  0.761  0.239
0  3.5  1.75  0.01  0.01  0.5541769584240556  15.01982492185444  15.01982492185444  1.0  0.763  0.166  0.071  0.761  0.239  0.761  0.239
0  3.5  1.75  0.01  0.01  0.9303810671155706  15.165883488904786  15.165883488904786  1.0  0.797  0.157  0.046  0.761  0.239  0.761  0.239
0  3.5  1.75  0.01  0.01  0.9951444533288262  15.221613298791418  15.221613298791418  1.0  0.799  0.159  0.042  0.761  0.239  0.761  0.239
0  3.5  1.75  0.01  0.01  0.7899611032816651  15.075598593454934  15.075598593454934  1.0  0.787  0.157  0.056  0.761  0.239  0.761  0.239
0  3.5  1.75  0.01  0.01  0.8166662977731094  15.089454208653429  15.089454208653429  1.0  0.789  0.156  0.054  0.761  0.239  0.761  0.239
0  3.5  1.75  0.01  0.01  0.6949050668245855  15.038451337474259  15.038451337474259  1.0  0.778  0.159  0.062  0.761  0.239  0.761  0.239
0  3.5  1.75  0.01  0.01  0.9533658770755085  15.184512427776808  15.184512427776808  1.0  0.798  0.158  0.044  0.761  0.239  0.761  0.239
0  3.5  1.75  0.01  0.01  0.5312598710968626  15.021069796983614  15.021069796983614  1.0  0.76  0.168  0.072  0.761  0.239  0.761  0.239
0  3.5  1.75  0.01  0.01  0.5656068475603057  15.0196610863888  15.0196610863888  1.0  0.764  0.166  0.07  0.761  0.239  0.761  0.239
0  3.5  1.75  0.01  0.01  0.8353940430795209  15.100271143708513  15.100271143708513  1.0  0.791  0.156  0.053  0.761  0.239  0.761  0.239
0  3.5  1.75  0.01  0.01  0.9685362791915489  15.19755982814417  15.19755982814417  1.0  0.798  0.158  0.043  0.761  0.239  0.761  0.239
0  3.5  1.75  0.01  0.01  0.6872891453559734  15.036320314136303  15.036320314136303  1.0  0.777  0.16  0.063  0.761  0.239  0.761  0.239
0  3.5  1.75  0.01  0.01  0.8014349420674419  15.081352607593628  15.081352607593628  1.0  0.788  0.157  0.055  0.761  0.239  0.761  0.239
0  3.5  1.75  0.01  0.01  0.35625911319876785  15.073736606521969  15.073736606521969  1.0  0.74  0.181  0.079  0.761  0.239  0.761  0.239
0  3.5  1.75  0.01  0.01  0.6796721499637834  15.034315285435646  15.034315285435646  1.0  0.777  0.16  0.063  0.761  0.239  0.761  0.239
0  3.5  1.75  0.01  0.01  0.31821881881497543  15.096112242606704  15.096112242606704  1.0  0.737  0.184  0.08  0.761  0.239  0.761  0.239
0  3.5  1.75  0.01  0.01  0.8773648612464454  15.126767936923265  15.126767936923265  1.0  0.794  0.156  0.05  0.761  0.239  0.761  0.239
0  3.5  1.75  0.01  0.01  0.3715844799929089  15.06594490006932  15.06594490006932  1.0  0.742  0.179  0.078  0.761  0.239  0.761  0.239
0  3.5  1.75  0.01  0.01  0.9191544576887867  15.156990350494574  15.156990350494574  1.0  0.796  0.157  0.047  0.761  0.239  0.761  0.239
0  3.5  1.75  0.01  0.01  0.33341881070105556  15.086657519387058  15.086657519387058  1.0  0.738  0.182  0.079  0.761  0.239  0.761  0.239
0  3.5  1.75  0.01  0.01  0.7139203937550347  15.04432784819354  15.04432784819354  1.0  0.78  0.159  0.061  0.761  0.239  0.761  0.239
0  3.5  1.75  0.01  0.01  1.0331541619820086  15.258708524622078  15.258708524622078  1.0  0.8  0.161  0.039  0.761  0.239  0.761  0.239
0  3.5  1.75  0.01  0.01  0.3106479938856973  15.101096872318715  15.101096872318715  1.0  0.736  0.184  0.08  0.761  0.239  0.761  0.239
0  3.5  1.75  0.01  0.01  0.4210423857378765  15.045010748210329  15.045010748210329  1.0  0.748  0.176  0.077  0.761  0.239  0.761  0.239
0  3.5  1.75  0.01  0.01  0.7671239472135152  15.064920352222451  15.064920352222451  1.0  0.785  0.157  0.058  0.761  0.239  0.761  0.239
0  3.5  1.75  0.01  0.01  0.48957237553306465  15.026590112303246  15.026590112303246  1.0  0.755  0.171  0.074  0.761  0.239  0.761  0.239
0  3.5  1.75  0.01  0.01  0.7633447972667443  15.063248388400995  15.063248388400995  1.0  0.785  0.157  0.058  0.761  0.239  0.761  0.239
0  3.5  1.75  0.01  0.01  0.46286213410284494  15.032340181274293  15.032340181274293  1.0  0.752  0.173  0.075  0.761  0.239  0.761  0.239

this part is wrong, xo is missed.
----------------------------------------------------------------------------------------------------------------------------------------------------------------------------------------------------------
0  3.5  1.75  0.01  0.01  0.9800640729778748  -0.7605190249006195  15.207677440148075  15.207677440148075  1.0  0.799  0.159  0.043  0.761  0.239  0.761  0.239
0  3.5  1.75  0.01  0.01  0.6948717651917716  -0.005439940388352049  15.038451338440542  15.038451338440542  1.0  0.778  0.159  0.062  0.761  0.239  0.761  0.239
0  3.5  1.75  0.01  0.01  0.5655913831409778  0.3250250164290278  15.019661086198079  15.019661086198079  1.0  0.764  0.166  0.07  0.761  0.239  0.761  0.239
0  3.5  1.75  0.01  0.01  0.40587623116821697  0.7537128808719451  15.050750391101717  15.050750391101717  1.0  0.746  0.177  0.077  0.761  0.239  0.761  0.239
0  3.5  1.75  0.01  0.01  0.47428189884219546  0.5717819406320497  15.029659249854985  15.029659249854985  1.0  0.754  0.172  0.075  0.761  0.239  0.761  0.239
0  3.5  1.75  0.01  0.01  0.5351400986212462  0.4061431882729527  15.020776755321464  15.020776755321464  1.0  0.761  0.168  0.072  0.761  0.239  0.761  0.239
0  3.5  1.75  0.01  0.01  0.3639517248089913  0.8550156309477195  15.069759547267013  15.069759547267013  1.0  0.741  0.18  0.079  0.761  0.239  0.761  0.239
0  3.5  1.75  0.01  0.01  0.6567929435422388  0.08645012591180978  15.02906000463251  15.02906000463251  1.0  0.774  0.161  0.065  0.761  0.239  0.761  0.239
0  3.5  1.75  0.01  0.01  0.7632146986797647  -0.1934219279616327  15.063248402464893  15.063248402464893  1.0  0.785  0.157  0.058  0.761  0.239  0.761  0.239
0  3.5  1.75  0.01  0.01  0.6568721412247421  0.08598192291663298  15.029059998575717  15.029059998575717  1.0  0.774  0.161  0.065  0.761  0.239  0.761  0.239
0  3.5  1.75  0.01  0.01  0.8051746498106211  -0.2974256089182472  15.083331990911047  15.083331990911047  1.0  0.789  0.157  0.055  0.761  0.239  0.761  0.239
0  3.5  1.75  0.01  0.01  0.4438024288946152  0.6545743031744338  15.03754072132299  15.03754072132299  1.0  0.75  0.174  0.076  0.761  0.239  0.761  0.239
0  3.5  1.75  0.01  0.01  0.5958149512900552  0.2546607616292311  15.020696768677881  15.020696768677881  1.0  0.767  0.164  0.068  0.761  0.239  0.761  0.239
0  3.5  1.75  0.01  0.01  0.34106079219918106  0.9221067959685416  15.082184023545922  15.082184023545922  1.0  0.739  0.182  0.079  0.761  0.239  0.761  0.239
0  3.5  1.75  0.01  0.01  0.9989666373944945  -0.8068772166944365  15.225177283117693  15.225177283117693  1.0  0.799  0.159  0.041  0.761  0.239  0.761  0.239
0  3.5  1.75  0.01  0.01  1.029328953892544  -0.8882000234582768  15.254852526950655  15.254852526950655  1.0  0.8  0.161  0.039  0.761  0.239  0.761  0.239
0  3.5  1.75  0.01  0.01  0.33348341903799794  0.9428156702899821  15.086657518988504  15.086657518988504  1.0  0.738  0.182  0.079  0.761  0.239  0.761  0.239
0  3.5  1.75  0.01  0.01  0.4019727008409429  0.7556722217520446  15.052281651082573  15.052281651082573  1.0  0.745  0.177  0.078  0.761  0.239  0.761  0.239
0  3.5  1.75  0.01  0.01  1.0179497656871572  -0.8622198581214022  15.243480800751167  15.243480800751167  1.0  0.8  0.16  0.04  0.761  0.239  0.761  0.239
0  3.5  1.75  0.01  0.01  0.6074357418643068  0.221811048962252  15.0216310062319  15.0216310062319  1.0  0.769  0.163  0.068  0.761  0.239  0.761  0.239
0  3.5  1.75  0.01  0.01  1.0369505776672925  -0.911335513456953  15.262597378219555  15.262597378219555  1.0  0.8  0.161  0.039  0.761  0.239  0.761  0.239
0  3.5  1.75  0.01  0.01  0.7861840904221622  -0.250770044761518  15.07374201095508  15.07374201095508  1.0  0.787  0.157  0.056  0.761  0.239  0.761  0.239
0  3.5  1.75  0.01  0.01  0.9343750547454506  -0.6399437753611708  15.168910118030118  15.168910118030118  1.0  0.797  0.157  0.046  0.761  0.239  0.761  0.239
0  3.5  1.75  0.01  0.01  0.9609311191022181  -0.7103792408614269  15.190973060786241  15.190973060786241  1.0  0.798  0.158  0.044  0.761  0.239  0.761  0.239
0  3.5  1.75  0.01  0.01  0.38668999597790493  0.7985787031715272  15.058797006029979  15.058797006029979  1.0  0.744  0.178  0.078  0.761  0.239  0.761  0.239
0  3.5  1.75  0.01  0.01  0.6568754286073774  0.09327263328627766  15.02905999854952  15.02905999854952  1.0  0.774  0.161  0.065  0.761  0.239  0.761  0.239
0  3.5  1.75  0.01  0.01  0.8698214466881192  -0.47098502728817504  15.121673901615827  15.121673901615827  1.0  0.793  0.156  0.05  0.761  0.239  0.761  0.239
0  3.5  1.75  0.01  0.01  0.3791374708293655  0.8216796894318372  15.062291191869377  15.062291191869377  1.0  0.743  0.179  0.078  0.761  0.239  0.761  0.239
0  3.5  1.75  0.01  0.01  0.3144184829878814  0.9914067851533301  15.098582936783048  15.098582936783048  1.0  0.736  0.184  0.08  0.761  0.239  0.761  0.239
0  3.5  1.75  0.01  0.01  0.531354376485186  0.42143862215269867  15.021069789669612  15.021069789669612  1.0  0.76  0.168  0.072  0.761  0.239  0.761  0.239

This part is also wrong, log_ndt = 0
---------------------------------------------------------------------------------------------------------------------------------------------------------------
0  3.5  1.75  0.01  0.01  0.7259109637579411  -0.7743680938932163  14.38923754954215  14.38923754954215  1.0  0.698  0.235  0.067  0.761  0.239  0.761  0.239
0  3.5  1.75  0.01  0.01  0.3748137561330396  0.48943635017510667  14.516599023323794  14.516599023323794  1.0  0.701  0.214  0.086  0.761  0.239  0.761  0.239
0  3.5  1.75  0.01  0.01  0.47792659726906445  0.11649853679091238  14.435096562868436  14.435096562868436  1.0  0.702  0.216  0.082  0.761  0.239  0.761  0.239
0  3.5  1.75  0.01  0.01  0.5586870034884444  -0.17155359749872234  14.39709927852678  14.39709927852678  1.0  0.702  0.22  0.078  0.761  0.239  0.761  0.239
0  3.5  1.75  0.01  0.01  0.5112735029201518  0.0011111039657312194  14.416682680051958  14.416682680051958  1.0  0.702  0.217  0.081  0.761  0.239  0.761  0.239
0  3.5  1.75  0.01  0.01  0.3943036977667938  0.42017398254544114  14.49822400490545  14.49822400490545  1.0  0.701  0.214  0.085  0.761  0.239  0.761  0.239
0  3.5  1.75  0.01  0.01  0.4946338700804236  0.06030974616882756  14.425411262286582  14.425411262286582  1.0  0.702  0.217  0.082  0.761  0.239  0.761  0.239
0  3.5  1.75  0.01  0.01  0.29400366511538933  0.7808751843941177  14.608495465822232  14.608495465822232  1.0  0.701  0.213  0.087  0.761  0.239  0.761  0.239
0  3.5  1.75  0.01  0.01  0.6480095635960038  -0.4853194254569331  14.380825807293569  14.380825807293569  1.0  0.701  0.226  0.073  0.761  0.239  0.761  0.239
0  3.5  1.75  0.01  0.01  0.3246461677598024  0.6731552253656006  14.570549426496246  14.570549426496246  1.0  0.701  0.213  0.086  0.761  0.239  0.761  0.239
0  3.5  1.75  0.01  0.01  0.5893600625477368  -0.284192671608158  14.388462879860345  14.388462879860345  1.0  0.702  0.222  0.076  0.761  0.239  0.761  0.239
0  3.5  1.75  0.01  0.01  0.6980766132197811  -0.6658352610343605  14.383724446939793  14.383724446939793  1.0  0.7  0.232  0.069  0.761  0.239  0.761  0.239
0  3.5  1.75  0.01  0.01  0.5225680964114598  -0.04285306004345091  14.411391937764693  14.411391937764693  1.0  0.702  0.218  0.08  0.761  0.239  0.761  0.239
0  3.5  1.75  0.01  0.01  0.7370053613746869  -0.8076536777772678  14.392248497353679  14.392248497353679  1.0  0.697  0.237  0.066  0.761  0.239  0.761  0.239
0  3.5  1.75  0.01  0.01  0.3971751677046398  0.40836049368947136  14.495714622331331  14.495714622331331  1.0  0.701  0.214  0.085  0.761  0.239  0.761  0.239
0  3.5  1.75  0.01  0.01  0.4946450410690729  0.059337289590762454  14.425411262497288  14.425411262497288  1.0  0.702  0.217  0.082  0.761  0.239  0.761  0.239
0  3.5  1.75  0.01  0.01  0.6674063838037428  -0.5586874135396662  14.380899155104691  14.380899155104691  1.0  0.701  0.228  0.071  0.761  0.239  0.761  0.239
0  3.5  1.75  0.01  0.01  0.24939823474125505  0.9393943671223108  14.670900100810114  14.670900100810114  1.0  0.702  0.212  0.086  0.761  0.239  0.761  0.239
0  3.5  1.75  0.01  0.01  0.7175878322783622  -0.7421587184850631  14.387283859333769  14.387283859333769  1.0  0.699  0.234  0.067  0.761  0.239  0.761  0.239
0  3.5  1.75  0.01  0.01  0.5280263982302229  -0.05614926617482752  14.40890449336179  14.40890449336179  1.0  0.702  0.218  0.08  0.761  0.239  0.761  0.239
0  3.5  1.75  0.01  0.01  0.5921106024653855  -0.28589181642388106  14.38783503770167  14.38783503770167  1.0  0.702  0.222  0.076  0.761  0.239  0.761  0.239
0  3.5  1.75  0.01  0.01  0.7704851892129849  -0.9322892752424579  14.404133479118896  14.404133479118896  1.0  0.695  0.242  0.063  0.761  0.239  0.761  0.239
0  3.5  1.75  0.01  0.01  0.5698771182440656  -0.2113936909453371  14.393592101290524  14.393592101290524  1.0  0.702  0.22  0.078  0.761  0.239  0.761  0.239
0  3.5  1.75  0.01  0.01  0.4026740189411891  0.3939176477291946  14.490781658694743  14.490781658694743  1.0  0.701  0.214  0.085  0.761  0.239  0.761  0.239
0  3.5  1.75  0.01  0.01  0.6200534714967049  -0.38967507582880856  14.383004512741934  14.383004512741934  1.0  0.702  0.224  0.074  0.761  0.239  0.761  0.239
0  3.5  1.75  0.01  0.01  0.5893753017896176  -0.2822754565572365  14.388462879579885  14.388462879579885  1.0  0.702  0.222  0.076  0.761  0.239  0.761  0.239
0  3.5  1.75  0.01  0.01  0.4695498097628322  0.1542820753984091  14.440300448841844  14.440300448841844  1.0  0.701  0.216  0.083  0.761  0.239  0.761  0.239
0  3.5  1.75  0.01  0.01  0.5726582616984729  -0.2182341762745521  14.392780752999975  14.392780752999975  1.0  0.702  0.22  0.077  0.761  0.239  0.761  0.239
0  3.5  1.75  0.01  0.01  0.5336685552590403  -0.07796554277499279  14.406522138394878  14.406522138394878  1.0  0.702  0.218  0.08  0.761  0.239  0.761  0.239
0  3.5  1.75  0.01  0.01  0.7900302590586864  -0.9993367007187794  14.4131073151799  14.4131073151799  1.0  0.693  0.245  0.061  0.761  0.239  0.761  0.239
This part is right, ndt = 0
-----------------------------------------------------------------------------------------------------------------------------------------------------------------
