0  5  2.25  0.01  0.01  3.5  1.75  0.7690018368103461  -0.09874246067064618  1.0075297624869817  14.541857187120387  1.0  0.803  0.184  0.014  0.758  0.242
0  5  2.25  0.01  0.01  3.5  1.75  0.8059197777141781  -0.012993085315927994  0.5553996055835213  14.494339555891663  1.0  0.82  0.167  0.012  0.825  0.175
0  5  2.25  0.01  0.01  3.5  1.75  0.8613233515011028  0.1028472604472554  1.0874684784856805  14.335823817109116  1.0  0.843  0.146  0.011  0.792  0.208
0  5  2.25  0.01  0.01  3.5  1.75  0.673645425116143  0.18394669599218028  0.44091779405268156  14.580513635835723  1.0  0.792  0.192  0.016  0.783  0.217
0  5  2.25  0.01  0.01  3.5  1.75  1.0084357708654963  0.06368293295822414  1.7610710437759918  26.380959287628283  1.0  0.877  0.115  0.007  0.783  0.217
0  5  2.25  0.01  0.01  3.5  1.75  0.780320592577264  0.19520035646400402  0.987408558464729  14.455710272308872  1.0  0.827  0.16  0.013  0.8  0.2
0  5  2.25  0.01  0.01  3.5  1.75  0.7243872662513047  0.12397480058235105  1.0393875807407844  14.458784983665417  1.0  0.804  0.181  0.015  0.742  0.258
0  5  2.25  0.01  0.01  3.5  1.75  0.9920513824985149  -0.16633152796300324  1.4404078170758872  16.970930394484906  1.0  0.86  0.132  0.008  0.817  0.183
0  5  2.25  0.01  0.01  3.5  1.75  0.6980383628019351  -0.025695084862546708  0.3766014538229463  14.623081393794793  1.0  0.785  0.2  0.016  0.783  0.217
0  5  2.25  0.01  0.01  3.5  1.75  1.1844007650762423  -0.1171482570327329  1.538346450544246  16.001659623672243  1.0  0.903  0.093  0.005  0.817  0.183
0  5  2.25  0.01  0.01  3.5  1.75  0.7826341992336053  0.08660694321639978  0.37571241417105866  14.327393217320438  1.0  0.82  0.167  0.013  0.792  0.208
0  5  2.25  0.01  0.01  3.5  1.75  0.8468348780320907  -0.10031801856622824  1.1416681672720654  14.516810493718705  1.0  0.826  0.162  0.012  0.783  0.217
0  5  2.25  0.01  0.01  3.5  1.75  0.7905247858102757  -0.0634268348953275  0.8722645015756597  14.476814964630655  1.0  0.812  0.175  0.013  0.783  0.217
0  5  2.25  0.01  0.01  3.5  1.75  0.7991665313670216  0.1656757181529629  0.8603274233612503  14.314706704162738  1.0  0.83  0.157  0.012  0.792  0.208
0  5  2.25  0.01  0.01  3.5  1.75  0.9099601402931076  0.13264879367569782  1.0888087854156159  14.347030783547037  1.0  0.858  0.133  0.009  0.8  0.2
0  5  2.25  0.01  0.01  3.5  1.75  0.6351126120234705  0.09032836864535276  0.4521557170716955  14.729515915650733  1.0  0.772  0.211  0.017  0.775  0.225
0  5  2.25  0.01  0.01  3.5  1.75  0.7735332082925441  -0.15690403400703376  0.5123712575932599  14.446338039384255  1.0  0.8  0.187  0.014  0.783  0.217
0  5  2.25  0.01  0.01  3.5  1.75  0.9395054891435989  -0.1581436398855703  1.6167888790741112  18.136693536746186  1.0  0.847  0.143  0.009  0.758  0.242
0  5  2.25  0.01  0.01  3.5  1.75  0.8889767676888661  0.11193814496460275  0.7188190549857099  14.20611853222533  1.0  0.851  0.139  0.01  0.817  0.183
0  5  2.25  0.01  0.01  3.5  1.75  0.7018766383165579  0.07123219342460368  0.6241717541103643  14.62403432280591  1.0  0.793  0.191  0.015  0.792  0.208
0  5  2.25  0.01  0.01  3.5  1.75  0.6784674627792757  0.10852666358389157  1.1829642848004573  14.610306961692162  1.0  0.788  0.196  0.016  0.733  0.267
0  5  2.25  0.01  0.01  3.5  1.75  0.6837938066474031  0.058388054069872575  0.4848630981115147  14.694227883023135  1.0  0.787  0.198  0.016  0.792  0.208
0  5  2.25  0.01  0.01  3.5  1.75  0.61636441110363  -0.023520677136986773  0.7107093586376677  14.837084711709247  1.0  0.756  0.225  0.018  0.758  0.242
0  5  2.25  0.01  0.01  3.5  1.75  0.7851694192332954  -0.17161862334711298  0.6496015378650661  14.4656465252021  1.0  0.802  0.184  0.013  0.767  0.233
0  5  2.25  0.01  0.01  3.5  1.75  0.8083521160770911  -0.10659897153206477  0.5410599069621939  14.514553146578141  1.0  0.814  0.173  0.013  0.817  0.183
0  5  2.25  0.01  0.01  3.5  1.75  0.8624162614751866  -0.1925325520001971  1.0172550972208474  14.499106621780118  1.0  0.824  0.164  0.011  0.758  0.242
0  5  2.25  0.01  0.01  3.5  1.75  0.9297932252951914  -0.06716811406497092  1.665886043294008  17.833678985859983  1.0  0.851  0.14  0.009  0.783  0.217
0  5  2.25  0.01  0.01  3.5  1.75  0.6257327333496281  0.10229718071872823  0.7736416929729819  14.537178892811058  1.0  0.769  0.213  0.018  0.742  0.258
0  5  2.25  0.01  0.01  3.5  1.75  0.8494006644415104  -0.0985729930124749  0.8511078323903386  14.374167818077838  1.0  0.827  0.162  0.011  0.792  0.208
0  5  2.25  0.01  0.01  3.5  1.75  1.0030947729888937  -0.1666990579578536  1.9579165263572011  20.453412734715773  1.0  0.863  0.13  0.008  0.775  0.225
1  5  2.25  0.01  0.01  3.5  1.75  0.5407736159662796  0.09690076211414944  0.9173935175660264  14.79229679813539  1.0  0.738  0.242  0.02  0.733  0.267
1  5  2.25  0.01  0.01  3.5  1.75  0.5787210182547209  0.03827654250845333  0.4699039261833981  14.889492951680092  1.0  0.747  0.233  0.019  0.767  0.233
1  5  2.25  0.01  0.01  3.5  1.75  0.6766719715391033  -0.14947679722614074  0.5413366849709461  14.681423847914592  1.0  0.768  0.216  0.017  0.767  0.233
1  5  2.25  0.01  0.01  3.5  1.75  0.503009330546473  0.17488591981356594  0.8976062083455794  14.75777996649805  1.0  0.729  0.25  0.021  0.717  0.283
1  5  2.25  0.01  0.01  3.5  1.75  0.5367163095892967  -0.01281835324271921  0.9967980528581972  14.62553998804201  1.0  0.727  0.252  0.021  0.7  0.3
1  5  2.25  0.01  0.01  3.5  1.75  0.6844938017844739  0.14119528196809478  1.8818619213154748  15.372807859157604  1.0  0.793  0.192  0.016  0.725  0.275
1  5  2.25  0.01  0.01  3.5  1.75  0.6081479808507148  0.046189836704550874  0.6693037031391976  14.654356413738984  1.0  0.759  0.223  0.018  0.75  0.25
1  5  2.25  0.01  0.01  3.5  1.75  0.5108364383057998  -0.18246796645606553  0.39453786535609836  15.000451106022012  1.0  0.702  0.276  0.022  0.717  0.283
1  5  2.25  0.01  0.01  3.5  1.75  0.4896997657271286  0.15528073883681548  0.9501006934727796  14.760428469451865  1.0  0.723  0.256  0.022  0.708  0.292
1  5  2.25  0.01  0.01  3.5  1.75  0.6441698484203642  -0.0002603374343927156  1.5659376102208011  14.730582002571285  1.0  0.768  0.215  0.017  0.725  0.275
1  5  2.25  0.01  0.01  3.5  1.75  0.7784847993571986  -0.09813860988056318  1.7120386401355272  15.6379826797417  1.0  0.806  0.181  0.013  0.725  0.275
1  5  2.25  0.01  0.01  3.5  1.75  0.5125617831136378  0.009938550170040472  0.6078842506509676  14.895078300697154  1.0  0.719  0.26  0.021  0.725  0.275
1  5  2.25  0.01  0.01  3.5  1.75  0.6209730047368763  -0.025708571328046326  1.142467060696871  14.641125646000889  1.0  0.757  0.225  0.018  0.725  0.275
1  5  2.25  0.01  0.01  3.5  1.75  0.5631706311659407  0.0750364507149599  1.0711709119712836  14.736017190587969  1.0  0.745  0.236  0.02  0.733  0.267
1  5  2.25  0.01  0.01  3.5  1.75  0.5532436419616953  -0.09688384970074689  0.46972013298841664  14.871837272770103  1.0  0.726  0.254  0.02  0.733  0.267
1  5  2.25  0.01  0.01  3.5  1.75  0.44799412052000953  0.09390040751552531  0.9824712729973695  14.795075073417287  1.0  0.7  0.277  0.023  0.683  0.317
1  5  2.25  0.01  0.01  3.5  1.75  0.4410336781259148  0.15376777762504878  0.7546344390001806  14.958981653840372  1.0  0.702  0.275  0.023  0.708  0.292
1  5  2.25  0.01  0.01  3.5  1.75  0.5972675145588155  -0.09797727776109055  1.2419267437705972  14.715992256827272  1.0  0.743  0.238  0.019  0.717  0.283
1  5  2.25  0.01  0.01  3.5  1.75  0.6853705072950569  -0.08309972415099005  0.8781456095727354  14.680930337010583  1.0  0.776  0.208  0.016  0.775  0.225
1  5  2.25  0.01  0.01  3.5  1.75  0.36780480986231606  0.07299846921853215  0.396194633257234  15.08944355291511  1.0  0.664  0.311  0.025  0.675  0.325
1  5  2.25  0.01  0.01  3.5  1.75  0.5797006805940723  -0.15672359888881549  1.5070577623608092  15.184847937826977  1.0  0.731  0.249  0.02  0.683  0.317
1  5  2.25  0.01  0.01  3.5  1.75  0.45011716107660926  0.17290944314128887  0.3956395758731275  14.945178880320384  1.0  0.708  0.27  0.023  0.717  0.283
1  5  2.25  0.01  0.01  3.5  1.75  0.6525492801521362  -0.09984886628187839  0.8966795699877109  14.73676115962355  1.0  0.763  0.22  0.017  0.767  0.233
1  5  2.25  0.01  0.01  3.5  1.75  0.4046599839085702  0.021227494640893407  0.6318265573533383  15.12384055395948  1.0  0.675  0.3  0.024  0.692  0.308
1  5  2.25  0.01  0.01  3.5  1.75  0.5419263766332406  -0.11897661624189748  0.8055020280139679  14.850229188372513  1.0  0.72  0.26  0.021  0.717  0.283
1  5  2.25  0.01  0.01  3.5  1.75  0.6042138016391086  -0.04204089390365756  1.1507783420621822  14.731213093013572  1.0  0.75  0.231  0.019  0.733  0.267
1  5  2.25  0.01  0.01  3.5  1.75  0.943787795759868  -0.11032650378074034  1.978856421871941  15.258666941179934  1.0  0.852  0.139  0.009  0.758  0.242
1  5  2.25  0.01  0.01  3.5  1.75  0.6865801723746626  -0.04569235114638931  1.695699697616473  15.710766202164585  1.0  0.779  0.205  0.016  0.7  0.3
1  5  2.25  0.01  0.01  3.5  1.75  0.8382071481329662  0.008835958111030273  1.683448168173672  17.641538226704807  1.0  0.831  0.157  0.012  0.75  0.25
1  5  2.25  0.01  0.01  3.5  1.75  0.5949354496996788  0.09799092367286699  0.7079666317943408  14.740762139569446  1.0  0.758  0.223  0.019  0.758  0.242
0  5  2.25  0.01  0.7799874540626612  0.008157012168143782  0.7862285222153581  14.377280380663088  1.0  0.814  0.173  0.013  0.767  0.233
0  5  2.25  0.01  0.7438585589221796  0.4039650525688411  1.036130536016896  14.475880760112855  1.0  0.829  0.157  0.013  0.783  0.217
0  5  2.25  0.01  0.6187250345802868  0.3322484650524109  0.7863583744002678  14.57126888054119  1.0  0.784  0.198  0.017  0.758  0.242
0  5  2.25  0.01  0.7822587717368943  -0.0791147705056053  0.9064453443066491  14.452107058614832  1.0  0.808  0.179  0.013  0.767  0.233
0  5  2.25  0.01  0.8261136202349919  0.2141351344846043  0.9422952308702794  14.359532381482856  1.0  0.841  0.148  0.011  0.8  0.2
0  5  2.25  0.01  0.8163039983985447  -0.12142458060628203  0.9913839546705636  14.523411390389652  1.0  0.816  0.172  0.012  0.792  0.208
0  5  2.25  0.01  0.8060697355906382  0.016465406413980754  0.782710171114436  14.54957118148996  1.0  0.822  0.165  0.012  0.808  0.192
0  5  2.25  0.01  0.7644599199298041  0.012882849232896952  0.9124663569697112  14.458494228292144  1.0  0.809  0.177  0.014  0.767  0.233
0  5  2.25  0.01  0.8222998916446451  0.05463836904363656  0.8528139567594111  14.41268977054355  1.0  0.829  0.159  0.012  0.792  0.208
0  5  2.25  0.01  0.8534866923031366  -0.010503291424592151  1.1633822188338332  14.368369591954828  1.0  0.834  0.155  0.011  0.792  0.208
0  5  2.25  0.01  0.851200213166093  -0.010943885490024442  1.1325401776870145  14.444073826679976  1.0  0.833  0.155  0.011  0.808  0.192
0  5  2.25  0.01  0.4875407441331694  0.4713615739829005  0.9566933536612781  14.727597570820375  1.0  0.748  0.232  0.021  0.725  0.275
0  5  2.25  0.01  1.0118903623681734  0.002272446555799598  1.022543592205228  14.108379382659171  1.0  0.875  0.118  0.007  0.825  0.175
0  5  2.25  0.01  0.5998001293758062  0.35016022364479205  0.7010624050470088  14.530438422802145  1.0  0.779  0.203  0.018  0.75  0.25
0  5  2.25  0.01  0.8255464426620248  -0.0791690762775558  0.8424099278891453  14.482919460847397  1.0  0.821  0.167  0.012  0.792  0.208
0  5  2.25  0.01  0.8593146671144136  -0.10052186814408605  0.8724427316906911  14.538313934261357  1.0  0.83  0.159  0.011  0.825  0.175
0  5  2.25  0.01  0.8564021465023292  -0.1461610434818179  1.04462501363397  14.475636245267317  1.0  0.825  0.163  0.011  0.8  0.2
0  5  2.25  0.01  0.8396465167453815  -0.0009740410673480085  0.9125249658747605  14.44734971822558  1.0  0.831  0.158  0.012  0.808  0.192
0  5  2.25  0.01  0.8212739877771607  0.11037998528911602  0.8123405104516513  14.32600645273055  1.0  0.833  0.155  0.012  0.783  0.217
0  5  2.25  0.01  0.8198599155302531  0.37491601018414167  0.9128486808931209  14.351258460189316  1.0  0.849  0.14  0.011  0.817  0.183
0  5  2.25  0.01  0.4785748711946187  0.42497948966106447  0.9649682428305391  14.738790200394767  1.0  0.74  0.239  0.021  0.742  0.258
0  5  2.25  0.01  0.6161311500669012  0.2749988923149047  0.9124232967756949  14.556362897651995  1.0  0.779  0.203  0.017  0.75  0.25
0  5  2.25  0.01  0.8815880424082648  -0.0081666264363339  0.9323762615960075  14.293198669991007  1.0  0.842  0.148  0.01  0.792  0.208
0  5  2.25  0.01  -0.04993928280426631  1.2250034214594088  1.0920018423339557  14.602332700956508  1.0  0.586  0.386  0.029  0.775  0.225
0  5  2.25  0.01  0.8628364780105786  0.03258360949330655  0.8522920862305225  14.456344074084361  1.0  0.839  0.15  0.011  0.825  0.175
0  5  2.25  0.01  0.7333140824553839  0.032226869209572406  0.8321906855882312  14.620469079194644  1.0  0.801  0.185  0.014  0.783  0.217
0  5  2.25  0.01  0.6795900164444098  0.06206954655688846  0.7829665245670926  14.650384493598589  1.0  0.785  0.199  0.016  0.767  0.233
0  5  2.25  0.01  0.7846843027444885  0.20333341347557599  0.9811238121889352  14.395326996567348  1.0  0.828  0.159  0.013  0.783  0.217
0  5  2.25  0.01  0.8056388447600489  0.08397474872045646  0.9023927426692626  14.455583886025435  1.0  0.826  0.161  0.012  0.8  0.2
0  5  2.25  0.01  0.9604587682093224  0.08753999191939721  0.9813648683857661  14.197214288265554  1.0  0.868  0.124  0.008  0.833  0.167
1  5  2.25  0.01  0.6137862917648707  0.07094287664247773  0.8620259897524447  14.661611404151108  1.0  0.763  0.219  0.018  0.75  0.25
1  5  2.25  0.01  0.5507802771960245  0.4516773052003842  1.5563859548026533  14.638496267857006  1.0  0.77  0.211  0.019  0.742  0.258
1  5  2.25  0.01  0.502810994998292  0.1463251117934367  1.4164526138503577  14.809930954682015  1.0  0.727  0.252  0.021  0.708  0.292
1  5  2.25  0.01  0.9582259139332099  -0.14034798318811975  1.4262704847055034  14.242396314219388  1.0  0.853  0.138  0.009  0.8  0.2
1  5  2.25  0.01  0.5954142495252452  -0.07509976237891797  1.1042991376809759  14.661059675968426  1.0  0.744  0.237  0.019  0.708  0.292
1  5  2.25  0.01  0.5569039866258263  0.04498789798592412  1.4267534091039538  14.715383856715013  1.0  0.739  0.241  0.02  0.708  0.292
1  5  2.25  0.01  0.6935037310087637  -0.44927070963317717  1.2143578206159464  14.567039628892449  1.0  0.749  0.234  0.017  0.692  0.308
1  5  2.25  0.01  0.6137116027219223  -0.030930414276556337  1.1345918795093008  14.670437615479083  1.0  0.755  0.227  0.018  0.725  0.275
1  5  2.25  0.01  0.801630488994225  0.05971898156877829  1.234669159404835  14.501815319986864  1.0  0.824  0.164  0.012  0.808  0.192
1  5  2.25  0.01  0.8140008859461135  -0.187536661185558  1.304704241902212  14.405353987449162  1.0  0.81  0.177  0.013  0.758  0.242
1  5  2.25  0.01  0.7264755034004868  -0.2734433542373159  1.3267573478051258  14.586754733286524  1.0  0.776  0.209  0.015  0.733  0.267
1  5  2.25  0.01  0.6211266201468696  0.033426877861585144  1.3866331362740574  14.62235950562214  1.0  0.762  0.22  0.018  0.725  0.275
1  5  2.25  0.01  0.5550811494413268  0.3363488180226162  1.5266366516150744  14.611989640125254  1.0  0.763  0.218  0.019  0.733  0.267
1  5  2.25  0.01  0.6029664518311395  0.000293596648996077  1.1945731980495418  14.803034506831795  1.0  0.753  0.228  0.019  0.742  0.258
1  5  2.25  0.01  0.6066619937603512  -0.2560378177274904  1.1446757559742915  14.730475976952011  1.0  0.733  0.248  0.019  0.7  0.3
1  5  2.25  0.01  0.6781584725212502  -0.14712927091012723  1.2142590815710057  14.578541245064248  1.0  0.768  0.215  0.017  0.725  0.275
1  5  2.25  0.01  0.8052805681205342  -0.10041825357408093  1.5476210811342663  14.491245526832678  1.0  0.814  0.174  0.013  0.775  0.225
1  5  2.25  0.01  0.7994193618391039  -0.6628423824803953  1.206419448167363  14.513087557296164  1.0  0.768  0.218  0.014  0.708  0.292
1  5  2.25  0.01  0.5455356004289404  -0.192311613708949  1.2440818325926075  14.943781232634425  1.0  0.715  0.264  0.021  0.708  0.292
1  5  2.25  0.01  0.6726656217122591  -0.07708781999470948  1.517261503980934  14.506327839346982  1.0  0.772  0.212  0.017  0.717  0.283
1  5  2.25  0.01  0.6129936869801227  0.17505864341936062  1.476004302953236  14.571074040945179  1.0  0.771  0.211  0.018  0.733  0.267
1  5  2.25  0.01  0.5731569748463542  0.08795273048363911  1.124745058725888  14.789440815708815  1.0  0.749  0.231  0.019  0.733  0.267
1  5  2.25  0.01  0.544496322049812  0.5249726787688591  1.5478074194966573  14.674002035950968  1.0  0.773  0.208  0.019  0.75  0.25
1  5  2.25  0.01  0.5705508714426131  0.11018166130822149  1.234488164098182  14.655824540021023  1.0  0.75  0.231  0.019  0.717  0.283
1  5  2.25  0.01  -0.03774530746886013  1.105101537319118  1.6570023596450167  14.70069566026969  1.0  0.579  0.392  0.029  0.725  0.275
1  5  2.25  0.01  0.709103623702821  -0.34621064418247327  1.214841438749466  14.717533098292952  1.0  0.763  0.221  0.016  0.742  0.258
1  5  2.25  0.01  0.6953196499441305  -0.10557682551706007  1.4762054988198006  14.522712948608081  1.0  0.777  0.207  0.016  0.725  0.275
1  5  2.25  0.01  0.7306319387449633  -0.0014547460630278792  1.0944359136146935  14.502901208635993  1.0  0.798  0.188  0.015  0.758  0.242
1  5  2.25  0.01  0.4737496375100985  0.4849985769488365  1.0747493357161173  14.671052161269449  1.0  0.743  0.236  0.021  0.717  0.283
1  5  2.25  0.01  0.5730298609023703  0.04500274339544326  1.516997647333166  14.597001641401384  1.0  0.746  0.235  0.019  0.725  0.275
0  5  2.25  0.01  0.8759543685162237  -0.19710988605346136  0.9626976909448158  14.385284066516881  1.0  0.828  0.162  0.011  0.783  0.217
0  5  2.25  0.01  0.8394950240540486  0.12126474849583824  1.031147067469802  14.248502553645272  1.0  0.839  0.15  0.011  0.775  0.225
0  5  2.25  0.01  0.8441640787407956  -0.2691580096055126  0.831533544511111  14.547770302338153  1.0  0.813  0.175  0.012  0.792  0.208
0  5  2.25  0.01  0.7361125629598966  0.08393494289208323  0.8624375255430186  14.488207648114697  1.0  0.805  0.181  0.014  0.767  0.233
0  5  2.25  0.01  0.784604099708895  0.20874599274211464  1.1418197964216679  14.450688601213074  1.0  0.829  0.158  0.013  0.8  0.2
0  5  2.25  0.01  0.8511673776951556  0.25499534635119153  0.9619658111047487  14.447660836740987  1.0  0.85  0.139  0.011  0.842  0.158
0  5  2.25  0.01  0.8682854073738295  -0.12244259869350049  0.9025576955962111  14.421542825063774  1.0  0.831  0.158  0.011  0.8  0.2
0  5  2.25  0.01  0.6926681519728086  -0.04608270863048445  0.9565665565279676  14.655242321494597  1.0  0.781  0.203  0.016  0.758  0.242
0  5  2.25  0.01  0.8186559652950505  -0.025368811134422152  0.9115008140094552  14.352627001619473  1.0  0.823  0.165  0.012  0.767  0.233
0  5  2.25  0.01  0.8935273114650244  -0.046161149768277274  0.8929365152806511  14.38697187718418  1.0  0.842  0.147  0.01  0.817  0.183
0  5  2.25  0.01  0.7353831966967582  0.015835327167378076  0.9912244402131454  14.574201310831304  1.0  0.801  0.185  0.014  0.775  0.225
0  5  2.25  0.01  0.8549947599992926  -0.17369433420240737  0.9125194926830802  14.639974503346345  1.0  0.824  0.165  0.011  0.833  0.167
0  5  2.25  0.01  0.6576349428925667  0.3814441194446855  0.5922740977388036  14.498279899418183  1.0  0.801  0.183  0.016  0.783  0.217
0  5  2.25  0.01  0.7947610237782244  -0.005030240411972066  0.88100605096978  14.53067208089419  1.0  0.817  0.17  0.013  0.792  0.208
0  5  2.25  0.01  0.8861575672616417  -0.35054984093934305  0.9665164788062688  14.498616194471522  1.0  0.82  0.169  0.011  0.792  0.208
0  5  2.25  0.01  0.635271502251893  0.25348163771686516  0.922270631942258  14.51969797259455  1.0  0.784  0.199  0.017  0.742  0.258
0  5  2.25  0.01  0.7946692532473478  0.06039733756054148  0.8623490174529133  14.551500309350818  1.0  0.822  0.166  0.013  0.808  0.192
0  5  2.25  0.01  0.8480942323289276  -0.09295802227858158  0.8263164212246005  14.504642487298973  1.0  0.827  0.161  0.011  0.808  0.192
0  5  2.25  0.01  0.7846489156847374  -0.258816003547233  0.7915731480474206  14.603088685878188  1.0  0.796  0.191  0.014  0.767  0.233
0  5  2.25  0.01  0.8000143974129215  0.10502282837274679  0.8222412615684109  14.423797700403911  1.0  0.827  0.161  0.012  0.792  0.208
0  5  2.25  0.01  0.8110318054909771  -0.24914209277379512  0.732196415437879  14.586510116162705  1.0  0.805  0.183  0.013  0.783  0.217
0  5  2.25  0.01  0.8734224950263851  -0.04427581173056023  0.9115364821755655  14.338668791050788  1.0  0.838  0.152  0.011  0.792  0.208
0  5  2.25  0.01  0.8104990054056522  0.11590914420456874  0.9820727505270562  14.4579816505588  1.0  0.83  0.157  0.012  0.808  0.192
0  5  2.25  0.01  0.6859293706442318  0.3745105191335956  0.9625850982655789  14.492197875036668  1.0  0.81  0.175  0.015  0.775  0.225
0  5  2.25  0.01  0.47285536611382495  0.0618298703024856  0.33100056496724134  14.617744620452898  1.0  0.707  0.27  0.022  0.758  0.242
0  5  2.25  0.01  0.019090233439869923  0.03500396953302999  0.8569848779567142  14.94316178681098  1.0  0.498  0.472  0.031  0.758  0.242
0  5  2.25  0.01  0.7940301154306963  -0.22745987879322924  0.9563757366906716  14.54409805106433  1.0  0.801  0.186  0.013  0.767  0.233
0  5  2.25  0.01  0.9600374985761367  -0.15500336911555113  0.8520639505877593  14.304121970170119  1.0  0.853  0.139  0.009  0.825  0.175
0  5  2.25  0.01  0.6413885525327101  0.6049998334612698  0.9620787148308049  14.540204354663315  1.0  0.811  0.173  0.016  0.808  0.192
0  5  2.25  0.01  0.689087615283352  0.021775200189291792  0.9224352171293188  14.670836350230836  1.0  0.785  0.199  0.016  0.767  0.233
0  5  2.25  0.01  0.9096008518091518  0.13397366467810942  1.0068319592513444  14.379284415374803  1.0  0.858  0.133  0.009  0.833  0.167
0  5  2.25  0.01  0.7692584327677797  -0.11267391986891279  0.8826922218924252  14.527226078987052  1.0  0.802  0.184  0.014  0.767  0.233
0  5  2.25  0.01  0.7900980762572455  0.23127957831073087  1.0832017940198235  14.496064257881693  1.0  0.832  0.156  0.012  0.817  0.183
0  5  2.25  0.01  0.7075489671718236  0.1940382351176178  0.8921656930243819  14.453208855268876  1.0  0.804  0.181  0.015  0.758  0.242
0  5  2.25  0.01  0.7416527620283355  0.1181875367504941  0.9522378335522701  14.584122244494969  1.0  0.81  0.176  0.014  0.783  0.217
0  5  2.25  0.01  0.806647329593096  0.00976467148637914  1.0555012982952596  14.403744920285357  1.0  0.822  0.166  0.012  0.775  0.225
0  5  2.25  0.01  0.9393123826979748  0.04957002334358406  0.9517145302957127  14.255617492328273  1.0  0.86  0.131  0.009  0.825  0.175
0  5  2.25  0.01  1.0042046115789505  -0.18863184004795924  0.9463035880986733  14.222176224417812  1.0  0.862  0.131  0.008  0.817  0.183
0  5  2.25  0.01  0.8019301081356758  -0.02901801351408293  0.83264818933313  14.4352695364025  1.0  0.818  0.17  0.013  0.775  0.225
0  5  2.25  0.01  0.8419986720220186  0.08540819608278867  0.8224620629073668  14.35956451708012  1.0  0.837  0.151  0.011  0.8  0.2
0  5  2.25  0.01  0.7465472515222135  0.07845125216241682  1.0229452711470144  14.593636437903383  1.0  0.808  0.178  0.014  0.792  0.208
0  5  2.25  0.01  0.8241124262971342  -0.1054724800950618  0.9561560393235804  14.436985068884088  1.0  0.819  0.169  0.012  0.783  0.217
0  5  2.25  0.01  0.7819023040039796  -0.0884394452748295  0.8724288364402286  14.484866974567494  1.0  0.807  0.179  0.013  0.767  0.233
0  5  2.25  0.01  1.0502733450289408  -0.3338064298695486  1.041450369230714  14.189443440654134  1.0  0.864  0.129  0.007  0.825  0.175
0  5  2.25  0.01  0.6120586247811899  -0.05814435753851144  0.8859080257386949  14.846920282857528  1.0  0.752  0.23  0.018  0.742  0.258
0  5  2.25  0.01  0.6459163604037639  0.2171817806036126  0.6112952475074176  14.560400270145434  1.0  0.786  0.198  0.017  0.767  0.233
0  5  2.25  0.01  0.8529726682085355  -0.05524850700320376  0.8765861723942613  14.43548588572629  1.0  0.831  0.158  0.011  0.8  0.2
0  5  2.25  0.01  0.8858195361859715  -0.125044974725732  0.9020069604762161  14.292179133046789  1.0  0.835  0.154  0.011  0.775  0.225
0  5  2.25  0.01  0.8173849136524463  0.06874804140564325  0.9124607879266265  14.435752614325535  1.0  0.829  0.159  0.012  0.8  0.2
0  5  2.25  0.01  0.8135583654816145  -0.0007591732709702097  0.9741618006238528  14.497442835849585  1.0  0.823  0.165  0.012  0.8  0.2
0  5  2.25  0.01  0.8403007909952753  -0.2716652910884309  0.89157660745248  14.524783082127248  1.0  0.812  0.176  0.012  0.783  0.217
0  5  2.25  0.01  0.745205725281048  -0.14725907433178806  1.0042357171407  14.575273822436802  1.0  0.791  0.194  0.014  0.758  0.242
0  5  2.25  0.01  0.1967914693772545  1.3549938502025956  1.1469988302970344  14.524949881284783  1.0  0.706  0.269  0.025  0.8  0.2
0  5  2.25  0.01  0.777658000571187  -0.0048122377378381894  0.981803849407528  14.465485811072613  1.0  0.812  0.174  0.013  0.775  0.225
0  5  2.25  0.01  0.772342545465998  0.02194788154189411  0.8929584598897428  14.51973169785547  1.0  0.812  0.174  0.013  0.783  0.217
0  5  2.25  0.01  0.7930634394824336  0.11503713991336262  0.999692381363886  14.52767626328953  1.0  0.825  0.162  0.013  0.792  0.208
0  5  2.25  0.01  0.7789839184234091  0.03207271832456736  0.9522784157470517  14.485832164183568  1.0  0.815  0.172  0.013  0.783  0.217
0  5  2.25  0.01  0.7194015195517435  0.1278295941707489  0.9823323032182066  14.45925176351521  1.0  0.803  0.182  0.015  0.758  0.242
0  5  2.25  0.01  0.796973790636649  0.07499965067976377  0.9829977567517446  14.408825836381395  1.0  0.823  0.164  0.013  0.792  0.208
0  5  2.25  0.01  0.7041618956509328  -0.13286389373003718  1.0695112464180683  14.613310572226517  1.0  0.779  0.205  0.016  0.742  0.258
0  5  2.25  0.01  0.8271097458386465  0.009057164776569353  0.9127146459216214  14.380990361236762  1.0  0.828  0.16  0.012  0.783  0.217
0  5  2.25  0.01  0.8738078947926176  0.018211352405172743  0.8823823446260975  14.360867102438274  1.0  0.842  0.148  0.011  0.808  0.192
0  5  2.25  0.01  0.9861320562823017  0.04166654122027912  1.203111193733492  14.178004306029926  1.0  0.871  0.121  0.008  0.833  0.167
0  5  2.25  0.01  0.6628500991805649  0.22557176024970316  0.9717886978499952  14.438748254620684  1.0  0.792  0.192  0.016  0.742  0.258
0  5  2.25  0.01  0.6218062286029897  0.27447913345669955  0.46281506324962557  14.711208021770439  1.0  0.781  0.202  0.017  0.783  0.217
0  5  2.25  0.01  0.9530859077613634  -0.0060301669852986265  0.9126533441132934  14.29886478582756  1.0  0.86  0.131  0.009  0.842  0.158
0  5  2.25  0.01  0.9473568334004834  -0.25952158679246207  0.931374131338956  14.30726545062537  1.0  0.843  0.148  0.009  0.8  0.2
0  5  2.25  0.01  0.7318985200340622  0.15730971469396698  1.0145554711882085  14.561181744319477  1.0  0.81  0.176  0.014  0.783  0.217
0  5  2.25  0.01  0.8207299011447078  0.07911950260408976  0.9522805953450061  14.53626323724196  1.0  0.831  0.157  0.012  0.825  0.175
0  5  2.25  0.01  0.8163215022543179  -0.24344992335852322  0.8912139186899344  14.49443833493239  1.0  0.807  0.18  0.013  0.767  0.233
1  5  2.25  0.01  0.6764164314679009  -0.19238132474083525  1.4165855431265115  14.592822927669909  1.0  0.764  0.219  0.017  0.717  0.283
1  5  2.25  0.01  0.5733374468052126  -0.10855974665233274  1.204212831605181  14.709257068790293  1.0  0.733  0.248  0.02  0.7  0.3
1  5  2.25  0.01  0.6286859151639352  0.03472904384722164  1.1645580489763916  14.581509160856179  1.0  0.765  0.217  0.018  0.725  0.275
1  5  2.25  0.01  0.3629461723630364  0.24318505221824754  1.2141930470394344  14.915195728894549  1.0  0.677  0.298  0.025  0.667  0.333
1  5  2.25  0.01  0.5887473922551902  -0.012457265573118501  0.48219842931846196  14.823702379598041  1.0  0.747  0.234  0.019  0.758  0.242
1  5  2.25  0.01  0.5416649644844974  0.1649017335615836  1.1441243649074042  14.78352929216046  1.0  0.743  0.237  0.02  0.725  0.275
1  5  2.25  0.01  0.6612808284072336  -0.09029638333261128  1.5064217411347158  14.589490070501931  1.0  0.767  0.216  0.017  0.725  0.275
1  5  2.25  0.01  0.6662583891239984  0.011283486292755524  1.232351355850619  14.531713464923394  1.0  0.777  0.207  0.017  0.733  0.267
1  5  2.25  0.01  0.6017976945835344  0.04857609996075531  1.2142385291325062  14.697011787614  1.0  0.757  0.225  0.018  0.733  0.267
1  5  2.25  0.01  0.5523906576272385  0.1920966696029962  1.5863848043257192  14.708836401893548  1.0  0.75  0.231  0.02  0.725  0.275
1  5  2.25  0.01  0.516886029012545  0.07075056800271282  1.1944248812745557  14.819036512533604  1.0  0.726  0.253  0.021  0.708  0.292
1  5  2.25  0.01  0.716627209669312  -0.1851517673671471  1.2341382183145972  14.685695419167436  1.0  0.778  0.206  0.015  0.758  0.242
1  5  2.25  0.01  0.5225806165832753  -0.026136725249435007  1.054745794908179  14.773090520282334  1.0  0.72  0.259  0.021  0.692  0.308
1  5  2.25  0.01  0.6018172006848836  -0.18958832822782706  1.3766359871199791  14.586765428649548  1.0  0.737  0.244  0.019  0.683  0.317
1  5  2.25  0.01  0.7071764268678873  0.20223909867279194  1.4174856116327053  14.399970232571343  1.0  0.804  0.181  0.015  0.75  0.25
1  5  2.25  0.01  0.625036203853718  0.14499951939440847  1.1420041608750582  14.618051614590627  1.0  0.772  0.21  0.017  0.775  0.225
1  5  2.25  0.01  0.6840100331621922  -0.4247549316689357  1.427564018920103  14.673758116511959  1.0  0.748  0.235  0.017  0.708  0.292
1  5  2.25  0.01  0.4762946815271984  0.029779868581001637  1.0144378170882031  14.969736025029798  1.0  0.706  0.272  0.022  0.7  0.3
1  5  2.25  0.01  -0.00962212440799525  -0.07499913471883876  1.2046150673776042  14.976210156142713  1.0  0.473  0.496  0.031  0.792  0.208
1  5  2.25  0.01  0.8078971577175631  -0.006128991605326317  1.5773062177935733  14.40294745822035  1.0  0.821  0.167  0.012  0.775  0.225
1  5  2.25  0.01  0.5968043025178054  -0.2874061907648562  1.1742995806511602  14.752846710709829  1.0  0.726  0.254  0.019  0.7  0.3
1  5  2.25  0.01  0.543563224239318  0.26772166152187304  1.3965321203783174  14.765876352198715  1.0  0.753  0.228  0.02  0.733  0.267
1  5  2.25  0.01  0.5936307088924899  0.28125272323618855  1.4973058161343755  14.565374927642466  1.0  0.772  0.21  0.018  0.733  0.267
1  5  2.25  0.01  0.7269862379288946  -0.022867058391721595  1.2144823247544043  14.561539854353812  1.0  0.795  0.19  0.015  0.767  0.233
1  5  2.25  0.01  1.0540968936962063  -1.1479506660763956  1.2144697027998512  14.439604623131284  1.0  0.805  0.187  0.008  0.767  0.233
1  5  2.25  0.01  0.5913481691640026  0.03457748252273628  1.1640549935178717  14.766209342299854  1.0  0.751  0.23  0.019  0.733  0.267
1  5  2.25  0.01  0.6661241716756172  -0.023983987688933013  1.4568139097430628  14.565738138086862  1.0  0.774  0.209  0.017  0.733  0.267
1  5  2.25  0.01  0.6524125376557506  -0.059572366599025074  1.4270000942302958  14.68102310612725  1.0  0.766  0.217  0.017  0.733  0.267
1  5  2.25  0.01  0.6572774016076806  -0.08380914053004118  1.4167406375828322  14.708188900890073  1.0  0.766  0.217  0.017  0.742  0.258
1  5  2.25  0.01  0.4954928361209192  0.025012890183272837  1.376005053691734  14.774640759322093  1.0  0.714  0.264  0.022  0.683  0.317
1  5  2.25  0.01  0.5449996442786844  0.03195186544518332  1.4374631853946458  14.692023920281786  1.0  0.734  0.246  0.02  0.7  0.3
1  5  2.25  0.01  0.5919519247245062  0.47499950944785974  1.397425398712686  14.496620172719197  1.0  0.786  0.197  0.018  0.758  0.242
1  5  2.25  0.01  0.7889601609925849  -0.365489769582218  1.2144706179879308  14.606876973721155  1.0  0.789  0.198  0.014  0.758  0.242
1  5  2.25  0.01  0.610915354421281  -0.22661520038742639  1.144217978395226  14.7727591148771  1.0  0.737  0.244  0.019  0.717  0.283
1  5  2.25  0.01  0.6726368850813647  -0.020440052966431754  1.1747682041897662  14.641390789369003  1.0  0.777  0.207  0.016  0.75  0.25
1  5  2.25  0.01  0.7852790060057955  -0.02728888935835644  1.1546760705519727  14.521484965741505  1.0  0.813  0.174  0.013  0.792  0.208
1  5  2.25  0.01  0.660742464195472  -0.15554527950754737  1.2143320267248907  14.676777244427248  1.0  0.761  0.222  0.017  0.733  0.267
1  5  2.25  0.01  0.6160922115085197  0.07388859650013332  1.2344804815260857  14.698087049534022  1.0  0.764  0.218  0.018  0.742  0.258
1  5  2.25  0.01  0.48632848397071876  0.01500000070776928  1.6060255433767088  14.598223202205244  1.0  0.709  0.269  0.022  0.725  0.275
1  5  2.25  0.01  0.4910017210665557  -0.10038329720322192  1.0740273796740372  14.906773200090276  1.0  0.701  0.277  0.022  0.692  0.308
1  5  2.25  0.01  0.5370448243909327  0.40476885355050296  1.4966348344549458  14.645305450071499  1.0  0.761  0.22  0.02  0.733  0.267
1  5  2.25  0.01  0.38074336546772714  0.6543235003913074  1.2126310357172643  14.835408965364369  1.0  0.72  0.256  0.023  0.708  0.292
1  5  2.25  0.01  0.8124502669155245  -0.17538483058474963  1.2340010547120033  14.565357220424428  1.0  0.81  0.177  0.013  0.758  0.242
1  5  2.25  0.01  0.45785120709268323  0.1085036866950099  1.1946843830649652  14.801990292236406  1.0  0.706  0.272  0.023  0.683  0.317
1  5  2.25  0.01  0.6008344469641151  0.06232389612399843  0.999435704902247  14.701556912395004  1.0  0.757  0.224  0.018  0.75  0.25
1  5  2.25  0.01  0.6552435120325244  -0.19194339294242896  1.476478598790901  14.703557817948985  1.0  0.757  0.226  0.017  0.725  0.275
1  5  2.25  0.01  0.5670969565396144  -0.08500004771449188  1.1149972997728317  14.742076263142314  1.0  0.732  0.248  0.02  0.717  0.283
1  5  2.25  0.01  0.5785583348841372  0.05494584946718716  1.2049983008244325  14.812643240252271  1.0  0.748  0.233  0.019  0.733  0.267
1  5  2.25  0.01  0.8665065612816498  -0.23211619254265053  1.4266849767582874  14.431367031740413  1.0  0.823  0.166  0.011  0.783  0.217
1  5  2.25  0.01  0.6140050922838193  0.09502104358925048  1.5875014892428987  14.594647672778539  1.0  0.765  0.217  0.018  0.725  0.275
1  5  2.25  0.01  0.6778889142647635  -0.5363594747773643  1.1441849166826572  14.764041353069986  1.0  0.736  0.247  0.017  0.708  0.292
1  5  2.25  0.01  0.7137461258931863  -0.2898966439028426  1.164255914968111  14.687987927429933  1.0  0.77  0.215  0.016  0.742  0.258
1  5  2.25  0.01  0.7559373176901953  -0.8250805394006244  1.2149985852439646  14.63881589133391  1.0  0.738  0.247  0.015  0.7  0.3
1  5  2.25  0.01  0.6686223805268703  0.06479331989012542  1.0942193513931595  14.640396174444572  1.0  0.781  0.202  0.016  0.758  0.242
1  5  2.25  0.01  0.7414018880724629  -0.016464392446371774  1.1124836512467493  14.572134905987811  1.0  0.8  0.186  0.014  0.775  0.225
1  5  2.25  0.01  0.7408924278082103  -0.25455701435346856  1.1846739592486797  14.665729379785232  1.0  0.782  0.203  0.015  0.758  0.242
1  5  2.25  0.01  0.5193620582265137  0.044207650111655644  1.0242944810433658  14.825418739739733  1.0  0.724  0.255  0.021  0.708  0.292
1  5  2.25  0.01  0.9101813004902266  -0.27137562379986063  1.3963389567105498  14.357182438691746  1.0  0.832  0.158  0.01  0.783  0.217
1  5  2.25  0.01  0.7151805704123263  -0.37335147486794074  1.1648056050958182  14.708890232098812  1.0  0.764  0.221  0.016  0.742  0.258
1  5  2.25  0.01  0.710039168785612  -0.29457442153696767  1.144099314826254  14.738223313077771  1.0  0.768  0.216  0.016  0.75  0.25
1  5  2.25  0.01  0.8573343471731973  0.05878320914758721  1.284325540245238  14.34986418787005  1.0  0.84  0.149  0.011  0.808  0.192
1  5  2.25  0.01  0.6786673600458681  -0.0036569749881329864  1.1544936469793379  14.608354225364273  1.0  0.78  0.204  0.016  0.75  0.25
1  5  2.25  0.01  0.7312200109026795  0.1270229454635593  1.2547434380784857  14.442830483058694  1.0  0.807  0.179  0.014  0.767  0.233
1  5  2.25  0.01  0.5787321589981556  0.21499500607660324  1.1340009098335813  14.665751648185157  1.0  0.761  0.22  0.019  0.742  0.258
1  5  2.25  0.01  0.5996354508653498  0.17163956950670065  1.1143749388317363  14.619328083092816  1.0  0.766  0.216  0.018  0.733  0.267
1  5  2.25  0.01  0.6988926719259263  -0.2622834328949545  1.2566883226917938  14.74001219302489  1.0  0.767  0.217  0.016  0.742  0.258
1  5  2.25  0.01  0.6673114681784182  -0.17978389980286294  1.3163563873001385  14.763591718395105  1.0  0.762  0.221  0.017  0.742  0.258
1  5  2.25  0.01  0.8028889118482916  -1.1333551394553307  1.1742499333409917  14.722289976384786  1.0  0.727  0.259  0.014  0.692  0.308
1  5  2.25  0.01  0.24785950052492856  0.5349978116182881  1.1643426941515282  14.698481923068455  1.0  0.653  0.32  0.027  0.775  0.225
1  5  2.25  0.01  0.814102742182659  0.20327457969444274  1.2345835546922752  14.34169998771599  1.0  0.837  0.151  0.012  0.8  0.2
0  5  2.25  0.01  0.7154490079683082  -0.004221224011240109  0.9741811080379549  14.511192668355424  1.0  0.793  0.192  0.015  0.733  0.267
0  5  2.25  0.01  0.7718589514236067  0.1419884700982887  0.9568070667637094  14.449811331333727  1.0  0.82  0.166  0.013  0.783  0.217
0  5  2.25  0.01  0.7609482161735481  0.0005440420496625905  0.9529956862907744  14.539364853451435  1.0  0.807  0.179  0.014  0.767  0.233
0  5  2.25  0.01  0.9018386901941199  -0.03519296081528624  0.9760476874237716  14.285548380674648  1.0  0.845  0.145  0.01  0.8  0.2
0  5  2.25  0.01  0.5905020832300067  -0.006128996735065577  0.9225402521021656  14.643170142064946  1.0  0.748  0.233  0.019  0.708  0.292
0  5  2.25  0.01  0.7144401311608568  0.0030425317593457185  0.9857114467720796  14.626597538519327  1.0  0.792  0.193  0.015  0.758  0.242
0  5  2.25  0.01  0.7251469785584932  0.25810235965902506  0.9706326684607389  14.444049684473748  1.0  0.814  0.171  0.014  0.775  0.225
0  5  2.25  0.01  0.9167967499831837  -0.4239138080942163  0.8055683540390106  14.490734847121768  1.0  0.824  0.166  0.01  0.8  0.2
0  5  2.25  0.01  0.8098516136833462  -0.3162381245109952  0.8816973256882625  14.544601850821099  1.0  0.799  0.188  0.013  0.767  0.233
0  5  2.25  0.01  0.7433843175340997  0.004743987610894614  1.0142603091264182  14.38682542538905  1.0  0.802  0.184  0.014  0.733  0.267
0  5  2.25  0.01  0.9783301605458985  -0.16729822357525254  0.9016420256467564  14.267559606890178  1.0  0.857  0.135  0.008  0.825  0.175
0  5  2.25  0.01  0.8657145508476967  -0.23281268998451898  0.8511559436917342  14.431212096164153  1.0  0.823  0.166  0.011  0.783  0.217
0  5  2.25  0.01  0.8051306999070449  0.01267437695794926  0.9121993017063922  14.368321275399849  1.0  0.821  0.166  0.012  0.767  0.233
0  5  2.25  0.01  0.854001122380152  0.04391998985113564  0.8723815447786093  14.39605014064825  1.0  0.837  0.151  0.011  0.808  0.192
0  5  2.25  0.01  0.7952527881117818  0.028079702903266106  0.9416757644075265  14.487541422454239  1.0  0.82  0.167  0.013  0.792  0.208
0  5  2.25  0.01  0.8598716761653267  -0.26501043165434046  0.8828443008252019  14.46655096520782  1.0  0.818  0.171  0.011  0.775  0.225
0  5  2.25  0.01  0.9064304474628386  -0.050107913234937046  0.9622445975185403  14.350566753465573  1.0  0.846  0.144  0.01  0.817  0.183
0  5  2.25  0.01  0.9790694606090463  -0.2361971056337302  1.0545376926503867  14.279975302715673  1.0  0.852  0.139  0.008  0.817  0.183
0  5  2.25  0.01  0.6213474422117029  0.23886160924676067  1.0026449258761472  14.57730522761788  1.0  0.779  0.204  0.017  0.742  0.258
0  5  2.25  0.01  0.7197032225024349  0.11499786713953802  0.9722311549608462  14.485876118201682  1.0  0.802  0.183  0.015  0.758  0.242
0  5  2.25  0.01  0.9487537880073702  -0.9649987032726868  0.767004031280431  14.511217987501485  1.0  0.791  0.199  0.01  0.775  0.225
0  5  2.25  0.01  0.8702866038609047  -0.1595392589480298  0.9013121559521542  14.442056744607749  1.0  0.829  0.16  0.011  0.8  0.2
0  5  2.25  0.01  0.9008051189306359  0.02443317657801081  1.1917408805437604  14.343833417411652  1.0  0.849  0.141  0.01  0.825  0.175
0  5  2.25  0.01  0.9855863740470452  -0.06193028205264012  0.8425458583285512  14.235688804042656  1.0  0.865  0.127  0.008  0.833  0.167
0  5  2.25  0.01  0.7972525303083748  -0.09351527593010446  1.1015947007111089  14.48538101052484  1.0  0.812  0.175  0.013  0.775  0.225
0  5  2.25  0.01  1.0606110711669625  -0.9050100778972026  0.8310010811731907  14.421352782953985  1.0  0.826  0.166  0.007  0.8  0.2
0  5  2.25  0.01  0.7390594391980732  -0.1467224670739561  1.0043308049301254  14.515020633240209  1.0  0.789  0.196  0.015  0.742  0.258
0  5  2.25  0.01  0.6068216174143695  0.544992876149378  1.154010553901119  14.454679790801675  1.0  0.796  0.187  0.017  0.767  0.233
0  5  2.25  0.01  0.6072081403579432  0.3549841415291831  0.9329837739798538  14.579793202904273  1.0  0.782  0.2  0.018  0.75  0.25
0  5  2.25  0.01  0.7803074742995844  0.08950020450903684  0.802459074803725  14.465866654598347  1.0  0.82  0.167  0.013  0.783  0.217
0  5  2.25  0.01  0.6606832492399373  -0.057067053209276235  0.5822334124613029  14.598386527473584  1.0  0.769  0.214  0.017  0.75  0.25
0  5  2.25  0.01  0.8289082819032514  -0.23383439495600555  0.8917208930851771  14.529675448804285  1.0  0.812  0.176  0.012  0.783  0.217
0  5  2.25  0.01  0.8540131539653297  -0.0034308478292009287  0.9423423923931212  14.454008605530696  1.0  0.835  0.154  0.011  0.817  0.183
0  5  2.25  0.01  0.7322525943164349  0.5949991573346926  0.9869986298544843  14.430159805923342  1.0  0.838  0.149  0.013  0.842  0.158
0  5  2.25  0.01  0.7052996725187102  0.2639684960104857  0.8945566799650781  14.438246733208002  1.0  0.808  0.177  0.015  0.775  0.225
0  5  2.25  0.01  0.8490057805731885  -0.0015130256371408452  1.0423877809033977  14.495573874753616  1.0  0.833  0.155  0.011  0.767  0.233
0  5  2.25  0.01  0.7908037500119629  -0.2820334118625272  0.7961513501437624  14.582180849270454  1.0  0.796  0.191  0.013  0.767  0.233
0  5  2.25  0.01  0.8677742054552344  -0.010496298734414192  1.061982957788304  14.343460303702939  1.0  0.838  0.151  0.011  0.783  0.217
0  5  2.25  0.01  0.9330572629810985  -0.25368177860272556  1.0969778589461192  14.585719252703598  1.0  0.84  0.151  0.01  0.808  0.192
0  5  2.25  0.01  0.9004549393600192  -0.03133665184476915  0.931814696619346  14.413862272713937  1.0  0.846  0.144  0.01  0.833  0.167
0  5  2.25  0.01  0.8446678074767416  0.03505001662007788  0.9121528361861961  14.383376306348824  1.0  0.835  0.154  0.011  0.8  0.2
0  5  2.25  0.01  0.7152140693104059  0.22175770481712537  0.9614449625163788  14.605078825327784  1.0  0.808  0.177  0.015  0.792  0.208
0  5  2.25  0.01  0.8981069932692457  -0.03248833788714086  1.0614794998551302  14.332543659802136  1.0  0.845  0.145  0.01  0.808  0.192
0  5  2.25  0.01  0.9600196071265914  0.00025445250044196777  1.0322776423278823  14.210003810756218  1.0  0.862  0.129  0.009  0.825  0.175
0  5  2.25  0.01  0.6756307327838462  0.1689320785934436  0.9351603549320933  14.417316560090528  1.0  0.792  0.192  0.016  0.742  0.258
0  5  2.25  0.01  0.9087943183987998  -0.13813791005369963  0.8423300502033602  14.371774948659532  1.0  0.841  0.149  0.01  0.808  0.192
0  5  2.25  0.01  0.7735513041679953  -0.03420536543816162  1.091339803489352  14.55224472025304  1.0  0.809  0.178  0.013  0.783  0.217
0  5  2.25  0.01  0.8699183405451764  -0.2824941968829495  0.9469855775629482  14.607146059172692  1.0  0.82  0.169  0.011  0.8  0.2
0  5  2.25  0.01  0.788623907492018  0.2649990373192423  1.026973845621743  14.312263366219433  1.0  0.833  0.154  0.012  0.783  0.217
0  5  2.25  0.01  0.9076966720697487  -0.03481249429242011  0.939230335416534  14.381304975547812  1.0  0.847  0.143  0.01  0.825  0.175
1  5  2.25  0.01  0.5813186674671112  0.1324603434221155  1.1641518021308037  14.717141752905405  1.0  0.756  0.226  0.019  0.733  0.267
1  5  2.25  0.01  0.6147630122739858  0.03334488498923338  1.2746194636440793  14.732887694412852  1.0  0.76  0.222  0.018  0.742  0.258
1  5  2.25  0.01  0.5575871501849572  -0.1395480145446761  1.16420412421884  14.803918800833769  1.0  0.724  0.256  0.02  0.7  0.3
1  5  2.25  0.01  0.616271115069601  0.12062237629294575  1.114535029265524  14.666102065530124  1.0  0.768  0.215  0.018  0.742  0.258
1  5  2.25  0.01  0.827569047419852  -0.14175508490191513  1.134672012969844  14.476793980780853  1.0  0.818  0.17  0.012  0.792  0.208
1  5  2.25  0.01  0.7863115618527705  0.029285669176716402  1.1947083221115506  14.510952037974135  1.0  0.817  0.17  0.013  0.8  0.2
1  5  2.25  0.01  0.5444653471590271  0.4698026975610007  1.2842071970318178  14.734787593966415  1.0  0.769  0.212  0.019  0.758  0.242
1  5  2.25  0.01  0.75072213201616  -0.10222674271382552  1.3267047289815137  14.537594454093602  1.0  0.797  0.189  0.014  0.758  0.242
1  5  2.25  0.01  0.5640408223347047  -0.09366974435201614  1.446585011999969  14.813899201602181  1.0  0.731  0.249  0.02  0.708  0.292
1  5  2.25  0.01  0.7001792899106001  0.024707994193162674  1.507303699097697  14.562837211955953  1.0  0.789  0.196  0.015  0.75  0.25
1  5  2.25  0.01  0.569625727698605  0.06360566156123271  1.2243647903007455  14.620594146011088  1.0  0.746  0.235  0.019  0.708  0.292
1  5  2.25  0.01  0.6595668200038594  0.008644161249290815  1.4661450210432627  14.623436778640338  1.0  0.774  0.209  0.017  0.742  0.258
1  5  2.25  0.01  0.4822215375211356  -0.05568631494997338  0.6443010002427922  14.969247863719295  1.0  0.701  0.277  0.022  0.708  0.292
1  5  2.25  0.01  0.5546382151605983  -0.22743469763743596  1.1143766076687387  14.954587127986288  1.0  0.715  0.264  0.02  0.708  0.292
1  5  2.25  0.01  0.47559062359851234  0.22499978184047248  1.1320502269954367  14.9400478561337  1.0  0.722  0.256  0.022  0.708  0.292
1  5  2.25  0.01  1.2174421838674934  -1.1952602746167558  1.2548843415602768  14.199866320353381  1.0  0.842  0.153  0.005  0.792  0.208
1  5  2.25  0.01  0.7537353347172511  -0.1610417375390143  1.5166617267253764  14.4805945515237  1.0  0.793  0.193  0.014  0.742  0.258
1  5  2.25  0.01  0.6544280495376913  -0.16557455476061433  1.2341129404247493  14.697974198487177  1.0  0.758  0.225  0.017  0.733  0.267
1  5  2.25  0.01  0.5400584939099264  -0.23401704273630583  1.367630896211112  14.779205528825967  1.0  0.709  0.27  0.021  0.675  0.325
1  5  2.25  0.01  0.6447711877218514  -0.5649997538335088  1.1449449181876885  14.76087284129647  1.0  0.721  0.261  0.018  0.692  0.308
1  5  2.25  0.01  0.8087619055323587  -0.12577424698574052  1.284588193103261  14.47166930807628  1.0  0.813  0.175  0.013  0.783  0.217
1  5  2.25  0.01  0.4766471920879055  -0.06500015295462705  1.1140097916555822  14.826473533178635  1.0  0.698  0.28  0.022  0.683  0.317
1  5  2.25  0.01  0.6445004042575189  -0.17961005721771628  1.0946648352777808  14.821052240787221  1.0  0.754  0.229  0.018  0.742  0.258
1  5  2.25  0.01  0.47747998485939686  -0.15506027386140697  1.094849515566562  14.829446900669852  1.0  0.69  0.288  0.023  0.667  0.333
1  5  2.25  0.01  0.6269483708795842  0.2540803214641319  1.1949621432818835  14.573358704941112  1.0  0.781  0.201  0.017  0.75  0.25
1  5  2.25  0.01  0.5238266140250434  0.1268873343807202  1.124411772308743  14.813358363056576  1.0  0.734  0.246  0.021  0.717  0.283
1  5  2.25  0.01  0.4406534529246706  0.32471503065108775  1.1249048902714425  14.901765197991585  1.0  0.717  0.261  0.023  0.708  0.292
1  5  2.25  0.01  0.5057873082123228  0.5646789131948394  1.4573544520930866  14.53895357946465  1.0  0.762  0.218  0.02  0.725  0.275
1  5  2.25  0.01  0.6052502922880775  0.08997967161311907  0.9786924747076844  14.643102330246068  1.0  0.761  0.221  0.018  0.742  0.258
1  5  2.25  0.01  0.59418494106969  0.2032200748581201  1.2843778681307092  14.713174456270592  1.0  0.766  0.216  0.018  0.75  0.25
1  5  2.25  0.01  0.6428669421927016  -0.12022488340984203  1.2445048677691923  14.737729596146197  1.0  0.758  0.224  0.018  0.742  0.258
1  5  2.25  0.01  0.6835329112829335  -0.35662777676426416  1.1545832401982  14.755792964804558  1.0  0.753  0.23  0.017  0.733  0.267
1  5  2.25  0.01  0.6171306534307653  -0.03477580026788901  1.4166501740605766  14.760028610295482  1.0  0.756  0.226  0.018  0.733  0.267
1  5  2.25  0.01  0.54490745726812  0.2490577774522429  1.4664314785238581  14.62839597571392  1.0  0.752  0.229  0.02  0.717  0.283
1  5  2.25  0.01  0.5894656348865688  0.190661787900762  1.26450727544549  14.690577988951425  1.0  0.763  0.218  0.018  0.742  0.258
1  5  2.25  0.01  0.9109884496604495  -0.5430215059862217  1.254305641236396  14.412287004993146  1.0  0.813  0.176  0.011  0.767  0.233
1  5  2.25  0.01  0.6438850004094798  -0.2546107375307377  1.4075733068022973  14.683934689920983  1.0  0.748  0.235  0.018  0.708  0.292
1  5  2.25  0.01  0.7196289458064993  -0.32605857102596214  1.3064194448577608  14.644478351678954  1.0  0.768  0.216  0.016  0.733  0.267
1  5  2.25  0.01  0.5185573208805483  -0.2510668931013864  1.1146235244480347  14.978365212978447  1.0  0.699  0.28  0.022  0.692  0.308
1  5  2.25  0.01  0.6385978330603775  0.19158216182914783  1.1542797733907832  14.641723736899785  1.0  0.781  0.202  0.017  0.758  0.242
1  5  2.25  0.01  0.9047606386839182  -0.6445637553775383  1.4310058278309168  14.430490825073568  1.0  0.804  0.186  0.011  0.742  0.258
1  5  2.25  0.01  0.5018238578398282  -0.03476158392936999  1.5473486443641251  14.706602100533898  1.0  0.711  0.267  0.022  0.675  0.325
1  5  2.25  0.01  0.6922387430383736  0.03712792903611614  1.2544824316914034  14.56795890992347  1.0  0.788  0.196  0.016  0.758  0.242
1  5  2.25  0.01  0.6448463697633253  0.21499997504644075  1.1945184843780947  14.615916660810521  1.0  0.785  0.199  0.017  0.758  0.242
1  5  2.25  0.01  0.6754818878669676  -0.5149637810597969  1.356998778737163  14.653012753962106  1.0  0.737  0.246  0.017  0.7  0.3
1  5  2.25  0.01  0.5727595690980392  -0.16906673224054264  1.1542524642715284  14.83067583135132  1.0  0.727  0.253  0.02  0.708  0.292
1  5  2.25  0.01  0.1924067760245384  0.3849982931429554  1.2549983212944926  14.861546608074297  1.0  0.614  0.358  0.028  0.683  0.317
1  5  2.25  0.01  0.5526956564306652  0.0442190677849595  1.21481963878824  14.703159174890429  1.0  0.737  0.243  0.02  0.708  0.292
1  5  2.25  0.01  0.7695506290137253  -0.7501620432361469  1.2647567748176183  14.639127453741954  1.0  0.75  0.235  0.015  0.708  0.292
1  5  2.25  0.01  0.6171943168835481  0.48466807577775295  1.1442369510357866  14.578503498460652  1.0  0.795  0.188  0.017  0.767  0.233
------------------------------------------------------------------------------------------------------------------------------------------------
0  3.5  1.75  0.01  0.01  0.6202094428611693  0.02120303777805963  1.0261322198000586  14.273730747135273  1.0  0.803  0.191  0.005  0.8  0.2
0  3.5  1.75  0.01  0.01  0.531195673873603  0.1583016120585003  1.3031494957430276  14.62344204463968  1.0  0.784  0.209  0.007  0.817  0.183
0  3.5  1.75  0.01  0.01  0.6796240266954336  -0.20783622507583943  1.0424743252487676  14.340347294915825  1.0  0.801  0.195  0.005  0.808  0.192
0  3.5  1.75  0.01  0.01  0.5851794658127318  -0.18246071158121452  1.002352471619816  14.464260474544574  1.0  0.768  0.226  0.006  0.775  0.225
0  3.5  1.75  0.01  0.01  0.5744412637292937  0.11984906299712135  1.2368414932416096  14.255985966012888  1.0  0.797  0.197  0.006  0.783  0.217
0  3.5  1.75  0.01  0.01  0.7085371856466397  -0.12831896067421938  1.1160439992349993  14.239624023040346  1.0  0.819  0.177  0.004  0.825  0.175
0  3.5  1.75  0.01  0.01  0.7040418559710311  -0.28445689215118963  1.1055323754252333  14.394672167373965  1.0  0.802  0.194  0.004  0.825  0.175
0  3.5  1.75  0.01  0.01  0.503851111346276  0.2645137689829574  1.2043387106363612  14.273291896265675  1.0  0.784  0.209  0.007  0.767  0.233
0  3.5  1.75  0.01  0.01  0.7332702054247495  -0.14753503023228537  1.1816385250376735  14.22615328086163  1.0  0.825  0.171  0.004  0.842  0.158
0  3.5  1.75  0.01  0.01  0.7303765935307092  -0.3682755413254204  0.9662194607047085  14.189362327190766  1.0  0.801  0.195  0.004  0.8  0.2
0  3.5  1.75  0.01  0.01  0.4166047856047317  0.26297740164610217  1.2266061908907682  14.547602351010005  1.0  0.747  0.245  0.008  0.75  0.25
0  3.5  1.75  0.01  0.01  0.38006155969305133  0.23482322675176942  1.1027976802943391  14.472973279437197  1.0  0.727  0.264  0.009  0.717  0.283
0  3.5  1.75  0.01  0.01  0.6190695446125727  0.011571044025745835  1.1760682621891458  14.158503234954416  1.0  0.802  0.193  0.005  0.775  0.225
0  3.5  1.75  0.01  0.01  0.5500442358625273  -0.3742430062515054  1.0226250166003026  14.529009280486349  1.0  0.73  0.263  0.007  0.725  0.275
0  3.5  1.75  0.01  0.01  0.5592735705642031  -0.10499980171504802  1.0967316064125143  14.36834673637913  1.0  0.767  0.227  0.006  0.75  0.25
0  3.5  1.75  0.01  0.01  0.6952749214537164  -0.22043183359637558  1.0025574268657758  14.248267150627486  1.0  0.805  0.19  0.004  0.8  0.2
0  3.5  1.75  0.01  0.01  0.6073949587542171  0.11103187450243665  1.5490664546271447  14.67979617707783  1.0  0.808  0.187  0.005  0.8  0.2
0  3.5  1.75  0.01  0.01  0.5624848571207908  -0.10498524755588484  1.06248814584447  14.654342187548213  1.0  0.768  0.226  0.006  0.8  0.2
0  3.5  1.75  0.01  0.01  0.4865316712970962  0.32896782148183124  1.7182782330384105  14.698983310739752  1.0  0.784  0.209  0.007  0.792  0.208
0  3.5  1.75  0.01  0.01  0.6133910165690297  -0.057418594740244466  1.2174134589632313  14.240143136013879  1.0  0.792  0.202  0.005  0.775  0.225
0  3.5  1.75  0.01  0.01  0.3646142365709688  0.6608087860941112  1.413699831834152  14.67126965071824  1.0  0.769  0.222  0.008  0.758  0.242
0  3.5  1.75  0.01  0.01  0.5474756172818174  0.3449976393167199  1.2060721462377213  14.102131959092373  1.0  0.809  0.185  0.006  0.8  0.2
0  3.5  1.75  0.01  0.01  0.6076401886236553  -0.12738610256812166  1.6482017931586481  14.867768505951025  1.0  0.783  0.212  0.006  0.808  0.192
0  3.5  1.75  0.01  0.01  0.6604105440841876  -0.29737145486232386  1.0250890743906902  14.338599387424228  1.0  0.784  0.211  0.005  0.775  0.225
0  3.5  1.75  0.01  0.01  0.6134219912172354  -0.2307428738760645  1.0360356046553219  14.326799139491406  1.0  0.773  0.221  0.006  0.767  0.233
0  3.5  1.75  0.01  0.01  0.5417059386914327  0.08102397823340664  0.9553773733535471  14.27168223741727  1.0  0.78  0.214  0.006  0.767  0.233
0  3.5  1.75  0.01  0.01  0.6469652475580125  -0.07518295679400554  1.1066781645922514  14.3170750285818  1.0  0.803  0.192  0.005  0.808  0.192
0  3.5  1.75  0.01  0.01  0.7420449252683377  0.07474233997353064  1.561283663026594  13.978192194239936  1.0  0.849  0.147  0.004  0.817  0.183
0  3.5  1.75  0.01  0.01  0.7654226477069528  -0.09118116701259765  1.4136764022614856  14.32881554796007  1.0  0.841  0.155  0.003  0.817  0.183
0  3.5  1.75  0.01  0.01  0.47884615185425583  0.19491976857332138  1.042999726793057  14.553834113696219  1.0  0.766  0.227  0.007  0.775  0.225
0  3.5  1.75  0.01  0.01  0.5098578192505445  0.23040765715349326  1.1525790586187874  14.503922674291797  1.0  0.783  0.21  0.007  0.8  0.2
0  3.5  1.75  0.01  0.01  0.5610201542800742  0.027483225986377736  1.2278797125842567  14.33679993693797  1.0  0.782  0.212  0.006  0.775  0.225
0  3.5  1.75  0.01  0.01  0.4505191738241614  0.1446549552041862  1.1531939916056912  14.60401165269667  1.0  0.748  0.244  0.008  0.758  0.242
0  3.5  1.75  0.01  0.01  0.5378398209077593  0.1552473291303305  1.783000028061328  15.241930225595222  1.0  0.787  0.207  0.006  0.792  0.208
0  3.5  1.75  0.01  0.01  0.6493956324603762  0.05094511202854242  1.2165798580089433  14.305491137582075  1.0  0.817  0.178  0.005  0.833  0.167
0  3.5  1.75  0.01  0.01  0.5407846234304176  0.06233158127962604  1.1543390940312104  14.287048804569016  1.0  0.777  0.216  0.006  0.758  0.242
0  3.5  1.75  0.01  0.01  0.46225047618519405  0.4059294865188026  2.0159652101927277  15.14185198695932  1.0  0.783  0.21  0.007  0.842  0.158
0  3.5  1.75  0.01  0.01  0.5325954777811275  -0.06503754485189059  1.0268926387643147  14.41766803697005  1.0  0.759  0.234  0.007  0.75  0.25
0  3.5  1.75  0.01  0.01  0.5172783510092955  -0.07367429674958426  0.7982399292850753  14.529131008635558  1.0  0.753  0.24  0.007  0.775  0.225
0  3.5  1.75  0.01  0.01  0.5323302976885094  0.18499940465850584  1.1412892581663683  14.488146608305618  1.0  0.787  0.207  0.006  0.75  0.25
0  3.5  1.75  0.01  0.01  0.5544710012335936  0.033936345912541854  1.145980250231393  14.559762457236609  1.0  0.779  0.214  0.006  0.8  0.2
0  3.5  1.75  0.01  0.01  0.625724406096146  -0.112650863701829  1.8393436320734022  15.217912305032062  1.0  0.792  0.203  0.005  0.758  0.242
0  3.5  1.75  0.01  0.01  0.5645897669779605  -0.09089475441207975  1.1313912718647847  14.404304195337572  1.0  0.77  0.224  0.006  0.767  0.233
0  3.5  1.75  0.01  0.01  0.6581125519217661  0.020659795627857688  1.0125456541509514  14.266658774384439  1.0  0.817  0.178  0.005  0.825  0.175
0  3.5  1.75  0.01  0.01  0.5708025500296242  -0.20103135565086316  0.9525813965983434  14.51481369835209  1.0  0.76  0.234  0.006  0.767  0.233
0  3.5  1.75  0.01  0.01  0.394373975453543  0.6949878129978739  1.9188089239896124  14.70061162236937  1.0  0.785  0.207  0.008  0.808  0.192
0  3.5  1.75  0.01  0.01  0.6268666206898332  -0.2665604662223828  0.9515258767181038  14.363875291586128  1.0  0.774  0.22  0.005  0.767  0.233
0  3.5  1.75  0.01  0.01  0.6353380286211532  -0.24498736130277446  1.1313776205916473  14.293407516627973  1.0  0.781  0.214  0.005  0.767  0.233
0  3.5  1.75  0.01  0.01  0.6471297518836399  -0.0356600590910537  1.2373963395743723  14.106998011688473  1.0  0.807  0.188  0.005  0.775  0.225
0  3.5  1.75  0.01  0.01  0.7048074524662027  -0.0924455718750346  1.0764913483269587  14.287838090037493  1.0  0.822  0.174  0.004  0.842  0.158
0  3.5  1.75  0.01  0.01  0.6296391533244731  -0.2708124659328303  0.99596971198325  14.280554737449355  1.0  0.775  0.219  0.005  0.758  0.242
0  3.5  1.75  0.01  0.01  0.55678915844949  0.2096228908850564  1.854402268433051  15.38446987025837  1.0  0.799  0.195  0.006  0.817  0.183
0  3.5  1.75  0.01  0.01  0.4126715124966078  0.4948971737717302  1.1760807994102005  14.227471903795482  1.0  0.771  0.221  0.008  0.75  0.25
0  3.5  1.75  0.01  0.01  0.7057915096217033  -0.18750963749589336  0.9722766008856786  14.211843381478124  1.0  0.812  0.184  0.004  0.808  0.192
0  3.5  1.75  0.01  0.01  0.605912866223653  -0.2226040192500644  1.086569492325505  14.386825266875421  1.0  0.772  0.223  0.006  0.767  0.233
0  3.5  1.75  0.01  0.01  0.4974603515867408  0.16500014276826958  1.9317011619347162  15.325416352286705  1.0  0.772  0.221  0.007  0.8  0.2
0  3.5  1.75  0.01  0.01  0.8423442017333946  -0.48471363645879634  1.0511455594543408  14.050550197212745  1.0  0.826  0.171  0.003  0.808  0.192
0  3.5  1.75  0.01  0.01  0.5049780205669587  0.2625878148208881  1.1023767405882738  14.373859016096613  1.0  0.784  0.209  0.007  0.783  0.217
0  3.5  1.75  0.01  0.01  0.652528842810781  -0.03874045373673492  1.0320153427017196  14.332698579510899  1.0  0.809  0.186  0.005  0.817  0.183
0  3.5  1.75  0.01  0.01  0.48103826362545066  -0.0013184274446833178  0.9623619135081616  14.569353490281431  1.0  0.745  0.247  0.008  0.75  0.25
0  3.5  1.75  0.01  0.01  0.6894956707505673  -0.36306886826848417  0.9814897521033832  14.225460475860375  1.0  0.788  0.208  0.005  0.767  0.233
0  3.5  1.75  0.01  0.01  0.5348566321100511  -0.1557422093074884  1.0128064685069182  14.66762846170118  1.0  0.749  0.244  0.007  0.775  0.225
0  3.5  1.75  0.01  0.01  0.7571647654268738  -0.16216507929040003  1.4136170599968234  14.809399870524695  1.0  0.832  0.164  0.004  0.808  0.192
0  3.5  1.75  0.01  0.01  0.616763467645872  -0.1350008764688716  1.0710601191719962  14.411417713476025  1.0  0.785  0.21  0.005  0.792  0.208
0  3.5  1.75  0.01  0.01  0.7876571939963144  -0.4986994126838431  1.186726168618754  14.280480245169382  1.0  0.806  0.19  0.003  0.825  0.175
0  3.5  1.75  0.01  0.01  0.49404091298437713  0.020051008126624546  1.0126626917003667  14.477271283241082  1.0  0.753  0.24  0.007  0.75  0.25
0  3.5  1.75  0.01  0.01  0.539366581634682  -0.054022707762966346  0.4152793377214453  14.474723003344325  1.0  0.764  0.229  0.007  0.792  0.208
0  3.5  1.75  0.01  0.01  0.5258409061165963  0.12580996387244822  0.9624198263796699  14.319113243027646  1.0  0.779  0.215  0.007  0.767  0.233
0  3.5  1.75  0.01  0.01  0.5801500455294619  0.0644641197183348  1.004684440223325  14.252585782550799  1.0  0.793  0.202  0.006  0.792  0.208
0  3.5  1.75  0.01  0.01  0.6232203501861504  0.3493521929538136  1.5512499067751673  14.43353788058202  1.0  0.837  0.159  0.005  0.842  0.158
0  3.5  1.75  0.01  0.01  0.5071987289672795  -0.0006107674872640803  0.9821046684039819  14.50464176625278  1.0  0.756  0.236  0.007  0.758  0.242
0  3.5  1.75  0.01  0.01  0.48107807267080654  -0.019155066962468322  0.9627527992469325  14.527964551558645  1.0  0.743  0.25  0.008  0.742  0.258
0  3.5  1.75  0.01  0.01  0.598056798683891  0.06091680137174672  1.092442822787554  14.3531372267905  1.0  0.799  0.195  0.006  0.808  0.192
0  3.5  1.75  0.01  0.01  0.4155589922115965  0.39499719314338066  1.1339876008077567  14.470739216441807  1.0  0.761  0.231  0.008  0.775  0.225
0  3.5  1.75  0.01  0.01  0.5251037261060624  0.07157955164478791  1.1565287755608644  14.461199901437318  1.0  0.772  0.221  0.007  0.775  0.225
0  3.5  1.75  0.01  0.01  0.6893653988971502  -0.0009276319763393398  1.1028500673174169  14.223507847630247  1.0  0.826  0.17  0.004  0.842  0.158
0  3.5  1.75  0.01  0.01  0.565158679410027  0.10643205495567243  1.1224938764980241  14.341953613732725  1.0  0.792  0.202  0.006  0.792  0.208
0  3.5  1.75  0.01  0.01  0.6342183639196541  -0.23395294758605373  0.9460936572092385  14.524714780505786  1.0  0.782  0.213  0.005  0.817  0.183
0  3.5  1.75  0.01  0.01  0.5572669576933866  0.01352583714780168  1.4137251326840836  14.895985421660457  1.0  0.778  0.216  0.006  0.775  0.225
0  3.5  1.75  0.01  0.01  0.5883626364222639  -0.3545373181408238  0.841374130512224  14.652472828779022  1.0  0.749  0.245  0.006  0.775  0.225
0  3.5  1.75  0.01  0.01  0.5651868176884396  -0.20091030764809475  1.2014281673609326  14.457243710351317  1.0  0.757  0.236  0.006  0.75  0.25
0  3.5  1.75  0.01  0.01  0.521984821551934  0.14078715387300667  1.549382877886426  15.195378992814392  1.0  0.778  0.215  0.007  0.808  0.192
0  3.5  1.75  0.01  0.01  0.4491992668922964  0.17224946684864367  1.4148249029958295  14.727406250275644  1.0  0.751  0.241  0.008  0.733  0.267
0  3.5  1.75  0.01  0.01  0.580724280652491  -0.020155430822585065  1.47646629735591  14.691047193716027  1.0  0.784  0.21  0.006  0.775  0.225
0  3.5  1.75  0.01  0.01  0.4691739398251613  0.14666061579445228  1.5476373608812373  14.979811405739708  1.0  0.757  0.235  0.008  0.733  0.267
0  3.5  1.75  0.01  0.01  0.6680091826490999  -0.1795919590316378  1.0844435844425018  14.558124688613983  1.0  0.8  0.196  0.005  0.833  0.167
0  3.5  1.75  0.01  0.01  0.6037749968314794  -0.19360268545043152  2.0156458473544245  15.204677832541972  1.0  0.774  0.22  0.006  0.792  0.208
0  3.5  1.75  0.01  0.01  0.4493944520056401  0.15836188100518156  1.0122828712341012  14.591358670846727  1.0  0.75  0.242  0.008  0.758  0.242
0  3.5  1.75  0.01  0.01  0.4059049764354907  0.4508067604963555  1.649208945211807  14.820838923823608  1.0  0.764  0.228  0.008  0.783  0.217
0  3.5  1.75  0.01  0.01  0.606273941339768  -0.22317015680385227  1.0363072800552529  14.401397306661007  1.0  0.772  0.222  0.006  0.767  0.233
0  3.5  1.75  0.01  0.01  0.6946217006573251  -0.11239555171571847  1.1232593573572882  14.24114923363527  1.0  0.816  0.179  0.004  0.817  0.183
0  3.5  1.75  0.01  0.01  0.7223786778548031  -0.0839398070902328  0.9528363023037401  14.14890813539372  1.0  0.829  0.167  0.004  0.825  0.175
0  3.5  1.75  0.01  0.01  0.3271438032807138  0.17574290162781891  1.9153933177150557  15.708844638425653  1.0  0.695  0.295  0.01  0.725  0.275
0  3.5  1.75  0.01  0.01  0.6636984898397904  0.01063583513602322  0.9995831055256306  14.296360746014791  1.0  0.818  0.177  0.005  0.842  0.158
0  3.5  1.75  0.01  0.01  0.6766819938562876  -0.20443764302979023  1.9310720909895507  15.189869692573495  1.0  0.801  0.195  0.005  0.808  0.192
0  3.5  1.75  0.01  0.01  0.5049503446091365  0.16945168192799206  1.9334905850932371  15.37858633195597  1.0  0.775  0.218  0.007  0.783  0.217
0  3.5  1.75  0.01  0.01  0.6283238618770344  0.03408787808601296  1.1619088474586743  14.241174778385036  1.0  0.807  0.187  0.005  0.8  0.2
0  3.5  1.75  0.01  0.01  0.4491603708964371  0.38483514484117015  1.3613554146648654  14.273113025909739  1.0  0.774  0.218  0.008  0.758  0.242
0  3.5  1.75  0.01  0.01  0.6227257825001895  -0.12186350776041732  1.0752968820913777  14.315128669642473  1.0  0.789  0.205  0.005  0.783  0.217
0  3.5  1.75  0.01  0.01  0.6107564502567824  0.0033350755425953027  1.0927739408739134  14.239099989553665  1.0  0.798  0.197  0.005  0.783  0.217
0  3.5  1.75  0.01  0.01  0.7023086435672199  -0.17269922310180633  0.992381918794127  14.247226630063874  1.0  0.813  0.183  0.004  0.817  0.183
0  3.5  1.75  0.01  0.01  0.5200484577070505  0.2663312756800877  1.193295904231443  14.227710733490369  1.0  0.791  0.202  0.007  0.775  0.225
0  3.5  1.75  0.01  0.01  0.5583733259623492  0.16915354707170216  0.992024121434891  14.52678781377956  1.0  0.796  0.198  0.006  0.825  0.175
0  3.5  1.75  0.01  0.01  0.6174599053720484  -0.008043298573649545  1.022629487744435  14.446354474906963  1.0  0.799  0.195  0.005  0.817  0.183
0  3.5  1.75  0.01  0.01  0.5959309888591067  0.11500001338361104  1.7806232802375488  14.851369047291522  1.0  0.805  0.19  0.006  0.758  0.242
0  3.5  1.75  0.01  0.01  0.4662550248321575  0.3321695376955984  1.2475212971014598  14.333275499636034  1.0  0.776  0.217  0.007  0.767  0.233
0  3.5  1.75  0.01  0.01  0.5807567351122032  -0.24452607975513937  1.0250209768323815  14.501149839031731  1.0  0.759  0.235  0.006  0.767  0.233
0  3.5  1.75  0.01  0.01  0.37898587235188774  0.15499912864795462  0.6010032892924752  14.688467174564003  1.0  0.717  0.274  0.009  0.742  0.258
0  3.5  1.75  0.01  0.01  0.519379110323104  0.0710281396677645  1.0425962637155364  14.382856273422792  1.0  0.769  0.224  0.007  0.767  0.233
0  3.5  1.75  0.01  0.01  0.5688755808312655  -0.07872935870426045  1.9161245688588862  14.980703761438784  1.0  0.773  0.221  0.006  0.808  0.192
0  3.5  1.75  0.01  0.01  0.566311215801039  0.07472236641313627  1.1222991460443488  14.330159821699523  1.0  0.788  0.206  0.006  0.783  0.217
0  3.5  1.75  0.01  0.01  0.6825189764278645  0.011375003393542887  1.1022657615484066  14.252118149762028  1.0  0.824  0.171  0.004  0.842  0.158
0  3.5  1.75  0.01  0.01  0.5323484466174057  0.16265781160578102  1.2444203110087162  14.538738774839503  1.0  0.785  0.209  0.006  0.808  0.192
0  3.5  1.75  0.01  0.01  0.5059169493869897  0.3689646082305713  1.112202438356217  14.291509636013352  1.0  0.796  0.197  0.007  0.792  0.208
0  3.5  1.75  0.01  0.01  0.44828073880412667  0.0698381252556012  0.9763899203413527  14.5274020779545  1.0  0.739  0.253  0.008  0.742  0.258
0  3.5  1.75  0.01  0.01  0.555150797478366  -0.20419193197527202  1.0423489565059967  14.468753199281858  1.0  0.753  0.24  0.007  0.75  0.25
0  3.5  1.75  0.01  0.01  0.5536854791097328  -0.0053515440022079575  1.0823098888003273  14.465638671930067  1.0  0.775  0.219  0.006  0.783  0.217
0  3.5  1.75  0.01  0.01  0.6576844440098267  0.0854422682983084  1.7298753615733236  14.833522778495652  1.0  0.824  0.172  0.005  0.842  0.158
0  3.5  1.75  0.01  0.01  0.45659782481694844  0.4999902569309663  0.9928297567514002  14.247375429569072  1.0  0.79  0.203  0.007  0.775  0.225
0  3.5  1.75  0.01  0.01  0.4560475744756196  0.384997971427136  1.1360169583252275  14.399563146579744  1.0  0.777  0.215  0.007  0.783  0.217
0  3.5  1.75  0.01  0.01  0.5922782238767388  -0.16521613002770513  1.2624180316183449  14.463140595822036  1.0  0.772  0.222  0.006  0.783  0.217
0  3.5  1.75  0.01  0.01  0.5726411651432657  -0.002190365753649711  1.1567228707372446  14.494666013749969  1.0  0.783  0.211  0.006  0.8  0.2
0  3.5  1.75  0.01  0.01  0.4561019832319083  -0.20315095706186886  0.7710002574738343  14.666417757808482  1.0  0.709  0.283  0.008  0.742  0.258
0  3.5  1.75  0.01  0.01  0.5577257200559032  -0.044698886656587375  1.0826662670492202  14.538993501363763  1.0  0.773  0.221  0.006  0.792  0.208
0  3.5  1.75  0.01  0.01  0.4531375694541606  0.15269604310225882  0.9385519612989414  14.52222510928956  1.0  0.75  0.242  0.008  0.767  0.233
0  3.5  1.75  0.01  0.01  0.40030778305540526  0.4347120377870143  1.1029030723940934  14.528058184641312  1.0  0.759  0.233  0.008  0.767  0.233
0  3.5  1.75  0.01  0.01  0.6090271783549006  0.16499977241003866  1.1260148585925105  14.3563876051828  1.0  0.814  0.181  0.005  0.825  0.175
0  3.5  1.75  0.01  0.01  0.5971009490547527  -0.05760582051579538  1.651265971286978  14.315838775953504  1.0  0.786  0.208  0.006  0.75  0.25
0  3.5  1.75  0.01  0.01  0.4245386271661018  0.25499958030563874  1.1950143371058821  14.370957075547738  1.0  0.749  0.242  0.008  0.767  0.233
0  3.5  1.75  0.01  0.01  0.6626210068726146  0.06693640924794984  1.0424173341036387  14.228979515962386  1.0  0.823  0.172  0.005  0.833  0.167
0  3.5  1.75  0.01  0.01  0.5652492301003526  0.05173701234130851  1.0925760963710829  14.50462014143012  1.0  0.786  0.208  0.006  0.808  0.192
0  3.5  1.75  0.01  0.01  0.4658139244831292  0.2523309414027377  1.2234138180210088  14.452923079341538  1.0  0.767  0.225  0.007  0.767  0.233
0  3.5  1.75  0.01  0.01  0.40344785289881646  -0.03499751011086101  1.9150001705995767  15.190766276333692  1.0  0.706  0.285  0.009  0.8  0.2
0  3.5  1.75  0.01  0.01  0.5461720929036433  -0.21834252611237892  1.1844937086404237  14.39919305099323  1.0  0.747  0.246  0.007  0.733  0.267
0  3.5  1.75  0.01  0.01  0.6848026435164241  -0.18255042865257956  1.1064643413122695  14.204659255495127  1.0  0.806  0.19  0.005  0.792  0.208
0  3.5  1.75  0.01  0.01  0.5370090492642415  -0.18413318227116604  1.6482080356881468  14.790929578007633  1.0  0.748  0.245  0.007  0.733  0.267
0  3.5  1.75  0.01  0.01  0.38981673483181256  0.4249999720800749  0.8952622839568602  14.49628636410907  1.0  0.753  0.238  0.008  0.8  0.2
0  3.5  1.75  0.01  0.01  0.6035875451587644  -0.2706255834907858  1.171041097946992  14.362118444214616  1.0  0.765  0.229  0.006  0.75  0.25
0  3.5  1.75  0.01  0.01  0.5613168707574401  0.4149405620733143  1.4722763066155315  14.720421157568385  1.0  0.821  0.173  0.006  0.783  0.217
0  3.5  1.75  0.01  0.01  0.47365786751622346  0.48353307959810354  1.1926772932796357  14.288001546920714  1.0  0.795  0.198  0.007  0.792  0.208
0  3.5  1.75  0.01  0.01  0.5745950413497354  -0.0031959305075375906  0.9128590393695525  14.330769470130415  1.0  0.784  0.21  0.006  0.775  0.225
0  3.5  1.75  0.01  0.01  0.4976732854158421  0.19791150445027858  1.101975402424281  14.410542292140512  1.0  0.775  0.218  0.007  0.775  0.225
0  3.5  1.75  0.01  0.01  0.5912509506415301  -0.007818858484037287  1.0326155908106038  14.462016891666671  1.0  0.789  0.205  0.006  0.808  0.192
0  3.5  1.75  0.01  0.01  0.6349780378925374  -0.09192463179382487  1.7142524853668042  14.734136157310997  1.0  0.797  0.198  0.005  0.825  0.175
0  3.5  1.75  0.01  0.01  0.07325646565353044  0.6149993069571935  1.4376140065460157  14.550346625989068  1.0  0.621  0.367  0.012  0.783  0.217
0  3.5  1.75  0.01  0.01  0.6552373443609905  -0.24988435685175692  1.0028372556370444  14.39960334600343  1.0  0.787  0.208  0.005  0.792  0.208
0  3.5  1.75  0.01  0.01  0.5347242477297462  0.2949917168212197  1.2669997786111302  14.277407700275432  1.0  0.799  0.195  0.006  0.775  0.225
0  3.5  1.75  0.01  0.01  0.7074006156152899  0.09544777210891672  1.4269983674575888  14.481365324444843  1.0  0.841  0.155  0.004  0.817  0.183
0  3.5  1.75  0.01  0.01  0.6257739233814835  -0.1298916470025786  1.2143594112960487  14.403178548699882  1.0  0.79  0.205  0.005  0.8  0.2
0  3.5  1.75  0.01  0.01  0.01981784322582432  0.4650081077662598  1.1929639234689635  14.4741643870849  1.0  0.572  0.416  0.013  0.817  0.183
1  3.5  1.75  0.01  0.01  0.30951652974758703  0.18881019403904475  0.9747820960104836  15.038989249499059  1.0  0.688  0.302  0.01  0.725  0.275
1  3.5  1.75  0.01  0.01  0.4744613278044363  -0.41755781391977553  1.354606372702867  14.791071371243214  1.0  0.689  0.303  0.008  0.708  0.292
1  3.5  1.75  0.01  0.01  0.3828684170065213  0.1758129326291497  1.2645131879243436  14.68210779596196  1.0  0.722  0.269  0.009  0.733  0.267
1  3.5  1.75  0.01  0.01  0.41741558850838445  0.19268383367549624  1.5565243269068898  14.50548358371052  1.0  0.739  0.252  0.008  0.733  0.267
1  3.5  1.75  0.01  0.01  0.48093807337687533  -0.1648681148095053  1.6578554539355081  14.537878681438315  1.0  0.726  0.267  0.008  0.717  0.283
1  3.5  1.75  0.01  0.01  0.03245661836944028  0.13500006873418813  1.2742093742660434  14.740774087029987  1.0  0.532  0.455  0.013  0.742  0.258
1  3.5  1.75  0.01  0.01  0.5004883910501101  -0.13334306242836824  1.456384091209362  14.577658843205219  1.0  0.738  0.255  0.007  0.742  0.258
1  3.5  1.75  0.01  0.01  0.47177966865624976  0.02548899901643723  1.5467417471505271  14.497580447956079  1.0  0.745  0.248  0.008  0.742  0.258
1  3.5  1.75  0.01  0.01  0.4187555161524502  0.13314412513228713  1.6267231769173023  14.628477077848538  1.0  0.733  0.259  0.008  0.742  0.258
1  3.5  1.75  0.01  0.01  0.5909730195520685  -0.12492824097438965  1.4979350006330228  14.360743067656195  1.0  0.777  0.217  0.006  0.767  0.233
1  3.5  1.75  0.01  0.01  0.37565012949891824  0.08070806707928063  1.6476375823347058  14.570071878647479  1.0  0.706  0.284  0.009  0.7  0.3
1  3.5  1.75  0.01  0.01  0.6338554740011417  -0.12323622739302025  1.6263539167328314  14.417948977051648  1.0  0.794  0.201  0.005  0.808  0.192
1  3.5  1.75  0.01  0.01  0.42374711251054054  0.019658675234710453  1.5673656217526133  14.626796711907456  1.0  0.722  0.27  0.008  0.725  0.275
1  3.5  1.75  0.01  0.01  0.47212852211273904  0.01369443459022722  1.234524058797171  14.579993528328373  1.0  0.742  0.25  0.008  0.75  0.25
1  3.5  1.75  0.01  0.01  0.4495884658128677  -0.06857648818179712  1.5770864785522034  14.509653291130357  1.0  0.723  0.269  0.008  0.725  0.275
1  3.5  1.75  0.01  0.01  0.4851662080074991  0.10023390568497587  1.7072470489472285  14.352678698504727  1.0  0.758  0.234  0.007  0.742  0.258
1  3.5  1.75  0.01  0.01  0.3794478763246638  -0.01049976883175096  1.2446443691546865  14.673243155095117  1.0  0.697  0.294  0.009  0.7  0.3
1  3.5  1.75  0.01  0.01  0.6811915882014684  -0.45219245386144846  1.6064792484884438  14.43899972614692  1.0  0.774  0.221  0.005  0.783  0.217
1  3.5  1.75  0.01  0.01  0.5908663657384494  -0.12830062427076544  1.5463814863871965  14.304390266380453  1.0  0.776  0.218  0.006  0.758  0.242
1  3.5  1.75  0.01  0.01  0.5947950503521451  -0.05323065087709687  1.6766300469918995  14.385901428577219  1.0  0.786  0.208  0.006  0.792  0.208
1  3.5  1.75  0.01  0.01  0.419025474471849  0.023598721877835717  1.676235042324148  14.49703565168173  1.0  0.719  0.272  0.009  0.708  0.292
1  3.5  1.75  0.01  0.01  0.49854264958261296  0.00106361832593477  1.34430221975967  14.393718829317518  1.0  0.753  0.24  0.007  0.742  0.258
1  3.5  1.75  0.01  0.01  0.4066147679082658  0.12683893422988532  1.587390956195754  14.661740443737033  1.0  0.727  0.264  0.009  0.733  0.267
1  3.5  1.75  0.01  0.01  0.47579464317975584  -0.032264139301458716  1.5763592697944024  14.621962365024551  1.0  0.739  0.253  0.008  0.75  0.25
1  3.5  1.75  0.01  0.01  0.5553655527343999  -0.2125221005016158  1.5862971267716839  14.565097870699885  1.0  0.752  0.241  0.007  0.758  0.242
1  3.5  1.75  0.01  0.01  0.5574646824644838  -0.05016073934954958  1.597463221713702  14.437293266739111  1.0  0.772  0.222  0.006  0.775  0.225
1  3.5  1.75  0.01  0.01  0.39665757523553224  -0.06497997036174755  1.4760105588200527  14.767173646955191  1.0  0.699  0.292  0.009  0.708  0.292
1  3.5  1.75  0.01  0.01  0.574961676779691  -0.285080977371851  1.3748779955545225  14.32252955417373  1.0  0.751  0.243  0.006  0.733  0.267
1  3.5  1.75  0.01  0.01  0.37551364323528547  -0.11499746146927856  1.5760002351405877  14.553753936767716  1.0  0.682  0.308  0.009  0.692  0.308
1  3.5  1.75  0.01  0.01  0.5372187109449509  -0.23300167565943347  1.767188396939903  14.572741433966177  1.0  0.742  0.251  0.007  0.75  0.25
1  3.5  1.75  0.01  0.01  0.2485013827840622  0.16763560240164888  1.324442644928538  14.82764277585064  1.0  0.654  0.335  0.011  0.658  0.342
1  3.5  1.75  0.01  0.01  -0.052040657619723873  -0.06499996271474165  1.576999678030416  15.12514315417698  1.0  0.456  0.532  0.013  0.758  0.242
1  3.5  1.75  0.01  0.01  0.006606943812218321  0.22500697862259847  1.5769997139698462  14.803665340411433  1.0  0.53  0.457  0.013  0.733  0.267
1  3.5  1.75  0.01  0.01  0.46991104014416574  -0.043212446843891444  1.5668206067671884  14.484872966508457  1.0  0.735  0.257  0.008  0.725  0.275
1  3.5  1.75  0.01  0.01  0.5300727667614447  -0.5066621604839134  1.3444781499741234  14.762012553712687  1.0  0.703  0.29  0.007  0.725  0.275
1  3.5  1.75  0.01  0.01  0.5546226850201523  -0.09095453080668028  1.677769967695736  14.296831637396883  1.0  0.766  0.228  0.006  0.742  0.258
1  3.5  1.75  0.01  0.01  0.47189780433894823  -0.028486779734763726  1.5166743675300767  14.510407430502854  1.0  0.737  0.255  0.008  0.733  0.267
1  3.5  1.75  0.01  0.01  0.5144456801951179  -0.17543619359422935  1.5261679560990289  14.535325108375824  1.0  0.738  0.255  0.007  0.742  0.258
1  3.5  1.75  0.01  0.01  0.3550613142651051  0.21470477572622088  1.6165611690899981  14.647396666022283  1.0  0.713  0.278  0.009  0.717  0.283
1  3.5  1.75  0.01  0.01  0.5492523083566099  -0.08108630923509647  1.6268900597892144  14.47064849541471  1.0  0.765  0.229  0.006  0.767  0.233
1  3.5  1.75  0.01  0.01  0.5657567606147784  -0.46296059968711256  1.364379159167058  14.624471872297276  1.0  0.725  0.268  0.007  0.742  0.258
1  3.5  1.75  0.01  0.01  0.3339928769456093  0.17477935178740772  1.3248919861178932  14.857355657158427  1.0  0.698  0.293  0.01  0.717  0.283
1  3.5  1.75  0.01  0.01  0.5712641619390053  -0.0357856340594764  1.334692918366778  14.45571800814834  1.0  0.778  0.216  0.006  0.792  0.208
1  3.5  1.75  0.01  0.01  0.4940922546357711  -0.03866178775227026  1.5866836858576783  14.443976619383323  1.0  0.746  0.247  0.007  0.733  0.267
1  3.5  1.75  0.01  0.01  0.3877571108181963  -0.4789188066147588  1.2048169818237622  14.910483654126658  1.0  0.638  0.353  0.009  0.65  0.35
1  3.5  1.75  0.01  0.01  0.4756258711122614  -0.05280491112066679  1.6361237535436226  14.505254079677446  1.0  0.737  0.256  0.008  0.733  0.267
1  3.5  1.75  0.01  0.01  0.8491460145584221  -0.7605100836010628  1.334463607412883  14.120697174697465  1.0  0.796  0.201  0.003  0.775  0.225
1  3.5  1.75  0.01  0.01  0.37821961177075025  0.22409634998579664  1.3041450572847815  14.48062366999075  1.0  0.725  0.266  0.009  0.717  0.283
1  3.5  1.75  0.01  0.01  0.3939240863569169  0.004148924335981462  1.6179151984386748  14.835505324721783  1.0  0.705  0.286  0.009  0.725  0.275
1  3.5  1.75  0.01  0.01  0.5313839694095921  -0.11115618112002335  1.3246213431560196  14.499805499037594  1.0  0.754  0.239  0.007  0.758  0.242
1  3.5  1.75  0.01  0.01  0.28896376121718204  0.059260469875428434  0.769011354938374  14.900054735374749  1.0  0.661  0.329  0.011  0.683  0.317
1  3.5  1.75  0.01  0.01  0.011192597913955056  0.035000069196820194  1.2240208666882917  14.911894920988994  1.0  0.506  0.482  0.013  0.783  0.217
1  3.5  1.75  0.01  0.01  0.19846677362747606  0.3710783506918197  1.6969999513544956  14.610954875256274  1.0  0.655  0.334  0.011  0.725  0.275
1  3.5  1.75  0.01  0.01  0.47115122133544507  -0.08068259403147965  1.602681424485004  14.586350793962342  1.0  0.731  0.261  0.008  0.733  0.267
1  3.5  1.75  0.01  0.01  0.6155133121296861  -0.2449946402227608  1.6072916300694398  14.351996362052237  1.0  0.773  0.221  0.006  0.767  0.233
1  3.5  1.75  0.01  0.01  0.5265026939325755  -0.20000895749081396  1.5273786434860357  14.538081599482684  1.0  0.741  0.252  0.007  0.742  0.258
1  3.5  1.75  0.01  0.01  0.42215494093896644  0.17724525479326791  1.5663430288588804  14.525737017163179  1.0  0.74  0.252  0.008  0.733  0.267
1  3.5  1.75  0.01  0.01  0.6629201895345354  -0.5945296385890704  1.2448212832659737  14.409239340821163  1.0  0.749  0.245  0.005  0.742  0.258
1  3.5  1.75  0.01  0.01  0.28147249076311154  0.3800165402181729  1.284483995538994  14.91435205677614  1.0  0.698  0.292  0.01  0.717  0.283
1  3.5  1.75  0.01  0.01  0.4974258647152338  -0.12330110984670196  1.5666230101830334  14.648015701200977  1.0  0.738  0.255  0.007  0.75  0.25
1  3.5  1.75  0.01  0.01  0.44020466160426097  0.022519901294368566  1.5575089399869873  14.537404721948814  1.0  0.729  0.263  0.008  0.725  0.275
1  3.5  1.75  0.01  0.01  0.43064429295252554  0.0007327042130731368  1.324902191378165  14.8852598714833  1.0  0.722  0.269  0.008  0.758  0.242
1  3.5  1.75  0.01  0.01  0.3176220238935312  0.04578575629134499  1.114246084183977  14.802595309819292  1.0  0.674  0.316  0.01  0.683  0.317
1  3.5  1.75  0.01  0.01  0.5067921334333931  -0.07940183670482692  1.5960489811060832  14.54652636837701  1.0  0.747  0.246  0.007  0.75  0.25
1  3.5  1.75  0.01  0.01  0.2911837997945279  0.19498891557006784  1.596217761806452  14.76298423040108  1.0  0.679  0.311  0.01  0.683  0.317
1  3.5  1.75  0.01  0.01  0.39226108420277017  0.010486962135931723  1.576485521159214  14.658896512952118  1.0  0.706  0.285  0.009  0.708  0.292
1  3.5  1.75  0.01  0.01  0.6974713384146178  -0.4547502650681905  1.6574212701340505  14.319194098472387  1.0  0.78  0.215  0.005  0.767  0.233
1  3.5  1.75  0.01  0.01  0.5289463309242393  -0.006470046450853707  1.6176999496251738  14.41024182371627  1.0  0.764  0.229  0.007  0.758  0.242
1  3.5  1.75  0.01  0.01  0.016229402642864307  0.5249941547087615  1.3323855837795924  14.631662807840815  1.0  0.577  0.411  0.012  0.767  0.233
1  3.5  1.75  0.01  0.01  0.30206835427519496  0.2749928715003932  1.6070778160330461  14.532872578783774  1.0  0.694  0.296  0.01  0.692  0.308
1  3.5  1.75  0.01  0.01  0.5890823686311786  -0.12293833798926837  1.496304504135473  14.499972807012426  1.0  0.776  0.218  0.006  0.792  0.208
1  3.5  1.75  0.01  0.01  0.46781382767996155  0.0036139503379777303  1.3543311905279314  14.72119655326019  1.0  0.739  0.253  0.008  0.767  0.233
1  3.5  1.75  0.01  0.01  0.3571278870703989  -0.08523422198028527  1.0173457694655539  14.716633338434454  1.0  0.676  0.315  0.01  0.692  0.308
1  3.5  1.75  0.01  0.01  0.4361630406733099  0.26892738063252924  1.6763904572109967  14.491620865646576  1.0  0.757  0.235  0.008  0.758  0.242
1  3.5  1.75  0.01  0.01  0.4788370480996469  -0.07256305313541717  1.5660750018891825  14.568818158397162  1.0  0.736  0.257  0.008  0.733  0.267
1  3.5  1.75  0.01  0.01  0.30456541603000753  0.36491319128651084  1.6163412039449787  14.75383305456381  1.0  0.707  0.283  0.01  0.717  0.283
1  3.5  1.75  0.01  0.01  0.5258290189710364  -0.25196996409486605  1.3042488812120556  14.598674191042138  1.0  0.735  0.258  0.007  0.742  0.258
1  3.5  1.75  0.01  0.01  0.5408161224925246  -0.330797038926106  1.3447276714442151  14.550683805983283  1.0  0.731  0.262  0.007  0.733  0.267
1  3.5  1.75  0.01  0.01  0.47203489552608674  -0.07071782440971855  1.6674511278479425  14.461446833141991  1.0  0.733  0.26  0.008  0.717  0.283
1  3.5  1.75  0.01  0.01  0.6446571207381471  -0.734959288588241  1.041001334057484  14.614611194684185  1.0  0.723  0.271  0.005  0.767  0.233
1  3.5  1.75  0.01  0.01  0.3574999816832017  0.06812459222037354  1.224279405176472  14.771998054262296  1.0  0.696  0.294  0.01  0.708  0.292
1  3.5  1.75  0.01  0.01  0.6268642202564002  -0.19217010194771392  1.5974997801896573  14.335225573237672  1.0  0.783  0.211  0.005  0.775  0.225
1  3.5  1.75  0.01  0.01  0.4678386324334255  -0.5447421290830547  1.3862525777538854  14.941095542548977  1.0  0.669  0.322  0.008  0.692  0.308
1  3.5  1.75  0.01  0.01  0.45663300177351174  -0.0009835637362290222  1.6061278934497536  14.687965281651593  1.0  0.734  0.258  0.008  0.75  0.25
1  3.5  1.75  0.01  0.01  0.45046024553628694  0.3500939561203224  1.6364692717552383  14.487119227167916  1.0  0.772  0.221  0.008  0.775  0.225
1  3.5  1.75  0.01  0.01  0.559568499101579  -0.5052491774670975  1.324833311601834  14.672357431352056  1.0  0.716  0.277  0.007  0.733  0.267
1  3.5  1.75  0.01  0.01  0.45501148742406  -0.07548437521215692  1.1344070163248414  14.49531995301503  1.0  0.724  0.268  0.008  0.725  0.275
1  3.5  1.75  0.01  0.01  0.3983306746284262  0.040675626777811544  0.581066423556096  14.653239566971724  1.0  0.712  0.279  0.009  0.733  0.267
1  3.5  1.75  0.01  0.01  0.3075272565528947  0.04685608933093159  1.647365361893739  14.79215392237374  1.0  0.669  0.321  0.01  0.675  0.325
1  3.5  1.75  0.01  0.01  0.3591916757691298  0.351711065229231  1.720609742050366  14.564589298619099  1.0  0.732  0.259  0.009  0.733  0.267
1  3.5  1.75  0.01  0.01  0.32353304399808175  0.24499970357427037  1.2040153242678187  14.740243882807981  1.0  0.701  0.289  0.01  0.717  0.283
1  3.5  1.75  0.01  0.01  0.46461728245284983  0.24499847495856364  1.6270064656265628  14.201181337070713  1.0  0.766  0.227  0.007  0.742  0.258
1  3.5  1.75  0.01  0.01  0.4304663851299513  -0.062375642303954294  1.3243579626235509  14.379344449365494  1.0  0.715  0.277  0.008  0.692  0.308
1  3.5  1.75  0.01  0.01  0.4520678548999377  -0.045076999972020165  1.6272183284187332  14.558654054030686  1.0  0.726  0.266  0.008  0.725  0.275
1  3.5  1.75  0.01  0.01  0.3914603076134573  -0.10982452859043432  1.6666835873014056  14.618824094625976  1.0  0.69  0.301  0.009  0.683  0.317
1  3.5  1.75  0.01  0.01  0.316697783817927  0.044381542129708754  1.0691128147420417  14.802428910337694  1.0  0.672  0.318  0.01  0.692  0.308
1  3.5  1.75  0.01  0.01  0.2661923640182904  0.3512453673812373  1.696649406924318  14.713880994153337  1.0  0.687  0.303  0.01  0.692  0.308
1  3.5  1.75  0.01  0.01  0.46176896420938757  0.11499939371727792  1.5762202871182205  14.648366657149658  1.0  0.75  0.243  0.008  0.733  0.267
1  3.5  1.75  0.01  0.01  0.4515903637572246  -0.06992015893677977  1.3144793821711678  14.560808768904689  1.0  0.723  0.268  0.008  0.725  0.275
1  3.5  1.75  0.01  0.01  0.42812138874276773  -0.4413032018457418  1.3545730167628889  14.710167934039914  1.0  0.664  0.327  0.009  0.667  0.333
1  3.5  1.75  0.01  0.01  0.5185416508507543  -0.00962856047934832  1.5863377013830742  14.571394363703424  1.0  0.76  0.233  0.007  0.775  0.225
1  3.5  1.75  0.01  0.01  0.7601583707748711  -0.7318842807175149  1.5524498324818403  14.248242395670802  1.0  0.769  0.227  0.004  0.75  0.25
1  3.5  1.75  0.01  0.01  0.3811641562615057  0.16160927870074848  1.6262910312132484  14.480034095913306  1.0  0.719  0.272  0.009  0.708  0.292
1  3.5  1.75  0.01  0.01  0.35570448146837064  0.30492838309905024  1.3231858160056826  14.669077991843842  1.0  0.724  0.267  0.009  0.733  0.267
1  3.5  1.75  0.01  0.01  0.5867179745696576  -0.06694563584151617  1.66874561173109  14.247600971201019  1.0  0.781  0.213  0.006  0.758  0.242
1  3.5  1.75  0.01  0.01  0.17019339023268376  0.013636604839479913  1.6574956527098663  14.78916553331724  1.0  0.591  0.397  0.012  0.592  0.408
1  3.5  1.75  0.01  0.01  0.22361887653913792  0.6247340968028237  1.7300000207830974  14.45735829454871  1.0  0.7  0.29  0.011  0.75  0.25
1  3.5  1.75  0.01  0.01  0.3728334415743072  0.05554150258350456  1.617179987613325  14.695971424299406  1.0  0.703  0.288  0.009  0.708  0.292
1  3.5  1.75  0.01  0.01  0.4004753521419283  -0.15500405326094766  1.068000562673828  14.904217849796336  1.0  0.688  0.303  0.009  0.708  0.292
1  3.5  1.75  0.01  0.01  0.5726170060022616  -0.1791251830483067  1.354767940371686  14.500160128447359  1.0  0.763  0.231  0.006  0.775  0.225
1  3.5  1.75  0.01  0.01  0.37207859319010456  0.11717311217813153  1.6721801380775385  14.524774933544522  1.0  0.71  0.281  0.009  0.7  0.3
1  3.5  1.75  0.01  0.01  0.029814379024353545  0.4049922756092536  1.6021736045183406  14.730905998152704  1.0  0.567  0.42  0.013  0.742  0.258
1  3.5  1.75  0.01  0.01  0.39879490194462064  -0.025421503060249262  1.556464955045906  14.605562670630597  1.0  0.704  0.287  0.009  0.7  0.3
1  3.5  1.75  0.01  0.01  0.3737877234035293  -0.25496413588476924  1.556063868836613  14.682907829982087  1.0  0.663  0.328  0.01  0.658  0.342
1  3.5  1.75  0.01  0.01  0.5531209426941999  0.09458353767275922  1.5669284490275042  14.430000685231219  1.0  0.785  0.208  0.006  0.792  0.208
1  3.5  1.75  0.01  0.01  0.4547774295280003  0.1549422097621544  1.3549812334529048  14.600325923700664  1.0  0.751  0.241  0.008  0.767  0.233
1  3.5  1.75  0.01  0.01  0.37181597392217286  -0.04619202832617594  0.9592055506065877  14.839189190758782  1.0  0.688  0.303  0.009  0.717  0.283
1  3.5  1.75  0.01  0.01  0.4360730653894781  0.025008460748515815  1.5860017689550812  14.654977375621435  1.0  0.729  0.263  0.008  0.742  0.258
1  3.5  1.75  0.01  0.01  0.3527327794181821  0.1992861614082227  1.2140870316115326  14.770409661242068  1.0  0.71  0.28  0.009  0.725  0.275
1  3.5  1.75  0.01  0.01  0.4681399484552489  -0.15500624488503298  1.5342071684173355  14.46104846707405  1.0  0.72  0.272  0.008  0.733  0.267
1  3.5  1.75  0.01  0.01  0.5373809417021915  -0.3737818887148151  1.546635694055233  14.591232004256142  1.0  0.725  0.269  0.007  0.725  0.275
1  3.5  1.75  0.01  0.01  0.5120604736439992  -0.2919521367051837  1.5872806884081148  14.518403553790854  1.0  0.723  0.269  0.007  0.708  0.292
1  3.5  1.75  0.01  0.01  0.3629568685620006  -0.08482772891737295  1.5675006947016348  14.732810734620701  1.0  0.68  0.311  0.01  0.683  0.317
1  3.5  1.75  0.01  0.01  0.5239546731943205  -0.10161166544435452  1.2541686702611805  14.479509813702446  1.0  0.752  0.241  0.007  0.758  0.242
1  3.5  1.75  0.01  0.01  0.3965718403760159  0.10501063925161676  1.5360062088219226  14.61274914610117  1.0  0.72  0.271  0.009  0.725  0.275
1  3.5  1.75  0.01  0.01  0.4071704083089399  -0.11279320075072335  1.4264305931636425  14.597437845873435  1.0  0.698  0.294  0.009  0.692  0.308
1  3.5  1.75  0.01  0.01  0.5368837970225588  -0.0076263158190386215  1.6662549792594257  14.43120264957411  1.0  0.768  0.226  0.007  0.767  0.233
1  3.5  1.75  0.01  0.01  0.4051091586642942  -0.054998996268527806  1.571892227032129  14.643384833924463  1.0  0.704  0.287  0.009  0.692  0.308
1  3.5  1.75  0.01  0.01  0.5192961759303165  -0.07334994487807786  1.2746514432754321  14.559996232221538  1.0  0.753  0.24  0.007  0.767  0.233
1  3.5  1.75  0.01  0.01  0.438650413457255  0.019987134353518905  1.572405486201176  14.728899749219382  1.0  0.729  0.263  0.008  0.75  0.25
1  3.5  1.75  0.01  0.01  0.4889205793208439  -0.04591108992914784  1.5266181184157925  14.536902475389153  1.0  0.743  0.25  0.007  0.742  0.258
1  3.5  1.75  0.01  0.01  0.33259320075572624  0.35499950002703595  1.5470050154897894  14.560945417182147  1.0  0.719  0.271  0.009  0.725  0.275
1  3.5  1.75  0.01  0.01  0.3820371255032151  0.07714844747568417  1.7977005917047624  14.514645179466621  1.0  0.709  0.281  0.009  0.7  0.3
1  3.5  1.75  0.01  0.01  0.22942554492066225  0.20018023237479338  1.6075298078753844  14.736244033421713  1.0  0.648  0.341  0.011  0.65  0.35
1  3.5  1.75  0.01  0.01  0.45337213624590705  -0.05694999148061618  1.3245548638509683  14.543139165184918  1.0  0.725  0.266  0.008  0.725  0.275
1  3.5  1.75  0.01  0.01  0.4539478863733264  0.06502672694483674  1.5767237713401714  14.621193854071107  1.0  0.741  0.251  0.008  0.75  0.25
1  3.5  1.75  0.01  0.01  0.6754949030705382  -0.483319516702874  1.3244182503957775  14.487009979104691  1.0  0.768  0.227  0.005  0.792  0.208
1  3.5  1.75  0.01  0.01  0.4266381339109514  0.12211663056397767  1.5922975721468218  14.473108524760184  1.0  0.735  0.257  0.008  0.725  0.275
1  3.5  1.75  0.01  0.01  0.5369912126843572  -0.19277489627000033  1.566742590475165  14.727786536088695  1.0  0.747  0.246  0.007  0.775  0.225
1  3.5  1.75  0.01  0.01  0.4596618202012851  -0.0729595800138394  1.717400078044822  14.773206563165056  1.0  0.727  0.265  0.008  0.75  0.25
1  3.5  1.75  0.01  0.01  0.41199673449337293  0.0036350305130884663  1.3248356872857094  14.623307694432045  1.0  0.714  0.278  0.009  0.717  0.283
1  3.5  1.75  0.01  0.01  0.4190085591938514  -0.05500221037055275  1.2340003098257586  14.538347549026053  1.0  0.71  0.282  0.009  0.717  0.283
1  3.5  1.75  0.01  0.01  0.42743222941541636  0.3249999580694761  1.5679494555814666  14.533244897190157  1.0  0.759  0.233  0.008  0.775  0.225
1  3.5  1.75  0.01  0.01  0.625877886294867  -0.6704568935729214  1.264421861688736  14.745363395920254  1.0  0.723  0.271  0.006  0.767  0.233
1  3.5  1.75  0.01  0.01  0.4940609821079189  -0.05166554025892041  1.5663648285212595  14.607853179582328  1.0  0.745  0.248  0.007  0.75  0.25
1  3.5  1.75  0.01  0.01  0.47941133717749784  -0.10898334569484602  1.6862918734206582  14.525895917678751  1.0  0.731  0.261  0.008  0.725  0.275
1  3.5  1.75  0.01  0.01  0.23213209096184995  0.6912157202832934  1.7164014982347198  14.619042710620285  1.0  0.713  0.277  0.01  0.717  0.283
1  3.5  1.75  0.01  0.01  0.46066090290042216  -0.44154447623619053  1.3642996805414924  14.813556983318382  1.0  0.68  0.312  0.008  0.7  0.3
1  3.5  1.75  0.01  0.01  0.5914161013472443  -0.41333673669913185  1.3246007474243713  14.449527050955806  1.0  0.743  0.251  0.006  0.733  0.267
1  3.5  1.75  0.01  0.01  0.2809309057615479  0.3803024942647989  1.506000117922023  14.754149812765252  1.0  0.698  0.292  0.01  0.708  0.292
