0  5  2.25  0.01  0.01  0.9132131571088278  0.03076783461102227  1.0027644821735646  14.252421420676344  14.304196917291518  1.0  0.853  0.138  0.01  0.87  0.13  0.933  0.067  True
0  5  2.25  0.01  0.01  1.3601820560863684  -0.02724790566023491  2.1322451232646205  13.581195794035068  14.003353988849115  1.0  0.933  0.064  0.002  0.913  0.087  0.8  0.2  True
0  5  2.25  0.01  0.01  1.5147170556889575  0.050089066701960595  2.3329823926916275  13.32277380818522  15.209416162207292  1.0  0.953  0.046  0.001  0.913  0.087  0.8  0.2  True
0  5  2.25  0.01  0.01  1.382982025339618  0.10083625838702656  2.1222627213633425  13.514944338558253  14.284879290164808  1.0  0.941  0.057  0.002  0.913  0.087  0.8  0.2  True
0  5  2.25  0.01  0.01  1.4898628713799251  -0.013076387864528815  2.2929669952503255  13.399456982487726  14.80319849792236  1.0  0.949  0.05  0.001  0.913  0.087  0.8  0.2  True
0  5  2.25  0.01  0.01  1.2540324013692696  0.2939885166040962  2.099458967072824  13.634496473166392  13.990211536462635  1.0  0.931  0.066  0.003  0.891  0.109  0.867  0.133  True
0  5  2.25  0.01  0.01  1.4654090557323194  -0.07057893084337022  2.1124262014513793  13.462735529185194  14.411300654041792  1.0  0.944  0.054  0.002  0.913  0.087  0.8  0.2  True
0  5  2.25  0.01  0.01  1.3175455863563512  -0.07868649303742903  2.112469704544752  13.680539171522158  13.67699091429557  1.0  0.926  0.072  0.003  0.891  0.109  0.867  0.133  True
0  5  2.25  0.01  0.01  1.3018592965433813  -0.010120727696377285  2.0724605882733313  13.659124711005711  13.786248425372774  1.0  0.926  0.071  0.003  0.891  0.109  0.867  0.133  True
0  5  2.25  0.01  0.01  1.4363970209145074  -0.12410538277560382  2.0927008680243055  13.498896977946176  14.265114155780655  1.0  0.939  0.059  0.002  0.913  0.087  0.8  0.2  True
0  5  2.25  0.01  0.01  1.3527017538088346  -0.1508322374385822  2.0725325020190075  13.649531098423376  13.767851690768179  1.0  0.928  0.07  0.003  0.891  0.109  0.867  0.133  True
0  5  2.25  0.01  0.01  1.308948805439027  0.31137854720531644  2.3265118626477848  13.574434977455605  14.3954755435956  1.0  0.939  0.058  0.003  0.891  0.109  0.867  0.133  True
0  5  2.25  0.01  0.01  1.2340130031103684  0.08110645029564943  2.0721907264707324  13.735845932118321  13.58474727050424  1.0  0.92  0.076  0.004  0.87  0.13  0.933  0.067  True
0  5  2.25  0.01  0.01  1.4121174671849221  0.014700427430975441  2.092761730532007  13.517734889024874  14.263169279034203  1.0  0.941  0.057  0.002  0.913  0.087  0.8  0.2  True
0  5  2.25  0.01  0.01  1.4599278770662685  -0.2202877629963278  2.0720385675206154  13.504740169987828  14.22545770040097  1.0  0.938  0.06  0.002  0.913  0.087  0.8  0.2  True
0  5  2.25  0.01  0.01  1.3041362254710032  -0.045000315590067674  2.102290069285183  13.702042578623269  13.62291019726336  1.0  0.925  0.072  0.003  0.87  0.13  0.933  0.067  True
0  5  2.25  0.01  0.01  1.2601251018615873  0.21607495650643094  2.132069892542513  13.657530957222965  13.855689981174665  1.0  0.929  0.067  0.003  0.891  0.109  0.867  0.133  True
0  5  2.25  0.01  0.01  0.9540568235602986  1.0649991111543762  2.369284693076151  13.718157944809384  14.318902167057395  1.0  0.914  0.08  0.007  0.891  0.109  0.867  0.133  True
0  5  2.25  0.01  0.01  1.6410144398298208  -2.1945508238944056  1.1804841197427  13.767952081893622  14.692324441359101  1.0  0.839  0.159  0.001  0.913  0.087  0.8  0.2  True
0  5  2.25  0.01  0.01  1.514372246055255  -0.2621246749135759  2.072465337667473  13.444925927587837  14.427733944936307  1.0  0.943  0.056  0.001  0.913  0.087  0.8  0.2  True
0  5  2.25  0.01  0.01  1.575784663247953  -0.9065494579819036  1.9826687295892231  13.585418004196804  13.87693949384187  1.0  0.923  0.076  0.001  0.891  0.109  0.867  0.133  True
0  5  2.25  0.01  0.01  1.2848747967822223  0.1207593296193924  2.122155214340763  13.650946943555665  13.837438355159842  1.0  0.929  0.068  0.003  0.891  0.109  0.867  0.133  True
0  5  2.25  0.01  0.01  1.3442260643329598  -0.09500005806322426  2.1229824161858213  13.642989619574887  13.786857721632602  1.0  0.928  0.069  0.003  0.891  0.109  0.867  0.133  True
0  5  2.25  0.01  0.01  1.6697861697526688  -0.05500452306014286  2.3329458495981013  13.092913898565438  16.03399588247055  1.0  0.962  0.037  0.001  0.957  0.043  0.667  0.333  True
0  5  2.25  0.01  0.01  1.2317003073022685  0.4549983127655831  2.12007211603785  13.495806583103178  14.497331359376053  1.0  0.934  0.063  0.003  0.913  0.087  0.8  0.2  True
0  5  2.25  0.01  0.01  1.647074183593403  -0.8176325407041621  1.9625059339807212  13.44368144528804  14.3901847860096  1.0  0.935  0.064  0.001  0.913  0.087  0.8  0.2  True
0  5  2.25  0.01  0.01  1.2964628721726583  0.0846535777729428  2.0629368954426406  13.649104933075952  13.868669930094008  1.0  0.929  0.068  0.003  0.891  0.109  0.867  0.133  True
0  5  2.25  0.01  0.01  1.271355678906154  0.2449978208766675  2.1823395316794043  13.63356007166214  13.932249029261747  1.0  0.932  0.065  0.003  0.891  0.109  0.867  0.133  True
0  5  2.25  0.01  0.01  0.9268952757104041  0.9549221815780125  2.152002167841954  13.698229049223189  14.18083131884396  1.0  0.904  0.089  0.007  0.913  0.087  0.8  0.2  True
0  5  2.25  0.01  0.01  0.9241507948930068  -0.026086291503130694  0.8730896084904672  14.324035262663054  14.357217309076855  1.0  0.852  0.139  0.009  0.891  0.109  0.867  0.133  True
1  5  2.25  0.01  0.01  0.5313053536196537  -0.03328363958798536  1.6486791601733157  14.727150655840648  14.732080880979552  1.0  0.723  0.256  0.021  0.692  0.308  0.708  0.292  True
1  5  2.25  0.01  0.01  0.471660384241952  0.0635489325110854  1.638206826677063  14.77071138699271  14.589917990981604  1.0  0.707  0.271  0.022  0.681  0.319  0.75  0.25  True
1  5  2.25  0.01  0.01  0.4220540505161249  0.15234030145498398  1.6885800783059086  14.776494566902734  14.580866791745294  1.0  0.694  0.282  0.024  0.67  0.33  0.792  0.208  True
1  5  2.25  0.01  0.01  0.549818573469683  -0.10740889141216536  1.6383870503360904  14.736241223656972  14.692990493836874  1.0  0.724  0.256  0.02  0.692  0.308  0.708  0.292  True
1  5  2.25  0.01  0.01  0.45322765723555924  0.2921629427753101  1.6682681790559433  14.722853696234159  14.812920504340992  1.0  0.719  0.258  0.022  0.692  0.308  0.708  0.292  True
1  5  2.25  0.01  0.01  0.5767502955180256  0.02631456177424327  1.7486285051844732  14.67702434240653  14.944150896559227  1.0  0.746  0.235  0.019  0.714  0.286  0.625  0.375  True
1  5  2.25  0.01  0.01  0.6622091028325121  -0.10415552354333166  1.8485388522396131  14.583072975803827  15.462908632064446  1.0  0.767  0.216  0.017  0.725  0.275  0.583  0.417  True
1  5  2.25  0.01  0.01  0.44284800076756403  -0.02523753929996559  1.678603999284566  14.776928213140094  14.565982085733147  1.0  0.687  0.29  0.023  0.659  0.341  0.833  0.167  True
1  5  2.25  0.01  0.01  0.46450521585557647  -0.021875021140515413  1.6387719267585183  14.790909494524218  14.509695252047928  1.0  0.697  0.28  0.023  0.67  0.33  0.792  0.208  True
1  5  2.25  0.01  0.01  0.3680739020804404  0.2875295274141286  1.688286058894799  14.866918801518787  14.28359308946695  1.0  0.684  0.291  0.025  0.67  0.33  0.792  0.208  True
1  5  2.25  0.01  0.01  0.6712393361023841  -0.6227167481431968  1.6483187633331013  14.760369688080148  14.643768588541228  1.0  0.726  0.257  0.017  0.692  0.308  0.708  0.292  True
1  5  2.25  0.01  0.01  0.5333898990668569  -0.21715667869639962  1.6484755713040176  14.813257276567468  14.401144850283506  1.0  0.707  0.271  0.021  0.681  0.319  0.75  0.25  True
1  5  2.25  0.01  0.01  0.4475652109716425  0.24270702828421037  1.6781615572668749  14.791674885515778  14.533746985238812  1.0  0.713  0.265  0.023  0.692  0.308  0.708  0.292  True
1  5  2.25  0.01  0.01  0.603591047621953  -0.07503445285236601  1.6484305509476715  14.674937054920832  14.93687942048819  1.0  0.747  0.235  0.019  0.714  0.286  0.625  0.375  True
1  5  2.25  0.01  0.01  0.49821346266902045  0.09513910525479952  1.7387530055460552  14.7152043415971  14.795135349335318  1.0  0.721  0.257  0.021  0.692  0.308  0.708  0.292  True
1  5  2.25  0.01  0.01  0.7862108084381207  -1.17326491364613  1.2970079579201867  14.805073166071349  14.948726446831216  1.0  0.717  0.268  0.015  0.692  0.308  0.708  0.292  True
1  5  2.25  0.01  0.01  0.5636253296254807  -0.015297439196333144  1.638504485282597  14.679987804182687  14.921175156534153  1.0  0.737  0.244  0.02  0.703  0.297  0.667  0.333  True
1  5  2.25  0.01  0.01  0.5824382837769271  -0.44422774316273944  1.6382076295829249  14.823040905995079  14.382623126110994  1.0  0.707  0.273  0.02  0.681  0.319  0.75  0.25  True
1  5  2.25  0.01  0.01  0.7375968754088427  -0.4818911969857326  1.648636106138081  14.654233411745071  15.042659133978438  1.0  0.762  0.222  0.015  0.725  0.275  0.583  0.417  True
1  5  2.25  0.01  0.01  0.6547283577626586  -0.4119104002840114  1.6486799546273567  14.714117923966624  14.781072585858938  1.0  0.738  0.244  0.018  0.703  0.297  0.667  0.333  True
1  5  2.25  0.01  0.01  0.5006882685973939  -0.06405075419698789  1.6786725678525074  14.769922324455955  14.565956313914905  1.0  0.708  0.27  0.022  0.681  0.319  0.75  0.25  True
1  5  2.25  0.01  0.01  0.5230219891180621  -0.13493269020475368  1.6686765199249576  14.77817104253492  14.52961223239326  1.0  0.711  0.268  0.021  0.681  0.319  0.75  0.25  True
1  5  2.25  0.01  0.01  0.5837338562738894  0.10499223286141615  1.8951397447850986  14.614228526067201  15.478748606879918  1.0  0.754  0.227  0.019  0.714  0.286  0.625  0.375  True
1  5  2.25  0.01  0.01  0.659827091301356  -0.2726452310794404  1.6283830892816695  14.65356690744562  15.021057395512193  1.0  0.752  0.231  0.017  0.714  0.286  0.625  0.375  True
1  5  2.25  0.01  0.01  0.5269923609780727  -0.06499483914164313  1.6480517245409168  14.768141334636343  14.573612160246356  1.0  0.719  0.26  0.021  0.692  0.308  0.708  0.292  True
1  5  2.25  0.01  0.01  0.4967974890080933  -0.16299615757748373  1.8184048040261465  14.69507602797362  14.985502482542627  1.0  0.698  0.28  0.022  0.659  0.341  0.833  0.167  True
1  5  2.25  0.01  0.01  0.39368319859359335  0.5734490263169943  1.7188174352440655  14.787749440115777  14.665802510935004  1.0  0.719  0.258  0.023  0.703  0.297  0.667  0.333  True
1  5  2.25  0.01  0.01  0.6191360978314175  -0.055002783293156624  1.6584481339880752  14.70916461635747  14.815483206228146  1.0  0.754  0.228  0.018  0.714  0.286  0.625  0.375  True
1  5  2.25  0.01  0.01  0.3877638327118075  0.29502972046618336  1.7735195808912119  14.739730829727446  14.788887269720613  1.0  0.693  0.283  0.024  0.67  0.33  0.792  0.208  True
1  5  2.25  0.01  0.01  0.4833577060704755  0.1412948736880013  1.6885725972170587  14.754142016504847  14.648314941417139  1.0  0.719  0.26  0.022  0.692  0.308  0.708  0.292  True
