3.5  1.75  0.01  0.01  0.5502213127026659  0.04141293124037052  1.9293552105944105  14.325060768360759  14.325060768360759  1.0  0.779  0.215  0.006  0.775  0.225  0.775  0.225  True
3.5  1.75  0.01  0.01  0.7520598639052762  -0.5809636702480769  1.9899004754828302  14.206580410411977  14.206580410411977  1.0  0.785  0.212  0.004  0.775  0.225  0.775  0.225  True
3.5  1.75  0.01  0.01  0.609321999510964  -0.07816183975676085  2.2223092322047333  14.23839796699015  14.23839796699015  1.0  0.789  0.206  0.006  0.775  0.225  0.775  0.225  True
3.5  1.75  0.01  0.01  0.7870094725852266  -0.6956109276018656  1.9793377355383484  14.195290066081368  14.195290066081368  1.0  0.782  0.214  0.003  0.775  0.225  0.775  0.225  True
3.5  1.75  0.01  0.01  0.87700692087525  -0.9934461862985231  1.97974006571253  14.187301940845163  14.187301940845163  1.0  0.776  0.222  0.003  0.775  0.225  0.775  0.225  True
3.5  1.75  0.01  0.01  0.6052151447978622  -0.12509834426049338  1.9496473065365474  14.281509854534345  14.281509854534345  1.0  0.782  0.213  0.006  0.775  0.225  0.775  0.225  True
3.5  1.75  0.01  0.01  0.8093051751881244  -0.7824089718342405  1.9695854837927267  14.190720959206635  14.190720959206635  1.0  0.78  0.217  0.003  0.775  0.225  0.775  0.225  True
3.5  1.75  0.01  0.01  0.6355987402040979  -0.17421124087873546  2.212375915411812  14.231667350622798  14.231667350622798  1.0  0.789  0.206  0.005  0.775  0.225  0.775  0.225  True
3.5  1.75  0.01  0.01  0.792497181353482  -0.7080055334020255  1.9896588871155  14.194910974120427  14.194910974120427  1.0  0.783  0.214  0.003  0.775  0.225  0.775  0.225  True
3.5  1.75  0.01  0.01  0.48243487632028165  0.3538425653441559  2.272599412173876  14.300995086699919  14.300995086699919  1.0  0.785  0.208  0.007  0.775  0.225  0.775  0.225  True
3.5  1.75  0.01  0.01  0.5936115898119454  -0.03075125888230975  2.2225530922951013  14.243372338883761  14.243372338883761  1.0  0.788  0.206  0.006  0.775  0.225  0.775  0.225  True
3.5  1.75  0.01  0.01  0.5517677658801097  0.1245577555788  2.252478587878384  14.260979460075953  14.260979460075953  1.0  0.788  0.206  0.006  0.775  0.225  0.775  0.225  True
3.5  1.75  0.01  0.01  0.6869294858096326  -0.3393960330537412  2.202645056512721  14.224214365023434  14.224214365023434  1.0  0.789  0.206  0.005  0.775  0.225  0.775  0.225  True
3.5  1.75  0.01  0.01  0.579632214290032  -0.0362764308617691  1.9596475361895043  14.303134169006688  14.303134169006688  1.0  0.782  0.212  0.006  0.775  0.225  0.775  0.225  True
3.5  1.75  0.01  0.01  0.6249943039618406  -0.12521875312724928  2.2226637387493233  14.234133798524102  14.234133798524102  1.0  0.789  0.205  0.005  0.775  0.225  0.775  0.225  True
3.5  1.75  0.01  0.01  0.6775016836174955  -0.3582339283140604  1.959417575661506  14.236006559332994  14.236006559332994  1.0  0.783  0.212  0.005  0.775  0.225  0.775  0.225  True
3.5  1.75  0.01  0.01  0.8952889554591636  -1.0437798805933434  1.9895057458260552  14.18843196130376  14.18843196130376  1.0  0.775  0.223  0.002  0.775  0.225  0.775  0.225  True
3.5  1.75  0.01  0.01  0.598563503382839  -0.04109466385843705  2.2323815083801457  14.241864298181689  14.241864298181689  1.0  0.789  0.205  0.006  0.775  0.225  0.775  0.225  True
3.5  1.75  0.01  0.01  0.5076685066893052  0.25930653139765214  2.25235245373218  14.283767218030176  14.283767218030176  1.0  0.785  0.208  0.007  0.775  0.225  0.775  0.225  True
3.5  1.75  0.01  0.01  0.7005891438366374  -0.36500744757009335  2.222991606716349  14.223484423029054  14.223484423029054  1.0  0.791  0.205  0.004  0.775  0.225  0.775  0.225  True
3.5  1.75  0.01  0.01  0.8641509391219172  -0.9373447895572017  1.989422775219997  14.18672810805678  14.18672810805678  1.0  0.778  0.219  0.003  0.775  0.225  0.775  0.225  True
3.5  1.75  0.01  0.01  0.6944129316652763  -0.24997500074743495  2.5353929526777064  14.248906631359903  14.248906631359903  1.0  0.802  0.194  0.004  0.775  0.225  0.775  0.225  True
3.5  1.75  0.01  0.01  0.9174340095465118  -1.1173428200301951  1.9794527171394318  14.192589458814025  14.192589458814025  1.0  0.771  0.227  0.002  0.775  0.225  0.775  0.225  True
3.5  1.75  0.01  0.01  0.6034296345349892  -0.12750846600488255  1.9397725493883886  14.282004950985655  14.282004950985655  1.0  0.781  0.213  0.006  0.775  0.225  0.775  0.225  True
3.5  1.75  0.01  0.01  0.6033750552658884  -0.060723988193599976  3.0693551591848136  14.437291839052715  14.437291839052715  1.0  0.789  0.206  0.006  0.775  0.225  0.775  0.225  True
3.5  1.75  0.01  0.01  0.5783375319184871  0.03425566987143987  2.2421413265641292  14.249337003528796  14.249337003528796  1.0  0.789  0.205  0.006  0.775  0.225  0.775  0.225  True
3.5  1.75  0.01  0.01  0.2969657423489117  0.5349996855635534  2.2422971069890507  14.36242625009045  14.36242625009045  1.0  0.724  0.266  0.01  0.775  0.225  0.775  0.225  True
3.5  1.75  0.01  0.01  0.5865594751408689  0.012731044138352183  2.252540162780051  14.24712908646072  14.24712908646072  1.0  0.79  0.204  0.006  0.775  0.225  0.775  0.225  True
3.5  1.75  0.01  0.01  0.5920978314644408  -0.06500150658924006  2.2328851506168594  14.23922179689879  14.23922179689879  1.0  0.783  0.211  0.006  0.775  0.225  0.775  0.225  True
3.5  1.75  0.01  0.01  0.14272609184480106  1.3549970268044467  2.2250005264722166  14.699704837677961  14.699704837677961  1.0  0.753  0.237  0.01  0.775  0.225  0.775  0.225  True
3.5  1.75  0.01  0.01  0.3918878095637922  -0.017709044155157  0.9730926976599114  14.919655625723776  14.919655625723776  1.0  0.702  0.289  0.009  0.747  0.253  0.747  0.253  True
3.5  1.75  0.01  0.01  0.5349511083093473  -0.22384925183542606  1.768287338720541  14.547559912579434  14.547559912579434  1.0  0.742  0.251  0.007  0.747  0.253  0.747  0.253  True
3.5  1.75  0.01  0.01  0.43205116982421876  0.17836389748916082  1.8485616045326208  14.516372191613916  14.516372191613916  1.0  0.745  0.247  0.008  0.747  0.253  0.747  0.253  True
3.5  1.75  0.01  0.01  0.5095938709781733  -0.11400302984407706  1.8083450519246127  14.535658888265104  14.535658888265104  1.0  0.744  0.248  0.007  0.747  0.253  0.747  0.253  True
3.5  1.75  0.01  0.01  0.46954511672069366  0.04470630022690336  1.8282928504097418  14.523440003563904  14.523440003563904  1.0  0.745  0.248  0.008  0.747  0.253  0.747  0.253  True
3.5  1.75  0.01  0.01  0.5449746212485407  -0.25155809399663853  1.7782415916864118  14.551039868106166  14.551039868106166  1.0  0.743  0.25  0.007  0.747  0.253  0.747  0.253  True
3.5  1.75  0.01  0.01  0.3627813768545135  0.1375697780145214  1.0641604056872869  14.8840513269718  14.8840513269718  1.0  0.708  0.283  0.009  0.747  0.253  0.747  0.253  True
3.5  1.75  0.01  0.01  0.40699901236921  0.2650001895017903  1.8583207211480346  14.514078932979494  14.514078932979494  1.0  0.744  0.248  0.008  0.747  0.253  0.747  0.253  True
3.5  1.75  0.01  0.01  0.46381234421276196  0.05904466751183085  1.828220597205642  14.5221447260846  14.5221447260846  1.0  0.745  0.248  0.008  0.747  0.253  0.747  0.253  True
3.5  1.75  0.01  0.01  0.6315240888819309  -0.6132200750220471  1.6883683965809797  14.61058938246083  14.61058938246083  1.0  0.734  0.261  0.006  0.747  0.253  0.747  0.253  True
3.5  1.75  0.01  0.01  0.46561985768352315  0.041011708640653045  1.7983502085490946  14.524408393909313  14.524408393909313  1.0  0.743  0.249  0.008  0.747  0.253  0.747  0.253  True
3.5  1.75  0.01  0.01  0.4243980779037019  0.18822823808242334  1.807419790675459  14.518706296843831  14.518706296843831  1.0  0.742  0.249  0.008  0.747  0.253  0.747  0.253  True
3.5  1.75  0.01  0.01  0.4406649790015631  0.1665212649293889  2.2393747170706955  14.56296346088436  14.56296346088436  1.0  0.747  0.245  0.008  0.747  0.253  0.747  0.253  True
3.5  1.75  0.01  0.01  0.46249801632012355  0.05678276090195599  1.8180958589704663  14.52225940862918  14.52225940862918  1.0  0.744  0.248  0.008  0.747  0.253  0.747  0.253  True
3.5  1.75  0.01  0.01  0.5478398584278776  -0.2604932196104979  1.7786751074341685  14.552323256218997  14.552323256218997  1.0  0.743  0.25  0.007  0.747  0.253  0.747  0.253  True
3.5  1.75  0.01  0.01  0.4695763575789866  0.04042177149051933  1.828665204575108  14.52344000369461  14.52344000369461  1.0  0.745  0.248  0.008  0.747  0.253  0.747  0.253  True
3.5  1.75  0.01  0.01  0.4738928090865962  0.015497296397435745  1.818628578469903  14.524749950178597  14.524749950178597  1.0  0.744  0.248  0.008  0.747  0.253  0.747  0.253  True
3.5  1.75  0.01  0.01  0.429195056089265  0.188144480679093  1.848107821194397  14.516022023000371  14.516022023000371  1.0  0.744  0.247  0.008  0.747  0.253  0.747  0.253  True
3.5  1.75  0.01  0.01  0.5302436120310496  -0.22499385501935681  1.788980353549464  14.547526446599989  14.547526446599989  1.0  0.74  0.253  0.007  0.747  0.253  0.747  0.253  True
3.5  1.75  0.01  0.01  0.5123958781121349  -0.1312568372515267  1.7888091190670152  14.537553549834968  14.537553549834968  1.0  0.743  0.25  0.007  0.747  0.253  0.747  0.253  True
3.5  1.75  0.01  0.01  0.37319496022403614  0.3942301552208751  1.8582948229652212  14.514669860316683  14.514669860316683  1.0  0.743  0.249  0.009  0.747  0.253  0.747  0.253  True
3.5  1.75  0.01  0.01  0.550133341646369  -0.2920414599623159  1.738507949605527  14.55740500691486  14.55740500691486  1.0  0.74  0.253  0.007  0.747  0.253  0.747  0.253  True
3.5  1.75  0.01  0.01  0.4104730186589383  0.21500715176189875  1.8378312045564176  14.515658329374498  14.515658329374498  1.0  0.74  0.252  0.008  0.747  0.253  0.747  0.253  True
3.5  1.75  0.01  0.01  0.39720288500104994  0.30504052012872984  1.868410973718606  14.513630749029177  14.513630749029177  1.0  0.744  0.247  0.009  0.747  0.253  0.747  0.253  True
3.5  1.75  0.01  0.01  0.5007130708919425  0.0150000370342783  1.8281865430721556  14.525591883662866  14.525591883662866  1.0  0.756  0.237  0.007  0.747  0.253  0.747  0.253  True
3.5  1.75  0.01  0.01  0.26045958920758167  0.14884314625162048  2.2429997732738713  14.608014782775475  14.608014782775475  1.0  0.658  0.331  0.011  0.747  0.253  0.747  0.253  True
3.5  1.75  0.01  0.01  0.1783818540837967  -0.05499887822099506  1.78866277472283  14.644051958939235  14.644051958939235  1.0  0.587  0.401  0.012  0.747  0.253  0.747  0.253  True
3.5  1.75  0.01  0.01  0.3878027708710353  0.33502565749382995  1.8689541975431867  14.513546327869816  14.513546327869816  1.0  0.743  0.248  0.009  0.747  0.253  0.747  0.253  True
3.5  1.75  0.01  0.01  0.5920527846126928  -0.4849925141218676  1.7489851448363898  14.58580144712339  14.58580144712339  1.0  0.734  0.26  0.006  0.747  0.253  0.747  0.253  True
3.5  1.75  0.01  0.01  0.4320524583041423  0.1750151948436165  1.8485708267601224  14.516372191543073  14.516372191543073  1.0  0.745  0.247  0.008  0.747  0.253  0.747  0.253  True
3.5  1.75  0.01  0.01  0.5660660624354661  0.008677521655741507  1.9696689666959397  14.31671836164746  14.31671836164746  1.0  0.782  0.212  0.006  0.775  0.225  0.775  0.225  True
3.5  1.75  0.01  0.01  0.5821401811122258  -0.055346089991299946  1.9394020802516962  14.29850848325703  14.29850848325703  1.0  0.78  0.214  0.006  0.775  0.225  0.775  0.225  True
3.5  1.75  0.01  0.01  0.45357188865535003  -0.07710934292846566  0.9514574312589603  14.826475516705905  14.826475516705905  1.0  0.723  0.269  0.008  0.775  0.225  0.775  0.225  True
3.5  1.75  0.01  0.01  0.5689349742469552  0.06494434276863117  2.2423952937518004  14.253022796641996  14.253022796641996  1.0  0.788  0.206  0.006  0.775  0.225  0.775  0.225  True
3.5  1.75  0.01  0.01  0.6276800020662663  -0.20875288927469554  1.9394807992223542  14.264789254247292  14.264789254247292  1.0  0.781  0.213  0.005  0.775  0.225  0.775  0.225  True
3.5  1.75  0.01  0.01  0.5187446807399261  0.15442773881865518  1.9395894998448635  14.35614428694008  14.35614428694008  1.0  0.778  0.215  0.007  0.775  0.225  0.775  0.225  True
3.5  1.75  0.01  0.01  0.5796268519553132  -0.04004735704385273  1.959589485908224  14.303134168722892  14.303134168722892  1.0  0.782  0.212  0.006  0.775  0.225  0.775  0.225  True
3.5  1.75  0.01  0.01  0.512362732602778  0.25048746015578105  2.262397051692982  14.281753778028856  14.281753778028856  1.0  0.786  0.207  0.007  0.775  0.225  0.775  0.225  True
3.5  1.75  0.01  0.01  0.5447059068081654  0.0787999647762734  1.9695587846759446  14.336241870325187  14.336241870325187  1.0  0.781  0.213  0.006  0.775  0.225  0.775  0.225  True
3.5  1.75  0.01  0.01  0.535997070145604  0.17439744852444197  2.2525688874411403  14.268447435969081  14.268447435969081  1.0  0.787  0.206  0.006  0.775  0.225  0.775  0.225  True
3.5  1.75  0.01  0.01  0.5157369915281589  0.15962148264393267  1.9392195911697292  14.359196141857035  14.359196141857035  1.0  0.778  0.215  0.007  0.775  0.225  0.775  0.225  True
3.5  1.75  0.01  0.01  0.6562230994641953  -0.22644844942958633  2.2203763951121687  14.228775237394244  14.228775237394244  1.0  0.79  0.205  0.005  0.775  0.225  0.775  0.225  True
3.5  1.75  0.01  0.01  0.6995024652631374  -0.3807079297334214  2.202315630742184  14.223464947204642  14.223464947204642  1.0  0.789  0.207  0.004  0.775  0.225  0.775  0.225  True
3.5  1.75  0.01  0.01  0.45853116146709094  0.13338453451724036  2.252977508557381  14.270791758070498  14.270791758070498  1.0  0.75  0.242  0.008  0.775  0.225  0.775  0.225  True
3.5  1.75  0.01  0.01  0.5998333484827983  -0.05078852849041768  2.2222972734267072  14.24129713905996  14.24129713905996  1.0  0.788  0.206  0.006  0.775  0.225  0.775  0.225  True
3.5  1.75  0.01  0.01  0.5417187384373358  0.09248457366185348  1.9692861426166763  14.339142547113854  14.339142547113854  1.0  0.781  0.213  0.006  0.775  0.225  0.775  0.225  True
3.5  1.75  0.01  0.01  0.5742066606816414  0.033225593983293375  2.21911333353667  14.251363395239888  14.251363395239888  1.0  0.787  0.207  0.006  0.775  0.225  0.775  0.225  True
3.5  1.75  0.01  0.01  0.5878737551362703  -0.0031585943732047417  2.2428263521008964  14.245911362874256  14.245911362874256  1.0  0.789  0.205  0.006  0.775  0.225  0.775  0.225  True
3.5  1.75  0.01  0.01  0.4729172804725231  0.38458216382538923  2.272882469446141  14.307312756772308  14.307312756772308  1.0  0.784  0.209  0.007  0.775  0.225  0.775  0.225  True
3.5  1.75  0.01  0.01  0.5828827618423993  0.00885245568927696  2.2321929046567504  14.2472781550157  14.2472781550157  1.0  0.788  0.206  0.006  0.775  0.225  0.775  0.225  True
3.5  1.75  0.01  0.01  0.6576605869693575  -0.12142632327766567  2.564165455892742  14.280438213264675  14.280438213264675  1.0  0.802  0.193  0.005  0.775  0.225  0.775  0.225  True
3.5  1.75  0.01  0.01  0.5453982034563227  0.13955180919461785  2.252369235013263  14.2638780128131  14.2638780128131  1.0  0.788  0.206  0.006  0.775  0.225  0.775  0.225  True
3.5  1.75  0.01  0.01  0.5454620507218868  0.14032390481426582  2.2522611970288855  14.263878012684296  14.263878012684296  1.0  0.788  0.206  0.006  0.775  0.225  0.775  0.225  True
3.5  1.75  0.01  0.01  0.5296970059846888  0.191423423141596  2.252501487639756  14.27164216135473  14.27164216135473  1.0  0.787  0.207  0.006  0.775  0.225  0.775  0.225  True
3.5  1.75  0.01  0.01  0.7876447632405099  -0.7105338229881453  1.9694293645813366  14.194709976783235  14.194709976783235  1.0  0.781  0.215  0.003  0.775  0.225  0.775  0.225  True
3.5  1.75  0.01  0.01  0.6574855228439591  -0.21889208432793783  2.242239151089018  14.228650470292841  14.228650470292841  1.0  0.792  0.204  0.005  0.775  0.225  0.775  0.225  True
3.5  1.75  0.01  0.01  0.5148961663515289  -0.055000463068432245  1.9296422576452823  14.303910598187048  14.303910598187048  1.0  0.753  0.24  0.007  0.775  0.225  0.775  0.225  True
3.5  1.75  0.01  0.01  0.586681153638297  -0.11500326598979925  2.192466477714506  14.23841729180083  14.23841729180083  1.0  0.775  0.219  0.006  0.775  0.225  0.775  0.225  True
3.5  1.75  0.01  0.01  0.13260529454459444  -0.40499997714050384  1.8999783566582735  14.565155091484922  14.565155091484922  1.0  0.511  0.476  0.012  0.775  0.225  0.775  0.225  True
3.5  1.75  0.01  0.01  0.6375847248434412  -0.17119810640089927  2.222585881032992  14.231231778502858  14.231231778502858  1.0  0.79  0.205  0.005  0.775  0.225  0.775  0.225  True
3.5  1.75  0.01  0.01  0.5337918941317621  -0.2043894068026935  1.7983878057736218  14.545350418727967  14.545350418727967  1.0  0.744  0.249  0.007  0.747  0.253  0.747  0.253  True
3.5  1.75  0.01  0.01  0.3591464845757221  0.449023403829762  1.8886143748387385  14.514939246267565  14.514939246267565  1.0  0.743  0.248  0.009  0.747  0.253  0.747  0.253  True
3.5  1.75  0.01  0.01  0.5633463441962895  -0.25399876799197973  2.2394037726871834  14.641800660501376  14.641800660501376  1.0  0.751  0.243  0.006  0.747  0.253  0.747  0.253  True
3.5  1.75  0.01  0.01  0.5969633434941639  -0.48267480091788195  1.6986813454078205  14.58710177285809  14.58710177285809  1.0  0.736  0.258  0.006  0.747  0.253  0.747  0.253  True
3.5  1.75  0.01  0.01  0.4622618128985792  0.07241412089080985  1.8384497669519115  14.521715051896177  14.521715051896177  1.0  0.745  0.247  0.008  0.747  0.253  0.747  0.253  True
3.5  1.75  0.01  0.01  0.5109941413964105  -0.11885474775278515  1.7984901899228158  14.536487970997198  14.536487970997198  1.0  0.744  0.249  0.007  0.747  0.253  0.747  0.253  True
3.5  1.75  0.01  0.01  0.6564021636859801  -0.7637298843354201  1.5934776672449438  14.652618511230923  14.652618511230923  1.0  0.724  0.271  0.005  0.747  0.253  0.747  0.253  True
3.5  1.75  0.01  0.01  0.4549600258312384  0.09236950732312761  1.8289819558554945  14.520428150535906  14.520428150535906  1.0  0.744  0.248  0.008  0.747  0.253  0.747  0.253  True
3.5  1.75  0.01  0.01  0.5475656578270709  -0.2747256691303751  1.7584671978197117  14.553822018909441  14.553822018909441  1.0  0.742  0.252  0.007  0.747  0.253  0.747  0.253  True
3.5  1.75  0.01  0.01  0.5617008029420507  -0.3248609447544132  1.7588935876344625  14.560339430464559  14.560339430464559  1.0  0.741  0.252  0.007  0.747  0.253  0.747  0.253  True
3.5  1.75  0.01  0.01  0.531961824554769  -0.22454311941108457  1.748833412260327  14.548754390960893  14.548754390960893  1.0  0.741  0.252  0.007  0.747  0.253  0.747  0.253  True
3.5  1.75  0.01  0.01  0.426162858760865  0.2188223254606977  2.239184857506021  14.557375499176565  14.557375499176565  1.0  0.747  0.245  0.008  0.747  0.253  0.747  0.253  True
3.5  1.75  0.01  0.01  0.42759132121595034  0.19950949599945314  1.858651655385439  14.51585373753435  14.51585373753435  1.0  0.745  0.247  0.008  0.747  0.253  0.747  0.253  True
3.5  1.75  0.01  0.01  0.5811301591923681  -0.4026962033512451  1.738346205901099  14.572336139113863  14.572336139113863  1.0  0.74  0.254  0.006  0.747  0.253  0.747  0.253  True
3.5  1.75  0.01  0.01  0.5947661509744391  -0.7549982338313244  1.6680215478537583  14.647078948538026  14.647078948538026  1.0  0.699  0.295  0.006  0.747  0.253  0.747  0.253  True
3.5  1.75  0.01  0.01  0.4867842232270796  -0.02742232576832875  1.8087898730156304  14.528490758631722  14.528490758631722  1.0  0.744  0.248  0.007  0.747  0.253  0.747  0.253  True
3.5  1.75  0.01  0.01  0.4057656883963837  0.2787774674153205  1.8683376996363743  14.514005181994591  14.514005181994591  1.0  0.744  0.247  0.008  0.747  0.253  0.747  0.253  True
3.5  1.75  0.01  0.01  0.568715447352565  -0.31499282180801325  1.7680760978828314  14.559012323796273  14.559012323796273  1.0  0.746  0.248  0.006  0.747  0.253  0.747  0.253  True
3.5  1.75  0.01  0.01  0.3562738872673564  0.45829569933970515  1.8884886530271545  14.515211901712753  14.515211901712753  1.0  0.743  0.248  0.009  0.747  0.253  0.747  0.253  True
3.5  1.75  0.01  0.01  0.42939119645078283  0.2550039902052405  1.8580993563784747  14.514648766544575  14.514648766544575  1.0  0.753  0.239  0.008  0.747  0.253  0.747  0.253  True
3.5  1.75  0.01  0.01  0.46404076377216535  0.05121505786986964  1.8084566894089613  14.523220072156844  14.523220072156844  1.0  0.744  0.249  0.008  0.747  0.253  0.747  0.253  True
3.5  1.75  0.01  0.01  0.48399015273217194  -0.01831295568491561  1.8084117611921628  14.527727772002399  14.527727772002399  1.0  0.744  0.248  0.008  0.747  0.253  0.747  0.253  True
3.5  1.75  0.01  0.01  0.46110550457085125  -0.06494422534645172  1.788002506702318  14.532628834311298  14.532628834311298  1.0  0.729  0.263  0.008  0.747  0.253  0.747  0.253  True
3.5  1.75  0.01  0.01  0.3628449891626204  0.4322555417686008  1.8683890632745077  14.515051246129254  14.515051246129254  1.0  0.743  0.249  0.009  0.747  0.253  0.747  0.253  True
3.5  1.75  0.01  0.01  0.505978274070794  -0.10498521991903148  1.8189875608274721  14.535087537167158  14.535087537167158  1.0  0.744  0.249  0.007  0.747  0.253  0.747  0.253  True
3.5  1.75  0.01  0.01  0.47598311727940223  0.053563150476486396  2.242989772477823  14.583371331596  14.583371331596  1.0  0.749  0.244  0.008  0.747  0.253  0.747  0.253  True
3.5  1.75  0.01  0.01  0.6088733033771996  -0.57475321956704  1.617000965843039  14.61305976249392  14.61305976249392  1.0  0.73  0.264  0.006  0.747  0.253  0.747  0.253  True
3.5  1.75  0.01  0.01  0.6476114498826986  -0.49499800611686573  1.7163624841129916  14.590529326778697  14.590529326778697  1.0  0.756  0.239  0.005  0.747  0.253  0.747  0.253  True
3.5  1.75  0.01  0.01  0.5541845248097992  -0.10281847814006917  1.8089997401995517  14.53722333638507  14.53722333638507  1.0  0.765  0.229  0.006  0.747  0.253  0.747  0.253  True
3.5  1.75  0.01  0.01  0.20462724631531243  0.13500020394654128  1.8289927392359946  14.582859721915796  14.582859721915796  1.0  0.627  0.361  0.012  0.747  0.253  0.747  0.253  True
