0  3.5  1.75  0.01  0.01  0.4923873094058301  0.6949999609220046  0.6002090504208474  13.629654131566674  13.629654131566674  1.0  0.774  0.155  0.07  0.885  0.115  0.885  0.115  True
0  3.5  1.75  0.01  0.01  1.0159926613593164  -0.15258601183005896  0.9728643299012028  13.640606117329375  13.640606117329375  1.0  0.87  0.096  0.034  0.885  0.115  0.885  0.115  True
0  3.5  1.75  0.01  0.01  0.9309865819114709  0.023695368424101658  0.943665318661993  13.555344119604918  13.555344119604918  1.0  0.86  0.1  0.039  0.885  0.115  0.885  0.115  True
0  3.5  1.75  0.01  0.01  0.6891486405230048  0.5149825489638826  0.8730109886664886  13.479913984297017  13.479913984297017  1.0  0.828  0.117  0.055  0.885  0.115  0.885  0.115  True
0  3.5  1.75  0.01  0.01  0.8454346733844963  -0.0512693630054262  0.5003041207868864  13.55906444039641  13.55906444039641  1.0  0.828  0.124  0.048  0.885  0.115  0.885  0.115  True
0  3.5  1.75  0.01  0.01  0.8133013127092834  0.0834113749819192  0.5506908543279323  13.562755295907886  13.562755295907886  1.0  0.83  0.121  0.049  0.885  0.115  0.885  0.115  True
0  3.5  1.75  0.01  0.01  0.9835096923575932  -0.0748965938590114  0.9770256986877535  13.637975898282265  13.637975898282265  1.0  0.868  0.096  0.036  0.885  0.115  0.885  0.115  True
0  3.5  1.75  0.01  0.01  0.8756416926703411  -0.41499996593701305  0.42000034962343946  13.576106233916482  13.576106233916482  1.0  0.802  0.149  0.049  0.885  0.115  0.885  0.115  True
0  3.5  1.75  0.01  0.01  0.8454730948765643  0.10836942953747272  0.8136690812743814  13.476415973217062  13.476415973217062  1.0  0.843  0.111  0.046  0.885  0.115  0.885  0.115  True
0  3.5  1.75  0.01  0.01  0.80726091181759  0.06498502129571969  0.5300918133980723  13.560718925967915  13.560718925967915  1.0  0.826  0.124  0.05  0.885  0.115  0.885  0.115  True
0  3.5  1.75  0.01  0.01  0.8251358235269253  -0.023736543560263723  0.47076772051283555  13.561613501218527  13.561613501218527  1.0  0.824  0.126  0.05  0.885  0.115  0.885  0.115  True
0  3.5  1.75  0.01  0.01  0.8064548017443883  0.0882777769745234  0.5404992968072704  13.561800959015407  13.561800959015407  1.0  0.828  0.122  0.05  0.885  0.115  0.885  0.115  True
0  3.5  1.75  0.01  0.01  0.7854294862142154  0.04615389859947471  0.42030370619742613  13.576130351698916  13.576130351698916  1.0  0.817  0.13  0.052  0.885  0.115  0.885  0.115  True
0  3.5  1.75  0.01  0.01  0.7293752847237998  0.14363079941254947  0.32542524175673304  13.625062665052425  13.625062665052425  1.0  0.807  0.137  0.057  0.885  0.115  0.885  0.115  True
0  3.5  1.75  0.01  0.01  0.7655204389718142  0.21100190922536263  0.5505095600379609  13.566218629085164  13.566218629085164  1.0  0.826  0.122  0.052  0.885  0.115  0.885  0.115  True
0  3.5  1.75  0.01  0.01  0.8082792550786413  0.05876479832754851  0.510455515393657  13.560537091535112  13.560537091535112  1.0  0.826  0.124  0.05  0.885  0.115  0.885  0.115  True
0  3.5  1.75  0.01  0.01  0.6907724965191977  0.4149096631182321  0.5402032221127047  13.58319977570019  13.58319977570019  1.0  0.819  0.125  0.056  0.885  0.115  0.885  0.115  True
0  3.5  1.75  0.01  0.01  0.924144191242619  -0.8649884566339627  0.12000180084110855  13.68243061891428  13.68243061891428  1.0  0.767  0.185  0.048  0.885  0.115  0.885  0.115  True
0  3.5  1.75  0.01  0.01  0.9489667433949887  -0.1623128550553356  0.8036117389860283  13.495758873040426  13.495758873040426  1.0  0.85  0.11  0.04  0.885  0.115  0.885  0.115  True
0  3.5  1.75  0.01  0.01  0.7762174643232027  0.3250045539293641  0.8634805822258337  13.475954136665733  13.475954136665733  1.0  0.84  0.111  0.049  0.885  0.115  0.885  0.115  True
0  3.5  1.75  0.01  0.01  0.6811069958481977  0.24449640723697696  0.2601159021469186  13.675786488401712  13.675786488401712  1.0  0.799  0.141  0.06  0.885  0.115  0.885  0.115  True
0  3.5  1.75  0.01  0.01  0.8439994140173667  -0.017192295138152403  0.5302225894281828  13.560417560333352  13.560417560333352  1.0  0.83  0.122  0.048  0.885  0.115  0.885  0.115  True
0  3.5  1.75  0.01  0.01  0.49525654505226  0.7849989715130421  0.8837950109243738  13.514632179253702  13.514632179253702  1.0  0.785  0.147  0.068  0.885  0.115  0.885  0.115  True
0  3.5  1.75  0.01  0.01  0.8077140374258411  0.07034773030780986  0.5207590282792901  13.560622332707819  13.560622332707819  1.0  0.827  0.123  0.05  0.885  0.115  0.885  0.115  True
0  3.5  1.75  0.01  0.01  0.4629223933928751  0.9349949723903348  0.9330082172740024  13.529237409877867  13.529237409877867  1.0  0.789  0.143  0.068  0.885  0.115  0.885  0.115  True
0  3.5  1.75  0.01  0.01  0.33928187132717325  0.8147876582680293  0.8030000330142022  13.589150790642499  13.589150790642499  1.0  0.725  0.193  0.082  0.885  0.115  0.885  0.115  True
0  3.5  1.75  0.01  0.01  0.9002494408546835  -0.012512622470549812  0.8332899140468747  13.488070511009646  13.488070511009646  1.0  0.849  0.109  0.042  0.885  0.115  0.885  0.115  True
0  3.5  1.75  0.01  0.01  0.5909880334855415  0.8599575544138585  0.9339476461207225  13.510569349466806  13.510569349466806  1.0  0.828  0.115  0.057  0.885  0.115  0.885  0.115  True
0  3.5  1.75  0.01  0.01  0.5500561788252869  0.8849955961277812  1.132001973924741  13.481598205061113  13.481598205061113  1.0  0.815  0.124  0.061  0.885  0.115  0.885  0.115  True
0  3.5  1.75  0.01  0.01  0.8040205655232998  0.0768767218723527  0.5204644644742804  13.560883733040534  13.560883733040534  1.0  0.827  0.123  0.05  0.885  0.115  0.885  0.115  True
1  3.5  1.75  0.01  0.01  0.4214676530374264  -0.11139899693518332  0.9364208348360679  14.117262060098382  14.117262060098382  1.0  0.645  0.264  0.09  0.696  0.304  0.696  0.304  True
1  3.5  1.75  0.01  0.01  0.38017673847209166  -0.1539033086360561  0.3934559550361261  14.25153838235027  14.25153838235027  1.0  0.619  0.286  0.094  0.696  0.304  0.696  0.304  True
1  3.5  1.75  0.01  0.01  0.3670937861981989  0.03495961000579524  0.8270203321446122  14.092450644744527  14.092450644744527  1.0  0.637  0.269  0.093  0.696  0.304  0.696  0.304  True
1  3.5  1.75  0.01  0.01  0.3735930034323667  -0.12253265402780333  0.4131197956786192  14.24872976858597  14.24872976858597  1.0  0.62  0.285  0.094  0.696  0.304  0.696  0.304  True
1  3.5  1.75  0.01  0.01  0.3204991669658829  0.0811315357573428  0.4533535406901835  14.246144699081665  14.246144699081665  1.0  0.621  0.283  0.097  0.696  0.304  0.696  0.304  True
1  3.5  1.75  0.01  0.01  0.39170437338288144  -0.1844204589617245  0.4231915090755537  14.251024680524278  14.251024680524278  1.0  0.621  0.285  0.094  0.696  0.304  0.696  0.304  True
1  3.5  1.75  0.01  0.01  0.3028188534842929  0.1370576964741882  0.44390835420362046  14.24799830663275  14.24799830663275  1.0  0.62  0.283  0.097  0.696  0.304  0.696  0.304  True
1  3.5  1.75  0.01  0.01  0.3816736389752241  -0.029195520843388237  0.8174316487295229  14.09300626261446  14.09300626261446  1.0  0.636  0.271  0.093  0.696  0.304  0.696  0.304  True
1  3.5  1.75  0.01  0.01  0.3233537393416991  0.0421476724953002  0.35363566137015184  14.258919806625034  14.258919806625034  1.0  0.617  0.286  0.097  0.696  0.304  0.696  0.304  True
1  3.5  1.75  0.01  0.01  0.37908151395686596  -0.02154175449454402  0.8221107545548949  14.093104227422383  14.093104227422383  1.0  0.636  0.271  0.093  0.696  0.304  0.696  0.304  True
1  3.5  1.75  0.01  0.01  0.366168842965867  0.03218646336998683  0.8475764827801958  14.092737266280727  14.092737266280727  1.0  0.637  0.27  0.094  0.696  0.304  0.696  0.304  True
1  3.5  1.75  0.01  0.01  0.35089771571854456  -0.03452532527335363  0.44319233300916366  14.24583146539285  14.24583146539285  1.0  0.621  0.283  0.095  0.696  0.304  0.696  0.304  True
1  3.5  1.75  0.01  0.01  0.2966524717789579  0.13948031397263155  0.36353558339419134  14.261232439631558  14.261232439631558  1.0  0.617  0.285  0.098  0.696  0.304  0.696  0.304  True
1  3.5  1.75  0.01  0.01  0.2999555038552402  0.1483664800144473  0.443848636560098  14.24841802177376  14.24841802177376  1.0  0.62  0.283  0.097  0.696  0.304  0.696  0.304  True
1  3.5  1.75  0.01  0.01  0.3816964173006353  -0.033887725949600864  0.8174075527427378  14.093006262725456  14.093006262725456  1.0  0.636  0.271  0.093  0.696  0.304  0.696  0.304  True
1  3.5  1.75  0.01  0.01  0.3783875021201659  -0.030119162548689557  0.7875703551372717  14.094597508739042  14.094597508739042  1.0  0.635  0.272  0.093  0.696  0.304  0.696  0.304  True
1  3.5  1.75  0.01  0.01  0.2887091509835824  0.2806902401080609  0.8476885656365946  14.102941331340862  14.102941331340862  1.0  0.632  0.271  0.096  0.696  0.304  0.696  0.304  True
1  3.5  1.75  0.01  0.01  0.3682691914421329  0.016039550365048297  0.83764393922899  14.092482384396337  14.092482384396337  1.0  0.637  0.27  0.093  0.696  0.304  0.696  0.304  True
1  3.5  1.75  0.01  0.01  0.39405296509195775  -0.20664266265986336  0.36388692263025085  14.258325346012473  14.258325346012473  1.0  0.618  0.288  0.094  0.696  0.304  0.696  0.304  True
1  3.5  1.75  0.01  0.01  0.3518246669127165  -0.03961534312851774  0.42327163045182603  14.24637067908098  14.24637067908098  1.0  0.62  0.284  0.095  0.696  0.304  0.696  0.304  True
1  3.5  1.75  0.01  0.01  0.33102510928186674  0.04114220073792581  0.4435601698285395  14.245593885626121  14.245593885626121  1.0  0.621  0.283  0.096  0.696  0.304  0.696  0.304  True
1  3.5  1.75  0.01  0.01  0.3087290996071297  0.16499227397231458  0.8479976343530177  14.095595092104647  14.095595092104647  1.0  0.626  0.278  0.096  0.696  0.304  0.696  0.304  True
1  3.5  1.75  0.01  0.01  0.32470523495621595  0.1607269853859739  0.8376502105986343  14.095333655518127  14.095333655518127  1.0  0.634  0.271  0.095  0.696  0.304  0.696  0.304  True
1  3.5  1.75  0.01  0.01  0.3404225056399447  0.012755156630635249  0.4534187752774267  14.245726815023717  14.245726815023717  1.0  0.621  0.283  0.096  0.696  0.304  0.696  0.304  True
1  3.5  1.75  0.01  0.01  0.38250386505023365  -0.8049999403152401  0.657000759956259  14.255373034996923  14.255373034996923  1.0  0.527  0.377  0.096  0.696  0.304  0.696  0.304  True
1  3.5  1.75  0.01  0.01  -0.014069281350009757  -0.0349998068249211  0.3639994851858249  14.423724475436044  14.423724475436044  1.0  0.434  0.457  0.11  0.696  0.304  0.696  0.304  True
1  3.5  1.75  0.01  0.01  0.3734389795582034  0.003410099945574522  0.827344349408616  14.092533362901115  14.092533362901115  1.0  0.636  0.27  0.093  0.696  0.304  0.696  0.304  True
1  3.5  1.75  0.01  0.01  0.43079506841325504  -0.1936221267400201  0.8074726121288069  14.099771533066777  14.099771533066777  1.0  0.639  0.271  0.09  0.696  0.304  0.696  0.304  True
1  3.5  1.75  0.01  0.01  0.2681679394983095  0.2149883449438762  0.4430115261037444  14.25190961127109  14.25190961127109  1.0  0.613  0.289  0.099  0.696  0.304  0.696  0.304  True
1  3.5  1.75  0.01  0.01  0.34837315433963334  -0.06478807247335258  0.32366997357509736  14.264872988209488  14.264872988209488  1.0  0.616  0.288  0.096  0.696  0.304  0.696  0.304  True
0  3.5  1.75  0.01  0.01  0.7728283135589948  0.1909800271713176  0.5507453512729771  13.56534746976388  13.56534746976388  1.0  0.827  0.122  0.052  0.885  0.115  0.885  0.115  True
0  3.5  1.75  0.01  0.01  0.8265950253705385  0.008389815143531616  0.5107076678775608  13.559497146467352  13.559497146467352  1.0  0.828  0.123  0.049  0.885  0.115  0.885  0.115  True
0  3.5  1.75  0.01  0.01  0.7584648415432786  0.390060103559225  0.883088498103821  13.478606858169927  13.478606858169927  1.0  0.84  0.11  0.05  0.885  0.115  0.885  0.115  True
0  3.5  1.75  0.01  0.01  0.813244786511736  0.08294328809074338  0.5504767813252008  13.562755295656824  13.562755295656824  1.0  0.83  0.121  0.049  0.885  0.115  0.885  0.115  True
0  3.5  1.75  0.01  0.01  0.9209815671215444  -0.09258644703474989  0.8034213815855735  13.488495868432405  13.488495868432405  1.0  0.848  0.11  0.042  0.885  0.115  0.885  0.115  True
0  3.5  1.75  0.01  0.01  0.8422662948398849  -0.052951540135466865  0.49063147921753697  13.559311015210005  13.559311015210005  1.0  0.827  0.125  0.048  0.885  0.115  0.885  0.115  True
0  3.5  1.75  0.01  0.01  0.8049616113790283  0.11705000122346612  0.5400202884118298  13.562524145840367  13.562524145840367  1.0  0.831  0.12  0.05  0.885  0.115  0.885  0.115  True
0  3.5  1.75  0.01  0.01  0.8642139329381588  -0.11281126913765313  0.4904497113023376  13.559310124848583  13.559310124848583  1.0  0.829  0.125  0.047  0.885  0.115  0.885  0.115  True
0  3.5  1.75  0.01  0.01  0.9329608142893027  -0.12354726861327893  0.8035942358260699  13.491432910834215  13.491432910834215  1.0  0.849  0.11  0.041  0.885  0.115  0.885  0.115  True
0  3.5  1.75  0.01  0.01  0.7441967911780905  -0.0753328848590444  0.09312693076732556  13.719371032673816  13.719371032673816  1.0  0.789  0.152  0.058  0.885  0.115  0.885  0.115  True
0  3.5  1.75  0.01  0.01  0.6862693448512476  0.43498744228756103  0.5506106158472577  13.584281540545062  13.584281540545062  1.0  0.82  0.124  0.056  0.885  0.115  0.885  0.115  True
0  3.5  1.75  0.01  0.01  0.7815407974433666  0.1517744877228508  0.5303744599803347  13.56323774975172  13.56323774975172  1.0  0.826  0.123  0.051  0.885  0.115  0.885  0.115  True
0  3.5  1.75  0.01  0.01  0.7545636679828177  0.24258914568313925  0.550344481657356  13.567760450730125  13.567760450730125  1.0  0.825  0.122  0.053  0.885  0.115  0.885  0.115  True
0  3.5  1.75  0.01  0.01  0.8302362040174253  0.003063704992160859  0.5105893970878915  13.559376972215281  13.559376972215281  1.0  0.828  0.123  0.049  0.885  0.115  0.885  0.115  True
0  3.5  1.75  0.01  0.01  0.7590134030109323  0.22259591544900215  0.5404413992184298  13.566587245083571  13.566587245083571  1.0  0.825  0.123  0.053  0.885  0.115  0.885  0.115  True
0  3.5  1.75  0.01  0.01  0.8675129468811813  -0.10919419728291685  0.50060701651965  13.55943127257025  13.55943127257025  1.0  0.83  0.124  0.047  0.885  0.115  0.885  0.115  True
0  3.5  1.75  0.01  0.01  0.997734503537222  -0.24056336831734038  0.8434564084490858  13.522772820705796  13.522772820705796  1.0  0.857  0.106  0.037  0.885  0.115  0.885  0.115  True
0  3.5  1.75  0.01  0.01  0.8228810250757332  0.01600710655339777  0.5104513074721672  13.559646479437243  13.559646479437243  1.0  0.827  0.124  0.049  0.885  0.115  0.885  0.115  True
0  3.5  1.75  0.01  0.01  0.8029274482797315  0.05099057484981952  0.4802596284072283  13.56281358268981  13.56281358268981  1.0  0.823  0.126  0.051  0.885  0.115  0.885  0.115  True
0  3.5  1.75  0.01  0.01  0.8181366583735014  0.05205793829839386  0.5304088355726043  13.560539881193833  13.560539881193833  1.0  0.828  0.122  0.049  0.885  0.115  0.885  0.115  True
0  3.5  1.75  0.01  0.01  0.8058748034412175  0.10157092565918935  0.550240665877589  13.562953239208618  13.562953239208618  1.0  0.829  0.121  0.05  0.885  0.115  0.885  0.115  True
0  3.5  1.75  0.01  0.01  0.8879102005409362  0.02593007017333212  0.8434451813967434  13.487235794539332  13.487235794539332  1.0  0.849  0.108  0.043  0.885  0.115  0.885  0.115  True
0  3.5  1.75  0.01  0.01  0.8976742516722057  -0.20693247428715356  0.48044747896536416  13.56121741149656  13.56121741149656  1.0  0.83  0.125  0.045  0.885  0.115  0.885  0.115  True
0  3.5  1.75  0.01  0.01  0.9810692112433123  -0.24485048700157808  0.8034935639196854  13.505800154368105  13.505800154368105  1.0  0.852  0.11  0.038  0.885  0.115  0.885  0.115  True
0  3.5  1.75  0.01  0.01  0.9407064030624555  -0.2349998038374295  0.8139938107169766  13.509052703221679  13.509052703221679  1.0  0.841  0.117  0.041  0.885  0.115  0.885  0.115  True
0  3.5  1.75  0.01  0.01  0.8144110356485976  0.06378677923132246  0.5301836126240171  13.560674993713986  13.560674993713986  1.0  0.828  0.122  0.049  0.885  0.115  0.885  0.115  True
0  3.5  1.75  0.01  0.01  0.7778550321685562  0.15952033183056652  0.5303057840872221  13.563673932334076  13.563673932334076  1.0  0.825  0.123  0.052  0.885  0.115  0.885  0.115  True
0  3.5  1.75  0.01  0.01  0.8830006972924715  -0.17000981971215565  0.48068237875068476  13.560222848945616  13.560222848945616  1.0  0.829  0.125  0.046  0.885  0.115  0.885  0.115  True
0  3.5  1.75  0.01  0.01  0.800995613699943  0.075235677254722  0.5102573291703093  13.561159594970512  13.561159594970512  1.0  0.826  0.124  0.051  0.885  0.115  0.885  0.115  True
0  3.5  1.75  0.01  0.01  0.8155810963196526  0.04362055275694429  0.5104578083049901  13.560032955994068  13.560032955994068  1.0  0.827  0.124  0.05  0.885  0.115  0.885  0.115  True
1  3.5  1.75  0.01  0.01  0.31365929580005136  0.11187519815256351  0.4735580836787796  14.247866156108586  14.247866156108586  1.0  0.622  0.282  0.097  0.696  0.304  0.696  0.304  True
1  3.5  1.75  0.01  0.01  0.2940912696523688  0.16288315149465377  0.40360865257135936  14.253550562457752  14.253550562457752  1.0  0.619  0.284  0.098  0.696  0.304  0.696  0.304  True
1  3.5  1.75  0.01  0.01  0.40862791229829254  -0.15496714784764948  0.7271460746011054  14.104828481925336  14.104828481925336  1.0  0.633  0.275  0.092  0.696  0.304  0.696  0.304  True
1  3.5  1.75  0.01  0.01  0.3745477082277529  -0.10945003565428238  0.4230030022150252  14.247933642672606  14.247933642672606  1.0  0.622  0.284  0.094  0.696  0.304  0.696  0.304  True
1  3.5  1.75  0.01  0.01  0.444048986997625  -0.22566201825896942  0.8128720280916993  14.10307319282645  14.10307319282645  1.0  0.64  0.27  0.09  0.696  0.304  0.696  0.304  True
1  3.5  1.75  0.01  0.01  0.38359436450035733  -0.18144078620461107  0.3433587722731382  14.26108190029789  14.26108190029789  1.0  0.617  0.289  0.094  0.696  0.304  0.696  0.304  True
1  3.5  1.75  0.01  0.01  0.36761506466645066  -0.03822476244865865  0.656621826427061  14.12030896508545  14.12030896508545  1.0  0.628  0.278  0.094  0.696  0.304  0.696  0.304  True
1  3.5  1.75  0.01  0.01  0.36503205577560266  -0.0968747172195718  0.38351584192739135  14.251514514526981  14.251514514526981  1.0  0.619  0.286  0.095  0.696  0.304  0.696  0.304  True
1  3.5  1.75  0.01  0.01  0.31125506524579494  0.11091573260657772  0.4434066231385357  14.246935526354346  14.246935526354346  1.0  0.62  0.283  0.097  0.696  0.304  0.696  0.304  True
1  3.5  1.75  0.01  0.01  0.43394525842063963  -0.20401509632645376  0.8076626746652973  14.100460441880669  14.100460441880669  1.0  0.639  0.271  0.09  0.696  0.304  0.696  0.304  True
1  3.5  1.75  0.01  0.01  0.21088299850465886  0.37499626956382026  0.8669976168766823  14.114772101126503  14.114772101126503  1.0  0.606  0.294  0.1  0.696  0.304  0.696  0.304  True
1  3.5  1.75  0.01  0.01  0.32911755850159863  0.006970425896482476  0.32350417940094234  14.266362745828154  14.266362745828154  1.0  0.616  0.288  0.097  0.696  0.304  0.696  0.304  True
1  3.5  1.75  0.01  0.01  0.3953575825955774  -0.06861577927294686  0.8274355882106512  14.093950680237477  14.093950680237477  1.0  0.638  0.27  0.092  0.696  0.304  0.696  0.304  True
1  3.5  1.75  0.01  0.01  0.33966114379024515  0.13967290084698158  0.9264377112816673  14.105220459112914  14.105220459112914  1.0  0.639  0.267  0.094  0.696  0.304  0.696  0.304  True
1  3.5  1.75  0.01  0.01  0.335774638706845  0.021729184526323185  0.4335282962608234  14.245708983952115  14.245708983952115  1.0  0.62  0.284  0.096  0.696  0.304  0.696  0.304  True
1  3.5  1.75  0.01  0.01  0.3951621144104719  -0.00962841607358927  0.9892554246300534  14.13979187705219  14.13979187705219  1.0  0.646  0.263  0.092  0.696  0.304  0.696  0.304  True
1  3.5  1.75  0.01  0.01  0.37846600792008467  -0.12710743972764815  0.43315141567897847  14.248576789105895  14.248576789105895  1.0  0.621  0.285  0.094  0.696  0.304  0.696  0.304  True
1  3.5  1.75  0.01  0.01  0.3504027295317527  0.07634574287513485  0.8464519903943469  14.093134292072257  14.093134292072257  1.0  0.636  0.27  0.094  0.696  0.304  0.696  0.304  True
1  3.5  1.75  0.01  0.01  0.34804788221591176  -0.020167559235050647  0.4436601436838656  14.245701439877264  14.245701439877264  1.0  0.621  0.283  0.096  0.696  0.304  0.696  0.304  True
1  3.5  1.75  0.01  0.01  0.0011541044058859338  0.45498144960547104  0.7672589836022735  14.199072828164647  14.199072828164647  1.0  0.511  0.381  0.108  0.696  0.304  0.696  0.304  True
1  3.5  1.75  0.01  0.01  0.40677914867985143  -0.11266130176324038  0.8173142213940308  14.095366872854054  14.095366872854054  1.0  0.638  0.27  0.092  0.696  0.304  0.696  0.304  True
1  3.5  1.75  0.01  0.01  0.40828936153870454  -0.1282539531068581  0.7773740405030144  14.097823676542603  14.097823676542603  1.0  0.636  0.272  0.092  0.696  0.304  0.696  0.304  True
1  3.5  1.75  0.01  0.01  0.38276503955189495  -0.033948460024253876  0.8274078201685402  14.09293560332731  14.09293560332731  1.0  0.637  0.27  0.093  0.696  0.304  0.696  0.304  True
1  3.5  1.75  0.01  0.01  0.44216685333682504  -0.23441087524148815  0.7976362417668726  14.102736948015679  14.102736948015679  1.0  0.639  0.271  0.09  0.696  0.304  0.696  0.304  True
1  3.5  1.75  0.01  0.01  0.34787310058975884  -0.024988175116941243  0.42369131066779003  14.24621611458027  14.24621611458027  1.0  0.621  0.283  0.096  0.696  0.304  0.696  0.304  True
1  3.5  1.75  0.01  0.01  0.18361007411886182  0.34499758852400786  0.4635391130170261  14.266545685563997  14.266545685563997  1.0  0.588  0.31  0.102  0.696  0.304  0.696  0.304  True
1  3.5  1.75  0.01  0.01  0.35091188098359094  -0.038766229229568544  0.4135338675002752  14.247084049845474  14.247084049845474  1.0  0.62  0.285  0.095  0.696  0.304  0.696  0.304  True
1  3.5  1.75  0.01  0.01  0.2754404005462505  -0.20499900792080106  0.655000484590587  14.145541289441775  14.145541289441775  1.0  0.559  0.339  0.102  0.696  0.304  0.696  0.304  True
1  3.5  1.75  0.01  0.01  0.38782273506304016  -0.17300493747919743  0.4134446578193838  14.25078360215671  14.25078360215671  1.0  0.62  0.286  0.094  0.696  0.304  0.696  0.304  True
1  3.5  1.75  0.01  0.01  0.36419004889190565  -0.07733766713218304  0.43346707993178724  14.246826726742404  14.246826726742404  1.0  0.621  0.284  0.095  0.696  0.304  0.696  0.304  True
