0  5.5  2.75  0.01  0.01  0.6911468426656476  -0.7717580932923049  16.211095261929994  14.681155181935061  1.0  0.602  0.307  0.091  0.596  0.404  0.789  0.211
0  5.5  2.75  0.01  0.01  0.5215722521339612  -0.04566307683774862  14.80168107490997  18.46233909647257  1.0  0.612  0.292  0.096  0.614  0.386  0.737  0.263
0  5.5  2.75  0.01  0.01  0.3165691773434306  0.7426853624688976  15.87221972285182  15.128939698772726  1.0  0.616  0.286  0.099  0.649  0.351  0.632  0.368
0  5.5  2.75  0.01  0.01  0.6100328192178969  -0.20885881912190385  14.584270596132816  19.17657252557017  1.0  0.626  0.281  0.093  0.632  0.368  0.684  0.316
0  5.5  2.75  0.01  0.01  0.2766389704304865  0.6293841677847802  16.18258723953771  14.197233631540506  1.0  0.593  0.306  0.101  0.632  0.368  0.684  0.316
0  5.5  2.75  0.01  0.01  0.40463657059911623  0.25888744744656056  15.963483756044068  14.889123353823328  1.0  0.601  0.299  0.099  0.632  0.368  0.684  0.316
0  5.5  2.75  0.01  0.01  0.44665355134891965  0.026528297487056873  16.18442581579565  14.298170851060666  1.0  0.595  0.306  0.099  0.614  0.386  0.737  0.263
0  5.5  2.75  0.01  0.01  0.371338195459984  0.7603427528040083  16.161434200628587  14.27153129439925  1.0  0.634  0.269  0.096  0.667  0.333  0.579  0.421
0  5.5  2.75  0.01  0.01  0.359534883905025  0.41587304283640814  16.17872665590363  14.216735759471726  1.0  0.601  0.299  0.1  0.632  0.368  0.684  0.316
0  5.5  2.75  0.01  0.01  0.7214238054337128  -0.2581426939495448  16.216844272497486  14.303270003692589  1.0  0.656  0.257  0.087  0.649  0.351  0.632  0.368
0  5.5  2.75  0.01  0.01  0.16337199860997453  0.9276790556819727  16.113516064074975  14.438267479464624  1.0  0.584  0.314  0.102  0.632  0.368  0.684  0.316
0  5.5  2.75  0.01  0.01  0.7130100399441698  -0.09232531529482735  16.072552763804236  14.672712531490767  1.0  0.668  0.246  0.087  0.667  0.333  0.579  0.421
0  5.5  2.75  0.01  0.01  0.6050791835479573  0.03529299094167393  16.11153353649826  14.49694750561824  1.0  0.646  0.263  0.092  0.649  0.351  0.632  0.368
0  5.5  2.75  0.01  0.01  0.8423177522610075  -0.49099663250262116  16.1015861322515  14.783032936276342  1.0  0.673  0.245  0.082  0.667  0.333  0.579  0.421
0  5.5  2.75  0.01  0.01  0.9454181714711386  -0.9060947231708083  15.008586960985461  18.363113335594395  1.0  0.668  0.255  0.077  0.649  0.351  0.632  0.368
0  5.5  2.75  0.01  0.01  0.44211088247907415  0.045833508263678935  14.838215576230219  18.32943042305305  1.0  0.595  0.306  0.099  0.614  0.386  0.737  0.263
0  5.5  2.75  0.01  0.01  0.8196177450069583  -0.7463586345861712  16.357998647069955  14.18561798826751  1.0  0.644  0.272  0.084  0.632  0.368  0.684  0.316
0  5.5  2.75  0.01  0.01  0.5978559165060198  0.14909973760336115  14.333462757001968  19.805059215146073  1.0  0.653  0.256  0.091  0.649  0.351  0.632  0.368
0  5.5  2.75  0.01  0.01  0.9053547235423112  -0.6099702732400667  14.735593924208874  18.96405611807991  1.0  0.682  0.24  0.078  0.667  0.333  0.579  0.421
0  5.5  2.75  0.01  0.01  0.9228578636534751  -0.5529808614624021  16.054409203578786  14.981070905812912  1.0  0.692  0.231  0.077  0.667  0.333  0.579  0.421
0  5.5  2.75  0.01  0.01  0.7200813210374356  -0.5966491088483064  16.260845854510787  14.375660394671764  1.0  0.626  0.285  0.089  0.632  0.368  0.684  0.316
0  5.5  2.75  0.01  0.01  0.2533764537525264  0.4802558034811266  16.231933516170336  14.075722236002372  1.0  0.572  0.325  0.103  0.614  0.386  0.737  0.263
0  5.5  2.75  0.01  0.01  0.3190771437734448  0.546434413024304  16.08820546760137  14.478589872022122  1.0  0.599  0.3  0.101  0.632  0.368  0.684  0.316
0  5.5  2.75  0.01  0.01  0.2571763197693881  0.7860232434233236  14.4957865853922  19.263746474283977  1.0  0.601  0.298  0.101  0.632  0.368  0.684  0.316
0  5.5  2.75  0.01  0.01  0.8348214224146269  -0.7051467920443062  16.229786217906316  14.53835641782919  1.0  0.652  0.265  0.083  0.632  0.368  0.684  0.316
0  5.5  2.75  0.01  0.01  -0.02698725499042273  0.864342440418665  16.194427386623655  14.287851095304086  1.0  0.516  0.377  0.106  0.579  0.421  0.842  0.158
0  5.5  2.75  0.01  0.01  0.2940320137858275  0.6004722476032953  16.16065597819414  14.26161580757486  1.0  0.596  0.303  0.101  0.632  0.368  0.684  0.316
0  5.5  2.75  0.01  0.01  0.8132853449453064  -0.3581803010870057  16.208141244693227  14.392767920952478  1.0  0.676  0.242  0.082  0.667  0.333  0.579  0.421
0  5.5  2.75  0.01  0.01  0.6003961829598876  -0.4155418534678399  15.935133785712274  15.254934599628598  1.0  0.604  0.301  0.095  0.614  0.386  0.737  0.263
0  5.5  2.75  0.01  0.01  0.6339184171856969  -0.3831807782294152  16.08341640919865  14.772772098494343  1.0  0.618  0.289  0.093  0.614  0.386  0.737  0.263
1  5.5  2.75  0.01  0.01  1.6807298756115583  0.04911434534498538  14.374566526205223  14.566986285912682  1.0  0.897  0.075  0.028  0.888  0.112  0.7  0.3
1  5.5  2.75  0.01  0.01  1.5324516235704524  -0.16413997943967829  13.638770099618085  17.491764323602474  1.0  0.863  0.101  0.037  0.838  0.162  0.9  0.1
1  5.5  2.75  0.01  0.01  1.6872339232912852  -0.5056303414400933  14.653536549487564  13.587473989144566  1.0  0.87  0.098  0.031  0.85  0.15  0.85  0.15
1  5.5  2.75  0.01  0.01  1.7855218901062473  -0.5091379805371301  14.566222287146042  13.954825234074912  1.0  0.886  0.087  0.027  0.85  0.15  0.85  0.15
1  5.5  2.75  0.01  0.01  1.3546675175331806  0.357339301784831  14.51910824474981  13.871326121635963  1.0  0.858  0.1  0.042  0.838  0.162  0.9  0.1
1  5.5  2.75  0.01  0.01  1.2472004280117708  0.8423035796578151  14.503266153805694  14.005117969707133  1.0  0.863  0.093  0.044  0.862  0.138  0.8  0.2
1  5.5  2.75  0.01  0.01  1.3637828863985018  0.5898664810822793  14.52213239740309  13.887309819335556  1.0  0.871  0.089  0.04  0.875  0.125  0.75  0.25
1  5.5  2.75  0.01  0.01  1.4322196590007492  0.29518613017909323  14.492430050535507  13.987727995239629  1.0  0.869  0.093  0.039  0.862  0.138  0.8  0.2
1  5.5  2.75  0.01  0.01  1.349366658864796  0.4960303270157027  14.50452818953092  13.936574708102757  1.0  0.864  0.094  0.042  0.85  0.15  0.85  0.15
1  5.5  2.75  0.01  0.01  1.2847648170726371  0.5189437054642689  13.61805636255013  17.478119324701126  1.0  0.853  0.102  0.045  0.85  0.15  0.85  0.15
1  5.5  2.75  0.01  0.01  1.7745868234315199  -0.6400647162954725  14.687209263944828  13.531004132898236  1.0  0.878  0.095  0.028  0.862  0.138  0.8  0.2
1  5.5  2.75  0.01  0.01  1.7961553881942556  -0.845892593416546  14.719496085607156  13.540729911562721  1.0  0.87  0.103  0.028  0.85  0.15  0.85  0.15
1  5.5  2.75  0.01  0.01  1.8303308590252771  -0.8715690327803802  14.752936947459489  13.42140713830877  1.0  0.874  0.1  0.026  0.85  0.15  0.85  0.15
1  5.5  2.75  0.01  0.01  1.5469044229929942  -0.17609700129711947  14.564494507318551  13.795598103179632  1.0  0.864  0.1  0.036  0.838  0.162  0.9  0.1
1  5.5  2.75  0.01  0.01  1.8632609132699514  -0.815596499485779  14.639558733994098  13.844739335909932  1.0  0.882  0.094  0.025  0.862  0.138  0.8  0.2
1  5.5  2.75  0.01  0.01  1.5499413663054478  -0.1405385063377682  14.617768272393652  13.568879170042663  1.0  0.867  0.097  0.036  0.85  0.15  0.85  0.15
1  5.5  2.75  0.01  0.01  1.176120116075576  0.8934042067707308  14.569382280372844  13.744895852426566  1.0  0.852  0.1  0.048  0.862  0.138  0.8  0.2
1  5.5  2.75  0.01  0.01  1.6599845820108736  -0.7731495508718309  14.829740747868168  13.067629106856918  1.0  0.851  0.115  0.034  0.838  0.162  0.9  0.1
1  5.5  2.75  0.01  0.01  1.495345624159774  -0.001855916817810943  14.615983838817858  13.535250479710294  1.0  0.865  0.098  0.038  0.85  0.15  0.85  0.15
1  5.5  2.75  0.01  0.01  1.6139167961536465  -0.3255665816543718  14.604171597538874  13.69644930473766  1.0  0.868  0.099  0.034  0.85  0.15  0.85  0.15
1  5.5  2.75  0.01  0.01  1.3499258154615583  0.6800534427632978  13.48835742293397  18.04346893033352  1.0  0.873  0.087  0.04  0.875  0.125  0.75  0.25
1  5.5  2.75  0.01  0.01  1.8529598345271907  -0.786414154475666  14.544533507362758  14.203892861972733  1.0  0.882  0.093  0.025  0.862  0.138  0.8  0.2
1  5.5  2.75  0.01  0.01  1.3906585265467486  0.6741529929133931  13.39511750856133  18.432911295959386  1.0  0.88  0.083  0.038  0.862  0.138  0.8  0.2
1  5.5  2.75  0.01  0.01  1.2027749926151623  0.8316838040328849  14.545588580656858  13.822881070415324  1.0  0.854  0.099  0.047  0.862  0.138  0.8  0.2
1  5.5  2.75  0.01  0.01  1.8645007328304914  -0.9708243581825433  14.716217615377165  13.645333320818125  1.0  0.873  0.101  0.025  0.85  0.15  0.85  0.15
1  5.5  2.75  0.01  0.01  1.1226732358058422  0.9038961545453998  14.651996369981878  13.415939830437248  1.0  0.842  0.107  0.051  0.85  0.15  0.85  0.15
1  5.5  2.75  0.01  0.01  1.3719587214247104  0.034517103779172054  14.70552871261425  13.18702289515549  1.0  0.843  0.113  0.044  0.838  0.162  0.9  0.1
1  5.5  2.75  0.01  0.01  1.8341368537607587  -0.8585717421896106  14.704476130114221  13.608191461065015  1.0  0.875  0.099  0.026  0.85  0.15  0.85  0.15
1  5.5  2.75  0.01  0.01  1.7844207572879676  -0.8035285643440055  14.661117195369334  13.737995304175845  1.0  0.87  0.101  0.028  0.862  0.138  0.8  0.2
1  5.5  2.75  0.01  0.01  1.6857961571987083  -0.5606547007415017  14.606451390867585  13.803963102507911  1.0  0.868  0.101  0.031  0.85  0.15  0.85  0.15

resample, ndt = 0
-------------------------------------------------------------------------------------------------------------------------------------------------------------
resample, ndt is free

