0  3.5  1.75  0.01  0.01  0.9713602797873523  2.651542312394742  37.5607915384499  37.5607915384499  1.0  0.87  0.094  0.036  0.761  0.239  0.761  0.239
0  3.5  1.75  0.01  0.01  0.7169158323394289  1.0954764103014658  15.250949502600218  15.250949502600218  1.0  0.788  0.152  0.06  0.761  0.239  0.761  0.239
0  3.5  1.75  0.01  0.01  0.5726469316670246  0.3832082754411152  14.235235021982197  14.235235021982197  1.0  0.729  0.196  0.075  0.761  0.239  0.761  0.239
0  3.5  1.75  0.01  0.01  0.7541786487862818  1.2502706147943607  15.991239024198721  15.991239024198721  1.0  0.801  0.142  0.056  0.761  0.239  0.761  0.239
0  3.5  1.75  0.01  0.01  0.5964778746347303  0.5137490843497732  14.230243847703091  14.230243847703091  1.0  0.739  0.188  0.072  0.761  0.239  0.761  0.239
0  3.5  1.75  0.01  0.01  0.7138051149293322  1.0831313688429451  15.195376509936363  15.195376509936363  1.0  0.787  0.153  0.06  0.761  0.239  0.761  0.239
0  3.5  1.75  0.01  0.01  0.7260235593362311  1.1554522892985928  15.604533930794725  15.604533930794725  1.0  0.791  0.15  0.059  0.761  0.239  0.761  0.239
0  3.5  1.75  0.01  0.01  0.5787340052598856  0.4193529533941423  14.228957831330348  14.228957831330348  1.0  0.732  0.194  0.074  0.761  0.239  0.761  0.239
0  3.5  1.75  0.01  0.01  0.5810462296910478  0.431060693601544  14.227548854372138  14.227548854372138  1.0  0.733  0.193  0.074  0.761  0.239  0.761  0.239
0  3.5  1.75  0.01  0.01  0.6188984068893458  0.6266519289393935  14.351521218791436  14.351521218791436  1.0  0.749  0.181  0.07  0.761  0.239  0.761  0.239
0  3.5  1.75  0.01  0.01  0.8162817429603529  1.5159174588614854  18.67759667391681  18.67759667391681  1.0  0.823  0.127  0.05  0.761  0.239  0.761  0.239
0  3.5  1.75  0.01  0.01  0.5904845177825342  0.48218451633316917  14.225781914512192  14.225781914512192  1.0  0.737  0.19  0.073  0.761  0.239  0.761  0.239
0  3.5  1.75  0.01  0.01  0.5707916468654965  0.37496550379625715  14.239644149366605  14.239644149366605  1.0  0.728  0.197  0.075  0.761  0.239  0.761  0.239
0  3.5  1.75  0.01  0.01  0.6069681854051102  0.5670694735568557  14.26173536435279  14.26173536435279  1.0  0.744  0.185  0.071  0.761  0.239  0.761  0.239
0  3.5  1.75  0.01  0.01  0.6248785172160305  0.6867591276654823  14.605122598476571  14.605122598476571  1.0  0.751  0.179  0.069  0.761  0.239  0.761  0.239
0  3.5  1.75  0.01  0.01  0.7275780800256962  1.1616253219632444  15.618224380985616  15.618224380985616  1.0  0.792  0.149  0.059  0.761  0.239  0.761  0.239
0  3.5  1.75  0.01  0.01  0.6070832702848685  0.5683857457539279  14.261553293468559  14.261553293468559  1.0  0.744  0.185  0.071  0.761  0.239  0.761  0.239
0  3.5  1.75  0.01  0.01  0.5895177583776031  0.4775678365015046  14.226846480105218  14.226846480105218  1.0  0.736  0.191  0.073  0.761  0.239  0.761  0.239
0  3.5  1.75  0.01  0.01  0.8555880615254025  1.7451583192439508  23.241152654941992  23.241152654941992  1.0  0.836  0.118  0.046  0.761  0.239  0.761  0.239
0  3.5  1.75  0.01  0.01  0.8674157179779082  1.7759719257537419  23.5206473722872  23.5206473722872  1.0  0.84  0.115  0.045  0.761  0.239  0.761  0.239
0  3.5  1.75  0.01  0.01  0.8358582947196531  1.5424054361210822  19.19582079028088  19.19582079028088  1.0  0.83  0.122  0.048  0.761  0.239  0.761  0.239
0  3.5  1.75  0.01  0.01  0.6166914365375801  0.615893719689826  14.328613702502723  14.328613702502723  1.0  0.748  0.182  0.07  0.761  0.239  0.761  0.239
0  3.5  1.75  0.01  0.01  0.5704755428568016  0.3722989560140638  14.238672436215005  14.238672436215005  1.0  0.728  0.197  0.075  0.761  0.239  0.761  0.239
0  3.5  1.75  0.01  0.01  0.805109272115909  1.483291875053666  18.373618338717712  18.373618338717712  1.0  0.819  0.129  0.051  0.761  0.239  0.761  0.239
0  3.5  1.75  0.01  0.01  0.9432213231520571  2.4004651056627395  33.25198090599102  33.25198090599102  1.0  0.862  0.099  0.039  0.761  0.239  0.761  0.239
0  3.5  1.75  0.01  0.01  0.8759610398515665  2.0918161955431596  29.59823639175299  29.59823639175299  1.0  0.842  0.113  0.044  0.761  0.239  0.761  0.239
0  3.5  1.75  0.01  0.01  0.6201021851915925  0.6321971130740912  14.353162916544317  14.353162916544317  1.0  0.749  0.181  0.07  0.761  0.239  0.761  0.239
0  3.5  1.75  0.01  0.01  0.8519963965050376  1.686405615488448  21.785856414745236  21.785856414745236  1.0  0.835  0.118  0.047  0.761  0.239  0.761  0.239
0  3.5  1.75  0.01  0.01  0.858924076879087  1.7541840870069085  23.319276325652265  23.319276325652265  1.0  0.837  0.117  0.046  0.761  0.239  0.761  0.239
0  3.5  1.75  0.01  0.01  0.7028654727547688  1.043357264802065  15.100765462948344  15.100765462948344  1.0  0.782  0.156  0.061  0.761  0.239  0.761  0.239
0  3.5  1.75  0.01  0.01  0.5111799846088005  14.416682707235452  14.416682707235452  1.0  0.702  0.217  0.081  0.761  0.239  0.761  0.239
0  3.5  1.75  0.01  0.01  0.5113861784162561  14.416682674492073  14.416682674492073  1.0  0.702  0.217  0.081  0.761  0.239  0.761  0.239
0  3.5  1.75  0.01  0.01  0.5112952948114536  14.416682676656054  14.416682676656054  1.0  0.702  0.217  0.081  0.761  0.239  0.761  0.239
0  3.5  1.75  0.01  0.01  0.5112415627099685  14.41668268703065  14.41668268703065  1.0  0.702  0.217  0.081  0.761  0.239  0.761  0.239
0  3.5  1.75  0.01  0.01  0.5112975380613745  14.416682676375194  14.416682676375194  1.0  0.702  0.217  0.081  0.761  0.239  0.761  0.239
0  3.5  1.75  0.01  0.01  0.5113777811049728  14.416682673885562  14.416682673885562  1.0  0.702  0.217  0.081  0.761  0.239  0.761  0.239
0  3.5  1.75  0.01  0.01  0.5113337224410028  14.416682673380949  14.416682673380949  1.0  0.702  0.217  0.081  0.761  0.239  0.761  0.239
0  3.5  1.75  0.01  0.01  0.5113548708631529  14.416682673056703  14.416682673056703  1.0  0.702  0.217  0.081  0.761  0.239  0.761  0.239
0  3.5  1.75  0.01  0.01  0.5113829856288696  14.416682674244708  14.416682674244708  1.0  0.702  0.217  0.081  0.761  0.239  0.761  0.239
0  3.5  1.75  0.01  0.01  0.5113212700658104  14.416682674062413  14.416682674062413  1.0  0.702  0.217  0.081  0.761  0.239  0.761  0.239
0  3.5  1.75  0.01  0.01  0.5113398284680059  14.416682673180798  14.416682673180798  1.0  0.702  0.217  0.081  0.761  0.239  0.761  0.239
0  3.5  1.75  0.01  0.01  0.5113340127573466  14.41668267337115  14.41668267337115  1.0  0.702  0.217  0.081  0.761  0.239  0.761  0.239
0  3.5  1.75  0.01  0.01  0.5114211675559255  14.41668267881708  14.41668267881708  1.0  0.702  0.217  0.081  0.761  0.239  0.761  0.239
0  3.5  1.75  0.01  0.01  0.511355909169057  14.416682673067395  14.416682673067395  1.0  0.702  0.217  0.081  0.761  0.239  0.761  0.239
0  3.5  1.75  0.01  0.01  0.5114145998269342  14.416682677786644  14.416682677786644  1.0  0.702  0.217  0.081  0.761  0.239  0.761  0.239
0  3.5  1.75  0.01  0.01  0.5113289353280566  14.416682673601128  14.416682673601128  1.0  0.702  0.217  0.081  0.761  0.239  0.761  0.239
0  3.5  1.75  0.01  0.01  0.5113559691410651  14.416682673068307  14.416682673068307  1.0  0.702  0.217  0.081  0.761  0.239  0.761  0.239
0  3.5  1.75  0.01  0.01  0.5114697133291827  14.416682689560481  14.416682689560481  1.0  0.702  0.217  0.081  0.761  0.239  0.761  0.239
0  3.5  1.75  0.01  0.01  0.5114834682383581  14.41668269360632  14.41668269360632  1.0  0.702  0.217  0.081  0.761  0.239  0.761  0.239
0  3.5  1.75  0.01  0.01  0.5112732102825455  14.416682680101234  14.416682680101234  1.0  0.702  0.217  0.081  0.761  0.239  0.761  0.239
0  3.5  1.75  0.01  0.01  0.5112719447947032  14.416682680335832  14.416682680335832  1.0  0.702  0.217  0.081  0.761  0.239  0.761  0.239
0  3.5  1.75  0.01  0.01  0.5113096891086721  14.416682675028607  14.416682675028607  1.0  0.702  0.217  0.081  0.761  0.239  0.761  0.239
0  3.5  1.75  0.01  0.01  0.5112615337577171  14.416682682386845  14.416682682386845  1.0  0.702  0.217  0.081  0.761  0.239  0.761  0.239
0  3.5  1.75  0.01  0.01  0.5113472522760326  14.416682673052225  14.416682673052225  1.0  0.702  0.217  0.081  0.761  0.239  0.761  0.239
0  3.5  1.75  0.01  0.01  0.5113370702507667  14.41668267325764  14.41668267325764  1.0  0.702  0.217  0.081  0.761  0.239  0.761  0.239
0  3.5  1.75  0.01  0.01  0.511353909479718  14.416682673046239  14.416682673046239  1.0  0.702  0.217  0.081  0.761  0.239  0.761  0.239
0  3.5  1.75  0.01  0.01  0.5113529412777024  14.416682673041253  14.416682673041253  1.0  0.702  0.217  0.081  0.761  0.239  0.761  0.239
0  3.5  1.75  0.01  0.01  0.51136678182147  14.416682673330335  14.416682673330335  1.0  0.702  0.217  0.081  0.761  0.239  0.761  0.239
0  3.5  1.75  0.01  0.01  0.511495208361398  14.41668269741461  14.41668269741461  1.0  0.702  0.217  0.081  0.761  0.239  0.761  0.239
0  3.5  1.75  0.01  0.01  0.5113442004981209  14.416682673088474  14.416682673088474  1.0  0.702  0.217  0.081  0.761  0.239  0.761  0.239
