0  5  2.25  0.01  0.01  3.5  1.75  0.8494439311252642  0.08173253161979643  0.9846274287485992  14.287140096400941  1.0  0.839  0.15  0.011  0.81  0.19
0  5  2.25  0.01  0.01  3.5  1.75  0.7392070146788148  -0.05747549342575761  0.439057802995999  14.502163255340019  1.0  0.796  0.19  0.014  0.786  0.214
0  5  2.25  0.01  0.01  3.5  1.75  0.6762050455509665  0.0013083862776068766  0.5998692852560318  14.606009223749485  1.0  0.779  0.204  0.016  0.774  0.226
0  5  2.25  0.01  0.01  3.5  1.75  0.8127796679165133  -0.19301891104758068  1.2906282064314587  14.637616079617484  1.0  0.81  0.178  0.013  0.762  0.238
0  5  2.25  0.01  0.01  3.5  1.75  0.9152360091943454  -0.11532907630952544  1.0040922739205367  14.284120158627555  1.0  0.844  0.147  0.01  0.81  0.19
0  5  2.25  0.01  0.01  3.5  1.75  0.9504588638921594  -0.1373106768649165  1.5822386680951008  16.46476968664145  1.0  0.852  0.139  0.009  0.738  0.262
0  5  2.25  0.01  0.01  3.5  1.75  0.8689046046329107  -0.13117918535581524  0.9779053380904752  14.457123865517556  1.0  0.83  0.159  0.011  0.833  0.167
0  5  2.25  0.01  0.01  3.5  1.75  0.7340564269718134  0.06904491466473017  0.48794287085115756  14.508721061247543  1.0  0.804  0.182  0.014  0.798  0.202
0  5  2.25  0.01  0.01  3.5  1.75  0.8808543374709492  -0.1347497506731931  0.4935792905003402  14.345013446919939  1.0  0.834  0.156  0.011  0.833  0.167
0  5  2.25  0.01  0.01  3.5  1.75  0.8662310622119624  0.09299041394811647  1.1791943194391947  14.407172807420057  1.0  0.844  0.145  0.011  0.81  0.19
0  5  2.25  0.01  0.01  3.5  1.75  0.9712695299605857  0.024019131115304015  1.0866379566428717  14.200204923983682  1.0  0.866  0.125  0.008  0.833  0.167
0  5  2.25  0.01  0.01  3.5  1.75  0.638557595952752  -0.11178380717219416  0.44715881617014586  14.670543043703512  1.0  0.757  0.225  0.018  0.75  0.25
0  5  2.25  0.01  0.01  3.5  1.75  0.9382638472143424  0.19572824283483364  1.799044782512641  16.600913118162705  1.0  0.869  0.122  0.009  0.821  0.179
0  5  2.25  0.01  0.01  3.5  1.75  0.710126182665703  -0.14785652185166046  0.7887753670656202  14.547734623810541  1.0  0.779  0.205  0.016  0.75  0.25
0  5  2.25  0.01  0.01  3.5  1.75  0.7373450535746437  0.17615639428791519  0.6981123003180032  14.577596228925803  1.0  0.813  0.173  0.014  0.821  0.179
0  5  2.25  0.01  0.01  3.5  1.75  0.7720392393173645  -0.029178968324658522  0.5611784134812478  14.393761667722732  1.0  0.809  0.178  0.013  0.786  0.214
0  5  2.25  0.01  0.01  3.5  1.75  1.3002200300264914  -0.19728125288413023  1.785329555108754  19.0655177963599  1.0  0.918  0.079  0.003  0.821  0.179
0  5  2.25  0.01  0.01  3.5  1.75  0.6921800480990293  0.1765185689887852  1.0225259911356868  14.562170970385017  1.0  0.798  0.186  0.015  0.786  0.214
0  5  2.25  0.01  0.01  3.5  1.75  0.5645982144751932  0.08785793559015642  0.5833226117338915  14.64595766758708  1.0  0.746  0.234  0.019  0.726  0.274
0  5  2.25  0.01  0.01  3.5  1.75  0.6362320049273564  0.1581064578219829  0.6627098384561989  14.530304007241417  1.0  0.778  0.205  0.017  0.75  0.25
0  5  2.25  0.01  0.01  3.5  1.75  0.6318050705480659  0.18591255414103885  0.4103413260575379  14.689210605076106  1.0  0.778  0.204  0.017  0.786  0.214
0  5  2.25  0.01  0.01  3.5  1.75  0.8728545022674  0.12442303737712679  1.2843242331931497  14.218791342209448  1.0  0.848  0.142  0.01  0.786  0.214
0  5  2.25  0.01  0.01  3.5  1.75  0.8084833336455923  0.045244499677666056  0.7381595543317927  14.320731838970108  1.0  0.825  0.163  0.012  0.798  0.202
0  5  2.25  0.01  0.01  3.5  1.75  0.9572257587625783  -0.07926560651766974  1.1108225427702063  14.30024148186925  1.0  0.857  0.134  0.009  0.81  0.19
0  5  2.25  0.01  0.01  3.5  1.75  1.1479642356606041  -0.14469684790196313  1.3149670822476847  14.505917711696245  1.0  0.895  0.1  0.005  0.869  0.131
0  5  2.25  0.01  0.01  3.5  1.75  0.9218951865730141  0.12636327935547975  1.6008774668015002  18.30546686423959  1.0  0.861  0.13  0.009  0.786  0.214
0  5  2.25  0.01  0.01  3.5  1.75  0.5916467718887802  0.19778798867729724  0.5234589568867128  14.792954664366338  1.0  0.765  0.217  0.018  0.774  0.226
0  5  2.25  0.01  0.01  3.5  1.75  0.9265017645713431  0.10998620916737184  1.3726728257126826  14.446292602525928  1.0  0.861  0.13  0.009  0.821  0.179
0  5  2.25  0.01  0.01  3.5  1.75  0.8605597900325158  0.0456034218632449  0.7933947013662965  14.321247934484761  1.0  0.84  0.149  0.011  0.821  0.179
0  5  2.25  0.01  0.01  3.5  1.75  0.7144148768058757  0.1491252186477418  0.6855841547024563  14.62281324204913  1.0  0.803  0.182  0.015  0.81  0.19
1  5  2.25  0.01  0.01  3.5  1.75  0.6285547020056663  0.033838009766693045  0.5053755466470625  14.744963569974834  1.0  0.765  0.217  0.018  0.769  0.231
1  5  2.25  0.01  0.01  3.5  1.75  0.5137174041112508  0.17598315005520265  0.41306497669952624  14.897629799833835  1.0  0.734  0.245  0.021  0.744  0.256
1  5  2.25  0.01  0.01  3.5  1.75  0.634550136562979  0.11531855790785084  1.0403882199475671  14.636325333626282  1.0  0.774  0.209  0.017  0.744  0.256
1  5  2.25  0.01  0.01  3.5  1.75  0.6445805830541209  0.03485791228171356  1.125813758061854  14.798032533889076  1.0  0.771  0.212  0.017  0.731  0.269
1  5  2.25  0.01  0.01  3.5  1.75  0.5288687518229978  0.038511173957048145  0.4364733867910772  14.895164046081204  1.0  0.728  0.251  0.021  0.737  0.263
1  5  2.25  0.01  0.01  3.5  1.75  0.7190157512574725  -0.10564666626107813  0.4222626995525068  14.639815821017228  1.0  0.785  0.199  0.015  0.788  0.212
1  5  2.25  0.01  0.01  3.5  1.75  0.48508190808448975  0.12973073250640865  0.9392617919518593  14.931488694194273  1.0  0.718  0.26  0.022  0.718  0.282
1  5  2.25  0.01  0.01  3.5  1.75  0.6828078876169276  0.061829468322822656  0.7870508341621153  14.656013360147245  1.0  0.786  0.198  0.016  0.776  0.224
1  5  2.25  0.01  0.01  3.5  1.75  0.617347453541632  0.09288761197772522  0.8825654774051488  14.725436272261877  1.0  0.766  0.217  0.018  0.756  0.244
1  5  2.25  0.01  0.01  3.5  1.75  0.8179811887723696  0.11241028136839876  1.6663321538046176  16.392912653990724  1.0  0.832  0.156  0.012  0.763  0.237
1  5  2.25  0.01  0.01  3.5  1.75  0.7970249262277299  0.04503013377656631  1.3345614868774425  14.726278893916037  1.0  0.822  0.166  0.013  0.788  0.212
1  5  2.25  0.01  0.01  3.5  1.75  0.6777383620959674  -0.08087358126554559  0.9279859352487042  14.677667380921088  1.0  0.774  0.21  0.016  0.763  0.237
1  5  2.25  0.01  0.01  3.5  1.75  0.5612322841688222  0.1343244416399118  0.68934711267747  14.734742509485342  1.0  0.748  0.232  0.019  0.737  0.263
1  5  2.25  0.01  0.01  3.5  1.75  0.8432233260140464  -0.023878204730627545  1.3058070598067937  14.697280999875497  1.0  0.83  0.158  0.011  0.782  0.218
1  5  2.25  0.01  0.01  3.5  1.75  0.5617825094111464  -0.056383148697320584  0.4566437942786543  14.780114388739957  1.0  0.733  0.248  0.02  0.724  0.276
1  5  2.25  0.01  0.01  3.5  1.75  0.6453979627120935  0.021431597796605167  1.0740156356162038  14.760312704327484  1.0  0.77  0.213  0.017  0.75  0.25
1  5  2.25  0.01  0.01  3.5  1.75  0.607336113910534  0.1133553642921365  0.8822159154348105  14.78840836329714  1.0  0.764  0.218  0.018  0.756  0.244
1  5  2.25  0.01  0.01  3.5  1.75  0.6740236826757963  -0.12176703483609118  1.1847329767638377  14.960900445241974  1.0  0.769  0.214  0.017  0.737  0.263
1  5  2.25  0.01  0.01  3.5  1.75  0.5489850809943498  0.02982460838000564  0.46250025744353634  14.97473722023035  1.0  0.735  0.245  0.02  0.756  0.244
1  5  2.25  0.01  0.01  3.5  1.75  0.7196577827801337  -0.06446478646188655  1.12675165184586  14.659075806613641  1.0  0.789  0.195  0.015  0.756  0.244
1  5  2.25  0.01  0.01  3.5  1.75  0.833716165904696  -0.11717391922530176  1.0405446573537176  14.342382655104803  1.0  0.821  0.167  0.012  0.782  0.218
1  5  2.25  0.01  0.01  3.5  1.75  0.7216678452335933  -0.05051276106370636  1.077238473234601  14.64986447260705  1.0  0.791  0.194  0.015  0.763  0.237
1  5  2.25  0.01  0.01  3.5  1.75  0.724212818530952  -0.07100052606203375  0.8165805642204877  14.562103090537915  1.0  0.79  0.195  0.015  0.769  0.231
1  5  2.25  0.01  0.01  3.5  1.75  0.5931466039644756  0.0964374654070751  1.1858958668358095  14.982215726115637  1.0  0.758  0.224  0.019  0.731  0.269
1  5  2.25  0.01  0.01  3.5  1.75  0.4795714759625041  0.08832151817491118  0.7210150666601153  15.037121734857733  1.0  0.713  0.265  0.022  0.724  0.276
1  5  2.25  0.01  0.01  3.5  1.75  0.7275018998617941  -0.17306014026693917  0.7653370546467215  14.587973550915516  1.0  0.784  0.201  0.015  0.769  0.231
1  5  2.25  0.01  0.01  3.5  1.75  0.6833860636638632  0.1237847396684954  0.9547796752501759  14.575848962018036  1.0  0.791  0.193  0.016  0.769  0.231
1  5  2.25  0.01  0.01  3.5  1.75  0.9318769319903306  0.04176136894118354  1.7438868623053798  19.837063416211404  1.0  0.858  0.133  0.009  0.801  0.199
1  5  2.25  0.01  0.01  3.5  1.75  0.8171368636595346  -0.004239057193508339  1.363393537011675  14.56195607624409  1.0  0.824  0.164  0.012  0.788  0.212
1  5  2.25  0.01  0.01  3.5  1.75  0.5050398879530887  0.18465271595733562  0.41626801888379644  14.870388036310533  1.0  0.731  0.248  0.021  0.737  0.263
0  5  2.25  0.01  0.7149021539694198  -0.08695646577432789  0.9875639714016988  14.492866372744551  1.0  0.786  0.199  0.015  0.738  0.262
0  5  2.25  0.01  0.7490337801900004  0.03374101745507049  0.9863387887597682  14.46315917694321  1.0  0.806  0.18  0.014  0.762  0.238
0  5  2.25  0.01  0.7748528083050492  0.06432760195100393  1.1702956424795776  14.460157272570314  1.0  0.816  0.171  0.013  0.774  0.226
0  5  2.25  0.01  0.7205238605280624  -0.05233785769455528  0.9648541108655813  14.646848172976311  1.0  0.791  0.194  0.015  0.774  0.226
0  5  2.25  0.01  0.9195341782193616  -0.035211161883212445  1.0643132682309682  14.336995345843972  1.0  0.85  0.141  0.01  0.821  0.179
0  5  2.25  0.01  0.919404314793569  -0.24758561452680217  1.0443613137239995  14.361196970499057  1.0  0.836  0.154  0.01  0.798  0.202
0  5  2.25  0.01  0.8476492716048493  0.08462846656232789  1.1945306507550228  14.38578546603265  1.0  0.838  0.151  0.011  0.81  0.19
0  5  2.25  0.01  0.6876029543880866  0.2013740289859026  1.0746676235894934  14.519848674330026  1.0  0.798  0.186  0.015  0.762  0.238
0  5  2.25  0.01  0.9696421387804361  0.0532793214084726  1.1842940515782372  14.216248738356612  1.0  0.868  0.124  0.008  0.833  0.167
0  5  2.25  0.01  0.8853480498716214  0.11499844334104689  1.4193294752937768  14.335259400387356  1.0  0.85  0.14  0.01  0.821  0.179
0  5  2.25  0.01  1.1265938885895679  -0.5346496535382108  0.9872694709172766  14.15898044618253  1.0  0.869  0.125  0.006  0.857  0.143
0  5  2.25  0.01  0.9499487178876738  -0.0741568799199945  1.0270675210558184  14.2733778944136  1.0  0.856  0.135  0.009  0.821  0.179
0  5  2.25  0.01  0.9567830795111038  -0.2787294550974362  1.0645489030700614  14.253681926886646  1.0  0.844  0.147  0.009  0.786  0.214
0  5  2.25  0.01  0.7918734682172565  -0.0137329663543642  1.2043140050977696  14.574263068254405  1.0  0.816  0.171  0.013  0.786  0.214
0  5  2.25  0.01  0.8314550700358658  0.07120824832577949  1.244791815272862  14.347417269991043  1.0  0.833  0.155  0.012  0.786  0.214
0  5  2.25  0.01  0.6654021768632605  0.015879527906964175  1.0347579891938132  14.649747470196127  1.0  0.777  0.206  0.017  0.75  0.25
0  5  2.25  0.01  0.7648948956905788  0.14199731568825558  1.0447811066405563  14.587711061440622  1.0  0.818  0.168  0.013  0.81  0.19
0  5  2.25  0.01  0.7111802664416109  0.07255343265891989  1.1342592994873733  14.419218157555706  1.0  0.796  0.189  0.015  0.738  0.262
0  5  2.25  0.01  0.8669325968815478  -0.35081225417390605  1.1075522119051433  14.4260761150957  1.0  0.814  0.174  0.011  0.762  0.238
0  5  2.25  0.01  0.9066952673886146  -0.13639170091556804  1.0542645890012634  14.283406772692226  1.0  0.84  0.15  0.01  0.786  0.214
0  5  2.25  0.01  0.8906384727345606  -0.14500190661648907  0.964997972944282  14.336557562928176  1.0  0.835  0.154  0.01  0.81  0.19
0  5  2.25  0.01  0.025292911411650798  0.1850000404079964  0.9070003821615211  14.851648925214967  1.0  0.516  0.454  0.031  0.81  0.19
0  5  2.25  0.01  0.6601379688697051  0.6849969267317368  1.1749935980205082  14.332793049199793  1.0  0.823  0.162  0.015  0.786  0.214
0  5  2.25  0.01  0.9811714795882776  -1.0049962395173975  0.9520010565972218  14.376141440782064  1.0  0.797  0.194  0.009  0.75  0.25
0  5  2.25  0.01  0.8002917733316053  0.103718941776209  1.054928379259586  14.296643344910816  1.0  0.826  0.161  0.012  0.762  0.238
0  5  2.25  0.01  0.8061200156162629  0.3319211421010592  1.3095222268039908  14.40990258400082  1.0  0.843  0.146  0.012  0.821  0.179
0  5  2.25  0.01  0.7280589753005682  0.01441495708061273  0.9845503207207812  14.41199417751628  1.0  0.797  0.188  0.015  0.738  0.262
0  5  2.25  0.01  1.0415734501277867  -0.08705035521288568  1.3046557474345106  14.118147347234068  1.0  0.876  0.117  0.007  0.821  0.179
0  5  2.25  0.01  0.8956191009933208  -0.039980529232199725  1.0542614632285232  14.250531395178758  1.0  0.844  0.146  0.01  0.786  0.214
0  5  2.25  0.01  0.952916350024734  -0.07430317276404533  1.1575426497665477  14.270053656882155  1.0  0.857  0.135  0.009  0.821  0.179
1  5  2.25  0.01  0.5871107158218944  0.2706680495624967  0.892779299105838  14.59434953336637  1.0  0.769  0.213  0.018  0.731  0.269
1  5  2.25  0.01  0.7795291648872189  -0.25893168153120183  0.9165393154550372  14.58393921999168  1.0  0.794  0.192  0.014  0.769  0.231
1  5  2.25  0.01  0.5257704452343925  0.14965273030209214  0.9826051557118514  14.846306076982946  1.0  0.736  0.243  0.021  0.724  0.276
1  5  2.25  0.01  0.8537125984084002  -0.15160001263439568  1.032390870640163  14.45615291839762  1.0  0.825  0.164  0.011  0.795  0.205
1  5  2.25  0.01  0.7068990300289428  -0.03584907892629263  1.061553469953694  14.615950056014468  1.0  0.787  0.198  0.015  0.763  0.237
1  5  2.25  0.01  0.765556518454792  0.0015456967820157092  0.9727039097629933  14.53476220544103  1.0  0.809  0.178  0.014  0.782  0.218
1  5  2.25  0.01  0.6228279188049052  0.047352846250802424  1.1266873214007063  14.643175071431338  1.0  0.764  0.218  0.018  0.731  0.269
1  5  2.25  0.01  0.6212259316712785  -0.143421959199474  1.0824273056963492  14.776033381131175  1.0  0.748  0.233  0.018  0.731  0.269
1  5  2.25  0.01  0.7439130810350911  0.09435167729239641  1.176408459819515  14.532580022488574  1.0  0.808  0.178  0.014  0.782  0.218
1  5  2.25  0.01  0.5756440112456267  -0.038953089984783834  1.0521858263369976  14.726210668855378  1.0  0.74  0.241  0.019  0.712  0.288
1  5  2.25  0.01  0.5292896355378245  0.2347632733257845  1.0422790876662464  14.701998479571667  1.0  0.744  0.236  0.02  0.718  0.282
1  5  2.25  0.01  0.6950379524980057  0.0380161929247536  1.0229023407491356  14.528957018214934  1.0  0.789  0.196  0.016  0.75  0.25
1  5  2.25  0.01  0.7351698427867331  -0.41806971324077397  0.9423141192004006  14.620333265427817  1.0  0.766  0.218  0.015  0.724  0.276
1  5  2.25  0.01  0.7706447768421387  0.05721605774867208  1.022115731883459  14.483953547933524  1.0  0.815  0.172  0.013  0.782  0.218
1  5  2.25  0.01  0.7918278454746794  -0.21532704506668404  1.156587075274218  14.45789203675179  1.0  0.801  0.186  0.013  0.75  0.25
1  5  2.25  0.01  0.6312115038558987  0.01499892521320563  1.1528364439948415  14.643746108625281  1.0  0.764  0.218  0.018  0.731  0.269
1  5  2.25  0.01  0.6697174136602723  -0.01139225445722961  0.9921874137799362  14.72418851367619  1.0  0.776  0.207  0.016  0.763  0.237
1  5  2.25  0.01  0.750887398314035  0.18766657056661967  1.1514523432753563  14.463018531993553  1.0  0.817  0.169  0.014  0.788  0.212
1  5  2.25  0.01  0.49663804324582356  0.4905942148898839  1.0026862121713054  14.73580019953266  1.0  0.753  0.227  0.02  0.737  0.263
1  5  2.25  0.01  0.5576492980402847  0.041106659721344516  1.1535119140725039  14.876043469704369  1.0  0.739  0.241  0.02  0.731  0.269
1  5  2.25  0.01  -0.010671205553954663  0.8950034084515242  1.0227226818379094  14.863337931781121  1.0  0.57  0.4  0.029  0.75  0.25
1  5  2.25  0.01  0.6745132666605023  -0.06948549514110527  0.992677950271007  14.638625501494731  1.0  0.773  0.21  0.016  0.744  0.256
1  5  2.25  0.01  0.4964166311867362  0.15489483530041784  1.0126842778521308  14.902682603824429  1.0  0.725  0.254  0.021  0.718  0.282
1  5  2.25  0.01  0.7058333818156188  -0.2942458461132179  1.1765042648357151  14.719433590738994  1.0  0.767  0.217  0.016  0.744  0.256
1  5  2.25  0.01  0.4401143096582192  0.23499999541643174  0.27400082584827706  14.88889011854706  1.0  0.709  0.268  0.023  0.737  0.263
1  5  2.25  0.01  0.554661653321724  0.19344120483618021  1.0627654830477695  14.69872488855206  1.0  0.751  0.23  0.02  0.724  0.276
1  5  2.25  0.01  0.7008019988937124  -0.0710192767529912  1.3316651959614025  14.640498889257568  1.0  0.782  0.202  0.016  0.756  0.244
1  5  2.25  0.01  0.29707646318284  0.6849997491211479  1.0229967917659541  14.846320777230261  1.0  0.688  0.286  0.025  0.756  0.244
1  5  2.25  0.01  0.047797315343574676  1.0149984152922957  1.1822665291733023  14.74079796947051  1.0  0.608  0.363  0.029  0.763  0.237
1  5  2.25  0.01  0.6925521348696662  0.064985194097024  1.0723542954355016  14.573235218926817  1.0  0.789  0.195  0.016  0.763  0.237
0  5  2.25  0.01  0.8106936506724096  -0.038034582740556336  1.0296103964975463  14.504294235589095  1.0  0.82  0.168  0.012  0.786  0.214
0  5  2.25  0.01  0.8220623066983885  0.11185268532110922  1.1577158583469527  14.450736238268766  1.0  0.833  0.155  0.012  0.81  0.19
0  5  2.25  0.01  0.7121624028941647  -0.05598378639304621  1.0014404886849297  14.515100361810813  1.0  0.787  0.198  0.015  0.75  0.25
0  5  2.25  0.01  0.9544587891410212  -0.11960648604882149  1.1641984936386727  14.274727079116484  1.0  0.854  0.137  0.009  0.821  0.179
0  5  2.25  0.01  0.7856914414336987  -0.07705896521632205  0.9644619389676904  14.443177248557637  1.0  0.809  0.178  0.013  0.762  0.238
0  5  2.25  0.01  0.8661074951777136  0.4037180714581207  1.1874941640011831  14.23968454708889  1.0  0.863  0.127  0.01  0.833  0.167
0  5  2.25  0.01  0.7655198113048509  -0.2066321682673748  0.9946334352970626  14.586290394112485  1.0  0.793  0.193  0.014  0.762  0.238
0  5  2.25  0.01  0.9239606107199992  -0.17500268822162196  1.354037055677011  14.226554018808697  1.0  0.842  0.148  0.01  0.762  0.238
0  5  2.25  0.01  0.9316845165484182  -0.39335270836210934  0.9643891947903431  14.354628454137355  1.0  0.83  0.16  0.01  0.786  0.214
0  5  2.25  0.01  0.7684375532139163  -0.21264742411569082  0.8945573714603086  14.572945526621  1.0  0.794  0.192  0.014  0.762  0.238
0  5  2.25  0.01  0.8373399027943722  0.013744346016344555  1.0240301325354577  14.439649164646404  1.0  0.831  0.158  0.012  0.798  0.202
0  5  2.25  0.01  0.898447171971769  0.0015725634550094565  1.0943248292031074  14.264508276384017  1.0  0.847  0.143  0.01  0.798  0.202
0  5  2.25  0.01  0.7474884310886973  -0.19967726879042963  1.0147271799805586  14.435219568726863  1.0  0.788  0.197  0.015  0.726  0.274
0  5  2.25  0.01  0.7772293662438488  -0.03866140801573395  1.1644246599189867  14.44705818641934  1.0  0.809  0.177  0.013  0.762  0.238
0  5  2.25  0.01  0.8754590372335695  -0.0023772478958516705  0.9244730238090859  14.317060298670114  1.0  0.841  0.149  0.011  0.798  0.202
0  5  2.25  0.01  0.5843169623741604  0.0991151105317408  0.8512666307250533  14.671788137759474  1.0  0.754  0.227  0.019  0.738  0.262
0  5  2.25  0.01  0.7871316586580834  -0.2504415927859127  0.9246303238165947  14.420852419699903  1.0  0.797  0.189  0.013  0.738  0.262
0  5  2.25  0.01  0.4741780909643447  0.6349983365516245  0.962080504163724  14.584070359106972  1.0  0.755  0.224  0.021  0.774  0.226
0  5  2.25  0.01  0.8944297557310674  0.04248082657780536  1.2745413404610217  14.189545423264494  1.0  0.848  0.142  0.01  0.774  0.226
0  5  2.25  0.01  0.5757873824060674  0.16968868194062015  0.8546434016406288  14.680898580253054  1.0  0.757  0.224  0.019  0.726  0.274
0  5  2.25  0.01  0.9273027930310883  -0.019800471387088212  1.064628876971937  14.230728800569972  1.0  0.853  0.138  0.009  0.798  0.202
0  5  2.25  0.01  1.0389027130406197  -0.1554353186127288  1.0242848249588055  14.125350746801221  1.0  0.871  0.121  0.007  0.821  0.179
0  5  2.25  0.01  0.8543598212737387  -0.04643708556816695  1.0646691927007408  14.351418692668203  1.0  0.832  0.157  0.011  0.786  0.214
0  5  2.25  0.01  0.8827045587230528  -0.28825566204180797  1.0243064873797896  14.519732387744474  1.0  0.823  0.166  0.011  0.81  0.19
0  5  2.25  0.01  0.9562654857668642  -0.335000194837923  1.104986695490602  14.344191251343359  1.0  0.84  0.151  0.009  0.786  0.214
0  5  2.25  0.01  0.6713850662458267  0.29360409957065475  0.9946484800400198  14.433486731819126  1.0  0.799  0.185  0.016  0.75  0.25
0  5  2.25  0.01  0.9319359139703205  -0.026669940030279643  1.104167833699351  14.261670255498634  1.0  0.854  0.137  0.009  0.81  0.19
0  5  2.25  0.01  0.47735811625603075  0.8441133414689329  1.0740004758448132  14.523796120718611  1.0  0.773  0.207  0.02  0.75  0.25
0  5  2.25  0.01  0.7793407143059439  0.43265132725192357  1.0948675565089476  14.354584150217088  1.0  0.842  0.146  0.012  0.81  0.19
0  5  2.25  0.01  0.6069103830800635  0.11483198430782765  0.9242320907602107  14.604687165186863  1.0  0.763  0.218  0.018  0.726  0.274
0  5  2.25  0.01  0.9055238793526939  -0.32443616741769354  1.266797791516936  14.377964965642821  1.0  0.828  0.162  0.01  0.774  0.226
0  5  2.25  0.01  0.7729728536515887  -0.0670956569078387  1.024681428555958  14.469830865481757  1.0  0.806  0.181  0.014  0.762  0.238
0  5  2.25  0.01  0.8876658119956666  -0.18630289066470326  1.1943965706304887  14.455685104333947  1.0  0.832  0.158  0.011  0.81  0.19
0  5  2.25  0.01  0.7839400029141324  0.07588917374990505  1.1946495667575447  14.467221806836971  1.0  0.82  0.167  0.013  0.786  0.214
0  5  2.25  0.01  0.7623934782236372  0.02822847212114537  1.2094480536721859  14.39361046756127  1.0  0.81  0.177  0.014  0.75  0.25
0  5  2.25  0.01  0.003951691847166024  0.04505709157656289  1.0370016537147342  14.746553535226072  1.0  0.492  0.478  0.031  0.762  0.238
0  5  2.25  0.01  0.9400555217618529  0.03856088418479423  1.1146016127278562  14.169755614886036  1.0  0.86  0.131  0.009  0.798  0.202
0  5  2.25  0.01  0.9099208564228789  -0.3754670066271918  0.9743518899967115  14.360998196893  1.0  0.825  0.165  0.01  0.774  0.226
0  5  2.25  0.01  0.9288362057018593  -0.620530643768951  0.9942411550786275  14.427240565070585  1.0  0.812  0.178  0.01  0.762  0.238
0  5  2.25  0.01  0.8164758518184965  0.006618977688128255  1.0631497713028806  14.529410638520522  1.0  0.825  0.163  0.012  0.798  0.202
0  5  2.25  0.01  0.705607874690015  0.10030038629122093  0.8580562762685067  14.506321889377846  1.0  0.797  0.188  0.015  0.774  0.226
0  5  2.25  0.01  0.6869653847535281  -0.045711254681144634  1.054353032289286  14.688938888491432  1.0  0.779  0.205  0.016  0.762  0.238
0  5  2.25  0.01  0.9639472021145163  -0.06960866225565998  1.4345802533503658  14.243531580329849  1.0  0.859  0.132  0.009  0.821  0.179
0  5  2.25  0.01  0.8922532504080123  -0.5950011215687099  0.9149659718024764  14.530316009084496  1.0  0.803  0.186  0.011  0.762  0.238
0  5  2.25  0.01  0.8038130829549743  -0.13851770766095312  0.9742139441142226  14.596622837378153  1.0  0.81  0.177  0.013  0.798  0.202
0  5  2.25  0.01  0.8695396532297797  -0.015969713486669958  0.987444835724405  14.377022486125089  1.0  0.838  0.151  0.011  0.81  0.19
0  5  2.25  0.01  0.9422283467372531  -0.030270814045562512  1.104251394231932  14.371921244568725  1.0  0.856  0.135  0.009  0.845  0.155
0  5  2.25  0.01  0.8709941924000297  -0.10009363164989213  1.0444364046337438  14.43825386673328  1.0  0.833  0.156  0.011  0.81  0.19
0  5  2.25  0.01  0.7466099850610348  -0.10527099428068154  0.9641288183101803  14.580661276631096  1.0  0.795  0.191  0.014  0.762  0.238
0  5  2.25  0.01  0.8364236108907634  0.0017311411734924427  1.0342707778469118  14.365170635479998  1.0  0.83  0.159  0.012  0.786  0.214
0  5  2.25  0.01  -0.06198348682545776  1.3150001227404773  1.3250197999362894  14.671180448214031  1.0  0.59  0.382  0.028  0.833  0.167
0  5  2.25  0.01  0.8392291591577454  -0.39835772079711074  0.9746239963307041  14.585618110434485  1.0  0.802  0.186  0.012  0.786  0.214
0  5  2.25  0.01  0.8141269263696975  0.010156022666078492  1.1744884677337897  14.408142517604807  1.0  0.824  0.164  0.012  0.786  0.214
0  5  2.25  0.01  0.8530301363032953  0.0831454105067822  1.0444681763555423  14.259475431016075  1.0  0.84  0.149  0.011  0.774  0.226
0  5  2.25  0.01  0.6651576436405653  0.2580644280326973  1.134520484973748  14.473869095614308  1.0  0.795  0.189  0.016  0.75  0.25
0  5  2.25  0.01  0.8209313968269032  -0.22404266972422698  1.0649995485974473  14.342717646073565  1.0  0.81  0.178  0.012  0.738  0.262
0  5  2.25  0.01  0.7854060329273918  0.1642221675222842  1.0541306069676095  14.292285614882505  1.0  0.826  0.162  0.013  0.762  0.238
0  5  2.25  0.01  0.7253617019540606  0.07133858707874771  1.0545512033799302  14.464280675342222  1.0  0.801  0.184  0.015  0.762  0.238
0  5  2.25  0.01  0.8090214633148394  -0.23870104517497417  0.9444919265135557  14.419994380315137  1.0  0.805  0.182  0.013  0.75  0.25
0  5  2.25  0.01  0.6754274040694106  0.098512787270396  1.2043629908292164  14.494208170127248  1.0  0.787  0.197  0.016  0.738  0.262
0  5  2.25  0.01  0.848068410950184  -0.09712514485797286  1.0444856957957667  14.395891587794898  1.0  0.826  0.162  0.011  0.786  0.214
0  5  2.25  0.01  1.0754693573219036  -0.09501798140609324  1.42395204070609  14.093936225770287  1.0  0.883  0.111  0.006  0.845  0.155
0  5  2.25  0.01  0.13944019118100986  1.1749700394008724  1.4530215421000268  14.470431296121294  1.0  0.665  0.308  0.027  0.821  0.179
0  5  2.25  0.01  0.6205059103373356  -0.03266995206229443  1.0441750039170372  14.610996775171408  1.0  0.757  0.225  0.018  0.714  0.286
0  5  2.25  0.01  0.8528181808006614  -0.01275578167162546  1.1262894368567264  14.429441054244993  1.0  0.834  0.155  0.011  0.81  0.19
0  5  2.25  0.01  0.9399164897848484  -0.21982253805309515  1.3995844350019744  14.195774862916121  1.0  0.844  0.147  0.009  0.762  0.238
0  5  2.25  0.01  1.091030867384144  0.043730067566024405  1.2261767701885093  14.007099543745461  1.0  0.893  0.101  0.006  0.857  0.143
0  5  2.25  0.01  1.136619674398987  -1.261768541853495  1.0275519608163246  14.410843476892266  1.0  0.818  0.176  0.006  0.81  0.19
0  5  2.25  0.01  0.577013446572375  0.3204669474357814  0.9636394035798372  14.651308661861709  1.0  0.769  0.212  0.019  0.738  0.262
0  5  2.25  0.01  0.8989823817566136  0.07095565551999537  1.0440754541520545  14.364077224914254  1.0  0.851  0.139  0.01  0.833  0.167
1  5  2.25  0.01  0.6990166758022959  -0.26941760965555817  0.9423394983020658  14.728343352324286  1.0  0.766  0.218  0.016  0.744  0.256
1  5  2.25  0.01  0.5552589568393167  0.028603061317302288  0.9222669901678007  14.79127615215074  1.0  0.738  0.242  0.02  0.718  0.282
1  5  2.25  0.01  0.6325374910409991  0.04793942584865926  1.1535162928880314  14.687179991707216  1.0  0.768  0.215  0.017  0.744  0.256
1  5  2.25  0.01  0.474128276562817  0.2630894971429315  1.2723689109606406  14.745501516297463  1.0  0.725  0.253  0.022  0.699  0.301
1  5  2.25  0.01  0.7257924268124074  0.03245510224196138  1.0415691742257485  14.552511567121188  1.0  0.798  0.187  0.015  0.769  0.231
1  5  2.25  0.01  0.7715384425044647  -0.0787164768302403  1.1225225427038987  14.554399043112584  1.0  0.805  0.182  0.014  0.782  0.218
1  5  2.25  0.01  0.7696666477925898  0.0075947906954628094  0.9525099196583996  14.534275649697292  1.0  0.811  0.176  0.013  0.788  0.212
1  5  2.25  0.01  0.7818316622041765  -0.19498102517013127  0.9762803434467513  14.547496769766408  1.0  0.8  0.187  0.013  0.769  0.231
1  5  2.25  0.01  0.7416896457960596  0.011455674945419856  1.2236239626972947  14.591970694191172  1.0  0.802  0.184  0.014  0.782  0.218
1  5  2.25  0.01  0.7098413958455958  -0.19968493035587453  1.16581976372768  14.630937743633758  1.0  0.775  0.209  0.016  0.744  0.256
1  5  2.25  0.01  0.6173458452813115  0.02212579077621464  1.0664135499374292  14.721252384236287  1.0  0.76  0.222  0.018  0.737  0.263
1  5  2.25  0.01  0.6382909072052987  -0.1620291778133104  0.9421504702444528  14.700639542474345  1.0  0.753  0.229  0.018  0.724  0.276
1  5  2.25  0.01  0.5500561300811289  0.023739143494819766  1.096496286753254  14.669735483248088  1.0  0.735  0.245  0.02  0.699  0.301
1  5  2.25  0.01  0.6013183628690948  0.08344070699873829  0.9127564701386792  14.727332462687931  1.0  0.759  0.223  0.018  0.737  0.263
1  5  2.25  0.01  0.5518542028261622  -0.10483582762210997  1.1464107664347698  14.885854821230273  1.0  0.725  0.254  0.02  0.712  0.288
1  5  2.25  0.01  0.7636803747301573  -0.3349212769959795  0.9224456352125555  14.686304362025771  1.0  0.783  0.202  0.014  0.763  0.237
1  5  2.25  0.01  0.6025674660686815  -0.012380551183938214  1.0027732361973876  14.75631637087119  1.0  0.752  0.229  0.019  0.731  0.269
1  5  2.25  0.01  0.5577168443556136  0.1996821793193036  0.9024961217757292  14.825983530388624  1.0  0.752  0.228  0.019  0.744  0.256
1  5  2.25  0.01  0.6127850028003821  0.2508000265787145  1.1328716751586325  14.618063871595018  1.0  0.776  0.206  0.018  0.75  0.25
1  5  2.25  0.01  0.6398192147714605  0.32341561993451595  1.1166974069869504  14.573194207627134  1.0  0.791  0.192  0.017  0.763  0.237
1  5  2.25  0.01  0.6291609239225175  0.04917253903515768  1.0166393498424713  14.730778496668954  1.0  0.767  0.216  0.018  0.75  0.25
1  5  2.25  0.01  0.4764537442944711  0.5542843276213526  0.8720455191743857  14.729189401400273  1.0  0.75  0.229  0.021  0.744  0.256
1  5  2.25  0.01  0.7735681581173471  -0.28473819216412094  1.05664133781947  14.70221771410605  1.0  0.79  0.196  0.014  0.782  0.218
1  5  2.25  0.01  0.8262863644701595  -0.19672496645595755  0.9825617498865045  14.494193956167866  1.0  0.813  0.175  0.012  0.782  0.218
1  5  2.25  0.01  0.5740933474663723  0.4741292262764599  1.3311376092761396  14.76717209302271  1.0  0.779  0.202  0.018  0.776  0.224
1  5  2.25  0.01  0.7109341397884348  0.16499419013230926  0.9229660510108698  14.615935852709613  1.0  0.803  0.182  0.015  0.788  0.212
1  5  2.25  0.01  0.45190271227218415  0.4029205833648777  0.9425832192623559  14.796200387624003  1.0  0.728  0.25  0.022  0.712  0.288
1  5  2.25  0.01  0.7750964534491223  0.06994882729175543  1.058187349776709  14.498473691277404  1.0  0.817  0.17  0.013  0.788  0.212
1  5  2.25  0.01  0.7082449990974564  -0.2249977616430866  1.0520700828610838  14.588939172001956  1.0  0.773  0.211  0.016  0.756  0.244
1  5  2.25  0.01  0.8001566705510859  0.0946611629596365  1.022112169671132  14.44209052103156  1.0  0.825  0.162  0.012  0.795  0.205
1  5  2.25  0.01  0.7090439170746896  -0.2048403134352646  1.1164699595165952  14.64726051373119  1.0  0.775  0.209  0.016  0.744  0.256
1  5  2.25  0.01  0.6854370792790103  -0.1512774988120509  0.8726087289001293  14.684542479907906  1.0  0.771  0.213  0.016  0.744  0.256
1  5  2.25  0.01  0.5403903797231322  0.41936287215182133  1.116343027855855  14.591054026983311  1.0  0.763  0.217  0.019  0.731  0.269
1  5  2.25  0.01  0.7693101478398479  0.009937103103387525  1.0935476127040404  14.4542975617854  1.0  0.811  0.176  0.013  0.782  0.218
1  5  2.25  0.01  0.7163804676128651  -0.011339845512791609  1.0529011020226573  14.612929634999405  1.0  0.792  0.193  0.015  0.769  0.231
1  5  2.25  0.01  0.5747803577982995  -0.19233968958281988  1.1236484111462643  14.871940458183913  1.0  0.727  0.254  0.02  0.712  0.288
1  5  2.25  0.01  0.7406693345994139  -0.0492572417529783  1.2734824198992838  14.4850153052386  1.0  0.797  0.188  0.014  0.75  0.25
1  5  2.25  0.01  0.6491394314779444  0.028138384133315996  0.992526138960687  14.72563299078787  1.0  0.772  0.211  0.017  0.756  0.244
1  5  2.25  0.01  0.5526556833510956  -0.02627998940973187  0.922770518719858  14.76478564852545  1.0  0.732  0.248  0.02  0.705  0.295
1  5  2.25  0.01  0.6624531875491615  0.21622563909126863  1.0525580850523069  14.620482439621254  1.0  0.791  0.193  0.016  0.769  0.231
1  5  2.25  0.01  0.7720095171428312  -0.0019504061180098732  1.0226568775395557  14.475559353223447  1.0  0.811  0.176  0.013  0.776  0.224
1  5  2.25  0.01  0.6039636056327962  0.08268937330295081  0.9721992098913688  14.726143025610778  1.0  0.76  0.222  0.018  0.737  0.263
1  5  2.25  0.01  0.7449236886114654  -0.05499861053615985  0.9526478063070882  14.598466889196848  1.0  0.799  0.187  0.014  0.776  0.224
1  5  2.25  0.01  0.5015198830374621  0.4245858402352978  1.0627087191235067  14.848914523881161  1.0  0.749  0.231  0.021  0.744  0.256
1  5  2.25  0.01  0.6568595434849325  0.07181071539699357  0.7862424081169014  14.700827816357227  1.0  0.778  0.205  0.017  0.776  0.224
1  5  2.25  0.01  0.7159548896912347  -0.25234826807750166  0.6414778533370159  14.584438361031452  1.0  0.773  0.211  0.016  0.756  0.244
1  5  2.25  0.01  0.7890700821806189  0.037891010095398914  1.0310116661918938  14.38927653217509  1.0  0.819  0.168  0.013  0.782  0.218
1  5  2.25  0.01  0.5430284340511498  0.5844651251633313  1.1929080885400967  14.583079609884868  1.0  0.777  0.204  0.019  0.75  0.25
1  5  2.25  0.01  0.6028159762324845  0.03497141203336609  0.9930055957421411  14.77393129024236  1.0  0.756  0.226  0.018  0.75  0.25
1  5  2.25  0.01  0.656315179896265  -0.002013164450507522  1.051399532709146  14.72199835749558  1.0  0.772  0.211  0.017  0.756  0.244
1  5  2.25  0.01  0.5175269657962185  0.22498217435734563  0.9929748348739795  14.811340290455577  1.0  0.739  0.241  0.021  0.724  0.276
1  5  2.25  0.01  0.7774700538720851  -0.14703167067052553  1.0020044413840759  14.639135969644002  1.0  0.802  0.185  0.014  0.788  0.212
1  5  2.25  0.01  0.7469857139135612  -0.16202784889471872  0.9223918913402747  14.633082751211601  1.0  0.791  0.195  0.014  0.776  0.224
1  5  2.25  0.01  0.6276705016605384  -0.24151470431473038  1.0310081390495807  14.802783117658569  1.0  0.743  0.239  0.018  0.724  0.276
1  5  2.25  0.01  0.44645226103957314  0.6638238104830685  0.9966256428677642  14.914789067715377  1.0  0.747  0.231  0.021  0.744  0.256
1  5  2.25  0.01  0.7571970408526429  -0.03141320087662185  1.022255853728191  14.59988594160312  1.0  0.804  0.182  0.014  0.788  0.212
1  5  2.25  0.01  0.5816776630726401  0.1147581132577781  1.0564164248853858  14.684852980813421  1.0  0.754  0.227  0.019  0.724  0.276
1  5  2.25  0.01  0.6532205883708218  0.16935521905830028  1.0436912146762418  14.62864129290806  1.0  0.784  0.199  0.017  0.756  0.244
1  5  2.25  0.01  0.6288655341948874  0.2743186956937128  1.092582969657549  14.643741527974107  1.0  0.784  0.199  0.017  0.763  0.237
1  5  2.25  0.01  0.7328986688317839  -0.08921951428934696  0.9717611971541159  14.665619376693444  1.0  0.792  0.194  0.015  0.776  0.224
1  5  2.25  0.01  0.5916640990454762  0.11013116475707868  1.0524028296388148  14.763784742775973  1.0  0.758  0.224  0.019  0.744  0.256
1  5  2.25  0.01  0.6659881442198543  -0.17444734189598587  0.9826946452185129  14.673241544211438  1.0  0.762  0.221  0.017  0.731  0.269
1  5  2.25  0.01  0.49024068651522423  0.35183618324248844  0.9224915523284358  14.88250007490515  1.0  0.739  0.24  0.021  0.731  0.269
1  5  2.25  0.01  0.7337317748873824  0.022007465428249398  1.0433080068344118  14.619288817603792  1.0  0.8  0.185  0.014  0.782  0.218
1  5  2.25  0.01  0.7285158166987243  0.17234990162420122  1.4973456870015316  14.436501710138117  1.0  0.809  0.177  0.014  0.763  0.237
1  5  2.25  0.01  0.1640895007663352  1.014999599115645  1.0029998683587797  15.100145941834526  1.0  0.661  0.312  0.027  0.769  0.231
1  5  2.25  0.01  0.572644033221064  -0.0825725966554002  1.0521449274843904  14.7767323107638  1.0  0.735  0.245  0.02  0.712  0.288
1  5  2.25  0.01  0.519106166570322  0.43282874995324816  0.942218387752294  14.6894001023069  1.0  0.756  0.224  0.02  0.731  0.269
1  5  2.25  0.01  0.5315596605052595  -0.10771368683558252  1.1632637954605114  14.768827160018786  1.0  0.716  0.263  0.021  0.686  0.314
1  5  2.25  0.01  -0.055018102050272535  0.06500015416606031  1.1679971364214168  15.048426022988746  1.0  0.465  0.504  0.031  0.776  0.224
0  5  2.25  0.01  0.7233006066812502  -0.06682726277751196  0.967609010295803  14.679845872272557  1.0  0.79  0.195  0.015  0.786  0.214
0  5  2.25  0.01  0.8243667702924151  0.11444327546572547  1.0444473280234092  14.390409978232624  1.0  0.834  0.155  0.012  0.798  0.202
0  5  2.25  0.01  0.7074283368687667  -0.08742982842929414  1.0579894367535583  14.500412457507593  1.0  0.783  0.201  0.015  0.738  0.262
0  5  2.25  0.01  0.8171250451831777  0.09602463252875001  1.147508085788352  14.298653430260307  1.0  0.831  0.157  0.012  0.774  0.226
0  5  2.25  0.01  0.7270136721285845  0.11770479354444105  1.16738218016732  14.412426667486551  1.0  0.805  0.18  0.014  0.75  0.25
0  5  2.25  0.01  0.7285021463800759  -0.07466318464270016  1.177467050666625  14.469577094197895  1.0  0.792  0.194  0.015  0.738  0.262
0  5  2.25  0.01  0.929393918009314  -0.1645688904265859  1.0244943218198974  14.22499007877047  1.0  0.845  0.146  0.01  0.774  0.226
0  5  2.25  0.01  0.7124378313319997  0.10887963384208929  0.8343750650042026  14.534434156696133  1.0  0.8  0.185  0.015  0.786  0.214
0  5  2.25  0.01  0.9411038631520224  0.14470945497521132  1.117200170147283  14.116656786933955  1.0  0.866  0.125  0.009  0.798  0.202
0  5  2.25  0.01  0.7469696921172042  0.22103859494670283  1.0445596244871125  14.473741316368473  1.0  0.818  0.168  0.014  0.786  0.214
0  5  2.25  0.01  0.8002772187949836  -0.2740223552594032  0.8643841093568525  14.474558275629295  1.0  0.8  0.187  0.013  0.75  0.25
0  5  2.25  0.01  0.783511807253197  -0.31650112015980586  1.0247160146954415  14.45180755874808  1.0  0.791  0.196  0.014  0.726  0.274
0  5  2.25  0.01  0.946977895437122  -0.3749971340257483  1.2165170916532952  14.298998435203254  1.0  0.835  0.155  0.009  0.786  0.214
0  5  2.25  0.01  0.8784180476141018  -0.3367148540054372  1.0248521140345637  14.466218493802334  1.0  0.818  0.171  0.011  0.786  0.214
0  5  2.25  0.01  0.9580602269236933  -0.14504412309003528  1.2340036868796422  14.319764873583111  1.0  0.853  0.138  0.009  0.833  0.167
0  5  2.25  0.01  0.8180910155103103  -0.1282728164433693  1.1626165897668042  14.414638417877004  1.0  0.816  0.172  0.012  0.762  0.238
0  5  2.25  0.01  0.8608436402043917  -0.053219952386771345  1.0346004480968172  14.386924921683956  1.0  0.833  0.155  0.011  0.798  0.202
0  5  2.25  0.01  0.7910631982193165  0.001038393781855526  1.034706716438518  14.381064602732632  1.0  0.817  0.171  0.013  0.762  0.238
0  5  2.25  0.01  0.8969983989748123  0.36507155535796465  1.2279755676451056  14.176669320192687  1.0  0.869  0.122  0.009  0.833  0.167
0  5  2.25  0.01  1.119808525951128  -1.3365683766290024  0.9911616920535512  14.403862661206311  1.0  0.806  0.187  0.007  0.786  0.214
0  5  2.25  0.01  0.8506028771771484  -0.19823812561274778  0.9846804262991898  14.407184120358336  1.0  0.82  0.168  0.012  0.774  0.226
0  5  2.25  0.01  0.5944663765236315  0.4549985770801155  0.5340001150347564  14.610071401283081  1.0  0.785  0.197  0.018  0.821  0.179
0  5  2.25  0.01  1.0292429674037076  -0.505849799920233  1.1490323105557991  14.336173065190636  1.0  0.847  0.145  0.008  0.81  0.19
0  5  2.25  0.01  0.8984701529600505  -0.25607175992439063  1.2044503630130043  14.304648587876871  1.0  0.83  0.16  0.01  0.762  0.238
0  5  2.25  0.01  0.6012370888914524  0.32480799663365323  0.47412275681054467  14.728679490203316  1.0  0.778  0.205  0.018  0.786  0.214
0  5  2.25  0.01  0.7791742100266499  -0.14387080796874527  1.167340843150792  14.501601006495125  1.0  0.803  0.184  0.013  0.762  0.238
0  5  2.25  0.01  0.7151934239619171  0.4249739010798946  1.5520146116691302  14.338085270466943  1.0  0.822  0.164  0.014  0.762  0.238
0  5  2.25  0.01  1.0500135158190083  -1.014907653279141  0.9599265961199894  14.419261119234983  1.0  0.816  0.177  0.008  0.774  0.226
0  5  2.25  0.01  0.8506351435768909  0.01600108029734234  0.9245076233500252  14.277538874998118  1.0  0.835  0.154  0.011  0.774  0.226
0  5  2.25  0.01  1.0053953218904077  -0.4575968173656906  1.0647028625201993  14.333027980442315  1.0  0.845  0.147  0.008  0.81  0.19
0  5  2.25  0.01  0.8222992915085379  0.021093735920356755  1.1144828448109885  14.432545593766283  1.0  0.827  0.161  0.012  0.798  0.202
0  5  2.25  0.01  0.6773198635296999  0.0901740061984048  1.04449216799807  14.571099182148233  1.0  0.787  0.197  0.016  0.75  0.25
0  5  2.25  0.01  0.8167435828573382  -0.050554396009696065  1.1174382722348897  14.509709049866103  1.0  0.821  0.167  0.012  0.798  0.202
0  5  2.25  0.01  0.7525821844543379  -0.09290991807130303  1.0540105831782745  14.438889851014778  1.0  0.798  0.188  0.014  0.738  0.262
0  5  2.25  0.01  0.7245694649540204  0.04223876130190802  1.064413846856841  14.590943113431987  1.0  0.799  0.187  0.015  0.774  0.226
0  5  2.25  0.01  0.7509391371263449  -0.04958184830185671  1.104238114447189  14.377545433943418  1.0  0.8  0.185  0.014  0.738  0.262
0  5  2.25  0.01  0.7939529444865914  0.008845426042076318  1.1274453386965837  14.534499119019513  1.0  0.818  0.169  0.013  0.798  0.202
0  5  2.25  0.01  0.8115324118272349  -0.5349977068104111  1.027204240627524  14.403727491690452  1.0  0.783  0.204  0.013  0.75  0.25
0  5  2.25  0.01  0.8193510808819175  -0.23577155541225045  0.9742071192746695  14.527234315340417  1.0  0.808  0.18  0.013  0.774  0.226
0  5  2.25  0.01  0.8375755701328309  0.17301773629018347  1.2841716730822348  14.233475823859262  1.0  0.841  0.147  0.011  0.774  0.226
0  5  2.25  0.01  0.49647901822406754  0.4549376488841214  1.2450091402082575  14.667247371718522  1.0  0.749  0.23  0.021  0.726  0.274
0  5  2.25  0.01  0.732716386984635  -0.00935821543533841  1.3046189928841183  14.375527491236202  1.0  0.798  0.188  0.015  0.726  0.274
0  5  2.25  0.01  1.0200618763217677  -0.20046997710709577  1.0775650243630055  14.229744057785066  1.0  0.865  0.128  0.008  0.833  0.167
0  5  2.25  0.01  0.765473974639261  0.13129702013336825  1.2475280477746413  14.426652037954753  1.0  0.818  0.169  0.013  0.774  0.226
0  5  2.25  0.01  0.7479630384659526  -0.37499980162253777  1.0840244116735804  14.487018683274849  1.0  0.775  0.21  0.015  0.714  0.286
0  5  2.25  0.01  0.902050483646261  -0.0625792361607066  1.0270160647072522  14.374214217190207  1.0  0.844  0.146  0.01  0.81  0.19
0  5  2.25  0.01  0.7472686914482602  -1.074998981191221  1.205402193384054  14.426507755884844  1.0  0.712  0.272  0.016  0.786  0.214
0  5  2.25  0.01  0.8296875375591158  0.10956778734983805  1.0625211735147135  14.467296169014517  1.0  0.835  0.153  0.012  0.821  0.179
0  5  2.25  0.01  0.6554088490102228  -0.023737084098948424  0.9843370737738798  14.639031026861906  1.0  0.771  0.213  0.017  0.738  0.262
0  5  2.25  0.01  0.7780671644132103  -0.16499927314833435  1.1070382391890807  14.561681821263452  1.0  0.801  0.185  0.014  0.762  0.238
1  5  2.25  0.01  0.7465364484773009  0.143375496382599  1.1162379102914783  14.46122575235773  1.0  0.813  0.173  0.014  0.776  0.224
1  5  2.25  0.01  0.6923777091677628  -0.0445114205832024  0.9821756759461103  14.693726049554279  1.0  0.782  0.202  0.016  0.763  0.237
1  5  2.25  0.01  0.600586116359362  -0.11763510480899053  0.9824844328852298  14.794960902219437  1.0  0.742  0.239  0.019  0.718  0.282
1  5  2.25  0.01  0.5669119870980881  -0.2527679097669935  0.30279608756141585  14.945550437732022  1.0  0.718  0.262  0.02  0.731  0.269
1  5  2.25  0.01  0.7792358771605039  -0.1099976400061512  1.0127409497911974  14.501160176957951  1.0  0.805  0.182  0.013  0.769  0.231
1  5  2.25  0.01  0.5382054281319625  -0.28119768960872127  0.9152684842603401  14.976451648160163  1.0  0.704  0.275  0.021  0.705  0.295
1  5  2.25  0.01  0.6322926941452092  0.19075878271899654  1.1022063873942383  14.699551214745162  1.0  0.779  0.204  0.017  0.763  0.237
1  5  2.25  0.01  0.6461747153250306  -0.23301154397093138  0.902534988457285  14.751804748411892  1.0  0.75  0.232  0.018  0.724  0.276
1  5  2.25  0.01  0.658588173009818  0.09983946588959111  1.0345125376251205  14.68427601123096  1.0  0.781  0.203  0.017  0.763  0.237
1  5  2.25  0.01  0.6614954169836209  -0.39144028915727236  1.1365725571797936  14.784335734006854  1.0  0.742  0.24  0.017  0.718  0.282
1  5  2.25  0.01  0.7610634707699494  0.21297187406449386  1.1127380008330778  14.56327153010234  1.0  0.822  0.165  0.013  0.814  0.186
1  5  2.25  0.01  0.4630098967610651  -0.014304765864127107  1.156996058041934  14.945259146206531  1.0  0.697  0.28  0.023  0.692  0.308
1  5  2.25  0.01  0.5956163202437781  0.23476519572041982  0.972873658391516  14.751477587265772  1.0  0.769  0.213  0.018  0.756  0.244
1  5  2.25  0.01  0.597596253007606  0.2122794348260243  1.0124680944703917  14.764315214929475  1.0  0.768  0.214  0.018  0.756  0.244
1  5  2.25  0.01  0.7229730199607145  -0.48483534847232257  1.1566925630292804  14.749475344787138  1.0  0.757  0.227  0.016  0.731  0.269
1  5  2.25  0.01  0.625809596780333  -0.08499680945103608  0.916995624088863  14.788607410289481  1.0  0.755  0.227  0.018  0.731  0.269
1  5  2.25  0.01  0.6764318315649813  0.021149930884649056  0.9526144473315148  14.69366897359745  1.0  0.781  0.203  0.016  0.763  0.237
1  5  2.25  0.01  0.6159785739693914  -0.00759388116293125  0.9723579859830895  14.745603710403921  1.0  0.757  0.225  0.018  0.737  0.263
1  5  2.25  0.01  0.678718483220141  -0.0950005403198649  1.0227313424696873  14.68890266273011  1.0  0.772  0.211  0.016  0.75  0.25
1  5  2.25  0.01  0.46145429510879515  0.20937325775000418  1.0621222437059816  14.777468563247245  1.0  0.716  0.262  0.022  0.692  0.308
1  5  2.25  0.01  0.6261627017228805  0.26124247921312893  0.9766157089351211  14.67606157783213  1.0  0.782  0.201  0.017  0.763  0.237
1  5  2.25  0.01  0.7332800549472367  0.15707966851742905  1.072547796181745  14.57539473610568  1.0  0.81  0.176  0.014  0.795  0.205
1  5  2.25  0.01  0.5709203718526605  -0.11629865437299519  1.0622668070431538  14.712146912361217  1.0  0.731  0.249  0.02  0.699  0.301
1  5  2.25  0.01  0.5660709960869306  -0.10945807644240974  0.8912708378670204  14.738211631770124  1.0  0.73  0.25  0.02  0.712  0.288
1  5  2.25  0.01  0.59632810741666  -0.013961632504022783  0.9125480389628393  14.81654130067891  1.0  0.75  0.231  0.019  0.737  0.263
1  5  2.25  0.01  0.815988642470357  -0.0559753696952254  1.0763561874004888  14.412940648023982  1.0  0.82  0.168  0.012  0.776  0.224
1  5  2.25  0.01  0.872370073632726  -0.6738320045406108  0.8830609372517011  14.619489577762629  1.0  0.791  0.197  0.012  0.769  0.231
1  5  2.25  0.01  0.7267982060733291  -0.14805949194336449  0.9667248491735975  14.754320019327382  1.0  0.785  0.2  0.015  0.782  0.218
1  5  2.25  0.01  0.08661788148426106  0.9849982525971878  1.0026411502766215  14.88946242383288  1.0  0.623  0.349  0.028  0.75  0.25
1  5  2.25  0.01  0.5199187582953287  0.06565795301022623  1.0523660304983111  14.872392157930184  1.0  0.727  0.252  0.021  0.718  0.282
1  5  2.25  0.01  0.6307080903073445  -0.014035196821599344  1.122369667700558  14.779321839759364  1.0  0.763  0.22  0.018  0.737  0.263
1  5  2.25  0.01  0.5565136573588871  -0.11001409654816359  1.016622954625659  14.773590978376404  1.0  0.726  0.254  0.02  0.699  0.301
1  5  2.25  0.01  0.7050522834761286  0.017674085572385013  1.0717786316613658  14.690857480228296  1.0  0.791  0.194  0.015  0.782  0.218
1  5  2.25  0.01  0.552587376193739  -0.019738597903623242  0.9424253971035182  14.900522042193428  1.0  0.732  0.248  0.02  0.724  0.276
1  5  2.25  0.01  0.6581413229236437  0.07130907742636594  0.9723101616565809  14.69332129313008  1.0  0.778  0.205  0.017  0.763  0.237
1  5  2.25  0.01  0.7223176221184269  -0.06478737380367994  1.0228719300276534  14.60652322285403  1.0  0.79  0.195  0.015  0.763  0.237
1  5  2.25  0.01  0.8113958676013144  -0.5158812206856526  1.133269611767541  14.494321893999244  1.0  0.784  0.203  0.013  0.724  0.276
1  5  2.25  0.01  0.5971299421775011  0.17019595438500823  1.0826437818098804  14.659782363010645  1.0  0.765  0.217  0.018  0.737  0.263
1  5  2.25  0.01  0.6616794859829687  -0.06500248127276295  0.9029969371274679  14.639360282407385  1.0  0.769  0.214  0.017  0.744  0.256
1  5  2.25  0.01  0.688711507827401  -0.20766797287020816  1.0865497549456455  14.662756933974938  1.0  0.767  0.217  0.016  0.737  0.263
1  5  2.25  0.01  0.585128088524937  -0.0812731666766714  1.0324797119461508  14.730261993022424  1.0  0.74  0.241  0.019  0.712  0.288
1  5  2.25  0.01  0.780028967129087  0.22213391575686992  1.1022407320193974  14.480184820843382  1.0  0.828  0.159  0.013  0.814  0.186
1  5  2.25  0.01  0.8004991595979494  -0.1253117316895268  1.1165599604363725  14.549186632495735  1.0  0.81  0.177  0.013  0.788  0.212
1  5  2.25  0.01  0.7304512215832567  0.2890336754805024  0.9327673568153018  14.543131612966555  1.0  0.818  0.168  0.014  0.801  0.199
1  5  2.25  0.01  0.7460478230582541  -0.2488945164336402  0.9127245707644994  14.620194532232494  1.0  0.784  0.202  0.015  0.756  0.244
1  5  2.25  0.01  0.9379261657175921  -0.6226061684614997  0.9927510127183956  14.491539536725131  1.0  0.815  0.175  0.01  0.788  0.212
1  5  2.25  0.01  0.6371908050686774  0.18384289650915475  0.9587372972897255  14.641470445369785  1.0  0.78  0.203  0.017  0.763  0.237
1  5  2.25  0.01  0.5308677470736791  -0.08345172838901743  0.9911031252213838  14.746515883440662  1.0  0.719  0.26  0.021  0.686  0.314
1  5  2.25  0.01  0.5023555130416926  -0.07192498394753943  1.1296791312013745  14.895548700444397  1.0  0.708  0.27  0.022  0.692  0.308
1  5  2.25  0.01  0.6059360774304205  -0.07275150248412236  0.9226708730557511  14.787648924277606  1.0  0.749  0.233  0.019  0.731  0.269
0  5  2.25  0.01  0.01  0.7858492904909247  0.024144310970282454  0.9842835948096967  14.48491981008224  1.0  0.816  0.171  0.013  0.81  0.19
0  5  2.25  0.01  0.01  0.7601091585240494  0.0526386848953133  1.0182601282497692  14.389994072185644  1.0  0.811  0.176  0.014  0.762  0.238
0  5  2.25  0.01  0.01  0.9817441760347556  -0.12316672341823565  1.0174210718991277  14.16652009407033  1.0  0.861  0.131  0.008  0.798  0.202
0  5  2.25  0.01  0.01  0.7221402107765875  0.1647891419074144  0.7042428962996604  14.523720997741588  1.0  0.806  0.179  0.015  0.798  0.202
0  5  2.25  0.01  0.01  0.7403680684924674  0.16571263394464325  1.3032667216972789  14.538382827081126  1.0  0.813  0.173  0.014  0.786  0.214
0  5  2.25  0.01  0.01  0.6966040704997934  -0.14612180939517289  1.0644216274882399  14.544302160893588  1.0  0.775  0.209  0.016  0.726  0.274
0  5  2.25  0.01  0.01  0.9881725796628275  -0.061350473578733286  0.9545105702488293  14.143432793000605  1.0  0.866  0.126  0.008  0.821  0.179
0  5  2.25  0.01  0.01  0.7715690696570883  -0.07873766669713651  0.9371997296584382  14.529286403214636  1.0  0.805  0.182  0.014  0.774  0.226
0  5  2.25  0.01  0.01  0.673854109549321  0.12121028336368128  1.0576491494048068  14.488005447696636  1.0  0.788  0.196  0.016  0.738  0.262
0  5  2.25  0.01  0.01  0.8147583208619034  0.028563133838877278  1.2942556800222818  14.416253721852977  1.0  0.826  0.162  0.012  0.786  0.214
0  5  2.25  0.01  0.01  0.8535293382804274  -0.010220353721989317  0.9541928782393327  14.481207179561526  1.0  0.834  0.155  0.011  0.821  0.179
0  5  2.25  0.01  0.01  0.8460753852109737  0.14364033548740113  0.9645128890744775  14.369863670772226  1.0  0.842  0.147  0.011  0.81  0.19
0  5  2.25  0.01  0.01  0.8709391511765671  -0.22238558968190852  1.279050119624493  14.375917502791967  1.0  0.825  0.164  0.011  0.774  0.226
0  5  2.25  0.01  0.01  0.8785807241907059  -0.3366475073395474  0.9946066662313408  14.514208508161682  1.0  0.818  0.171  0.011  0.798  0.202
0  5  2.25  0.01  0.01  0.9257745351825284  -0.13833548312228133  1.1161537933220729  14.347205819345216  1.0  0.845  0.145  0.01  0.81  0.19
------------------------------------------------------------------------------------------------------------------------------------------
0  3.5  1.75  0.01  0.01  0.4891044812713869  -0.066043150430671  1.0187231585914358  14.402113579494978  1.0  0.74  0.252  0.007  0.738  0.262
0  3.5  1.75  0.01  0.01  0.42994787761636843  0.01726581889945436  1.1976670118538757  14.284325680662002  1.0  0.725  0.267  0.008  0.69  0.31
0  3.5  1.75  0.01  0.01  0.5386236715778443  -0.012610010944686981  0.994648516365305  14.460711328310346  1.0  0.768  0.225  0.007  0.786  0.214
0  3.5  1.75  0.01  0.01  0.7342823747145608  -0.08596676837332984  1.2042718803559727  14.095008436054378  1.0  0.832  0.165  0.004  0.821  0.179
0  3.5  1.75  0.01  0.01  0.6433706935295634  -0.10560359018429968  1.3373515843846822  14.287216820501778  1.0  0.798  0.197  0.005  0.798  0.202
0  3.5  1.75  0.01  0.01  0.63650330983464  -0.12196469399482246  0.925687821714218  14.303937608080297  1.0  0.795  0.2  0.005  0.821  0.179
0  3.5  1.75  0.01  0.01  0.6454817739560061  0.03488110004491817  1.2227815145828835  14.296113652106477  1.0  0.814  0.182  0.005  0.833  0.167
0  3.5  1.75  0.01  0.01  0.5468129898753946  -0.13441119738536583  1.074192502935708  14.49321178629736  1.0  0.758  0.235  0.007  0.762  0.238
0  3.5  1.75  0.01  0.01  0.7058557698516486  -0.0171457029441086  1.2711303971622303  14.210581178976797  1.0  0.829  0.167  0.004  0.833  0.167
0  3.5  1.75  0.01  0.01  0.43847438140234246  0.04745569534216747  1.651376192411399  14.519462426831822  1.0  0.732  0.26  0.008  0.702  0.298
0  3.5  1.75  0.01  0.01  0.6230601832346743  -0.4675281605836502  1.094378599426756  14.352539670888172  1.0  0.748  0.246  0.006  0.726  0.274
0  3.5  1.75  0.01  0.01  0.7771832660662827  -0.30499905530617666  1.4499883810555705  14.15104097839819  1.0  0.824  0.172  0.003  0.821  0.179
0  3.5  1.75  0.01  0.01  0.6833218005471218  -0.002207722740271506  1.124434071294619  14.268429070009905  1.0  0.824  0.172  0.004  0.845  0.155
0  3.5  1.75  0.01  0.01  0.4940288340892476  0.03064326835445399  1.6500501728109878  14.864034846550805  1.0  0.754  0.238  0.007  0.762  0.238
0  3.5  1.75  0.01  0.01  0.6686409712675025  -0.4895983567837064  1.214420252070698  14.270476629000514  1.0  0.764  0.231  0.005  0.738  0.262
0  3.5  1.75  0.01  0.01  0.780372333449701  -0.7805888298332144  1.1343890990170813  14.436183317815573  1.0  0.77  0.227  0.004  0.81  0.19
0  3.5  1.75  0.01  0.01  0.6680866526380191  -0.3659884924123338  1.144679651719805  14.361503616713176  1.0  0.778  0.217  0.005  0.774  0.226
0  3.5  1.75  0.01  0.01  0.4784631072755081  0.02742740560966931  1.244624100774612  14.612586907545413  1.0  0.748  0.245  0.008  0.762  0.238
0  3.5  1.75  0.01  0.01  0.7846205033708203  -0.22211171980115713  1.18737541636245  14.106333700021523  1.0  0.835  0.162  0.003  0.833  0.167
0  3.5  1.75  0.01  0.01  0.535932566623263  0.27224021881295085  1.2048930694231654  14.424221929550551  1.0  0.798  0.196  0.006  0.81  0.19
0  3.5  1.75  0.01  0.01  0.5408929244158678  0.06398928913738049  1.2344325377000933  14.459489241804594  1.0  0.777  0.216  0.006  0.786  0.214
0  3.5  1.75  0.01  0.01  0.46826313844028716  0.37312907688207586  1.1942788278171983  14.321720394198362  1.0  0.781  0.212  0.007  0.774  0.226
0  3.5  1.75  0.01  0.01  0.4857109726546549  -0.005778508594005178  1.2145432340609488  14.279105662404103  1.0  0.746  0.247  0.007  0.714  0.286
0  3.5  1.75  0.01  0.01  0.7607839202879905  -0.6948139612443791  1.1641149642509998  14.283738688327555  1.0  0.774  0.222  0.004  0.762  0.238
0  3.5  1.75  0.01  0.01  0.4652001488278288  0.18500442569419367  1.4835403417896713  14.105802404222455  1.0  0.76  0.232  0.008  0.726  0.274
0  3.5  1.75  0.01  0.01  0.6447934077858783  -0.5269102913662005  1.0742615089132992  14.462839682482402  1.0  0.75  0.245  0.005  0.75  0.25
0  3.5  1.75  0.01  0.01  0.44331389072367555  0.040632267014807585  1.1346408488270263  14.511208979563637  1.0  0.733  0.259  0.008  0.726  0.274
0  3.5  1.75  0.01  0.01  0.6816402128168073  -0.009043363894602901  1.4333165909640435  14.096267974735806  1.0  0.822  0.174  0.004  0.798  0.202
0  3.5  1.75  0.01  0.01  0.45884485406770265  -0.10049541201050947  1.1142715883618501  14.545909324871921  1.0  0.723  0.269  0.008  0.726  0.274
0  3.5  1.75  0.01  0.01  0.5285715000445788  0.056729579863635  1.257411190468845  14.505910758533386  1.0  0.772  0.221  0.007  0.786  0.214
0  3.5  1.75  0.01  0.01  0.5345136389835161  0.19444080423834326  1.294033170704096  14.210408946602556  1.0  0.789  0.205  0.006  0.75  0.25
0  3.5  1.75  0.01  0.01  0.474981440735859  0.30363554963895745  1.1540771331093487  14.495230531466497  1.0  0.776  0.216  0.007  0.786  0.214
0  3.5  1.75  0.01  0.01  0.6610828064697998  -0.07499994841744771  1.9310001926382248  14.643154399145327  1.0  0.809  0.186  0.005  0.798  0.202
0  3.5  1.75  0.01  0.01  0.6525949661631887  -0.10023817966374718  1.114497704649813  14.115279137072614  1.0  0.803  0.192  0.005  0.774  0.226
0  3.5  1.75  0.01  0.01  0.3685880839658767  0.050680211879905596  1.1314897860505253  14.388380981294047  1.0  0.699  0.291  0.009  0.679  0.321
0  3.5  1.75  0.01  0.01  0.4940065503267115  0.15018173308968186  1.1045252585102592  14.490850422078665  1.0  0.768  0.225  0.007  0.774  0.226
0  3.5  1.75  0.01  0.01  0.5464053543421754  0.2539226585138338  1.2446190809066624  14.402935299423032  1.0  0.8  0.194  0.006  0.81  0.19
0  3.5  1.75  0.01  0.01  0.5730750291256008  0.18048291811481593  0.9323589311038688  14.377903955325982  1.0  0.802  0.192  0.006  0.833  0.167
0  3.5  1.75  0.01  0.01  0.46931015842644397  0.1467668514330288  1.554561177811674  14.448018280630555  1.0  0.757  0.235  0.008  0.75  0.25
0  3.5  1.75  0.01  0.01  0.46134393544080987  0.34288506348620923  1.1648179711675617  14.559687322867013  1.0  0.775  0.217  0.007  0.786  0.214
0  3.5  1.75  0.01  0.01  0.47022701022365815  0.10278888101359215  1.2547194931023926  14.389518448854968  1.0  0.752  0.24  0.008  0.738  0.262
0  3.5  1.75  0.01  0.01  0.5780618885517413  0.03401941367002785  1.1746960274506597  14.462546262104919  1.0  0.789  0.206  0.006  0.81  0.19
0  3.5  1.75  0.01  0.01  0.45162803827061027  0.20200277441689857  1.134725551347183  14.544463519661756  1.0  0.755  0.237  0.008  0.762  0.238
0  3.5  1.75  0.01  0.01  0.36368535507574984  0.5149651566995141  1.2240094394530063  14.320913485787669  1.0  0.752  0.239  0.009  0.786  0.214
0  3.5  1.75  0.01  0.01  0.7476526644140127  -0.6433620069914585  1.1349929169587754  14.32514148740097  1.0  0.776  0.22  0.004  0.774  0.226
0  3.5  1.75  0.01  0.01  0.6694429103379895  -0.22428214641753486  1.649801021006885  14.477995560397233  1.0  0.796  0.199  0.005  0.786  0.214
0  3.5  1.75  0.01  0.01  0.6337911942216807  -0.15321387531644257  1.3394481499607453  14.396516908343353  1.0  0.79  0.204  0.005  0.798  0.202
0  3.5  1.75  0.01  0.01  0.4694707943155957  0.1089988592662781  1.124539907540742  14.194385376788981  1.0  0.753  0.24  0.008  0.714  0.286
0  3.5  1.75  0.01  0.01  0.5351359357982786  0.1019239600826247  1.1544186860846453  14.373495221070698  1.0  0.779  0.214  0.007  0.774  0.226
0  3.5  1.75  0.01  0.01  0.7955785825070343  -0.20074491656334043  1.3475370108053475  14.126412357452844  1.0  0.84  0.157  0.003  0.857  0.143
0  3.5  1.75  0.01  0.01  0.6366448273501606  0.06235905262497014  1.1744520288677256  14.363568573099299  1.0  0.813  0.182  0.005  0.833  0.167
0  3.5  1.75  0.01  0.01  0.5431352283262973  -0.09101862031025512  1.6493770380743071  14.6791141684067  1.0  0.761  0.232  0.007  0.762  0.238
0  3.5  1.75  0.01  0.01  0.49542706027081174  0.10230181213136266  1.1742796283844386  14.453490910077395  1.0  0.763  0.23  0.007  0.762  0.238
0  3.5  1.75  0.01  0.01  0.554298745890734  0.33881077169689844  1.2849072643228532  14.499256015277089  1.0  0.812  0.183  0.006  0.845  0.155
0  3.5  1.75  0.01  0.01  0.7797185127041544  -0.7396854421825936  1.1446742580351026  14.313106762445381  1.0  0.775  0.222  0.004  0.774  0.226
0  3.5  1.75  0.01  0.01  0.55742390010232  -0.3907951093927755  1.0282428618610637  14.648420134334499  1.0  0.731  0.263  0.007  0.762  0.238
0  3.5  1.75  0.01  0.01  0.6263595778681894  0.0980726970876791  1.4845531909994747  14.238051570696344  1.0  0.814  0.181  0.005  0.81  0.19
0  3.5  1.75  0.01  0.01  0.574181775272087  0.06480168969207234  1.1748145040552702  14.37534944098028  1.0  0.79  0.204  0.006  0.798  0.202
0  3.5  1.75  0.01  0.01  0.5066226056331392  -0.012324474645506959  1.254945791580227  14.35602544690473  1.0  0.755  0.238  0.007  0.738  0.262
0  3.5  1.75  0.01  0.01  0.48449806758942504  0.3740632368837242  1.1447500158323252  14.526392649383425  1.0  0.788  0.205  0.007  0.81  0.19
0  3.5  1.75  0.01  0.01  0.4055975375964692  0.16499906935864384  1.0540071409552203  14.432024414020109  1.0  0.73  0.261  0.009  0.702  0.298
0  3.5  1.75  0.01  0.01  0.4924904866600224  0.18956586932891478  1.174333875738335  14.364571589478171  1.0  0.772  0.221  0.007  0.762  0.238
0  3.5  1.75  0.01  0.01  0.6157803398640214  0.02113873852610186  1.0943346873629858  14.328167285002682  1.0  0.802  0.193  0.005  0.81  0.19
0  3.5  1.75  0.01  0.01  0.6156831741179268  -0.27333433158650583  1.0476045490273733  14.516720864092441  1.0  0.77  0.225  0.006  0.786  0.214
0  3.5  1.75  0.01  0.01  0.6349567265475997  -0.01057364078192858  1.2845398010928017  14.158914727505838  1.0  0.806  0.189  0.005  0.786  0.214
0  3.5  1.75  0.01  0.01  0.38539209984385253  0.2516930131972251  1.1645519969406235  14.650541918794405  1.0  0.732  0.259  0.009  0.738  0.262
0  3.5  1.75  0.01  0.01  0.8247570821571824  -0.1281415648171002  1.3441084206408656  13.954211002409322  1.0  0.855  0.142  0.003  0.845  0.155
0  3.5  1.75  0.01  0.01  -0.09401333031607191  -0.08499993728949051  1.9169983876192878  15.617027607706373  1.0  0.429  0.558  0.013  0.786  0.214
0  3.5  1.75  0.01  0.01  0.5286810259124466  0.24382479327279155  1.294242068710399  14.31748270821845  1.0  0.792  0.202  0.006  0.786  0.214
0  3.5  1.75  0.01  0.01  0.5438725688894377  -0.006106125581936203  1.2546503872679202  14.373597106843798  1.0  0.771  0.223  0.007  0.762  0.238
0  3.5  1.75  0.01  0.01  0.4844083971735268  0.420923084663938  1.380270815226715  14.248579860767594  1.0  0.793  0.2  0.007  0.774  0.226
0  3.5  1.75  0.01  0.01  0.5243577818328359  0.15190750765080763  1.1543118368615881  14.351176074493832  1.0  0.78  0.213  0.007  0.774  0.226
0  3.5  1.75  0.01  0.01  0.6281666787098272  -0.39395934088344925  1.157108723353655  14.502820450377826  1.0  0.76  0.234  0.006  0.774  0.226
0  3.5  1.75  0.01  0.01  0.6116049069300397  -0.11500002217541076  1.2540237040008506  14.06267559529711  1.0  0.785  0.209  0.006  0.738  0.262
0  3.5  1.75  0.01  0.01  0.8156771139669743  -0.49340872631315347  1.3613237667969929  14.109809588975649  1.0  0.817  0.18  0.003  0.798  0.202
0  3.5  1.75  0.01  0.01  0.46177468194794824  0.21499667536560163  1.284009890754147  14.484417357984729  1.0  0.761  0.231  0.008  0.762  0.238
0  3.5  1.75  0.01  0.01  0.7165298127448685  0.03410378396634414  1.327703828039823  13.98421564668265  1.0  0.837  0.159  0.004  0.81  0.19
0  3.5  1.75  0.01  0.01  0.4197742290692044  0.054381438195435186  1.5705375425838763  14.349677686765311  1.0  0.724  0.268  0.009  0.69  0.31
0  3.5  1.75  0.01  0.01  0.6418922243271978  -0.43499971715492536  1.2643478895943332  14.357884436486838  1.0  0.761  0.234  0.005  0.762  0.238
0  3.5  1.75  0.01  0.01  0.6208388241981606  -0.24752521684518206  1.204540386342313  14.455499646250482  1.0  0.774  0.22  0.006  0.786  0.214
0  3.5  1.75  0.01  0.01  0.564508319160453  0.4545658861987676  1.2146350462187512  14.242264827244108  1.0  0.826  0.169  0.006  0.833  0.167
0  3.5  1.75  0.01  0.01  0.8909831042185812  -0.9242773728630256  1.217970155662615  14.165902057256858  1.0  0.79  0.208  0.002  0.786  0.214
0  3.5  1.75  0.01  0.01  0.3297984717538275  0.7633763653921881  1.3556767243590018  14.26043999755621  1.0  0.766  0.226  0.009  0.75  0.25
0  3.5  1.75  0.01  0.01  0.7438347919080577  0.03820985615848016  1.3835920687097183  14.03635912375826  1.0  0.847  0.15  0.004  0.845  0.155
0  3.5  1.75  0.01  0.01  0.6401626911659285  0.05607370710428532  1.5676757707614182  14.211234332913776  1.0  0.815  0.18  0.005  0.786  0.214
0  3.5  1.75  0.01  0.01  0.7414264672662687  -0.538963990377612  0.8650553030015132  14.241087630438612  1.0  0.786  0.21  0.004  0.798  0.202
0  3.5  1.75  0.01  0.01  0.4259466982498108  0.10408437638858187  1.1446526423397376  14.510018956943489  1.0  0.732  0.259  0.008  0.726  0.274
0  3.5  1.75  0.01  0.01  0.5169466367512978  -0.06500667200557447  1.1440989258026475  14.557880408321658  1.0  0.752  0.241  0.007  0.762  0.238
0  3.5  1.75  0.01  0.01  0.45330475496633127  0.7409625697600006  1.6558728621145635  14.255433675595052  1.0  0.813  0.18  0.007  0.81  0.19
0  3.5  1.75  0.01  0.01  0.7000422875905028  -0.006649637020508444  1.2605312651869893  14.186577957025008  1.0  0.828  0.168  0.004  0.833  0.167
0  3.5  1.75  0.01  0.01  0.7151600077598412  -0.07790137762907745  1.5662134987372465  14.420903237531745  1.0  0.826  0.17  0.004  0.833  0.167
0  3.5  1.75  0.01  0.01  0.726139513409078  0.002728257066552303  1.6637677789793366  14.139235346917516  1.0  0.838  0.159  0.004  0.845  0.155
0  3.5  1.75  0.01  0.01  0.6951206945190744  -0.18740255360106378  1.3744932149675606  14.115300570632403  1.0  0.808  0.187  0.004  0.774  0.226
0  3.5  1.75  0.01  0.01  0.5178771673207068  0.10078366879747402  1.2547520476681535  14.259608714293776  1.0  0.772  0.221  0.007  0.738  0.262
0  3.5  1.75  0.01  0.01  0.4678683498947853  0.5349105331341603  1.9339986320629619  14.838313012829682  1.0  0.798  0.195  0.007  0.81  0.19
0  3.5  1.75  0.01  0.01  0.7013278016558253  -0.19923421042742218  1.4543423089457244  14.20338904137832  1.0  0.809  0.186  0.004  0.798  0.202
0  3.5  1.75  0.01  0.01  0.6030843950798082  0.03961470648787063  1.1944777047629218  14.30316124756008  1.0  0.799  0.195  0.006  0.798  0.202
0  3.5  1.75  0.01  0.01  0.551452123087985  0.03247158733845851  1.2641294049744718  14.518203966097303  1.0  0.778  0.216  0.006  0.798  0.202
0  3.5  1.75  0.01  0.01  0.9664439012499018  -1.0649993226337813  1.1940872460878915  14.109426812098299  1.0  0.795  0.203  0.002  0.798  0.202
0  3.5  1.75  0.01  0.01  0.32813346021639817  0.2029034932588224  1.0106690994476557  14.643727743354924  1.0  0.698  0.292  0.01  0.702  0.298
0  3.5  1.75  0.01  0.01  0.6999753058901113  0.03500070342204219  1.649405958866434  14.296527470991201  1.0  0.833  0.163  0.004  0.833  0.167
0  3.5  1.75  0.01  0.01  0.5935915138216882  -0.0006458934334222968  1.2348291179774133  14.22985957837561  1.0  0.791  0.203  0.006  0.774  0.226
0  3.5  1.75  0.01  0.01  0.510761400276203  -0.10612873388298358  1.1445798798189342  14.451051190518296  1.0  0.745  0.248  0.007  0.738  0.262
0  3.5  1.75  0.01  0.01  0.6911189529440829  -0.3410432926859115  1.6545435839426625  14.246172011542793  1.0  0.791  0.205  0.005  0.75  0.25
0  3.5  1.75  0.01  0.01  0.7442087854133053  -0.08066788215558554  1.2977281784718269  14.153695547860263  1.0  0.836  0.161  0.004  0.845  0.155
0  3.5  1.75  0.01  0.01  0.7070785043299854  -2.8825877382725808e-05  1.5746251470853663  14.243460577478183  1.0  0.832  0.164  0.004  0.845  0.155
0  3.5  1.75  0.01  0.01  0.5800929179057968  0.08225882082283778  1.2243532898279568  14.128177733034224  1.0  0.795  0.199  0.006  0.762  0.238
0  3.5  1.75  0.01  0.01  0.7552759456399734  -0.6439866324746069  1.207224104611164  14.403435732259094  1.0  0.778  0.218  0.004  0.81  0.19
0  3.5  1.75  0.01  0.01  0.4887625512987541  0.057990624192358634  0.7845462801341807  14.32353201367413  1.0  0.755  0.237  0.007  0.75  0.25
0  3.5  1.75  0.01  0.01  0.6723595169425307  -0.14295228285258027  1.6494804029989536  14.694346405594583  1.0  0.806  0.19  0.005  0.798  0.202
0  3.5  1.75  0.01  0.01  0.4907466312165035  0.2649993939717843  1.2840032356405515  14.314910971305093  1.0  0.779  0.214  0.007  0.774  0.226
0  3.5  1.75  0.01  0.01  0.4620625131479711  -0.015584648112385347  1.2744615017942469  14.666808032768042  1.0  0.734  0.258  0.008  0.75  0.25
0  3.5  1.75  0.01  0.01  0.7091421772733559  -0.23859778883477856  1.174284998540206  14.201189672910113  1.0  0.808  0.188  0.004  0.798  0.202
0  3.5  1.75  0.01  0.01  0.432290313655795  -0.0064548789136931245  1.2444273948148417  14.614243310011851  1.0  0.722  0.27  0.008  0.726  0.274
0  3.5  1.75  0.01  0.01  0.7613714685445978  -0.3436910255338449  1.227805787272735  14.215946219219697  1.0  0.815  0.181  0.004  0.821  0.179
0  3.5  1.75  0.01  0.01  0.45035977178299913  -0.0010646187248174429  1.054117888421995  14.522452403405342  1.0  0.731  0.261  0.008  0.726  0.274
0  3.5  1.75  0.01  0.01  0.6661594497818315  -0.0019159617288536741  1.2145691009557353  14.178899938653567  1.0  0.818  0.178  0.005  0.81  0.19
0  3.5  1.75  0.01  0.01  0.5793110704634086  -0.4142185005767902  1.1443466478092508  14.593961067129252  1.0  0.738  0.256  0.006  0.75  0.25
0  3.5  1.75  0.01  0.01  0.6238550563586103  -0.18503729997119944  1.114088551133597  14.200541083019278  1.0  0.782  0.212  0.005  0.762  0.238
0  3.5  1.75  0.01  0.01  0.4532571302582206  0.024999895763161258  1.2541132677939606  14.388818618187418  1.0  0.735  0.257  0.008  0.762  0.238
0  3.5  1.75  0.01  0.01  0.6272472245468692  -0.04327480139374631  1.6512713352899602  14.355330680868363  1.0  0.8  0.195  0.005  0.798  0.202
0  3.5  1.75  0.01  0.01  0.5157278066712382  0.15481689242882485  1.1246765660849412  14.3066189926952  1.0  0.777  0.216  0.007  0.762  0.238
0  3.5  1.75  0.01  0.01  0.3958042888512219  0.2397470919452407  1.2975714846290387  14.342717559383148  1.0  0.735  0.256  0.009  0.714  0.286
0  3.5  1.75  0.01  0.01  0.5608620750871169  0.11973021756963009  1.084297405790551  14.283924709521909  1.0  0.792  0.202  0.006  0.798  0.202
0  3.5  1.75  0.01  0.01  0.46533843658128304  0.061926478767513934  1.0744053694210887  14.547559931516506  1.0  0.745  0.247  0.008  0.75  0.25
0  3.5  1.75  0.01  0.01  0.6093507431423152  0.14993919868596267  1.3546071175634296  14.174563854832865  1.0  0.813  0.182  0.005  0.798  0.202
0  3.5  1.75  0.01  0.01  0.36780050811117115  0.46499969717996903  1.0540005250930262  14.579241859971788  1.0  0.748  0.243  0.009  0.798  0.202
0  3.5  1.75  0.01  0.01  0.6330638931680239  -0.07910149194128896  1.1445118817403925  14.252663299789312  1.0  0.798  0.197  0.005  0.786  0.214
0  3.5  1.75  0.01  0.01  0.4501063122872624  0.28046866600624715  1.1548459069008314  14.471120762696536  1.0  0.764  0.228  0.008  0.762  0.238
0  3.5  1.75  0.01  0.01  0.6680111613335739  0.11934732208770835  1.26455231704971  14.18867559557763  1.0  0.83  0.165  0.004  0.833  0.167
0  3.5  1.75  0.01  0.01  0.6921971024683995  -0.15231636807439813  1.477292802752803  14.144530054770485  1.0  0.812  0.184  0.004  0.786  0.214
0  3.5  1.75  0.01  0.01  0.28708558701554865  0.5449947314281585  1.114999982078114  14.398922036993818  1.0  0.72  0.27  0.01  0.774  0.226
0  3.5  1.75  0.01  0.01  0.632476032730368  0.16511251853220077  1.5650007868907363  14.989791978281945  1.0  0.823  0.172  0.005  0.786  0.214
0  3.5  1.75  0.01  0.01  0.6063703709377097  -0.00619809310799618  1.1346780591399943  14.273919678485024  1.0  0.795  0.199  0.006  0.786  0.214
0  3.5  1.75  0.01  0.01  0.4277163640303755  0.7334571418070241  1.7591014766860025  14.474492385761984  1.0  0.802  0.19  0.007  0.81  0.19
0  3.5  1.75  0.01  0.01  0.4026355206207993  0.02452589722793346  1.9211793644462625  15.074909109147123  1.0  0.712  0.279  0.009  0.738  0.262
0  3.5  1.75  0.01  0.01  0.5485974234216202  -0.03273993727098426  1.2476905790742594  14.145304694757044  1.0  0.77  0.223  0.006  0.726  0.274
0  3.5  1.75  0.01  0.01  0.5328602708411132  -0.02188740121926914  1.6492719085373855  14.956634023353033  1.0  0.765  0.228  0.007  0.81  0.19
0  3.5  1.75  0.01  0.01  0.5082122179382833  0.35457197999925594  1.2871788362514125  14.264339124055978  1.0  0.795  0.198  0.007  0.786  0.214
0  3.5  1.75  0.01  0.01  0.872381923609684  -0.6973610210874419  1.1542072518961763  14.109924231901191  1.0  0.811  0.187  0.003  0.81  0.19
0  3.5  1.75  0.01  0.01  0.7051416354899777  -0.7049950183256586  1.017973877165963  14.309393437392597  1.0  0.752  0.244  0.005  0.81  0.19
0  3.5  1.75  0.01  0.01  0.7182285668664792  -0.172778279122013  1.2648274381222167  14.208248621877344  1.0  0.818  0.178  0.004  0.821  0.179
0  3.5  1.75  0.01  0.01  0.6726094513923109  -0.6005964962833308  1.0844379192701816  14.423998427086943  1.0  0.752  0.243  0.005  0.75  0.25
0  3.5  1.75  0.01  0.01  0.29603999203642045  0.4449994225365508  1.224108230737798  14.546184962539778  1.0  0.713  0.278  0.01  0.774  0.226
0  3.5  1.75  0.01  0.01  0.7175565328725939  0.01768523323713673  1.1843456204874019  14.125973771868862  1.0  0.837  0.159  0.004  0.845  0.155
0  3.5  1.75  0.01  0.01  0.6569648279516853  -0.4293388715387906  1.134410241025379  14.31912265316059  1.0  0.767  0.228  0.005  0.75  0.25
0  3.5  1.75  0.01  0.01  0.6379954490933004  -0.1269016173485563  1.2340887561088867  14.336725300443012  1.0  0.794  0.201  0.005  0.798  0.202
0  3.5  1.75  0.01  0.01  0.49201341377231556  0.26232978995536205  1.197107306068007  14.353130444934912  1.0  0.779  0.214  0.007  0.774  0.226
0  3.5  1.75  0.01  0.01  0.3778525813157926  0.31430404587674793  1.124833100916973  14.703672533023523  1.0  0.735  0.256  0.009  0.75  0.25
0  3.5  1.75  0.01  0.01  0.7960401717288086  -0.49476369491399796  1.2349999030759395  14.330459140380004  1.0  0.81  0.186  0.003  0.845  0.155
1  3.5  1.75  0.01  0.01  0.5214481962622066  -0.10617303440959319  1.0964621666574363  14.563669507285113  1.0  0.75  0.243  0.007  0.769  0.231
1  3.5  1.75  0.01  0.01  0.42185553087863703  0.08963506417181491  0.9654401443287196  14.712482124668014  1.0  0.729  0.262  0.008  0.75  0.25
1  3.5  1.75  0.01  0.01  0.5343627778491116  -0.2507006024002478  1.062320621188786  14.665568251660716  1.0  0.738  0.255  0.007  0.756  0.244
1  3.5  1.75  0.01  0.01  0.42315428574216374  -0.23529987227092733  1.00601406121003  14.685979881708008  1.0  0.688  0.303  0.009  0.699  0.301
1  3.5  1.75  0.01  0.01  0.4540439611702314  0.050082955253560435  1.7814733665856681  14.872937008174066  1.0  0.739  0.253  0.008  0.756  0.244
1  3.5  1.75  0.01  0.01  0.4018600958366606  -0.1538586227842445  1.02269698804908  14.944645608670044  1.0  0.69  0.301  0.009  0.718  0.282
1  3.5  1.75  0.01  0.01  0.5330140208301783  -0.2977249370217531  0.9011593809462937  14.663857728727676  1.0  0.731  0.262  0.007  0.763  0.237
1  3.5  1.75  0.01  0.01  0.5187648166184338  -0.08500080648386713  1.4916875296051204  14.406817059001868  1.0  0.751  0.242  0.007  0.744  0.256
1  3.5  1.75  0.01  0.01  0.44306592385677424  -0.25889340145948186  1.1268543804778026  14.854535086357565  1.0  0.695  0.296  0.008  0.718  0.282
1  3.5  1.75  0.01  0.01  0.4226730815485136  0.12987864448059622  1.1962983302871457  14.572285739871317  1.0  0.734  0.257  0.008  0.737  0.263
1  3.5  1.75  0.01  0.01  0.37931416299780896  0.184189809563232  1.3162731275041581  14.695003048857574  1.0  0.72  0.271  0.009  0.731  0.269
1  3.5  1.75  0.01  0.01  0.4722558038195306  -0.001151477794760973  1.7341942854412598  15.002166054917566  1.0  0.741  0.251  0.008  0.769  0.231
1  3.5  1.75  0.01  0.01  0.3836223940233581  -0.06123174860991331  1.092271898564023  14.720031844772725  1.0  0.693  0.298  0.009  0.699  0.301
1  3.5  1.75  0.01  0.01  0.28068336084006296  0.17086311872497478  1.002500496471644  14.90500278646692  1.0  0.671  0.319  0.011  0.686  0.314
1  3.5  1.75  0.01  0.01  0.6258424640897446  -0.14117840009218235  1.1525020326368374  14.404388409930736  1.0  0.788  0.206  0.005  0.801  0.199
1  3.5  1.75  0.01  0.01  0.4569423764360572  -0.018973187598055684  1.1025050733805084  14.690676014156983  1.0  0.732  0.26  0.008  0.75  0.25
1  3.5  1.75  0.01  0.01  0.38675296081111477  0.2678177317366195  1.599587342340112  14.803674570568464  1.0  0.735  0.257  0.009  0.731  0.269
1  3.5  1.75  0.01  0.01  0.30702613558749936  0.3257167573221625  1.1127296456596423  14.697803109766657  1.0  0.704  0.286  0.01  0.712  0.288
1  3.5  1.75  0.01  0.01  0.5933906688425636  -0.307937716273726  1.1464868683712781  14.572300915970398  1.0  0.756  0.238  0.006  0.776  0.224
1  3.5  1.75  0.01  0.01  0.6176944501422732  -0.39835031180181024  1.06241713888477  14.51432205028525  1.0  0.755  0.239  0.006  0.763  0.237
1  3.5  1.75  0.01  0.01  0.47510696019026166  -0.39486656028911854  0.9225781729350536  14.789896019352401  1.0  0.693  0.299  0.008  0.712  0.288
1  3.5  1.75  0.01  0.01  0.6903964496032331  -0.5089147619959573  1.1534736814362063  14.379108613349954  1.0  0.77  0.225  0.005  0.769  0.231
1  3.5  1.75  0.01  0.01  0.4784208786757263  -0.022736853940577124  1.79025627249275  14.838794463203936  1.0  0.742  0.251  0.008  0.75  0.25
1  3.5  1.75  0.01  0.01  0.4468287911154508  0.1349995205338409  1.096018848853906  14.689081423543307  1.0  0.745  0.247  0.008  0.756  0.244
1  3.5  1.75  0.01  0.01  0.4205761161518715  0.28499758860448554  1.1729982355986197  14.585767744577447  1.0  0.751  0.241  0.008  0.763  0.237
1  3.5  1.75  0.01  0.01  0.44534077820999385  -0.07245411730013063  1.206451150755606  14.576736815276362  1.0  0.721  0.271  0.008  0.718  0.282
1  3.5  1.75  0.01  0.01  0.5661575371081273  -0.3627667729275392  1.0424687735012435  14.620745140430063  1.0  0.738  0.255  0.006  0.756  0.244
1  3.5  1.75  0.01  0.01  0.36724651027493  0.19176429706554188  1.2833331920935351  14.81590726021469  1.0  0.716  0.275  0.009  0.737  0.263
1  3.5  1.75  0.01  0.01  0.44071589384592424  -0.012513763560975801  1.442467313015375  15.016121656328696  1.0  0.726  0.266  0.008  0.744  0.256
1  3.5  1.75  0.01  0.01  0.42745760429082114  0.0743374206252182  0.7712332411003981  14.682686329104131  1.0  0.729  0.262  0.008  0.756  0.244
1  3.5  1.75  0.01  0.01  0.5183807068227327  -0.1402991300525626  1.1924612112905293  14.620293246895418  1.0  0.745  0.248  0.007  0.763  0.237
1  3.5  1.75  0.01  0.01  0.4506017016486251  0.01837292370621723  1.1123130372085375  14.668196989060274  1.0  0.734  0.258  0.008  0.75  0.25
1  3.5  1.75  0.01  0.01  0.3499962335540282  -0.03282457517035298  1.1866496836512512  14.83307239065687  1.0  0.68  0.31  0.01  0.692  0.308
1  3.5  1.75  0.01  0.01  0.44778537613463465  0.35991721520873043  1.5993222190036191  14.49997098486937  1.0  0.772  0.221  0.008  0.776  0.224
1  3.5  1.75  0.01  0.01  0.3227081371571223  0.2949358632933731  1.122057404594429  14.747025730727055  1.0  0.707  0.283  0.01  0.718  0.282
1  3.5  1.75  0.01  0.01  0.32708278254639933  0.09208872121827556  1.7816903037981155  15.012915938787675  1.0  0.684  0.306  0.01  0.705  0.295
1  3.5  1.75  0.01  0.01  0.33134779339120923  0.02609400273930702  1.7817777313117689  15.121832158297321  1.0  0.678  0.312  0.01  0.692  0.308
1  3.5  1.75  0.01  0.01  0.45796519307840705  -0.04397740330888365  1.062576905476601  14.739679428071709  1.0  0.73  0.262  0.008  0.75  0.25
1  3.5  1.75  0.01  0.01  0.5421940878285836  -0.23458166033829997  1.1427336642758676  14.633770191367134  1.0  0.744  0.249  0.007  0.763  0.237
1  3.5  1.75  0.01  0.01  0.5490673384935474  -0.11476071524839235  1.0425960611171654  14.46714200002746  1.0  0.761  0.232  0.007  0.763  0.237
1  3.5  1.75  0.01  0.01  0.48878486102376417  -0.07320306445896788  1.1224486765324817  14.59539691906726  1.0  0.74  0.252  0.007  0.75  0.25
1  3.5  1.75  0.01  0.01  0.34326970645674215  -0.12277405401024469  1.2635888484964375  14.826381406155692  1.0  0.665  0.325  0.01  0.673  0.327
1  3.5  1.75  0.01  0.01  0.6025246713050492  -0.27498458119859903  1.1722977236903829  14.489793737604854  1.0  0.764  0.23  0.006  0.776  0.224
1  3.5  1.75  0.01  0.01  0.4227077491655207  0.18999726488556676  1.2131243765136361  14.599936134885334  1.0  0.742  0.25  0.008  0.75  0.25
1  3.5  1.75  0.01  0.01  -0.012011432970343114  0.575072122335295  1.2029953274825906  14.92847690579767  1.0  0.57  0.418  0.012  0.724  0.276
1  3.5  1.75  0.01  0.01  0.34047042660668414  0.19140119675762007  1.8112401953690593  14.837975340922062  1.0  0.703  0.287  0.01  0.692  0.308
1  3.5  1.75  0.01  0.01  0.6794386714236571  -0.49476931402450897  0.9828021653438114  14.610633664404913  1.0  0.768  0.227  0.005  0.808  0.192
1  3.5  1.75  0.01  0.01  0.5303697648430828  -0.27273248642553394  1.2967070612752138  14.578145908620455  1.0  0.734  0.259  0.007  0.737  0.263
1  3.5  1.75  0.01  0.01  0.47284888873520714  -0.009215385763826058  1.2566585250463957  14.655653048266704  1.0  0.74  0.252  0.008  0.756  0.244
1  3.5  1.75  0.01  0.01  0.491385795547794  -0.19421543116382922  1.1967365002913373  14.551981030301121  1.0  0.727  0.266  0.008  0.724  0.276
1  3.5  1.75  0.01  0.01  0.37549081519037264  0.32499997010306625  1.4160001077359807  14.645315725238142  1.0  0.735  0.256  0.009  0.756  0.244
1  3.5  1.75  0.01  0.01  0.586655230009699  -0.24739723639573197  1.4793127330694997  14.570272194560822  1.0  0.76  0.234  0.006  0.782  0.218
1  3.5  1.75  0.01  0.01  0.4881852655481587  0.006126449982230948  1.3863937074345918  14.595114798468277  1.0  0.749  0.243  0.007  0.763  0.237
1  3.5  1.75  0.01  0.01  0.5676239362873652  -0.10370236553171511  1.7815750703607784  14.801194910522222  1.0  0.77  0.224  0.006  0.776  0.224
1  3.5  1.75  0.01  0.01  0.4627205182625599  0.0898621513498111  1.7837364404976028  14.713472010237277  1.0  0.748  0.245  0.008  0.737  0.263
1  3.5  1.75  0.01  0.01  0.5774441722269443  -0.23909025291550748  1.7844581288490278  14.83746559316236  1.0  0.758  0.236  0.006  0.769  0.231
1  3.5  1.75  0.01  0.01  0.44472877075164174  0.27430816831744215  1.072706739561402  14.616814058890178  1.0  0.76  0.232  0.008  0.782  0.218
1  3.5  1.75  0.01  0.01  0.47376071166443284  0.034206821885371844  1.132725936567262  14.631762877405919  1.0  0.745  0.247  0.008  0.763  0.237
1  3.5  1.75  0.01  0.01  0.4310381270905922  0.009224969998705534  1.4164036206892465  14.820242593639682  1.0  0.724  0.268  0.008  0.744  0.256
1  3.5  1.75  0.01  0.01  0.7501846721668812  -0.2650004410151682  1.7149691475874378  14.841216768755348  1.0  0.819  0.178  0.004  0.756  0.244
1  3.5  1.75  0.01  0.01  0.39464448820633036  -0.0008577659419728382  1.0027465630878762  14.756330609542614  1.0  0.706  0.286  0.009  0.718  0.282
1  3.5  1.75  0.01  0.01  0.40512839640684656  0.04466279071846916  0.8324155423487059  14.698354094358333  1.0  0.715  0.276  0.009  0.737  0.263
1  3.5  1.75  0.01  0.01  0.3583611685818845  0.1833812624593507  1.222065698082113  14.74368541104349  1.0  0.711  0.28  0.009  0.724  0.276
1  3.5  1.75  0.01  0.01  0.41180778555710185  0.17328289687393492  1.2367116131402556  14.683042224178353  1.0  0.734  0.257  0.008  0.75  0.25
1  3.5  1.75  0.01  0.01  0.35926703721349407  0.4194095783802707  1.7210973546248536  14.631082477041792  1.0  0.74  0.251  0.009  0.744  0.256
1  3.5  1.75  0.01  0.01  0.5513142004800982  0.06434392892442481  1.2928663165019108  14.423037599008811  1.0  0.781  0.212  0.006  0.788  0.212
1  3.5  1.75  0.01  0.01  0.4060656132402898  0.1811717910578646  1.7145249170095362  14.818636139035807  1.0  0.733  0.259  0.009  0.744  0.256
1  3.5  1.75  0.01  0.01  0.4293869964198368  -0.08470905832726938  1.3735976579156806  14.606509379426976  1.0  0.712  0.28  0.008  0.712  0.288
1  3.5  1.75  0.01  0.01  0.488899110391531  0.0050799731131802445  1.1924813670498704  14.669128281000022  1.0  0.75  0.243  0.007  0.776  0.224
1  3.5  1.75  0.01  0.01  0.14522570214177777  0.7749965129151623  1.782691042672163  14.664106920507484  1.0  0.68  0.309  0.011  0.744  0.256
1  3.5  1.75  0.01  0.01  0.4122415907630863  0.0036662966348344327  1.0124239174733947  14.852389469994572  1.0  0.714  0.277  0.009  0.737  0.263
1  3.5  1.75  0.01  0.01  0.5167799570733782  0.08500111901337874  1.659474761255374  14.843803060451842  1.0  0.771  0.223  0.007  0.769  0.231
1  3.5  1.75  0.01  0.01  0.2907611575621195  0.2868750363584648  1.1625315870371051  14.81755409660664  1.0  0.691  0.298  0.01  0.705  0.295
1  3.5  1.75  0.01  0.01  0.3968334186474026  0.027881973043773746  1.172463211407567  14.741753719426791  1.0  0.71  0.281  0.009  0.724  0.276
1  3.5  1.75  0.01  0.01  0.4343060087791507  0.06703882335783445  1.162223990584406  14.694239965328343  1.0  0.733  0.259  0.008  0.75  0.25
1  3.5  1.75  0.01  0.01  0.17779121840277406  0.5349993465228171  1.43699461381184  14.871457223905782  1.0  0.665  0.324  0.011  0.705  0.295
1  3.5  1.75  0.01  0.01  0.4661768282453782  0.19930900676390767  1.112189845117343  14.610219637521721  1.0  0.762  0.231  0.008  0.782  0.218
1  3.5  1.75  0.01  0.01  0.40064069947502334  0.0016423098580101837  1.142621442513291  14.846547225511326  1.0  0.708  0.283  0.009  0.731  0.269
1  3.5  1.75  0.01  0.01  0.4512204744649795  0.042300624275134015  1.1021726542912558  14.696480066786417  1.0  0.737  0.255  0.008  0.756  0.244
1  3.5  1.75  0.01  0.01  0.4515104537016738  0.20445559201609026  1.1921797992790375  14.581806560066594  1.0  0.755  0.237  0.008  0.769  0.231
1  3.5  1.75  0.01  0.01  0.4592042662229513  0.38003982551870535  2.0987561726020982  15.2358577066415  1.0  0.779  0.214  0.007  0.782  0.218
1  3.5  1.75  0.01  0.01  0.3142329271873676  -0.009703351533672595  1.0726182449401422  14.895332061651306  1.0  0.664  0.325  0.01  0.679  0.321
1  3.5  1.75  0.01  0.01  0.46196308953796006  -0.04916416005652751  1.1523256985274075  14.698711092256653  1.0  0.731  0.261  0.008  0.75  0.25
1  3.5  1.75  0.01  0.01  0.40258077743497045  0.5449957665983978  1.609935768418553  14.70993766360938  1.0  0.772  0.22  0.008  0.782  0.218
1  3.5  1.75  0.01  0.01  0.43782864105198666  -0.043663427967943216  1.2767138428156546  14.721079108625773  1.0  0.721  0.271  0.008  0.737  0.263
1  3.5  1.75  0.01  0.01  0.6038675042432919  -0.10796384533076744  1.072465167722318  14.487436827173338  1.0  0.783  0.211  0.006  0.808  0.192
1  3.5  1.75  0.01  0.01  0.5656612078825977  -0.015129372057160943  1.1229386017318432  14.538104521901342  1.0  0.778  0.216  0.006  0.808  0.192
1  3.5  1.75  0.01  0.01  0.6507186222786776  -0.5449998724440479  1.4510050525286886  14.50220695138522  1.0  0.751  0.244  0.005  0.763  0.237
1  3.5  1.75  0.01  0.01  0.5817758164864908  -0.3221771592666851  1.1424312459552035  14.562375078749715  1.0  0.75  0.244  0.006  0.763  0.237
1  3.5  1.75  0.01  0.01  0.36171386745044354  0.14396627332615597  1.062877877521427  14.716448673422478  1.0  0.707  0.283  0.009  0.718  0.282
1  3.5  1.75  0.01  0.01  0.3898587870503417  -0.006453347844070676  1.1025758339314646  14.655464047148417  1.0  0.702  0.289  0.009  0.705  0.295
1  3.5  1.75  0.01  0.01  0.3930030570189346  0.0131731547199082  1.132010365668259  14.691897681171854  1.0  0.706  0.285  0.009  0.712  0.288
1  3.5  1.75  0.01  0.01  0.5338820646311498  -0.21144594346137002  1.4945465608567288  14.459504147393687  1.0  0.743  0.25  0.007  0.731  0.269
1  3.5  1.75  0.01  0.01  0.6344161346192151  -0.44829394403266376  1.0828361927876997  14.597531272425584  1.0  0.756  0.239  0.005  0.782  0.218
1  3.5  1.75  0.01  0.01  0.4867510722086491  -0.1365389441642424  1.082650070202519  14.742066791560532  1.0  0.731  0.262  0.008  0.756  0.244
1  3.5  1.75  0.01  0.01  0.39910550605485334  -0.03362828409325917  1.1524501267979692  14.816354252787137  1.0  0.704  0.287  0.009  0.724  0.276
1  3.5  1.75  0.01  0.01  0.44027189414759604  -0.06555929221125759  1.0364164238381524  14.725545412487222  1.0  0.718  0.273  0.008  0.744  0.256
1  3.5  1.75  0.01  0.01  0.3863483769635079  -0.11499931971625171  1.0120291523988283  14.888283391498485  1.0  0.687  0.303  0.009  0.705  0.295
1  3.5  1.75  0.01  0.01  0.41872927644751795  0.04135513596702444  1.0023770229353448  14.785209542506523  1.0  0.722  0.27  0.009  0.744  0.256
1  3.5  1.75  0.01  0.01  0.5117751287184215  -0.3218756811992164  1.1124416771169163  14.65398965619523  1.0  0.719  0.273  0.007  0.731  0.269
1  3.5  1.75  0.01  0.01  0.46565177964662835  -0.1925728392392263  1.142828890472556  14.731540966480802  1.0  0.715  0.277  0.008  0.731  0.269
1  3.5  1.75  0.01  0.01  0.37982567659560906  0.022366262213616206  1.2563040707188993  14.877588404865229  1.0  0.701  0.29  0.009  0.724  0.276
1  3.5  1.75  0.01  0.01  0.4077666103382418  -0.03300191201169311  0.9721618706439281  14.710175030584551  1.0  0.708  0.283  0.009  0.724  0.276
1  3.5  1.75  0.01  0.01  0.6505709230955887  -0.5549691395095783  1.2760295930108734  14.480125321693668  1.0  0.75  0.245  0.005  0.75  0.25
1  3.5  1.75  0.01  0.01  0.5767157454172649  -0.43499717023416573  1.142014316582218  14.632443117236393  1.0  0.734  0.26  0.006  0.75  0.25
1  3.5  1.75  0.01  0.01  0.4408174265916375  0.20456851852840585  1.152579580354916  14.605915209741385  1.0  0.751  0.241  0.008  0.763  0.237
1  3.5  1.75  0.01  0.01  0.4472622238440453  0.30499931650996503  1.2620121713223922  14.441902062029804  1.0  0.765  0.227  0.008  0.769  0.231
1  3.5  1.75  0.01  0.01  -0.01928197415739884  -0.18499991179112707  1.0129924482715111  14.959041129720559  1.0  0.457  0.53  0.013  0.769  0.231
1  3.5  1.75  0.01  0.01  0.5300447693751646  -0.23096170913081654  1.1163371424548556  14.579155471341807  1.0  0.739  0.254  0.007  0.744  0.256
1  3.5  1.75  0.01  0.01  0.5619363317806629  -0.27945411693308136  1.2664486196828464  14.604451461303528  1.0  0.746  0.247  0.006  0.763  0.237
1  3.5  1.75  0.01  0.01  0.28680079159930083  0.14775437581076212  1.1566525455647743  14.956924990503927  1.0  0.671  0.318  0.01  0.692  0.308
1  3.5  1.75  0.01  0.01  0.6077919447877878  -0.1523424483323243  1.4134529191814191  14.633392129869277  1.0  0.78  0.214  0.006  0.788  0.212
1  3.5  1.75  0.01  0.01  0.4496095988230362  0.006465459348051971  0.9926609194707479  14.723513925146172  1.0  0.732  0.26  0.008  0.75  0.25
1  3.5  1.75  0.01  0.01  0.5792250233487107  -0.334724852067528  1.1326931850203337  14.538644218194845  1.0  0.748  0.246  0.006  0.756  0.244
1  3.5  1.75  0.01  0.01  0.4473915725534974  -0.03649673441125667  1.0625973088430918  14.73313655305451  1.0  0.725  0.267  0.008  0.744  0.256
1  3.5  1.75  0.01  0.01  0.5066752926143063  -0.19323877921755955  1.032860975270907  14.685240574605546  1.0  0.734  0.259  0.007  0.75  0.25
1  3.5  1.75  0.01  0.01  0.645317326302635  0.0017601868834792324  1.1226872083589943  14.228629192622215  1.0  0.81  0.185  0.005  0.808  0.192
1  3.5  1.75  0.01  0.01  0.5801857154260388  -0.2379994771738445  1.15248158967471  14.502839452932385  1.0  0.759  0.235  0.006  0.769  0.231
1  3.5  1.75  0.01  0.01  0.4794657201224276  0.25785412517587636  1.5975071824716762  14.62395776959779  1.0  0.774  0.219  0.007  0.769  0.231
1  3.5  1.75  0.01  0.01  0.34147854845999137  0.314997749502849  1.1226436419059347  14.873720389395954  1.0  0.718  0.272  0.009  0.737  0.263
1  3.5  1.75  0.01  0.01  0.46779818437350407  0.18848581927084157  1.1424704180645402  14.511511169530118  1.0  0.761  0.231  0.008  0.769  0.231
1  3.5  1.75  0.01  0.01  0.5347693466243553  -0.07497887255765012  1.5515744769101045  14.812100049559493  1.0  0.76  0.233  0.007  0.763  0.237
1  3.5  1.75  0.01  0.01  0.4505033248339726  -0.011007268606522274  1.112488838074287  14.613860667820555  1.0  0.73  0.262  0.008  0.737  0.263
1  3.5  1.75  0.01  0.01  0.3678692390166117  0.11579788002786465  1.2746495626150254  14.713828492201243  1.0  0.708  0.283  0.009  0.718  0.282
1  3.5  1.75  0.01  0.01  0.32395895458731344  0.17638717442514362  1.1123470975153544  14.904590460707468  1.0  0.694  0.296  0.01  0.712  0.288
1  3.5  1.75  0.01  0.01  0.431242918786808  0.1549986670147402  1.092177056687142  14.625549410766126  1.0  0.741  0.251  0.008  0.756  0.244
1  3.5  1.75  0.01  0.01  0.4150521449174345  -0.11499982949698448  1.4079791563848725  14.434381965492618  1.0  0.701  0.29  0.009  0.718  0.282
1  3.5  1.75  0.01  0.01  0.3608257662226719  0.08482132334992781  1.0821408738853018  14.77621119833602  1.0  0.699  0.291  0.009  0.712  0.288
1  3.5  1.75  0.01  0.01  0.2630154484694534  0.6231883723488805  1.2321550213949741  14.821424244497365  1.0  0.719  0.271  0.01  0.737  0.263
1  3.5  1.75  0.01  0.01  0.4291862429546207  0.2749995038204833  1.0560060788043923  14.7386835076304  1.0  0.754  0.238  0.008  0.756  0.244
1  3.5  1.75  0.01  0.01  0.5117295247326814  -0.12861776307062422  1.7145102671200119  14.674541918523337  1.0  0.743  0.25  0.007  0.724  0.276
1  3.5  1.75  0.01  0.01  0.30921932083986703  0.1898427850031909  1.216224491647602  14.885807502407983  1.0  0.688  0.302  0.01  0.705  0.295
1  3.5  1.75  0.01  0.01  0.45564166460142413  -0.27499823836590925  1.2569949315947682  14.86322064039633  1.0  0.7  0.292  0.008  0.731  0.269
1  3.5  1.75  0.01  0.01  0.4678912972296142  -0.04608986195123281  1.0724821421822968  14.739759477859089  1.0  0.733  0.259  0.008  0.756  0.244
1  3.5  1.75  0.01  0.01  0.5441932499360618  -0.34481255161498525  1.0921228615854146  14.614141598632486  1.0  0.731  0.262  0.007  0.744  0.256
1  3.5  1.75  0.01  0.01  0.4914850655482531  -0.062288947989103505  1.7814348775757889  14.810553269847547  1.0  0.743  0.25  0.007  0.744  0.256
1  3.5  1.75  0.01  0.01  0.2920722820009116  0.25238813096097024  1.242342432407067  14.98582539510944  1.0  0.687  0.303  0.01  0.712  0.288
1  3.5  1.75  0.01  0.01  0.5676231507284675  -0.21007011684205013  0.9626374303718048  14.636452387407626  1.0  0.757  0.236  0.006  0.782  0.218
1  3.5  1.75  0.01  0.01  0.4714034409779775  -0.2736386495167371  1.022468499563044  14.70382503588441  1.0  0.707  0.285  0.008  0.718  0.282
1  3.5  1.75  0.01  0.01  0.5711738597945666  -0.3149794685773652  1.1320164511820419  14.59571971033769  1.0  0.747  0.247  0.006  0.756  0.244
1  3.5  1.75  0.01  0.01  0.4727202778436095  0.21437405090479159  1.3024110070268815  14.486990984432278  1.0  0.766  0.227  0.007  0.756  0.244
1  3.5  1.75  0.01  0.01  0.6521280722305509  -0.4348076266468135  1.7809999642522392  14.794536192428245  1.0  0.765  0.23  0.005  0.782  0.218
1  3.5  1.75  0.01  0.01  0.5556093393015051  -0.12630149337731505  1.2169925227524956  14.49985592740859  1.0  0.762  0.232  0.006  0.769  0.231
1  3.5  1.75  0.01  0.01  0.4479423735074679  0.16486930537341066  1.152709405558434  14.609226795695617  1.0  0.749  0.243  0.008  0.763  0.237
1  3.5  1.75  0.01  0.01  0.07554087936452716  0.18500119544655597  1.7810043843189158  15.311956479221962  1.0  0.563  0.424  0.013  0.686  0.314
1  3.5  1.75  0.01  0.01  0.5034619133738906  -0.1249952824130908  1.4131494441837813  14.808336495531671  1.0  0.741  0.252  0.007  0.737  0.263
1  3.5  1.75  0.01  0.01  0.4151643507260316  0.2749526226331197  1.166014368689196  14.585064546990965  1.0  0.748  0.244  0.008  0.756  0.244
1  3.5  1.75  0.01  0.01  0.3864044573862048  0.0050003694410430295  1.0520075256950472  14.892707508336388  1.0  0.703  0.288  0.009  0.731  0.269
1  3.5  1.75  0.01  0.01  0.5938710156696005  -0.22500083283339262  1.032186982538848  14.534508678086759  1.0  0.766  0.228  0.006  0.763  0.237
1  3.5  1.75  0.01  0.01  0.5208899738754834  -0.3524706985402345  1.0727696425316526  14.610422872444387  1.0  0.72  0.273  0.007  0.724  0.276
