0  3.5  1.75  0.01  0.01  0.30773182553038425  -0.18912328101477632  0.4505836275230825  14.309103892629755  14.309103892629755  1.0  0.577  0.323  0.1  0.645  0.355  0.645  0.355  True
0  3.5  1.75  0.01  0.01  0.234687314683277  0.11885693393914941  0.8023183773644064  14.271954811051636  14.271954811051636  1.0  0.583  0.315  0.102  0.645  0.355  0.645  0.355  True
0  3.5  1.75  0.01  0.01  0.2784849037638196  -0.09046329821344723  0.44077468874397896  14.300090994376008  14.300090994376008  1.0  0.576  0.323  0.101  0.645  0.355  0.645  0.355  True
0  3.5  1.75  0.01  0.01  0.26854556471532265  -0.04845363306447879  0.4603261662288206  14.296935132772406  14.296935132772406  1.0  0.577  0.322  0.101  0.645  0.355  0.645  0.355  True
0  3.5  1.75  0.01  0.01  0.24585692828213734  0.0326877325438575  0.4603661405366402  14.292813068954706  14.292813068954706  1.0  0.576  0.322  0.102  0.645  0.355  0.645  0.355  True
0  3.5  1.75  0.01  0.01  0.28488540664074014  -0.1136536812073965  0.45083267241789304  14.301407564711633  14.301407564711633  1.0  0.577  0.323  0.101  0.645  0.355  0.645  0.355  True
0  3.5  1.75  0.01  0.01  0.27161790446411427  -0.004847178544481731  0.8129472060400331  14.28078373516771  14.28078373516771  1.0  0.585  0.314  0.101  0.645  0.355  0.645  0.355  True
0  3.5  1.75  0.01  0.01  0.3204806031196644  -0.24288519432339414  0.4305206750082792  14.314814687951651  14.314814687951651  1.0  0.577  0.324  0.099  0.645  0.355  0.645  0.355  True
0  3.5  1.75  0.01  0.01  0.3264045622243398  -0.2384797616647653  0.5009356221525275  14.320770139492005  14.320770139492005  1.0  0.58  0.321  0.099  0.645  0.355  0.645  0.355  True
0  3.5  1.75  0.01  0.01  0.2515462168585344  0.006810404392492099  0.46037230582475985  14.2936360995566  14.2936360995566  1.0  0.576  0.322  0.102  0.645  0.355  0.645  0.355  True
0  3.5  1.75  0.01  0.01  0.25714851836466973  -0.010841581497280813  0.46080665282327055  14.294597630271715  14.294597630271715  1.0  0.576  0.322  0.102  0.645  0.355  0.645  0.355  True
0  3.5  1.75  0.01  0.01  0.19790932535027878  0.20487321896228083  0.4606331065979724  14.291455387699608  14.291455387699608  1.0  0.576  0.321  0.103  0.645  0.355  0.645  0.355  True
0  3.5  1.75  0.01  0.01  0.2735073578937416  -0.07040805085278148  0.4505697633238115  14.298379661675204  14.298379661675204  1.0  0.576  0.322  0.101  0.645  0.355  0.645  0.355  True
0  3.5  1.75  0.01  0.01  0.23719477046948786  0.08044239116925919  0.5501321836682574  14.300469846956643  14.300469846956643  1.0  0.579  0.319  0.102  0.645  0.355  0.645  0.355  True
0  3.5  1.75  0.01  0.01  0.21987390709847585  0.11281386547511346  0.4005819364078397  14.298258910216498  14.298258910216498  1.0  0.574  0.323  0.103  0.645  0.355  0.645  0.355  True
0  3.5  1.75  0.01  0.01  0.1970854140996025  0.20499744797839015  0.4800299902641802  14.290334197115634  14.290334197115634  1.0  0.575  0.322  0.103  0.645  0.355  0.645  0.355  True
0  3.5  1.75  0.01  0.01  0.23121544341692785  0.08699684124601353  0.5005022123633869  14.291579212600482  14.291579212600482  1.0  0.577  0.32  0.102  0.645  0.355  0.645  0.355  True
0  3.5  1.75  0.01  0.01  0.2913443111620742  -0.1266879294923966  0.46068524504561115  14.303261482453296  14.303261482453296  1.0  0.577  0.322  0.101  0.645  0.355  0.645  0.355  True
0  3.5  1.75  0.01  0.01  0.2181095191426467  0.13502002956556436  0.5208719087789847  14.292242841703997  14.292242841703997  1.0  0.577  0.32  0.103  0.645  0.355  0.645  0.355  True
0  3.5  1.75  0.01  0.01  0.2770556545123567  -0.08873652686657096  0.4207909619150626  14.301356523891062  14.301356523891062  1.0  0.575  0.323  0.101  0.645  0.355  0.645  0.355  True
0  3.5  1.75  0.01  0.01  0.2465072773594857  0.02554829555868851  0.4706029386428366  14.292679285032355  14.292679285032355  1.0  0.577  0.321  0.102  0.645  0.355  0.645  0.355  True
0  3.5  1.75  0.01  0.01  0.17041080806620823  0.30075562835115643  0.47092235722406073  14.294422460186453  14.294422460186453  1.0  0.576  0.321  0.104  0.645  0.355  0.645  0.355  True
0  3.5  1.75  0.01  0.01  0.24239748721952278  0.03655166217998711  0.45052770797833563  14.292887668907742  14.292887668907742  1.0  0.576  0.322  0.102  0.645  0.355  0.645  0.355  True
0  3.5  1.75  0.01  0.01  0.24934156187728218  0.015064701408098425  0.4704402673458153  14.293107378841285  14.293107378841285  1.0  0.577  0.321  0.102  0.645  0.355  0.645  0.355  True
0  3.5  1.75  0.01  0.01  0.2089994821147228  0.16513579402210077  0.5108318757943092  14.290839658523689  14.290839658523689  1.0  0.577  0.32  0.103  0.645  0.355  0.645  0.355  True
0  3.5  1.75  0.01  0.01  0.19948446479067872  0.2002053137823529  0.4906296992762354  14.290182842286617  14.290182842286617  1.0  0.576  0.321  0.103  0.645  0.355  0.645  0.355  True
0  3.5  1.75  0.01  0.01  0.2018434381274127  0.1550921835998474  0.4809989075914649  14.290088525463428  14.290088525463428  1.0  0.572  0.325  0.103  0.645  0.355  0.645  0.355  True
0  3.5  1.75  0.01  0.01  0.3227450817472078  -0.17495069092202137  0.8022373047156974  14.291539715249227  14.291539715249227  1.0  0.588  0.314  0.099  0.645  0.355  0.645  0.355  True
0  3.5  1.75  0.01  0.01  0.2549653262684308  0.0012896672845416923  0.47043835377439636  14.294067796950413  14.294067796950413  1.0  0.577  0.321  0.102  0.645  0.355  0.645  0.355  True
0  3.5  1.75  0.01  0.01  0.22323171532954714  0.09725817422172509  0.41008560068268396  14.296477730497662  14.296477730497662  1.0  0.574  0.323  0.103  0.645  0.355  0.645  0.355  True
1  3.5  1.75  0.01  0.01  0.7891755456385839  0.05633219753916223  0.9999971721503922  13.552849164884714  13.552849164884714  1.0  0.82  0.128  0.052  0.85  0.15  0.85  0.15  True
1  3.5  1.75  0.01  0.01  0.6967042002120589  -0.21245564851254617  0.20325563323753368  13.859701444476313  13.859701444476313  1.0  0.757  0.179  0.065  0.85  0.15  0.85  0.15  True
1  3.5  1.75  0.01  0.01  0.7334839229430892  0.05798425063550511  0.812675998542988  13.572068968048653  13.572068968048653  1.0  0.8  0.142  0.057  0.85  0.15  0.85  0.15  True
1  3.5  1.75  0.01  0.01  0.7859555458588319  -0.05388415934901748  0.8526937105059237  13.563123232594698  13.563123232594698  1.0  0.808  0.138  0.054  0.85  0.15  0.85  0.15  True
1  3.5  1.75  0.01  0.01  0.7181963094518367  0.14573403229132176  0.8770903315513532  13.55309900030982  13.55309900030982  1.0  0.804  0.139  0.058  0.85  0.15  0.85  0.15  True
1  3.5  1.75  0.01  0.01  0.64683659397331  0.12780926295581835  0.4734522420325295  13.799334265506337  13.799334265506337  1.0  0.775  0.16  0.065  0.85  0.15  0.85  0.15  True
1  3.5  1.75  0.01  0.01  0.6816364512010424  0.011630064484053498  0.4533202796442131  13.79255564039949  13.79255564039949  1.0  0.775  0.161  0.063  0.85  0.15  0.85  0.15  True
1  3.5  1.75  0.01  0.01  0.7686398978311813  -0.26457412911690903  0.4437791347842176  13.789394406698275  13.789394406698275  1.0  0.779  0.163  0.058  0.85  0.15  0.85  0.15  True
1  3.5  1.75  0.01  0.01  0.7543043922244204  0.09774317723603487  0.9376711906213324  13.544151416410834  13.544151416410834  1.0  0.812  0.134  0.055  0.85  0.15  0.85  0.15  True
1  3.5  1.75  0.01  0.01  0.8448094147393362  -0.1706120975006499  0.8925816536045592  13.567082641414347  13.567082641414347  1.0  0.816  0.134  0.05  0.85  0.15  0.85  0.15  True
1  3.5  1.75  0.01  0.01  0.669655791762465  0.06380548417449114  0.47355386237550595  13.79507791085891  13.79507791085891  1.0  0.776  0.16  0.064  0.85  0.15  0.85  0.15  True
1  3.5  1.75  0.01  0.01  0.8364325366586809  -0.13929885968083744  0.9026044923706918  13.563837042190027  13.563837042190027  1.0  0.816  0.134  0.05  0.85  0.15  0.85  0.15  True
1  3.5  1.75  0.01  0.01  0.694751936953018  -0.03101567991194335  0.45319244599328423  13.790920278390228  13.790920278390228  1.0  0.776  0.161  0.063  0.85  0.15  0.85  0.15  True
1  3.5  1.75  0.01  0.01  0.7336490163154159  0.17721683190114543  0.9722077183894553  13.538494402948324  13.538494402948324  1.0  0.812  0.132  0.056  0.85  0.15  0.85  0.15  True
1  3.5  1.75  0.01  0.01  0.7262131049109375  -0.13590716595393484  0.4334899280698883  13.788845576530116  13.788845576530116  1.0  0.776  0.163  0.061  0.85  0.15  0.85  0.15  True
1  3.5  1.75  0.01  0.01  0.69775643736584  0.2832455121718628  0.9822677775395567  13.534214606878658  13.534214606878658  1.0  0.809  0.133  0.058  0.85  0.15  0.85  0.15  True
1  3.5  1.75  0.01  0.01  0.6980370274171929  -0.03720495252168406  0.4538400024731551  13.790582069085776  13.790582069085776  1.0  0.776  0.161  0.062  0.85  0.15  0.85  0.15  True
1  3.5  1.75  0.01  0.01  0.7210282151557562  0.21908231773986894  0.9822094305730968  13.536468240208022  13.536468240208022  1.0  0.812  0.132  0.056  0.85  0.15  0.85  0.15  True
1  3.5  1.75  0.01  0.01  0.681629200976229  0.007190927722699771  0.45369408071329015  13.792555640030038  13.792555640030038  1.0  0.775  0.161  0.063  0.85  0.15  0.85  0.15  True
1  3.5  1.75  0.01  0.01  0.8575174962144259  -0.2249802259556413  0.8721719409707154  13.57302094732727  13.57302094732727  1.0  0.816  0.136  0.049  0.85  0.15  0.85  0.15  True
1  3.5  1.75  0.01  0.01  0.7549040784585722  0.10883825578798795  0.9523714512443021  13.542767407577108  13.542767407577108  1.0  0.813  0.133  0.055  0.85  0.15  0.85  0.15  True
1  3.5  1.75  0.01  0.01  0.779066637994924  -0.3297737632353014  0.39354214191643366  13.792709314627666  13.792709314627666  1.0  0.775  0.167  0.058  0.85  0.15  0.85  0.15  True
1  3.5  1.75  0.01  0.01  0.7759199324639057  0.035050738134123384  0.9327055347848201  13.547922126625572  13.547922126625572  1.0  0.813  0.133  0.054  0.85  0.15  0.85  0.15  True
1  3.5  1.75  0.01  0.01  0.6431298461355788  0.4467921550435041  1.0223614021938678  13.530388199400639  13.530388199400639  1.0  0.806  0.133  0.06  0.85  0.15  0.85  0.15  True
1  3.5  1.75  0.01  0.01  0.8025137234088063  -0.024549152904310177  0.9426637867907812  13.552596815989382  13.552596815989382  1.0  0.817  0.132  0.052  0.85  0.15  0.85  0.15  True
1  3.5  1.75  0.01  0.01  0.7227009597464915  -0.17560311510557414  0.3632640740043457  13.799225070582631  13.799225070582631  1.0  0.77  0.168  0.062  0.85  0.15  0.85  0.15  True
1  3.5  1.75  0.01  0.01  0.702296985314333  -0.05736431294427852  0.443915369412816  13.790207354910153  13.790207354910153  1.0  0.776  0.162  0.062  0.85  0.15  0.85  0.15  True
1  3.5  1.75  0.01  0.01  0.0714151845693125  0.7749989568229858  0.4303661333313963  14.082890646793503  14.082890646793503  1.0  0.593  0.306  0.101  0.85  0.15  0.85  0.15  True
1  3.5  1.75  0.01  0.01  0.49333927433170083  0.5849953180338137  0.5030256438291478  13.858433952072216  13.858433952072216  1.0  0.762  0.165  0.073  0.85  0.15  0.85  0.15  True
1  3.5  1.75  0.01  0.01  0.7519558237188693  -0.2069076084750403  0.44367983859791915  13.788572138229842  13.788572138229842  1.0  0.778  0.162  0.059  0.85  0.15  0.85  0.15  True
0  3.5  1.75  0.01  0.01  0.2995069451526495  -0.18212504119070874  0.3803280009909759  14.312750072449507  14.312750072449507  1.0  0.574  0.325  0.1  0.645  0.355  0.645  0.355  True
0  3.5  1.75  0.01  0.01  0.27708159457082926  -0.021580823987336108  0.8037814298465791  14.277446621816415  14.277446621816415  1.0  0.585  0.314  0.101  0.645  0.355  0.645  0.355  True
0  3.5  1.75  0.01  0.01  0.2905395920553308  -0.06499911034450707  0.4500132374391906  14.29820245035837  14.29820245035837  1.0  0.587  0.313  0.1  0.645  0.355  0.645  0.355  True
0  3.5  1.75  0.01  0.01  0.2102583371645117  0.1632829186114786  0.48067993863917324  14.289999380925044  14.289999380925044  1.0  0.576  0.321  0.103  0.645  0.355  0.645  0.355  True
0  3.5  1.75  0.01  0.01  0.3260296827239567  -0.15909945486675356  0.8726165889400092  14.338661844546804  14.338661844546804  1.0  0.591  0.311  0.098  0.645  0.355  0.645  0.355  True
0  3.5  1.75  0.01  0.01  0.1986139238635195  0.19698563643964356  0.47311962464635066  14.291843842202228  14.291843842202228  1.0  0.576  0.321  0.103  0.645  0.355  0.645  0.355  True
0  3.5  1.75  0.01  0.01  0.2543609971499722  -0.0029881163013503187  0.46067600738488373  14.29409956834312  14.29409956834312  1.0  0.576  0.322  0.102  0.645  0.355  0.645  0.355  True
0  3.5  1.75  0.01  0.01  0.2638243734918523  0.0015707373782416257  0.6002279356124671  14.328892195808285  14.328892195808285  1.0  0.581  0.317  0.101  0.645  0.355  0.645  0.355  True
0  3.5  1.75  0.01  0.01  0.2699744001458543  -0.0470044270639286  0.4808132034134539  14.29750925448229  14.29750925448229  1.0  0.577  0.321  0.101  0.645  0.355  0.645  0.355  True
0  3.5  1.75  0.01  0.01  0.28009008376882516  -0.03464571021845195  0.8038278718106988  14.278135628171338  14.278135628171338  1.0  0.585  0.314  0.1  0.645  0.355  0.645  0.355  True
0  3.5  1.75  0.01  0.01  0.2278191941154361  0.09556233035494793  0.4907031576724185  14.290770553489324  14.290770553489324  1.0  0.577  0.321  0.103  0.645  0.355  0.645  0.355  True
0  3.5  1.75  0.01  0.01  0.31640740790622846  -0.22209322936102505  0.45073904904173556  14.312552607826834  14.312552607826834  1.0  0.577  0.323  0.099  0.645  0.355  0.645  0.355  True
0  3.5  1.75  0.01  0.01  0.22318903527205858  0.09439294091386205  0.36052282962797644  14.30668075534596  14.30668075534596  1.0  0.573  0.324  0.103  0.645  0.355  0.645  0.355  True
0  3.5  1.75  0.01  0.01  0.21979014790919682  0.168145153305728  0.803437690226196  14.271559046872772  14.271559046872772  1.0  0.583  0.315  0.102  0.645  0.355  0.645  0.355  True
0  3.5  1.75  0.01  0.01  0.28348618358417366  -0.11454951698860436  0.4305154723447487  14.302059001031362  14.302059001031362  1.0  0.576  0.323  0.101  0.645  0.355  0.645  0.355  True
0  3.5  1.75  0.01  0.01  0.2735073186594525  -0.07157330623677872  0.4506423443671673  14.298379661668912  14.298379661668912  1.0  0.576  0.322  0.101  0.645  0.355  0.645  0.355  True
0  3.5  1.75  0.01  0.01  0.19279781470917987  0.25849875356865865  0.8030447314060936  14.273606908982153  14.273606908982153  1.0  0.581  0.316  0.103  0.645  0.355  0.645  0.355  True
0  3.5  1.75  0.01  0.01  0.3175941611113721  -0.2329808806994677  0.4303288548547724  14.313630029271057  14.313630029271057  1.0  0.577  0.324  0.099  0.645  0.355  0.645  0.355  True
0  3.5  1.75  0.01  0.01  0.20122395913770852  0.19123006027660805  0.4704182650882222  14.290590479132224  14.290590479132224  1.0  0.576  0.321  0.103  0.645  0.355  0.645  0.355  True
0  3.5  1.75  0.01  0.01  0.2770020431297686  -0.13337507891814276  0.260382193262515  14.338417712186601  14.338417712186601  1.0  0.57  0.329  0.101  0.645  0.355  0.645  0.355  True
0  3.5  1.75  0.01  0.01  0.2322960196814949  0.0753860074564597  0.47055475344969566  14.291061484154335  14.291061484154335  1.0  0.576  0.321  0.102  0.645  0.355  0.645  0.355  True
0  3.5  1.75  0.01  0.01  0.23003868081104206  0.08607688579609693  0.4805769605271152  14.290785373639338  14.290785373639338  1.0  0.577  0.321  0.102  0.645  0.355  0.645  0.355  True
0  3.5  1.75  0.01  0.01  0.2722086704259742  -0.08282109200518681  0.3903707050802468  14.304336764454801  14.304336764454801  1.0  0.574  0.324  0.101  0.645  0.355  0.645  0.355  True
0  3.5  1.75  0.01  0.01  0.2528212058315312  0.0550187714873174  0.8030358735456101  14.273293724415527  14.273293724415527  1.0  0.584  0.315  0.101  0.645  0.355  0.645  0.355  True
0  3.5  1.75  0.01  0.01  0.2017313764383033  0.1942711430162627  0.48078393530457975  14.290193776750021  14.290193776750021  1.0  0.576  0.321  0.103  0.645  0.355  0.645  0.355  True
0  3.5  1.75  0.01  0.01  0.22271895131556974  0.1293409206507778  0.5502730023681127  14.298171519148076  14.298171519148076  1.0  0.578  0.319  0.103  0.645  0.355  0.645  0.355  True
0  3.5  1.75  0.01  0.01  0.11981189240848038  0.1650001599729013  0.490999985118578  14.299870711682914  14.299870711682914  1.0  0.531  0.362  0.107  0.645  0.355  0.645  0.355  True
0  3.5  1.75  0.01  0.01  0.23167215348432835  0.0752799931005601  0.4605788248568681  14.291363397434838  14.291363397434838  1.0  0.576  0.322  0.102  0.645  0.355  0.645  0.355  True
0  3.5  1.75  0.01  0.01  0.222128392721325  0.11938271006933307  0.49047537383470396  14.290369149808551  14.290369149808551  1.0  0.577  0.321  0.103  0.645  0.355  0.645  0.355  True
0  3.5  1.75  0.01  0.01  0.220452040106354  0.12155717889600984  0.4605293847531753  14.290831633064093  14.290831633064093  1.0  0.576  0.321  0.103  0.645  0.355  0.645  0.355  True
1  3.5  1.75  0.01  0.01  0.651201797442296  0.10983870044870633  0.46359971637635267  13.798058264915344  13.798058264915344  1.0  0.774  0.161  0.065  0.85  0.15  0.85  0.15  True
1  3.5  1.75  0.01  0.01  0.8348424354370273  -0.13759648693817988  0.8978630968071085  13.564015089514825  13.564015089514825  1.0  0.816  0.134  0.05  0.85  0.15  0.85  0.15  True
1  3.5  1.75  0.01  0.01  0.6384150569141926  0.13041213365519078  0.4338206339045528  13.802912829238615  13.802912829238615  1.0  0.771  0.163  0.066  0.85  0.15  0.85  0.15  True
1  3.5  1.75  0.01  0.01  0.7556384662071571  0.11842688953107144  0.9674068788588109  13.542229881751432  13.542229881751432  1.0  0.814  0.132  0.054  0.85  0.15  0.85  0.15  True
1  3.5  1.75  0.01  0.01  0.608015276327686  0.2478946096682323  0.4737796044040956  13.810006517642064  13.810006517642064  1.0  0.772  0.16  0.067  0.85  0.15  0.85  0.15  True
1  3.5  1.75  0.01  0.01  0.726401302259262  0.20631108719115876  0.9876250447274207  13.537265445487103  13.537265445487103  1.0  0.813  0.132  0.056  0.85  0.15  0.85  0.15  True
1  3.5  1.75  0.01  0.01  0.7457618821908463  0.07841234400640329  0.8824655418319957  13.552697578988344  13.552697578988344  1.0  0.807  0.138  0.056  0.85  0.15  0.85  0.15  True
1  3.5  1.75  0.01  0.01  0.6783487507033745  0.02192844017149076  0.4533357034969811  13.793035468146838  13.793035468146838  1.0  0.775  0.161  0.064  0.85  0.15  0.85  0.15  True
1  3.5  1.75  0.01  0.01  0.6815839923902148  0.0089174215850783  0.45362812501087035  13.792555640053184  13.792555640053184  1.0  0.775  0.161  0.063  0.85  0.15  0.85  0.15  True
1  3.5  1.75  0.01  0.01  0.7914947311674363  0.003546317298016773  0.9325199208244666  13.550830734844926  13.550830734844926  1.0  0.815  0.133  0.053  0.85  0.15  0.85  0.15  True
1  3.5  1.75  0.01  0.01  0.7765806057150425  -0.014999709256520652  0.9278939467890949  13.552054912903943  13.552054912903943  1.0  0.808  0.137  0.054  0.85  0.15  0.85  0.15  True
1  3.5  1.75  0.01  0.01  0.6580966290017536  -0.048700174390210835  0.25303701233478254  13.84983139514201  13.84983139514201  1.0  0.759  0.174  0.067  0.85  0.15  0.85  0.15  True
1  3.5  1.75  0.01  0.01  0.7021706562233829  -0.12516285348068623  0.34387603579074516  13.807105751025174  13.807105751025174  1.0  0.768  0.169  0.063  0.85  0.15  0.85  0.15  True
1  3.5  1.75  0.01  0.01  0.8002916488288994  -0.010125128127981785  0.9474759366024036  13.551994322631042  13.551994322631042  1.0  0.817  0.131  0.052  0.85  0.15  0.85  0.15  True
1  3.5  1.75  0.01  0.01  0.6750433346679462  0.03453147380503847  0.45306954392299814  13.793543839650974  13.793543839650974  1.0  0.775  0.161  0.064  0.85  0.15  0.85  0.15  True
1  3.5  1.75  0.01  0.01  0.8007515309791438  -0.04042848520958749  0.9124844199512425  13.554661169055262  13.554661169055262  1.0  0.814  0.134  0.052  0.85  0.15  0.85  0.15  True
1  3.5  1.75  0.01  0.01  0.719282598019408  0.17510960257013275  0.9228625510249276  13.543134972880273  13.543134972880273  1.0  0.807  0.136  0.057  0.85  0.15  0.85  0.15  True
1  3.5  1.75  0.01  0.01  0.5661092413068889  0.2948980124941375  0.31331114367056345  13.869264878867295  13.869264878867295  1.0  0.76  0.169  0.071  0.85  0.15  0.85  0.15  True
1  3.5  1.75  0.01  0.01  0.6653224496558773  0.06415892265114381  0.45360594546579613  13.795240974849117  13.795240974849117  1.0  0.774  0.161  0.064  0.85  0.15  0.85  0.15  True
1  3.5  1.75  0.01  0.01  0.776704710288483  -0.17616351027195354  0.6564523388805045  13.629750621212075  13.629750621212075  1.0  0.791  0.153  0.056  0.85  0.15  0.85  0.15  True
1  3.5  1.75  0.01  0.01  0.679399359414474  0.012591596543664745  0.443786972650991  13.793114025924488  13.793114025924488  1.0  0.774  0.162  0.064  0.85  0.15  0.85  0.15  True
1  3.5  1.75  0.01  0.01  0.7728732196693366  0.055157871307388896  0.9470156283219436  13.546248935970846  13.546248935970846  1.0  0.814  0.132  0.054  0.85  0.15  0.85  0.15  True
1  3.5  1.75  0.01  0.01  0.6507889014576085  0.4298620001608371  1.0225873538867776  13.530496452456521  13.530496452456521  1.0  0.807  0.133  0.06  0.85  0.15  0.85  0.15  True
1  3.5  1.75  0.01  0.01  0.6783769418496858  0.024859973934967618  0.4531480295709727  13.793035469611377  13.793035469611377  1.0  0.775  0.161  0.064  0.85  0.15  0.85  0.15  True
1  3.5  1.75  0.01  0.01  0.6745323499472293  -0.07256872191890257  0.30340193880730837  13.825783112470875  13.825783112470875  1.0  0.764  0.171  0.065  0.85  0.15  0.85  0.15  True
1  3.5  1.75  0.01  0.01  0.8233298751215854  -0.1405892177455782  0.8628492826658739  13.566808617917225  13.566808617917225  1.0  0.812  0.137  0.051  0.85  0.15  0.85  0.15  True
1  3.5  1.75  0.01  0.01  0.6462354861627865  0.15499851258536035  0.4730038993396852  13.80084866102769  13.80084866102769  1.0  0.777  0.158  0.065  0.85  0.15  0.85  0.15  True
1  3.5  1.75  0.01  0.01  0.6379357233682865  0.01017942634392494  0.24338241432278598  13.86154141580411  13.86154141580411  1.0  0.758  0.174  0.068  0.85  0.15  0.85  0.15  True
1  3.5  1.75  0.01  0.01  0.7884142268196421  -0.018967469347980534  0.897189044334509  13.554527129031776  13.554527129031776  1.0  0.812  0.135  0.053  0.85  0.15  0.85  0.15  True
1  3.5  1.75  0.01  0.01  0.7861200193580575  0.03236621885867433  0.9527096215679509  13.548512010499348  13.548512010499348  1.0  0.816  0.132  0.053  0.85  0.15  0.85  0.15  True
