0.5   0.5   0.525
0.5416666666666665   0.4750000000000001   0.5416666666666665
0.5083333333333331   0.4500000000000002   0.583333333333333
0.5083333333333331   0.4500000000000002   0.583333333333333
0.566666666666666   0.40000000000000036   0.6583333333333325
0.5083333333333324   0.37500000000000044   0.7416666666666654
0.5499999999999985   0.2750000000000006   0.8166666666666649
0.6083333333333307   0.15000000000000102   1.0499999999999967
0.6083333333333307   0.15000000000000102   1.0499999999999967
0.6268518518518482   -0.002777777777776491   1.2231481481481439
0.6268518518518482   -0.002777777777776491   1.2231481481481439
0.6040123456790091   0.04814814814814937   1.193209876543206
0.6816872427983502   -0.003086419753085018   1.2303497942386792
0.6229252400548666   0.08204732510288182   1.1327846364883365
0.6455647005029692   0.08751714677640726   1.1477480566986704
0.7421524919981679   0.07018175582990532   1.1244627343392741
0.7421524919981679   0.07018175582990532   1.1244627343392741
0.8178174058832464   0.03201874714220551   1.1893156531016582
0.8450490270792019   0.006226185032771003   1.1832202916222088
0.8450490270792019   0.006226185032771003   1.1832202916222088
0.7923096707818897   0.04729938271605085   1.1505144032921777
0.7923096707818897   0.04729938271605085   1.1505144032921777
0.7937791071821674   0.018679190164102487   1.1572935189418918
0.8285578326192338   0.018609915070536193   1.1659029647693688
0.8285578326192338   0.018609915070536193   1.1659029647693688
0.8652142682583732   -0.0297103976499727   1.1700939873852372
0.8652142682583732   -0.0297103976499727   1.1700939873852372
0.8176633707405345   0.003731716181415213   1.1648019187977137
0.8176633707405345   0.003731716181415213   1.1648019187977137
0.8684104963534813   -0.031845329752292435   1.1510115404608818
0.8684104963534813   -0.031845329752292435   1.1510115404608818
0.8684104963534813   -0.031845329752292435   1.1510115404608818
0.8770024110555259   -0.05666933269193173   1.151700648907208
0.8770024110555259   -0.05666933269193173   1.151700648907208
0.8770024110555259   -0.05666933269193173   1.151700648907208
0.8770024110555259   -0.05666933269193173   1.151700648907208
0.8770024110555259   -0.05666933269193173   1.151700648907208
0.8770024110555259   -0.05666933269193173   1.151700648907208
0.8807420250742515   -0.057323128745440724   1.1528446885515458
0.8807420250742515   -0.057323128745440724   1.1528446885515458
0.8807420250742515   -0.057323128745440724   1.1528446885515458
0.8805665371208473   -0.06029258745385087   1.15277479615589
0.8805665371208473   -0.06029258745385087   1.15277479615589
0.8790180733918809   -0.05806266207585571   1.1521983297684089
0.8784251120683771   -0.056366660670050694   1.1527433291358353
0.8765256724326025   -0.060075652708875826   1.1520270779570434
0.8765256724326025   -0.060075652708875826   1.1520270779570434
0.8765256724326025   -0.060075652708875826   1.1520270779570434
0.8736157981032244   -0.05742318322768078   1.15247071790876
0.8736157981032244   -0.05742318322768078   1.15247071790876
0.8736157981032244   -0.05742318322768078   1.15247071790876
0.8736157981032244   -0.05742318322768078   1.15247071790876
0.8729435571143023   -0.05651618124970188   1.1528150228413372
0.8709033747105183   -0.058031083705431905   1.1528279096282983
0.8709033747105183   -0.058031083705431905   1.1528279096282983
0.8709033747105183   -0.058031083705431905   1.1528279096282983
0.8709033747105183   -0.058031083705431905   1.1528279096282983
0.8709033747105183   -0.058031083705431905   1.1528279096282983
0.8685559286387989   -0.058450421957153526   1.1528458215958688
0.8680889727119878   -0.05789150547298512   1.1529980192229585
0.865161349698111   -0.06194636819670629   1.1528355631786154
0.8636341259887471   -0.06082778004579806   1.1529583597033302
0.8636341259887471   -0.06082778004579806   1.1529583597033302
0.8597095693154233   -0.06632729056102579   1.1526861189181137
0.8543209668972005   -0.07042913227454678   1.1527035728358888
0.8473419628051491   -0.07369146648795805   1.152676925100102
0.8341042470402786   -0.0887923292319345   1.152149897447444
0.8341042470402786   -0.0887923292319345   1.152149897447444
0.8341042470402786   -0.0887923292319345   1.152149897447444
0.8341042470402786   -0.0887923292319345   1.152149897447444
0.8341042470402786   -0.0887923292319345   1.152149897447444
0.8341042470402786   -0.0887923292319345   1.152149897447444
0.8341042470402786   -0.0887923292319345   1.152149897447444
0.8364483313042814   -0.0863222210120477   1.1522553187088733
0.8392934712183908   -0.08534837234353224   1.152150044327764
0.8395836779481951   -0.08566780229159138   1.1521413033663204
0.8395836779481951   -0.08566780229159138   1.1521413033663204
0.8395836779481951   -0.08566780229159138   1.1521413033663204
0.8410413893919668   -0.08537701622455235   1.1520550070622497
0.8410413893919668   -0.08537701622455235   1.1520550070622497
0.8410413893919668   -0.08537701622455235   1.1520550070622497
0.8410413893919668   -0.08537701622455235   1.1520550070622497
0.8426563175364326   -0.08541770115688985   1.1520036411468748
0.8426563175364326   -0.08541770115688985   1.1520036411468748
0.8426563175364326   -0.08541770115688985   1.1520036411468748
0.8426563175364326   -0.08541770115688985   1.1520036411468748
0.8426563175364326   -0.08541770115688985   1.1520036411468748
0.8426563175364326   -0.08541770115688985   1.1520036411468748
0.8426563175364326   -0.08541770115688985   1.1520036411468748
0.8426563175364326   -0.08541770115688985   1.1520036411468748
0.8426563175364326   -0.08541770115688985   1.1520036411468748
0.8428438778427669   -0.08522494932744698   1.1520013944387644
0.8428438778427669   -0.08522494932744698   1.1520013944387644
0.8428438778427669   -0.08522494932744698   1.1520013944387644
0.8428438778427669   -0.08522494932744698   1.1520013944387644
0.8428438778427669   -0.08522494932744698   1.1520013944387644
0.8428438778427669   -0.08522494932744698   1.1520013944387644
0.8428438778427669   -0.08522494932744698   1.1520013944387644
0.8428438778427669   -0.08522494932744698   1.1520013944387644
0.8429201469712488   -0.08513835126850736   1.1520004816900498
0.8429201469712488   -0.08513835126850736   1.1520004816900498
0.8429201469712488   -0.08513835126850736   1.1520004816900498
0.8429201469712488   -0.08513835126850736   1.1520004816900498
0.8429583541737   -0.08505203304388383   1.1520010778827015
0.8429583541737   -0.08505203304388383   1.1520010778827015
0.8429699730742528   -0.08502242258489592   1.1520012027793816
0.8429699730742528   -0.08502242258489592   1.1520012027793816
0.8429699730742528   -0.08502242258489592   1.1520012027793816
0.8429699730742528   -0.08502242258489592   1.1520012027793816
