0  3.5  1.75  0.01  0.01  0.6550302991049252  0.520445029739831  14.2871322106783  14.2871322106783  1.0  0.764  0.17  0.066  0.802  0.198  0.802  0.198
0  3.5  1.75  0.01  0.01  0.9534689952162869  1.7906364706081677  19.628515987812108  19.628515987812108  1.0  0.865  0.097  0.038  0.802  0.198  0.802  0.198
0  3.5  1.75  0.01  0.01  0.6894849957073591  0.7336553348785009  15.000805349836668  15.000805349836668  1.0  0.777  0.16  0.063  0.802  0.198  0.802  0.198
0  3.5  1.75  0.01  0.01  1.0880993681301305  2.4534537260154616  31.59954574043819  31.59954574043819  1.0  0.899  0.074  0.027  0.802  0.198  0.802  0.198
0  3.5  1.75  0.01  0.01  0.7887723641898406  1.169924282457883  15.422103820852913  15.422103820852913  1.0  0.814  0.133  0.053  0.802  0.198  0.802  0.198
0  3.5  1.75  0.01  0.01  0.7431986420804435  1.004342909734266  15.430786002080948  15.430786002080948  1.0  0.797  0.145  0.057  0.802  0.198  0.802  0.198
0  3.5  1.75  0.01  0.01  0.6790179524077423  0.686147206327987  14.944335628214619  14.944335628214619  1.0  0.773  0.163  0.064  0.802  0.198  0.802  0.198
0  3.5  1.75  0.01  0.01  0.6926976683636943  0.7990666484058964  15.508152047676747  15.508152047676747  1.0  0.778  0.159  0.062  0.802  0.198  0.802  0.198
0  3.5  1.75  0.01  0.01  0.6813003735063039  0.6967156459615517  14.951826411073025  14.951826411073025  1.0  0.774  0.162  0.064  0.802  0.198  0.802  0.198
0  3.5  1.75  0.01  0.01  0.6623713120599398  0.5564879416720238  14.329856592938135  14.329856592938135  1.0  0.767  0.168  0.066  0.802  0.198  0.802  0.198
0  3.5  1.75  0.01  0.01  0.6388804224116755  0.43854394052505996  14.259506438941038  14.259506438941038  1.0  0.757  0.175  0.068  0.802  0.198  0.802  0.198
0  3.5  1.75  0.01  0.01  0.685053016248493  0.7140900438204891  14.972654521410451  14.972654521410451  1.0  0.775  0.161  0.063  0.802  0.198  0.802  0.198
0  3.5  1.75  0.01  0.01  0.9834756096380246  1.8944331475996956  21.58380321618722  21.58380321618722  1.0  0.873  0.092  0.035  0.802  0.198  0.802  0.198
0  3.5  1.75  0.01  0.01  1.1076918145914176  2.4884548601734338  31.93341517540225  31.93341517540225  1.0  0.903  0.071  0.026  0.802  0.198  0.802  0.198
0  3.5  1.75  0.01  0.01  1.1671051650669269  2.5823583725101003  33.4508179859886  33.4508179859886  1.0  0.915  0.063  0.022  0.802  0.198  0.802  0.198
0  3.5  1.75  0.01  0.01  0.6672870314172329  0.5801807302089564  14.358529280844568  14.358529280844568  1.0  0.768  0.166  0.065  0.802  0.198  0.802  0.198
0  3.5  1.75  0.01  0.01  0.6491522769832299  0.49122027396985546  14.272605827637687  14.272605827637687  1.0  0.761  0.172  0.067  0.802  0.198  0.802  0.198
0  3.5  1.75  0.01  0.01  0.6265695418138332  0.3725188914379845  14.262383355840793  14.262383355840793  1.0  0.752  0.179  0.069  0.802  0.198  0.802  0.198
0  3.5  1.75  0.01  0.01  0.631789972337996  0.4000946301161208  14.258056071610586  14.258056071610586  1.0  0.754  0.177  0.069  0.802  0.198  0.802  0.198
0  3.5  1.75  0.01  0.01  0.6445049380424569  0.46619150281978095  14.265755929070075  14.265755929070075  1.0  0.759  0.173  0.067  0.802  0.198  0.802  0.198
0  3.5  1.75  0.01  0.01  0.692108129984693  0.7453131538115425  15.018061828292492  15.018061828292492  1.0  0.778  0.159  0.063  0.802  0.198  0.802  0.198
0  3.5  1.75  0.01  0.01  0.692648041325386  0.7484004085862296  15.016550037467013  15.016550037467013  1.0  0.778  0.159  0.062  0.802  0.198  0.802  0.198
0  3.5  1.75  0.01  0.01  0.6950341417043681  0.7595592324550305  15.038112708433491  15.038112708433491  1.0  0.779  0.158  0.062  0.802  0.198  0.802  0.198
0  3.5  1.75  0.01  0.01  0.6409893842799288  0.4496475669550806  14.26023393410022  14.26023393410022  1.0  0.758  0.174  0.068  0.802  0.198  0.802  0.198
0  3.5  1.75  0.01  0.01  0.6319507026985912  0.4013673948813718  14.259398686125037  14.259398686125037  1.0  0.754  0.177  0.069  0.802  0.198  0.802  0.198
0  3.5  1.75  0.01  0.01  0.6331613662143805  0.40709459091474853  14.259390772058387  14.259390772058387  1.0  0.755  0.177  0.069  0.802  0.198  0.802  0.198
0  3.5  1.75  0.01  0.01  0.8123216543421939  1.2468388936953858  15.456159883368054  15.456159883368054  1.0  0.822  0.128  0.051  0.802  0.198  0.802  0.198
0  3.5  1.75  0.01  0.01  0.9835168234575963  1.8948815801437369  21.583803215477293  21.583803215477293  1.0  0.873  0.092  0.035  0.802  0.198  0.802  0.198
0  3.5  1.75  0.01  0.01  0.8091447038051113  1.2363608472876546  15.449884330196577  15.449884330196577  1.0  0.821  0.128  0.051  0.802  0.198  0.802  0.198
0  3.5  1.75  0.01  0.01  0.6950237878590724  0.7592188763177703  15.03811270832883  15.03811270832883  1.0  0.779  0.158  0.062  0.802  0.198  0.802  0.198
1  3.5  1.75  0.01  0.01  0.6607308758319846  2.173354440137523  34.92309614892729  34.92309614892729  1.0  0.766  0.168  0.066  0.707  0.293  0.707  0.293
1  3.5  1.75  0.01  0.01  0.5256443527098879  0.6069547006931353  14.135806208167223  14.135806208167223  1.0  0.708  0.212  0.079  0.707  0.293  0.707  0.293
1  3.5  1.75  0.01  0.01  0.7069021803680609  1.6145389497538916  25.778674332239092  25.778674332239092  1.0  0.784  0.155  0.061  0.707  0.293  0.707  0.293
1  3.5  1.75  0.01  0.01  0.5934766707370759  0.925366210975888  14.320779695954627  14.320779695954627  1.0  0.738  0.189  0.073  0.707  0.293  0.707  0.293
1  3.5  1.75  0.01  0.01  0.588136807277742  1.9431587757673165  34.73326884858744  34.73326884858744  1.0  0.736  0.191  0.073  0.707  0.293  0.707  0.293
1  3.5  1.75  0.01  0.01  0.6803571218264182  2.229838927453244  35.03326962045874  35.03326962045874  1.0  0.774  0.163  0.064  0.707  0.293  0.707  0.293
1  3.5  1.75  0.01  0.01  0.5628931109401167  0.7901327672629127  14.17222963300148  14.17222963300148  1.0  0.725  0.199  0.076  0.707  0.293  0.707  0.293
1  3.5  1.75  0.01  0.01  0.7006563912379569  1.5280286639883431  22.017593355121512  22.017593355121512  1.0  0.782  0.157  0.062  0.707  0.293  0.707  0.293
1  3.5  1.75  0.01  0.01  0.49873795427711565  0.45608908612261023  14.165858804735862  14.165858804735862  1.0  0.696  0.222  0.082  0.707  0.293  0.707  0.293
1  3.5  1.75  0.01  0.01  0.5313668784686405  0.6366256001773988  14.134785542610334  14.134785542610334  1.0  0.711  0.21  0.079  0.707  0.293  0.707  0.293
1  3.5  1.75  0.01  0.01  0.7317697166062277  1.7626106819729461  28.782484340543554  28.782484340543554  1.0  0.793  0.148  0.058  0.707  0.293  0.707  0.293
1  3.5  1.75  0.01  0.01  0.7327092151459426  1.8448956234053413  30.73170880779749  30.73170880779749  1.0  0.794  0.148  0.058  0.707  0.293  0.707  0.293
1  3.5  1.75  0.01  0.01  0.5968936562329729  0.9391065269609657  14.34630874265229  14.34630874265229  1.0  0.74  0.188  0.072  0.707  0.293  0.707  0.293
1  3.5  1.75  0.01  0.01  0.5682877351884861  0.8151675066470492  14.189569934826965  14.189569934826965  1.0  0.727  0.198  0.075  0.707  0.293  0.707  0.293
1  3.5  1.75  0.01  0.01  0.5653194021507003  0.8023563639024018  14.177884189614707  14.177884189614707  1.0  0.726  0.199  0.075  0.707  0.293  0.707  0.293
1  3.5  1.75  0.01  0.01  0.6863027314649063  1.6302073176303438  26.359462032571102  26.359462032571102  1.0  0.776  0.161  0.063  0.707  0.293  0.707  0.293
1  3.5  1.75  0.01  0.01  0.5084967293345769  0.5121830590257612  14.1497321701203  14.1497321701203  1.0  0.701  0.218  0.081  0.707  0.293  0.707  0.293
1  3.5  1.75  0.01  0.01  0.6247129781292908  1.0519679844936762  14.700139434444196  14.700139434444196  1.0  0.751  0.179  0.069  0.707  0.293  0.707  0.293
1  3.5  1.75  0.01  0.01  0.6618460543191789  1.2583118511021953  16.83718278109598  16.83718278109598  1.0  0.766  0.168  0.066  0.707  0.293  0.707  0.293
1  3.5  1.75  0.01  0.01  0.505838565759116  0.49703821469873294  14.153822667247574  14.153822667247574  1.0  0.699  0.219  0.081  0.707  0.293  0.707  0.293
1  3.5  1.75  0.01  0.01  0.6285890216420786  1.0654111536242157  14.794686950851137  14.794686950851137  1.0  0.753  0.178  0.069  0.707  0.293  0.707  0.293
1  3.5  1.75  0.01  0.01  0.5810058061916566  0.8725644458116055  14.238897807172197  14.238897807172197  1.0  0.733  0.193  0.074  0.707  0.293  0.707  0.293
1  3.5  1.75  0.01  0.01  0.5341893769106145  0.6509040624416698  14.134162018982657  14.134162018982657  1.0  0.712  0.209  0.079  0.707  0.293  0.707  0.293
1  3.5  1.75  0.01  0.01  0.6155268287985605  2.683826538185925  41.79989384410522  41.79989384410522  1.0  0.747  0.182  0.07  0.707  0.293  0.707  0.293
1  3.5  1.75  0.01  0.01  0.6882606570622221  2.24936022636707  35.08464808162826  35.08464808162826  1.0  0.777  0.16  0.063  0.707  0.293  0.707  0.293
1  3.5  1.75  0.01  0.01  0.5769086207094387  0.8532479257452037  14.21947036362265  14.21947036362265  1.0  0.731  0.195  0.074  0.707  0.293  0.707  0.293
1  3.5  1.75  0.01  0.01  0.6467524473369995  2.1341855875739864  34.86497030256973  34.86497030256973  1.0  0.76  0.173  0.067  0.707  0.293  0.707  0.293
1  3.5  1.75  0.01  0.01  0.6647132046070803  1.4133257892649735  20.28190805130931  20.28190805130931  1.0  0.767  0.167  0.065  0.707  0.293  0.707  0.293
1  3.5  1.75  0.01  0.01  0.6069128591159966  0.980050476554195  14.439352576573347  14.439352576573347  1.0  0.744  0.185  0.071  0.707  0.293  0.707  0.293
1  3.5  1.75  0.01  0.01  0.6286713583980806  1.0655736623872993  14.794686945634558  14.794686945634558  1.0  0.753  0.178  0.069  0.707  0.293  0.707  0.293
----------------------------------------------------------------------------------------------------------------------------------------------------------------
0  3.5  1.75  0.01  0.01  0.975028912535094  1.7630495600098373  20.734637808190598  13.904596905166084  1.0  0.871  0.093  0.036  0.815  0.185  0.75  0.25
0  3.5  1.75  0.01  0.01  1.2692799868191587  2.5941630764916983  33.44270976814574  34.163704332916936  1.0  0.933  0.051  0.016  0.815  0.185  0.75  0.25
0  3.5  1.75  0.01  0.01  0.7763965297864057  0.9995975613885754  15.758310527732776  14.112628811170357  1.0  0.809  0.137  0.054  0.815  0.185  0.75  0.25
0  3.5  1.75  0.01  0.01  0.6082597215910656  0.4867770636815002  14.41049141884503  13.723106224370222  1.0  0.744  0.185  0.071  0.79  0.21  0.85  0.15
0  3.5  1.75  0.01  0.01  0.6627455167585041  0.5580563564600965  14.1376283719169  15.103584109329654  1.0  0.767  0.168  0.066  0.802  0.198  0.8  0.2
0  3.5  1.75  0.01  0.01  1.0688032809758308  1.8097446470109466  18.77918682052742  24.316157577749934  1.0  0.894  0.077  0.029  0.827  0.173  0.7  0.3
0  3.5  1.75  0.01  0.01  0.9225324178023687  1.602577692089615  16.69454696422778  17.469430634763985  1.0  0.856  0.103  0.04  0.802  0.198  0.8  0.2
0  3.5  1.75  0.01  0.01  0.8416356718247341  2.203120545031605  28.699441759740743  24.564084124063296  1.0  0.832  0.121  0.048  0.778  0.222  0.9  0.1
0  3.5  1.75  0.01  0.01  0.8653732860974187  1.6010434637053261  17.349704794922037  14.743124511405398  1.0  0.839  0.115  0.045  0.79  0.21  0.85  0.15
0  3.5  1.75  0.01  0.01  1.0597306336177659  1.830955099743255  19.366742709181914  26.683953185309782  1.0  0.892  0.079  0.029  0.802  0.198  0.8  0.2
0  3.5  1.75  0.01  0.01  0.648316442953074  0.3907799614899573  14.212750088894445  14.448761006751923  1.0  0.761  0.172  0.067  0.802  0.198  0.8  0.2
0  3.5  1.75  0.01  0.01  0.5888283984433716  0.4747264838667672  14.40131525266507  13.75630904383625  1.0  0.736  0.191  0.073  0.778  0.222  0.9  0.1
0  3.5  1.75  0.01  0.01  0.9660674046118113  1.7075133822667952  19.12161536786825  14.535974930574062  1.0  0.869  0.095  0.037  0.802  0.198  0.8  0.2
0  3.5  1.75  0.01  0.01  0.6120121498761374  0.6889979197804936  15.065570825463457  14.471580056052153  1.0  0.746  0.183  0.071  0.778  0.222  0.9  0.1
0  3.5  1.75  0.01  0.01  0.6483497897934122  0.37146234879040896  14.22353532827135  14.42721530977327  1.0  0.761  0.172  0.067  0.815  0.185  0.75  0.25
0  3.5  1.75  0.01  0.01  0.8220714217897983  1.2357824547331917  15.722947899121234  14.34703867840165  1.0  0.825  0.125  0.05  0.815  0.185  0.75  0.25
0  3.5  1.75  0.01  0.01  0.6331471654552321  0.3908529174897389  14.280223265245622  14.173676829842972  1.0  0.755  0.177  0.069  0.802  0.198  0.8  0.2
0  3.5  1.75  0.01  0.01  0.6927786130626927  0.5036613446679292  14.241934673442131  14.421721626422515  1.0  0.778  0.159  0.062  0.815  0.185  0.75  0.25
0  3.5  1.75  0.01  0.01  0.6810400860184936  1.0054729903971276  15.903212897345378  13.533327607121574  1.0  0.774  0.162  0.064  0.778  0.222  0.9  0.1
0  3.5  1.75  0.01  0.01  0.9781863097007003  2.4116316488706144  32.66804203854074  25.955368780687074  1.0  0.872  0.093  0.036  0.79  0.21  0.85  0.15
0  3.5  1.75  0.01  0.01  0.8380256367585699  1.8009404107551634  20.42894953255179  17.07361722598457  1.0  0.83  0.122  0.048  0.778  0.222  0.9  0.1
0  3.5  1.75  0.01  0.01  0.8537709622756728  1.432391912818265  16.309098021619377  13.764125592700248  1.0  0.835  0.118  0.047  0.79  0.21  0.85  0.15
0  3.5  1.75  0.01  0.01  0.6686222234909078  0.8238518307872111  14.953409775205811  17.70077223128842  1.0  0.769  0.166  0.065  0.79  0.21  0.85  0.15
0  3.5  1.75  0.01  0.01  0.6649939474585249  0.4933293087169978  14.272351576941677  14.266100588594208  1.0  0.768  0.167  0.065  0.802  0.198  0.8  0.2
0  3.5  1.75  0.01  0.01  1.0652273434843915  2.7085125802237937  37.18509899336386  30.15709097843817  1.0  0.893  0.078  0.029  0.778  0.222  0.9  0.1
0  3.5  1.75  0.01  0.01  1.0740001797305667  2.3081184802527117  28.544149591958305  33.276590693431714  1.0  0.895  0.076  0.028  0.79  0.21  0.85  0.15
0  3.5  1.75  0.01  0.01  0.745192713474887  0.6978721199975416  15.097020675532905  14.38163470988828  1.0  0.798  0.145  0.057  0.827  0.173  0.7  0.3
0  3.5  1.75  0.01  0.01  0.6371169456672109  0.6912040366289376  15.214823426292659  13.910667484512198  1.0  0.756  0.176  0.068  0.778  0.222  0.9  0.1
0  3.5  1.75  0.01  0.01  1.1892151487519875  2.614083796577273  35.173360937525594  29.82983065029337  1.0  0.919  0.06  0.021  0.802  0.198  0.8  0.2
0  3.5  1.75  0.01  0.01  0.6708180910848323  0.6603943066365299  14.986292772517775  14.684401464910511  1.0  0.77  0.165  0.065  0.802  0.198  0.8  0.2
1  3.5  1.75  0.01  0.01  0.6271438782034363  1.292554910797384  18.590277670108925  15.219245950731901  1.0  0.752  0.179  0.069  0.696  0.304  0.737  0.263
1  3.5  1.75  0.01  0.01  0.596287882832618  0.8119644037689664  14.126196114328765  14.360596141479292  1.0  0.739  0.188  0.072  0.696  0.304  0.737  0.263
1  3.5  1.75  0.01  0.01  0.43486557403164716  0.38016780703879827  14.162888770346871  14.286963577262494  1.0  0.666  0.246  0.088  0.679  0.321  0.789  0.211
1  3.5  1.75  0.01  0.01  0.5623117841630945  1.046030442843819  14.975391009510918  13.859922390862414  1.0  0.725  0.2  0.076  0.679  0.321  0.789  0.211
1  3.5  1.75  0.01  0.01  0.5618206659290007  0.61295006435574  14.084663229597263  14.28433446483329  1.0  0.724  0.2  0.076  0.714  0.286  0.684  0.316
1  3.5  1.75  0.01  0.01  0.4816207818308462  0.43555608944837515  14.148452442557627  14.243000853283315  1.0  0.688  0.228  0.084  0.696  0.304  0.737  0.263
1  3.5  1.75  0.01  0.01  0.42233415082787884  0.39170937916783194  14.256515244766911  14.001584656463978  1.0  0.66  0.251  0.089  0.679  0.321  0.789  0.211
1  3.5  1.75  0.01  0.01  0.6657042831407807  1.1433924985205877  14.895061328603607  18.412916330272385  1.0  0.768  0.167  0.065  0.696  0.304  0.737  0.263
1  3.5  1.75  0.01  0.01  0.6513086096824873  1.2710211414139738  16.797811289191475  19.45348410748982  1.0  0.762  0.171  0.067  0.696  0.304  0.737  0.263
1  3.5  1.75  0.01  0.01  0.6103565218859048  2.2106599789069157  35.08771908870223  34.7200632314859  1.0  0.745  0.184  0.071  0.696  0.304  0.737  0.263
1  3.5  1.75  0.01  0.01  0.513911102150034  0.3847171053562915  14.149964377557444  14.313363638094769  1.0  0.703  0.216  0.081  0.714  0.286  0.684  0.316
1  3.5  1.75  0.01  0.01  0.6117555747807571  1.1117556480333277  15.618768457020439  13.762166357209617  1.0  0.746  0.183  0.071  0.696  0.304  0.737  0.263
1  3.5  1.75  0.01  0.01  0.7000000891810959  1.852624067788989  31.451069472183512  29.171042821536073  1.0  0.781  0.157  0.062  0.696  0.304  0.737  0.263
1  3.5  1.75  0.01  0.01  0.5701681767358363  0.38107725227667993  14.033756345079686  14.683721381414728  1.0  0.728  0.197  0.075  0.732  0.268  0.632  0.368
1  3.5  1.75  0.01  0.01  0.5054323666279266  2.1275531449382936  37.86858669097854  26.018453514645643  1.0  0.699  0.219  0.081  0.696  0.304  0.737  0.263
1  3.5  1.75  0.01  0.01  0.7430491894668867  1.61709727828466  28.032690423853516  19.134812633731855  1.0  0.797  0.145  0.057  0.714  0.286  0.684  0.316
1  3.5  1.75  0.01  0.01  0.5272379244067579  0.4095075098964009  14.098731307531937  14.42936942111595  1.0  0.709  0.212  0.079  0.714  0.286  0.684  0.316
1  3.5  1.75  0.01  0.01  0.5668908329766472  2.141995523265838  36.39756692309169  30.3960680924372  1.0  0.727  0.198  0.075  0.679  0.321  0.789  0.211
1  3.5  1.75  0.01  0.01  0.6808692761682291  1.3727207391059628  20.527741193478814  18.493040395962126  1.0  0.774  0.162  0.064  0.696  0.304  0.737  0.263
1  3.5  1.75  0.01  0.01  0.49555906773804276  0.4168595922400856  14.117861525817876  14.359431420545416  1.0  0.695  0.223  0.082  0.696  0.304  0.737  0.263
1  3.5  1.75  0.01  0.01  0.5760551888605419  0.7285439207045368  14.153547380341672  14.12937905171016  1.0  0.731  0.195  0.074  0.714  0.286  0.684  0.316
1  3.5  1.75  0.01  0.01  0.6238811338699395  1.2449660330926802  16.03774313564472  18.35789888192456  1.0  0.751  0.18  0.069  0.696  0.304  0.737  0.263
1  3.5  1.75  0.01  0.01  0.7157732878303403  1.1824263065866916  16.469779225441684  14.635388923352979  1.0  0.787  0.153  0.06  0.732  0.268  0.632  0.368
1  3.5  1.75  0.01  0.01  0.6601881540393106  1.257503871830272  17.258151395904665  15.49836933289978  1.0  0.766  0.169  0.066  0.696  0.304  0.737  0.263
1  3.5  1.75  0.01  0.01  0.733106683609227  2.449241891334042  38.36591819158379  30.78057407513405  1.0  0.794  0.148  0.058  0.679  0.321  0.789  0.211
1  3.5  1.75  0.01  0.01  0.6714959705647885  2.032926571899073  37.62371766456888  26.37043469613609  1.0  0.77  0.165  0.065  0.732  0.268  0.632  0.368
1  3.5  1.75  0.01  0.01  0.49751224426307145  0.5669123164696733  14.130400320477804  14.170482294097742  1.0  0.696  0.222  0.082  0.696  0.304  0.737  0.263
1  3.5  1.75  0.01  0.01  0.5817328425555679  1.3814400528372146  20.576574354054063  18.577553391298963  1.0  0.733  0.193  0.074  0.696  0.304  0.737  0.263
1  3.5  1.75  0.01  0.01  0.6717496168478914  1.0971172964537654  15.35725720559689  14.05415396637804  1.0  0.77  0.165  0.065  0.714  0.286  0.684  0.316
1  3.5  1.75  0.01  0.01  0.6354039780894836  1.336272209433643  20.085862075401053  15.263299984797003  1.0  0.756  0.176  0.068  0.696  0.304  0.737  0.263
---------------------------------------------------------------------------------------------------------------------------------------------------------------------
0  5  2.25  0.01  0.01  0.9447894608782075  0.524992462884345  14.153523571252135  15.146494237995768  1.0  0.785  0.121  0.094  0.802  0.198  0.8  0.2
0  5  2.25  0.01  0.01  1.0358964309023786  0.6084510407755299  14.375574714421134  15.10212955629506  1.0  0.813  0.105  0.083  0.827  0.173  0.7  0.3
0  5  2.25  0.01  0.01  0.8722442363629556  0.6533456134433736  15.329337722563753  13.58301459082187  1.0  0.762  0.136  0.103  0.778  0.222  0.9  0.1
0  5  2.25  0.01  0.01  0.992086491537364  0.8895322730330055  15.967338886962269  13.775222859793848  1.0  0.8  0.112  0.088  0.802  0.198  0.8  0.2
0  5  2.25  0.01  0.01  0.9055357251556096  0.39597556329476274  14.164506896991167  14.697522674871195  1.0  0.773  0.129  0.099  0.802  0.198  0.8  0.2
0  5  2.25  0.01  0.01  1.1672256792499842  0.8869998772155177  15.69319341908982  14.95119460395602  1.0  0.848  0.084  0.068  0.84  0.16  0.65  0.35
0  5  2.25  0.01  0.01  0.8900031803208995  0.44317537777682176  14.387069054910349  13.849214879639993  1.0  0.768  0.132  0.1  0.802  0.198  0.8  0.2
0  5  2.25  0.01  0.01  0.9949194787390988  0.7055403286295145  14.945513378948963  15.360487340671625  1.0  0.801  0.112  0.088  0.802  0.198  0.8  0.2
0  5  2.25  0.01  0.01  0.9014706771323615  0.6119401460141298  14.729842018654445  13.691664261010933  1.0  0.771  0.13  0.099  0.79  0.21  0.85  0.15
0  5  2.25  0.01  0.01  1.0086303229746858  0.794200229899322  14.919196013983408  18.117656288279  1.0  0.805  0.109  0.086  0.802  0.198  0.8  0.2
0  5  2.25  0.01  0.01  0.9223745004418706  0.43356151031486984  14.291585352028235  14.215314218605988  1.0  0.778  0.125  0.096  0.802  0.198  0.8  0.2
0  5  2.25  0.01  0.01  0.9071186962641662  0.6955017895224123  14.419273076320408  17.43958555038071  1.0  0.773  0.128  0.098  0.79  0.21  0.85  0.15
0  5  2.25  0.01  0.01  1.033337364323861  0.7619765359045952  15.35621829024345  14.356823511305468  1.0  0.812  0.105  0.083  0.815  0.185  0.75  0.25
0  5  2.25  0.01  0.01  0.9452523974154626  0.67966411366688  15.23503116389309  14.013055024183476  1.0  0.785  0.121  0.094  0.79  0.21  0.85  0.15
0  5  2.25  0.01  0.01  0.9165225583563116  0.5078104755212511  14.391328321722135  14.065251155989023  1.0  0.776  0.127  0.097  0.79  0.21  0.85  0.15
0  5  2.25  0.01  0.01  0.909507974753174  0.8354988437140516  15.085965397596524  17.416849529613945  1.0  0.774  0.128  0.098  0.778  0.222  0.9  0.1
0  5  2.25  0.01  0.01  1.0763624310718114  0.8201375882444634  15.828964925742843  14.415270619077114  1.0  0.824  0.098  0.078  0.827  0.173  0.7  0.3
0  5  2.25  0.01  0.01  0.9567169826636027  0.48682358624315664  14.33292415150814  14.218588319574138  1.0  0.789  0.119  0.092  0.815  0.185  0.75  0.25
0  5  2.25  0.01  0.01  0.9919661658777593  0.7667928156242438  15.445144130911702  13.985109757892303  1.0  0.8  0.112  0.088  0.802  0.198  0.8  0.2
0  5  2.25  0.01  0.01  0.8140037992323155  0.3823672621043573  14.29241050152719  14.179068331789779  1.0  0.742  0.148  0.11  0.778  0.222  0.9  0.1
0  5  2.25  0.01  0.01  1.008103174967084  0.45951198925963005  14.178090661481354  14.766506314816274  1.0  0.805  0.109  0.086  0.815  0.185  0.75  0.25
0  5  2.25  0.01  0.01  0.8864632731440555  0.47227487028808823  14.386085110288676  13.93577833725493  1.0  0.766  0.133  0.101  0.79  0.21  0.85  0.15
0  5  2.25  0.01  0.01  0.8967472092132087  0.38540720459913796  14.2407490841441  14.37999903311235  1.0  0.77  0.13  0.1  0.802  0.198  0.8  0.2
0  5  2.25  0.01  0.01  1.0497126908189538  0.7652308351892859  15.358443368176772  14.34791612459498  1.0  0.817  0.102  0.081  0.815  0.185  0.75  0.25
0  5  2.25  0.01  0.01  1.0666787014437749  0.5700476526217325  14.3474071104416  14.709015295185845  1.0  0.822  0.099  0.079  0.84  0.16  0.65  0.35
0  5  2.25  0.01  0.01  0.9443344348032456  0.6125501799858947  14.674996861960024  13.900931929243939  1.0  0.785  0.121  0.094  0.802  0.198  0.8  0.2
0  5  2.25  0.01  0.01  0.9546887208995444  0.394241376479565  14.12707920888339  14.861645270760286  1.0  0.788  0.119  0.092  0.827  0.173  0.7  0.3
1  5  2.25  0.01  0.01  0.603336003893127  0.423245438661133  14.392476913678683  14.04217616149852  1.0  0.664  0.201  0.135  0.679  0.321  0.789  0.211
1  5  2.25  0.01  0.01  0.6840663670732616  0.6150202089246318  14.353526358246265  14.23034136214836  1.0  0.695  0.179  0.126  0.679  0.321  0.789  0.211
1  5  2.25  0.01  0.01  0.6503763533337176  0.7432867935125685  14.469496332930786  14.195435333151226  1.0  0.682  0.188  0.13  0.661  0.339  0.842  0.158
1  5  2.25  0.01  0.01  0.7274452880298105  0.6052311093787985  14.282940288008657  14.416943843427736  1.0  0.711  0.168  0.121  0.696  0.304  0.737  0.263
1  5  2.25  0.01  0.01  0.7669999003250332  0.7911192291141641  14.59988007405153  13.960100083729605  1.0  0.725  0.159  0.116  0.696  0.304  0.737  0.263
1  5  2.25  0.01  0.01  0.7108149497044449  0.7979946443793958  14.546446410840948  14.166058439269092  1.0  0.705  0.173  0.123  0.679  0.321  0.789  0.211
1  5  2.25  0.01  0.01  0.9213421360109406  0.9425631029584304  14.468922294826712  15.437897866012847  1.0  0.778  0.126  0.097  0.714  0.286  0.684  0.316
1  5  2.25  0.01  0.01  0.7570174041285516  0.5385731867698665  14.290299701527832  14.33900663435018  1.0  0.722  0.161  0.117  0.714  0.286  0.684  0.316
1  5  2.25  0.01  0.01  0.7827762043175799  0.48225680108936386  14.169849451368508  14.680191698924249  1.0  0.731  0.155  0.114  0.714  0.286  0.684  0.316
1  5  2.25  0.01  0.01  0.7270870309444236  0.644975405351866  14.275352035687721  14.498802303964336  1.0  0.711  0.169  0.121  0.696  0.304  0.737  0.263
1  5  2.25  0.01  0.01  0.8451186367214866  0.7703208151262126  14.421508190267486  14.403952975094354  1.0  0.753  0.141  0.106  0.714  0.286  0.684  0.316
1  5  2.25  0.01  0.01  0.702400391179307  0.4553770600041074  14.257290670858309  14.415129714523525  1.0  0.702  0.175  0.124  0.696  0.304  0.737  0.263
1  5  2.25  0.01  0.01  0.7284389208145784  0.5686499834373796  14.318991203617609  14.273705154386658  1.0  0.711  0.168  0.121  0.696  0.304  0.737  0.263
1  5  2.25  0.01  0.01  0.8193485459332636  0.6547224264179089  14.324655675448524  14.375462471652066  1.0  0.744  0.147  0.109  0.714  0.286  0.684  0.316
1  5  2.25  0.01  0.01  0.7010255364467078  0.5083714394165789  14.307407408038966  14.275609755431866  1.0  0.701  0.175  0.124  0.696  0.304  0.737  0.263
1  5  2.25  0.01  0.01  0.7510610020362347  0.6429554204931195  14.217776978448573  14.654488635522222  1.0  0.72  0.163  0.118  0.696  0.304  0.737  0.263
1  5  2.25  0.01  0.01  0.7308217379513435  0.532189113226791  14.277376675788142  14.368065349796055  1.0  0.712  0.168  0.12  0.696  0.304  0.737  0.263
1  5  2.25  0.01  0.01  0.7209724609662389  0.5693780595004613  14.3515081672779  14.178987632361252  1.0  0.708  0.17  0.121  0.696  0.304  0.737  0.263
1  5  2.25  0.01  0.01  0.7723413018659228  0.7524136339214933  14.328789768145786  14.598984674032351  1.0  0.727  0.158  0.115  0.696  0.304  0.737  0.263
1  5  2.25  0.01  0.01  0.7220550995732347  0.7818737486057582  14.510785464256577  14.189180301576279  1.0  0.709  0.17  0.121  0.679  0.321  0.789  0.211
1  5  2.25  0.01  0.01  0.8425607134407407  0.8804544220693692  14.618726001903953  14.431802086363772  1.0  0.752  0.142  0.106  0.696  0.304  0.737  0.263
1  5  2.25  0.01  0.01  0.6156873261502295  0.5762529550298482  14.384204756282534  14.123360434311511  1.0  0.668  0.198  0.134  0.661  0.339  0.842  0.158
1  5  2.25  0.01  0.01  0.6464986491244762  0.5307881569699802  14.342353919764053  14.193381903681077  1.0  0.68  0.189  0.13  0.679  0.321  0.789  0.211
1  5  2.25  0.01  0.01  0.8908983976860818  0.9223619899412162  14.73787124414112  14.43176878975597  1.0  0.768  0.132  0.1  0.714  0.286  0.684  0.316
1  5  2.25  0.01  0.01  0.6208743714807932  0.5356924332471853  14.357760555022352  14.163040145618236  1.0  0.67  0.196  0.133  0.679  0.321  0.789  0.211
1  5  2.25  0.01  0.01  0.6985316843601986  0.4058660387582693  14.287404487725775  14.336351328506348  1.0  0.7  0.176  0.124  0.696  0.304  0.737  0.263
1  5  2.25  0.01  0.01  0.6197252546012438  0.44244995805204007  14.335938534218384  14.199739073337962  1.0  0.67  0.197  0.133  0.679  0.321  0.789  0.211
1  5  2.25  0.01  0.01  0.7533952788905101  0.48928848905905825  14.27638581151427  14.363651016714597  1.0  0.72  0.162  0.117  0.714  0.286  0.684  0.316
1  5  2.25  0.01  0.01  0.8248386367347167  0.6328393586486357  14.231867548242363  14.607218040810451  1.0  0.746  0.146  0.109  0.714  0.286  0.684  0.316
1  5  2.25  0.01  0.01  0.7451519629554348  0.7842425627974676  14.503023403477092  14.230771241104602  1.0  0.717  0.164  0.118  0.679  0.321  0.789  0.211

hyperparameter is wrong
----------------------------------------------------------------------------------------------------------------------------------------------------------------
0  3.5  1.75  0.01  0.01  0.6930924852642325  0.6810223511124702  15.125482035063268  14.226755665373332  1.0  0.779  0.159  0.062  0.802  0.198  0.8  0.2
0  3.5  1.75  0.01  0.01  0.6462017244340547  0.5890029041161966  14.37121075844321  14.414200946111478  1.0  0.76  0.173  0.067  0.79  0.21  0.85  0.15
0  3.5  1.75  0.01  0.01  0.7440585714851096  0.7710468217280354  15.27349411591626  14.424915993558372  1.0  0.798  0.145  0.057  0.815  0.185  0.75  0.25
0  3.5  1.75  0.01  0.01  0.6794118086044985  0.40812623774201207  14.130632848738214  14.790554768013914  1.0  0.773  0.163  0.064  0.815  0.185  0.75  0.25
0  3.5  1.75  0.01  0.01  0.6205427530810169  0.3700818852255367  14.315853085701166  14.045274991338474  1.0  0.749  0.181  0.07  0.802  0.198  0.8  0.2
0  3.5  1.75  0.01  0.01  0.6842223032501217  0.4517803751263968  14.142429488881687  14.751007522802485  1.0  0.775  0.162  0.063  0.815  0.185  0.75  0.25
0  3.5  1.75  0.01  0.01  0.6617447055855126  0.4435105798288364  14.217893623010738  14.422378019947383  1.0  0.766  0.168  0.066  0.802  0.198  0.8  0.2
0  3.5  1.75  0.01  0.01  0.6700895140520273  0.3725998626560055  14.140192852475188  14.767789980711433  1.0  0.77  0.166  0.065  0.815  0.185  0.75  0.25
0  3.5  1.75  0.01  0.01  0.7087785462102488  0.8430418985034863  14.891097118538216  17.903206858415775  1.0  0.785  0.155  0.061  0.802  0.198  0.8  0.2
0  3.5  1.75  0.01  0.01  0.8271955701852168  0.9365093914782504  14.701017677513585  18.533696220427725  1.0  0.827  0.124  0.049  0.827  0.173  0.7  0.3
0  3.5  1.75  0.01  0.01  0.6663590956796012  0.5430674121745884  14.346427874080653  14.142927160164794  1.0  0.768  0.167  0.065  0.802  0.198  0.8  0.2
0  3.5  1.75  0.01  0.01  0.6770408624010728  0.3981044200279157  14.176365114175152  14.608583352725088  1.0  0.772  0.164  0.064  0.815  0.185  0.75  0.25
0  3.5  1.75  0.01  0.01  0.6452158518513729  0.6645760587445121  15.203774747691098  13.846919573178123  1.0  0.76  0.173  0.067  0.79  0.21  0.85  0.15
0  3.5  1.75  0.01  0.01  0.751453265075453  0.7727753920170147  14.84892775146844  16.144340383648633  1.0  0.801  0.143  0.057  0.827  0.173  0.7  0.3
0  3.5  1.75  0.01  0.01  0.6685939796300865  0.3842716023844804  14.200823485273734  14.523438374778141  1.0  0.769  0.166  0.065  0.815  0.185  0.75  0.25
0  3.5  1.75  0.01  0.01  0.7215636718845362  0.6034324941045041  14.438472209656544  14.282144212172756  1.0  0.789  0.151  0.06  0.827  0.173  0.7  0.3
0  3.5  1.75  0.01  0.01  0.5771800061288597  0.4566843391615229  14.427168796145187  13.623206765758573  1.0  0.731  0.195  0.074  0.778  0.222  0.9  0.1
0  3.5  1.75  0.01  0.01  0.6535300832941167  0.37694709054502773  14.19357938979749  14.548443770260803  1.0  0.763  0.171  0.066  0.802  0.198  0.8  0.2
0  3.5  1.75  0.01  0.01  0.7221318650273051  0.49574827973680763  14.189982129360642  14.662197191342756  1.0  0.79  0.151  0.059  0.827  0.173  0.7  0.3
0  3.5  1.75  0.01  0.01  0.6850708535780272  0.37706397355799603  14.189188924737431  14.578045986531517  1.0  0.775  0.161  0.063  0.827  0.173  0.7  0.3
0  3.5  1.75  0.01  0.01  0.6415428658103821  0.5853728514261132  14.50465596844812  13.884826177451629  1.0  0.758  0.174  0.068  0.79  0.21  0.85  0.15
0  3.5  1.75  0.01  0.01  0.7720605696506609  0.9205585158183883  14.781687644767903  18.196687648158147  1.0  0.808  0.138  0.054  0.815  0.185  0.75  0.25
0  3.5  1.75  0.01  0.01  0.7758902859581797  0.8330772008075885  15.752217734825873  14.465236054912967  1.0  0.809  0.137  0.054  0.827  0.173  0.7  0.3
0  3.5  1.75  0.01  0.01  0.659601199667585  0.5347917276782926  14.279577672854415  14.423006459551939  1.0  0.765  0.169  0.066  0.802  0.198  0.8  0.2
0  3.5  1.75  0.01  0.01  0.6985508384477029  0.7976522311935347  14.874626677202585  18.077719350324976  1.0  0.781  0.157  0.062  0.79  0.21  0.85  0.15
0  3.5  1.75  0.01  0.01  0.6376174229320667  0.7381083675851591  14.357039797566527  17.60983098966285  1.0  0.757  0.175  0.068  0.778  0.222  0.9  0.1
0  3.5  1.75  0.01  0.01  0.7730667086923007  0.8626996857162813  15.775392394538716  14.299247370615978  1.0  0.808  0.137  0.054  0.827  0.173  0.7  0.3
0  3.5  1.75  0.01  0.01  0.7303884338801655  0.6543616954342307  15.014901635248233  14.604190987914757  1.0  0.793  0.149  0.059  0.815  0.185  0.75  0.25
0  3.5  1.75  0.01  0.01  0.60529806679174  0.4013754815365575  14.328722594360293  13.982545314785577  1.0  0.743  0.186  0.071  0.79  0.21  0.85  0.15
0  3.5  1.75  0.01  0.01  0.6883084209505391  0.8845570711438738  15.871522136582366  13.848327482783969  1.0  0.777  0.16  0.063  0.79  0.21  0.85  0.15
1  3.5  1.75  0.01  0.01  0.51426195059572  0.4967672123382812  14.178648861569112  14.08370612099683  1.0  0.703  0.216  0.08  0.714  0.286  0.684  0.316
1  3.5  1.75  0.01  0.01  0.599820562211395  0.75282474172447  14.10102956234621  14.312577977414238  1.0  0.741  0.187  0.072  0.714  0.286  0.684  0.316
1  3.5  1.75  0.01  0.01  0.5195527552904569  0.7426254137802324  14.105810733273874  14.281206138657183  1.0  0.706  0.214  0.08  0.679  0.321  0.789  0.211
1  3.5  1.75  0.01  0.01  0.5228699188936377  0.38322800936774104  14.118554344931121  14.406600944929096  1.0  0.707  0.213  0.08  0.714  0.286  0.684  0.316
1  3.5  1.75  0.01  0.01  0.5314788442270034  0.4092932314830763  14.101882225625218  14.42132272689076  1.0  0.711  0.21  0.079  0.714  0.286  0.684  0.316
1  3.5  1.75  0.01  0.01  0.47183775890019664  0.39838722046606495  14.184183904438324  14.189800260961555  1.0  0.684  0.232  0.085  0.696  0.304  0.737  0.263
1  3.5  1.75  0.01  0.01  0.6029885922347529  0.8621879178874927  14.148633893586723  14.463285572245832  1.0  0.742  0.186  0.072  0.696  0.304  0.737  0.263
1  3.5  1.75  0.01  0.01  0.5756006709596658  0.6837784338930067  14.050038602995114  14.394153424153409  1.0  0.73  0.195  0.074  0.714  0.286  0.684  0.316
1  3.5  1.75  0.01  0.01  0.5521468934474276  0.8407525860445401  14.071630967638672  14.613880915539477  1.0  0.72  0.203  0.077  0.679  0.321  0.789  0.211
1  3.5  1.75  0.01  0.01  0.44614422453811664  0.45505143541409715  14.161387587542988  14.189199947159167  1.0  0.672  0.242  0.087  0.679  0.321  0.789  0.211
1  3.5  1.75  0.01  0.01  0.5747379904568855  0.45188512723706814  14.071168627802676  14.471489565338546  1.0  0.73  0.196  0.074  0.732  0.268  0.632  0.368
1  3.5  1.75  0.01  0.01  0.5386829027757867  0.3897725940836444  14.04004130672733  14.636280887587773  1.0  0.714  0.208  0.078  0.714  0.286  0.684  0.316
1  3.5  1.75  0.01  0.01  0.5675541303833157  0.5760749213627541  14.043870556645386  14.426630341166685  1.0  0.727  0.198  0.075  0.714  0.286  0.684  0.316
1  3.5  1.75  0.01  0.01  0.46320184924820645  0.506910207666534  14.137701927120444  14.201415785818462  1.0  0.68  0.235  0.085  0.679  0.321  0.789  0.211
1  3.5  1.75  0.01  0.01  0.47134142270049995  0.8546211419907408  14.306161929650797  14.020507096437502  1.0  0.683  0.232  0.085  0.661  0.339  0.842  0.158
1  3.5  1.75  0.01  0.01  0.4837010770869312  0.4093529019624999  14.152047716228864  14.267410343902455  1.0  0.689  0.227  0.083  0.696  0.304  0.737  0.263
1  3.5  1.75  0.01  0.01  0.522959906170893  0.4100079538325159  14.122530596427262  14.355680969076401  1.0  0.707  0.213  0.08  0.714  0.286  0.684  0.316
1  3.5  1.75  0.01  0.01  0.4858998593341793  0.8729964264400392  14.303142406905447  14.078614548470835  1.0  0.69  0.227  0.083  0.661  0.339  0.842  0.158
1  3.5  1.75  0.01  0.01  0.5371799506997815  0.6998579234339801  14.141752218366731  14.134857074133008  1.0  0.713  0.208  0.078  0.696  0.304  0.737  0.263
1  3.5  1.75  0.01  0.01  0.6074095365460312  0.9836561482309745  14.619114238054127  13.928094266444518  1.0  0.744  0.185  0.071  0.696  0.304  0.737  0.263
1  3.5  1.75  0.01  0.01  0.5672385837238343  0.8350325702648628  14.061034921956795  14.631601312812485  1.0  0.727  0.198  0.075  0.696  0.304  0.737  0.263
1  3.5  1.75  0.01  0.01  0.4363774905374924  0.4195898767995338  14.18884998487324  14.156809912578652  1.0  0.667  0.245  0.088  0.679  0.321  0.789  0.211
1  3.5  1.75  0.01  0.01  0.6274828469150391  0.9152633201597646  14.246290637075921  14.476587618970763  1.0  0.752  0.179  0.069  0.714  0.286  0.684  0.316
1  3.5  1.75  0.01  0.01  0.47087961863927086  0.46075260019170694  14.223938125571197  13.99058636303884  1.0  0.683  0.232  0.085  0.696  0.304  0.737  0.263
1  3.5  1.75  0.01  0.01  0.6545196412423964  0.6972097220811223  13.987641012227252  14.628640286024131  1.0  0.763  0.17  0.066  0.732  0.268  0.632  0.368
1  3.5  1.75  0.01  0.01  0.5092500826274972  0.5782528379283526  14.147491096513805  14.111582839686285  1.0  0.701  0.218  0.081  0.696  0.304  0.737  0.263
1  3.5  1.75  0.01  0.01  0.4502884380390849  0.5581622203164021  14.2178455849396  13.931136029575939  1.0  0.674  0.24  0.087  0.679  0.321  0.789  0.211
1  3.5  1.75  0.01  0.01  0.5608449595710892  0.9751957696555843  14.313510147854643  14.781229970433651  1.0  0.724  0.2  0.076  0.679  0.321  0.789  0.211
1  3.5  1.75  0.01  0.01  0.4943503304232114  0.38030503398326443  14.099150108711754  14.464949054962617  1.0  0.694  0.224  0.082  0.696  0.304  0.737  0.263
1  3.5  1.75  0.01  0.01  0.5430340805185854  0.5039432527230381  14.083845173624562  14.356464754363353  1.0  0.716  0.206  0.078  0.714  0.286  0.684  0.316
-------------------------------------------------------------------------------------------------------------

0  3.5  1.75  0.01  0.01  0.6510566385419474  0.5003813565289745  14.27480985459445  14.27480985459445  1.0  0.762  0.171  0.067  0.802  0.198  0.802  0.198
0  3.5  1.75  0.01  0.01  0.680282109175357  0.6923820655710988  14.95396266312798  14.95396266312798  1.0  0.774  0.163  0.064  0.802  0.198  0.802  0.198
0  3.5  1.75  0.01  0.01  0.6590982195253108  0.540840978724997  14.30419964748816  14.30419964748816  1.0  0.765  0.169  0.066  0.802  0.198  0.802  0.198
0  3.5  1.75  0.01  0.01  0.6655576786443536  0.572181049642404  14.34537232498724  14.34537232498724  1.0  0.768  0.167  0.065  0.802  0.198  0.802  0.198
0  3.5  1.75  0.01  0.01  0.6615734919235525  0.5526998833908988  14.317867696565168  14.317867696565168  1.0  0.766  0.168  0.066  0.802  0.198  0.802  0.198
0  3.5  1.75  0.01  0.01  0.6618707290255048  0.5533590152855986  14.317083530670887  14.317083530670887  1.0  0.766  0.168  0.066  0.802  0.198  0.802  0.198
0  3.5  1.75  0.01  0.01  0.675957392329282  0.6724648508791649  14.940310123146716  14.940310123146716  1.0  0.772  0.164  0.064  0.802  0.198  0.802  0.198
0  3.5  1.75  0.01  0.01  0.695056428247082  0.7599857268145687  15.038112709357536  15.038112709357536  1.0  0.779  0.158  0.062  0.802  0.198  0.802  0.198
0  3.5  1.75  0.01  0.01  0.7136608681044501  0.8872440862994766  15.468775270709184  15.468775270709184  1.0  0.786  0.153  0.06  0.802  0.198  0.802  0.198
0  3.5  1.75  0.01  0.01  0.6408807463204581  0.4487824878203989  14.260675585352283  14.260675585352283  1.0  0.758  0.174  0.068  0.802  0.198  0.802  0.198
0  3.5  1.75  0.01  0.01  0.6702319801337144  0.6447071546065135  14.926923750641555  14.926923750641555  1.0  0.77  0.166  0.065  0.802  0.198  0.802  0.198
0  3.5  1.75  0.01  0.01  0.6725618223555445  0.6566685597782571  14.928936499066662  14.928936499066662  1.0  0.771  0.165  0.065  0.802  0.198  0.802  0.198
0  3.5  1.75  0.01  0.01  0.6290631044788135  0.38505301627200206  14.262318728423361  14.262318728423361  1.0  0.753  0.178  0.069  0.802  0.198  0.802  0.198
0  3.5  1.75  0.01  0.01  0.6425956032503325  0.4577775068312778  14.262828611403222  14.262828611403222  1.0  0.759  0.174  0.068  0.802  0.198  0.802  0.198
0  3.5  1.75  0.01  0.01  0.6607570003782106  0.5491143244137145  14.3160499027219  14.3160499027219  1.0  0.766  0.168  0.066  0.802  0.198  0.802  0.198
0  3.5  1.75  0.01  0.01  0.7086803270055988  0.8666482172803057  15.47754955801461  15.47754955801461  1.0  0.785  0.155  0.061  0.802  0.198  0.802  0.198
0  3.5  1.75  0.01  0.01  0.6419178730001975  0.45321691689397564  14.259182260242868  14.259182260242868  1.0  0.758  0.174  0.068  0.802  0.198  0.802  0.198
0  3.5  1.75  0.01  0.01  0.695079129686093  0.8095811098399236  15.503370445671422  15.503370445671422  1.0  0.779  0.158  0.062  0.802  0.198  0.802  0.198
0  3.5  1.75  0.01  0.01  0.7081614846158127  0.8648016343967522  15.47861874417418  15.47861874417418  1.0  0.784  0.155  0.061  0.802  0.198  0.802  0.198
0  3.5  1.75  0.01  0.01  0.6280450477418087  0.38051464514829036  14.26051611038959  14.26051611038959  1.0  0.753  0.178  0.069  0.802  0.198  0.802  0.198
0  3.5  1.75  0.01  0.01  0.6307997971628859  0.39502353356191333  14.261258568428957  14.261258568428957  1.0  0.754  0.178  0.069  0.802  0.198  0.802  0.198
0  3.5  1.75  0.01  0.01  0.6786686919627706  0.6343074734993184  14.559030831316536  14.559030831316536  1.0  0.773  0.163  0.064  0.802  0.198  0.802  0.198
0  3.5  1.75  0.01  0.01  0.6687471959824544  0.5878192017450079  14.380004108316776  14.380004108316776  1.0  0.769  0.166  0.065  0.802  0.198  0.802  0.198
0  3.5  1.75  0.01  0.01  0.6423009285696105  0.45546685753807126  14.264007642279466  14.264007642279466  1.0  0.758  0.174  0.068  0.802  0.198  0.802  0.198
0  3.5  1.75  0.01  0.01  0.6299377110683277  0.3903695698581832  14.259113533973935  14.259113533973935  1.0  0.753  0.178  0.069  0.802  0.198  0.802  0.198
0  3.5  1.75  0.01  0.01  0.6988462331671946  0.7755281633906418  15.101385299865163  15.101385299865163  1.0  0.781  0.157  0.062  0.802  0.198  0.802  0.198
0  3.5  1.75  0.01  0.01  0.7388348862894378  0.98889422856677  15.434195081641779  15.434195081641779  1.0  0.796  0.146  0.058  0.802  0.198  0.802  0.198
0  3.5  1.75  0.01  0.01  0.7317431056026005  0.9607211112170327  15.441869245719412  15.441869245719412  1.0  0.793  0.148  0.058  0.802  0.198  0.802  0.198
0  3.5  1.75  0.01  0.01  0.6382565938204076  0.43494290492452686  14.26174299142066  14.26174299142066  1.0  0.757  0.175  0.068  0.802  0.198  0.802  0.198
0  3.5  1.75  0.01  0.01  0.6968091459292877  0.7664899211000865  15.066377593870515  15.066377593870515  1.0  0.78  0.158  0.062  0.802  0.198  0.802  0.198
0  3.5  1.75  0.01  0.01  0.5838221341708935  0.8848921475452429  14.259438190020065  14.259438190020065  1.0  0.734  0.193  0.074  0.707  0.293  0.707  0.293
0  3.5  1.75  0.01  0.01  0.48805821922367126  0.39239190913892646  14.187210518441026  14.187210518441026  1.0  0.691  0.226  0.083  0.707  0.293  0.707  0.293
0  3.5  1.75  0.01  0.01  0.5558179067816278  0.7571808827812944  14.156529595009069  14.156529595009069  1.0  0.722  0.202  0.076  0.707  0.293  0.707  0.293
0  3.5  1.75  0.01  0.01  0.5266917174952643  0.6124566989976006  14.134141597228727  14.134141597228727  1.0  0.709  0.212  0.079  0.707  0.293  0.707  0.293
0  3.5  1.75  0.01  0.01  0.5370814188308066  0.6653343762858049  14.135479865735842  14.135479865735842  1.0  0.713  0.208  0.078  0.707  0.293  0.707  0.293
0  3.5  1.75  0.01  0.01  0.5092102398595714  0.5168024996482232  14.149654867816613  14.149654867816613  1.0  0.701  0.218  0.081  0.707  0.293  0.707  0.293
0  3.5  1.75  0.01  0.01  0.4906076231215531  0.40761299744725105  14.181853935074974  14.181853935074974  1.0  0.692  0.225  0.083  0.707  0.293  0.707  0.293
0  3.5  1.75  0.01  0.01  0.5131283643291077  0.5388260021831035  14.144747659460148  14.144747659460148  1.0  0.703  0.217  0.081  0.707  0.293  0.707  0.293
0  3.5  1.75  0.01  0.01  0.4902607136631917  0.4056685459818097  14.182630987043806  14.182630987043806  1.0  0.692  0.225  0.083  0.707  0.293  0.707  0.293
0  3.5  1.75  0.01  0.01  0.4860027755373601  0.37981212662107755  14.192367387399354  14.192367387399354  1.0  0.69  0.227  0.083  0.707  0.293  0.707  0.293
0  3.5  1.75  0.01  0.01  0.534906558009284  0.6545254373949624  14.135277782138353  14.135277782138353  1.0  0.712  0.209  0.078  0.707  0.293  0.707  0.293
0  3.5  1.75  0.01  0.01  0.49666552843302647  0.4435417419826314  14.1689985882997  14.1689985882997  1.0  0.695  0.223  0.082  0.707  0.293  0.707  0.293
0  3.5  1.75  0.01  0.01  0.570145198423548  0.8236940111058869  14.193170017869624  14.193170017869624  1.0  0.728  0.197  0.075  0.707  0.293  0.707  0.293
0  3.5  1.75  0.01  0.01  0.5123556204138147  0.5335987242015215  14.144850583075465  14.144850583075465  1.0  0.702  0.217  0.081  0.707  0.293  0.707  0.293
0  3.5  1.75  0.01  0.01  0.5055256714280332  0.49575634636063143  14.154421941356771  14.154421941356771  1.0  0.699  0.219  0.081  0.707  0.293  0.707  0.293
0  3.5  1.75  0.01  0.01  0.4929887647187339  0.4224843015977407  14.176366546930018  14.176366546930018  1.0  0.693  0.224  0.083  0.707  0.293  0.707  0.293
0  3.5  1.75  0.01  0.01  0.5408351621245785  0.6846081310719432  14.13804956637817  14.13804956637817  1.0  0.715  0.207  0.078  0.707  0.293  0.707  0.293
0  3.5  1.75  0.01  0.01  0.5971381202618928  0.9404892557725836  14.346104393781319  14.346104393781319  1.0  0.74  0.188  0.072  0.707  0.293  0.707  0.293
0  3.5  1.75  0.01  0.01  0.5787235806324292  0.8624708139849855  14.227863047205158  14.227863047205158  1.0  0.732  0.194  0.074  0.707  0.293  0.707  0.293
0  3.5  1.75  0.01  0.01  0.5450747369626073  0.7058662109825774  14.141057750616731  14.141057750616731  1.0  0.717  0.206  0.077  0.707  0.293  0.707  0.293
0  3.5  1.75  0.01  0.01  0.5209995525049336  0.5804009158627597  14.137535604901874  14.137535604901874  1.0  0.706  0.214  0.08  0.707  0.293  0.707  0.293
0  3.5  1.75  0.01  0.01  0.53492817402053  0.6548010467310554  14.135277782395546  14.135277782395546  1.0  0.712  0.209  0.078  0.707  0.293  0.707  0.293
0  3.5  1.75  0.01  0.01  0.4967799824619343  0.4443783947178182  14.16954052745157  14.16954052745157  1.0  0.695  0.223  0.082  0.707  0.293  0.707  0.293
0  3.5  1.75  0.01  0.01  0.4945019211320294  0.431511810287277  14.173491249653916  14.173491249653916  1.0  0.694  0.223  0.082  0.707  0.293  0.707  0.293
0  3.5  1.75  0.01  0.01  0.5694996335088522  0.8205092437605755  14.19210978122479  14.19210978122479  1.0  0.728  0.197  0.075  0.707  0.293  0.707  0.293
0  3.5  1.75  0.01  0.01  0.5186138919056328  0.5684376176242083  14.139630311113136  14.139630311113136  1.0  0.705  0.215  0.08  0.707  0.293  0.707  0.293
0  3.5  1.75  0.01  0.01  0.555991222933738  0.7585213757317993  14.157366343146577  14.157366343146577  1.0  0.722  0.202  0.076  0.707  0.293  0.707  0.293
0  3.5  1.75  0.01  0.01  0.5062491186225806  0.49984008348567777  14.15344996524348  14.15344996524348  1.0  0.7  0.219  0.081  0.707  0.293  0.707  0.293
0  3.5  1.75  0.01  0.01  0.5391760257515837  0.6761804599932176  14.136973191885776  14.136973191885776  1.0  0.714  0.208  0.078  0.707  0.293  0.707  0.293
0  3.5  1.75  0.01  0.01  0.5769633179482095  0.85466346114519  14.22464394316204  14.22464394316204  1.0  0.731  0.195  0.074  0.707  0.293  0.707  0.293
0  3.5  1.75  0.01  0.01  0.6294812479541695  0.14222964623088913  0.664691435046002  14.941868855495132  14.941868855495132  1.0  0.769  0.164  0.067  0.802  0.198  0.802  0.198
0  3.5  1.75  0.01  0.01  0.614857865037301  0.1129744654506884  0.4877425544018934  14.276380295563339  14.276380295563339  1.0  0.76  0.172  0.069  0.802  0.198  0.802  0.198
0  3.5  1.75  0.01  0.01  0.6071850532208384  0.12344489932944519  0.4621424923708031  14.268559739435407  14.268559739435407  1.0  0.758  0.173  0.069  0.802  0.198  0.802  0.198
0  3.5  1.75  0.01  0.01  0.6779069207622119  -0.11732766103380543  0.4526583759046829  14.256763260838298  14.256763260838298  1.0  0.759  0.175  0.066  0.802  0.198  0.802  0.198
0  3.5  1.75  0.01  0.01  0.6136679590749621  0.11044104306043734  0.4800786299516811  14.271174467449269  14.271174467449269  1.0  0.759  0.172  0.069  0.802  0.198  0.802  0.198
0  3.5  1.75  0.01  0.01  0.6818274427556256  -0.07694348499839787  0.53157929719178  14.29957908924246  14.29957908924246  1.0  0.765  0.17  0.065  0.802  0.198  0.802  0.198
0  3.5  1.75  0.01  0.01  0.7374886370676235  -0.17876108873861304  0.689800796294925  14.94309769140687  14.94309769140687  1.0  0.776  0.164  0.06  0.802  0.198  0.802  0.198
0  3.5  1.75  0.01  0.01  0.636634529650421  0.15325069321766444  0.7159385524199671  14.975966119602525  14.975966119602525  1.0  0.773  0.161  0.066  0.802  0.198  0.802  0.198
0  3.5  1.75  0.01  0.01  0.7030595434648547  -0.1892929364546134  0.47151995469608926  14.264040681576386  14.264040681576386  1.0  0.761  0.175  0.064  0.802  0.198  0.802  0.198
0  3.5  1.75  0.01  0.01  0.6773762535929289  0.12706880100193807  0.9225019489409768  15.465996823533864  15.465996823533864  1.0  0.786  0.151  0.062  0.802  0.198  0.802  0.198
0  3.5  1.75  0.01  0.01  0.655035876361739  0.029098997228669626  0.5662287032281405  14.343416207303092  14.343416207303092  1.0  0.767  0.167  0.066  0.802  0.198  0.802  0.198
0  3.5  1.75  0.01  0.01  0.6673979903456098  0.09487911616242284  0.8193617559018455  15.508327525515814  15.508327525515814  1.0  0.778  0.158  0.064  0.802  0.198  0.802  0.198
0  3.5  1.75  0.01  0.01  0.632316830568379  0.06847594289514813  0.5144274247837206  14.291920917786841  14.291920917786841  1.0  0.762  0.17  0.068  0.802  0.198  0.802  0.198
0  3.5  1.75  0.01  0.01  0.6334723156959141  0.07617701455948744  0.536734743057841  14.306830348670488  14.306830348670488  1.0  0.764  0.169  0.067  0.802  0.198  0.802  0.198
0  3.5  1.75  0.01  0.01  0.6268707020566574  0.04635072532116419  0.45385407810534056  14.261700515166103  14.261700515166103  1.0  0.758  0.174  0.068  0.802  0.198  0.802  0.198
0  3.5  1.75  0.01  0.01  0.7033697728901822  0.013866715225136661  0.8592888739021456  15.481520285680183  15.481520285680183  1.0  0.784  0.155  0.061  0.802  0.198  0.802  0.198
0  3.5  1.75  0.01  0.01  0.7890648916737194  -0.1351630992351367  0.9910921293843312  15.430238021813306  15.430238021813306  1.0  0.8  0.146  0.055  0.802  0.198  0.802  0.198
0  3.5  1.75  0.01  0.01  0.763007365096484  -0.1379919244178879  0.8934526692868324  15.458839496106448  15.458839496106448  1.0  0.79  0.153  0.057  0.802  0.198  0.802  0.198
0  3.5  1.75  0.01  0.01  0.6509433794976636  0.14717177250724928  0.7837254019204357  15.146002786135293  15.146002786135293  1.0  0.778  0.157  0.064  0.802  0.198  0.802  0.198
0  3.5  1.75  0.01  0.01  0.7409113922149593  -0.1503968619304853  0.7926336326691026  15.498862803097051  15.498862803097051  1.0  0.781  0.16  0.06  0.802  0.198  0.802  0.198
0  3.5  1.75  0.01  0.01  0.7028130627661011  -0.13480603288443554  0.5551622100331616  14.336024843513602  14.336024843513602  1.0  0.768  0.169  0.063  0.802  0.198  0.802  0.198
0  3.5  1.75  0.01  0.01  0.682425618964783  0.05538650226958419  0.8416316028624076  15.494264022184867  15.494264022184867  1.0  0.781  0.156  0.063  0.802  0.198  0.802  0.198
0  3.5  1.75  0.01  0.01  0.7067134224371667  -0.16590740715069452  0.516009436952912  14.29291588144944  14.29291588144944  1.0  0.765  0.172  0.063  0.802  0.198  0.802  0.198
0  3.5  1.75  0.01  0.01  0.6788953181903232  -0.14976715573977947  0.4124140812477569  14.251485870747839  14.251485870747839  1.0  0.756  0.178  0.066  0.802  0.198  0.802  0.198
0  3.5  1.75  0.01  0.01  0.6716025757045369  0.05741990645710643  0.7423458087575319  15.019130065285292  15.019130065285292  1.0  0.777  0.16  0.064  0.802  0.198  0.802  0.198
0  3.5  1.75  0.01  0.01  0.6891774813411164  -0.11989114323433077  0.5065387041322599  14.2836636300255  14.2836636300255  1.0  0.764  0.172  0.064  0.802  0.198  0.802  0.198
0  3.5  1.75  0.01  0.01  0.6010208115668809  0.1865552333361351  0.5455592414410502  14.319829652175677  14.319829652175677  1.0  0.763  0.168  0.069  0.802  0.198  0.802  0.198
0  3.5  1.75  0.01  0.01  0.7379786830988058  -0.14891756567032355  0.7317377964635343  15.006013252466808  15.006013252466808  1.0  0.78  0.161  0.06  0.802  0.198  0.802  0.198
0  3.5  1.75  0.01  0.01  0.7074155740124091  -0.0530249376773666  0.741810096403781  15.02117347000307  15.02117347000307  1.0  0.779  0.16  0.062  0.802  0.198  0.802  0.198
0  3.5  1.75  0.01  0.01  0.6593033964627585  0.1643317186375829  0.8896517542474728  15.48376083365418  15.48376083365418  1.0  0.783  0.154  0.063  0.802  0.198  0.802  0.198
1  3.5  1.75  0.01  0.01  0.4913314210992438  0.07463224285669806  0.5546874143248225  14.141956220240393  14.141956220240393  1.0  0.701  0.217  0.082  0.707  0.293  0.707  0.293
1  3.5  1.75  0.01  0.01  0.5039183607357502  0.10659402443018973  0.7063738493069575  14.135664470103166  14.135664470103166  1.0  0.712  0.208  0.08  0.707  0.293  0.707  0.293
1  3.5  1.75  0.01  0.01  0.48629813411498357  0.010891480984147661  0.4028401991078331  14.1838292812015  14.1838292812015  1.0  0.692  0.225  0.083  0.707  0.293  0.707  0.293
1  3.5  1.75  0.01  0.01  0.42049256913847444  0.19725450176639703  0.38927782345327805  14.200914878985957  14.200914878985957  1.0  0.685  0.228  0.086  0.707  0.293  0.707  0.293
1  3.5  1.75  0.01  0.01  0.5767839381844229  -0.1913514483231623  0.5210935934612216  14.153034629917801  14.153034629917801  1.0  0.708  0.216  0.077  0.707  0.293  0.707  0.293
1  3.5  1.75  0.01  0.01  0.5852882514577766  -0.002765154208720866  0.8908902993636135  14.263976914984202  14.263976914984202  1.0  0.735  0.192  0.073  0.707  0.293  0.707  0.293
1  3.5  1.75  0.01  0.01  0.4888820533506876  0.10589379727244358  0.6238741351785306  14.131492104539909  14.131492104539909  1.0  0.705  0.213  0.081  0.707  0.293  0.707  0.293
1  3.5  1.75  0.01  0.01  0.4552816259701905  0.14159608892753917  0.4869485850026693  14.161236140488969  14.161236140488969  1.0  0.694  0.222  0.084  0.707  0.293  0.707  0.293
1  3.5  1.75  0.01  0.01  0.5441202085215413  0.11848381427591509  0.9230780167132233  14.288116032891136  14.288116032891136  1.0  0.731  0.193  0.076  0.707  0.293  0.707  0.293
1  3.5  1.75  0.01  0.01  0.6335727810922143  -0.13464751662974916  0.8746943254573164  14.273006380896629  14.273006380896629  1.0  0.74  0.19  0.07  0.707  0.293  0.707  0.293
1  3.5  1.75  0.01  0.01  0.5139151474630776  0.14142602801453158  0.817021116622731  14.174750064789574  14.174750064789574  1.0  0.72  0.201  0.079  0.707  0.293  0.707  0.293
1  3.5  1.75  0.01  0.01  0.4547272410693744  0.11807588822311094  0.43807750552796654  14.176018737112587  14.176018737112587  1.0  0.691  0.225  0.085  0.707  0.293  0.707  0.293
1  3.5  1.75  0.01  0.01  0.5569538849139195  -0.04927004787653502  0.6726862572798267  14.137950807899724  14.137950807899724  1.0  0.716  0.207  0.077  0.707  0.293  0.707  0.293
1  3.5  1.75  0.01  0.01  0.5377038473503993  -0.056810624028125256  0.5569812518138372  14.142972212004494  14.142972212004494  1.0  0.706  0.215  0.079  0.707  0.293  0.707  0.293
1  3.5  1.75  0.01  0.01  0.5874204162323341  -0.09534704671748591  0.727402353139092  14.155877250159298  14.155877250159298  1.0  0.723  0.202  0.075  0.707  0.293  0.707  0.293
1  3.5  1.75  0.01  0.01  0.5356783376691244  -0.022070829631048255  0.6208021115157659  14.134983907340429  14.134983907340429  1.0  0.71  0.211  0.079  0.707  0.293  0.707  0.293
1  3.5  1.75  0.01  0.01  0.6641606354878752  -0.13752716913668844  0.9765540042993425  14.476548673256172  14.476548673256172  1.0  0.751  0.181  0.067  0.707  0.293  0.707  0.293
1  3.5  1.75  0.01  0.01  0.42856269278141307  0.18087739558818527  0.39921178038799887  14.19506225551827  14.19506225551827  1.0  0.686  0.228  0.086  0.707  0.293  0.707  0.293
1  3.5  1.75  0.01  0.01  0.4430499301979687  0.19960773233375279  0.5423443988719623  14.1478361822013  14.1478361822013  1.0  0.696  0.22  0.084  0.707  0.293  0.707  0.293
1  3.5  1.75  0.01  0.01  0.5240412719163561  0.17973212765128477  0.9444262421115036  14.320877387833962  14.320877387833962  1.0  0.729  0.194  0.077  0.707  0.293  0.707  0.293
1  3.5  1.75  0.01  0.01  0.5751316229557395  -0.11892413647660655  0.6359808144178846  14.141323999216466  14.141323999216466  1.0  0.716  0.208  0.076  0.707  0.293  0.707  0.293
1  3.5  1.75  0.01  0.01  0.5056638760971974  0.13175612604948517  0.7552316782587782  14.146088934557657  14.146088934557657  1.0  0.715  0.205  0.079  0.707  0.293  0.707  0.293
1  3.5  1.75  0.01  0.01  0.5389928395640501  -0.15873367871558255  0.3761507080464057  14.19153957646639  14.19153957646639  1.0  0.694  0.226  0.08  0.707  0.293  0.707  0.293
1  3.5  1.75  0.01  0.01  0.5719516959316322  -0.06963164933873581  0.7080588292938664  14.147670216928837  14.147670216928837  1.0  0.72  0.204  0.076  0.707  0.293  0.707  0.293
1  3.5  1.75  0.01  0.01  0.5358605474821955  -0.13936135498935634  0.3961641454911271  14.184505770133516  14.184505770133516  1.0  0.695  0.224  0.08  0.707  0.293  0.707  0.293
1  3.5  1.75  0.01  0.01  0.5192786996004765  -0.006845875051434136  0.5529609082488034  14.141506558488757  14.141506558488757  1.0  0.704  0.216  0.08  0.707  0.293  0.707  0.293
1  3.5  1.75  0.01  0.01  0.4863015917209086  0.05791515664052865  0.505407035529687  14.152655684183664  14.152655684183664  1.0  0.698  0.22  0.082  0.707  0.293  0.707  0.293
1  3.5  1.75  0.01  0.01  0.5132850628148871  -0.06941204092478334  0.4023149434983845  14.181979351474519  14.181979351474519  1.0  0.694  0.225  0.081  0.707  0.293  0.707  0.293
1  3.5  1.75  0.01  0.01  0.43607142603869176  0.16167228699503738  0.4046073347543525  14.191615609432292  14.191615609432292  1.0  0.687  0.227  0.086  0.707  0.293  0.707  0.293
1  3.5  1.75  0.01  0.01  0.5247461050001143  -0.05585006351251762  0.48633636150729725  14.157132841676257  14.157132841676257  1.0  0.7  0.219  0.08  0.707  0.293  0.707  0.293
