1  0  5  2.25  0.01  0.01  0.19174612187748388  0.041573024210139836  0.9448591582680046  14.965532082495997  1.0  0.58  0.391  0.029  0.583  0.417
1  0  5  2.25  0.01  0.01  0.2316446655164824  -0.08364744306931451  1.0650099031548665  14.864604871938518  1.0  0.587  0.384  0.029  0.583  0.417
1  0  5  2.25  0.01  0.01  0.39062958456954816  -0.06917164960804972  0.6292509151772654  14.998297312925263  1.0  0.661  0.314  0.025  0.667  0.333
1  0  5  2.25  0.01  0.01  0.16787811905835331  -0.02585144334020542  1.031603227361023  14.966495721579168  1.0  0.562  0.408  0.029  0.567  0.433
1  0  5  2.25  0.01  0.01  0.2621470464434095  0.051223724520291  1.6120733172704858  14.733830093589143  1.0  0.614  0.358  0.028  0.6  0.4
1  0  5  2.25  0.01  0.01  0.1963783863351269  -0.1136411239069807  0.3741205423829676  15.272106969019381  1.0  0.568  0.403  0.029  0.583  0.417
1  0  5  2.25  0.01  0.01  0.2114850634408584  0.06164560071860592  0.6018849125052513  15.085133458392502  1.0  0.592  0.38  0.029  0.6  0.4
1  0  5  2.25  0.01  0.01  0.19415689827314103  0.13941594143224573  0.7455842275810993  15.079804146659392  1.0  0.591  0.38  0.029  0.6  0.4
1  0  5  2.25  0.01  0.01  0.18394994048894514  0.12269893437111301  0.4650409639700733  15.255463955171676  1.0  0.585  0.386  0.029  0.6  0.4
1  0  5  2.25  0.01  0.01  0.2158847076598237  0.08629640167244823  0.9919413103094723  14.977606740672998  1.0  0.597  0.375  0.029  0.6  0.4
1  0  5  2.25  0.01  0.01  0.2850761000949033  -0.1968095730130151  0.6801853480648141  15.23548758456235  1.0  0.601  0.372  0.028  0.617  0.383
1  0  5  2.25  0.01  0.01  0.15784393972485877  -0.026919937914517966  0.7306188308324775  15.097268678937898  1.0  0.557  0.413  0.03  0.567  0.433
1  0  5  2.25  0.01  0.01  0.31323253615741925  -0.011775330224971237  0.3786623710072423  15.215066722930548  1.0  0.632  0.341  0.027  0.65  0.35
1  0  5  2.25  0.01  0.01  0.12802420472705672  0.09142806089749034  0.48202334086868287  15.132834363454736  1.0  0.555  0.415  0.03  0.567  0.433
1  0  5  2.25  0.01  0.01  0.19941278302915422  -0.029142689529928933  0.7488779189012992  15.040315293859083  1.0  0.577  0.394  0.029  0.583  0.417
1  0  5  2.25  0.01  0.01  0.21199611258571535  0.020839343916935343  0.5387319837528486  15.169919169336687  1.0  0.588  0.383  0.029  0.6  0.4
1  0  5  2.25  0.01  0.01  0.2693075651796615  -0.1361025867404207  0.8016862009481891  14.981140472986437  1.0  0.599  0.373  0.028  0.6  0.4
1  0  5  2.25  0.01  0.01  0.2807808780760325  -0.1418047062894898  0.988837370890957  14.897479995748794  1.0  0.605  0.368  0.028  0.6  0.4
1  0  5  2.25  0.01  0.01  0.24241981262534862  0.023684923407651548  1.120552314171382  14.907860917050355  1.0  0.602  0.37  0.028  0.6  0.4
1  0  5  2.25  0.01  0.01  0.09884177170521047  -0.11836594038422948  0.642140641016484  15.185797633902897  1.0  0.52  0.45  0.03  0.533  0.467
1  0  5  2.25  0.01  0.01  0.4127240429101657  0.11207747169013738  0.838302228904356  14.85536207989563  1.0  0.687  0.289  0.024  0.683  0.317
1  0  5  2.25  0.01  0.01  0.2902881025843061  0.1646821440182749  0.4268196309961434  15.131166732637535  1.0  0.638  0.335  0.027  0.65  0.35
1  0  5  2.25  0.01  0.01  0.0015535898628621283  0.159856705648788  0.9346551675022872  15.18045085017642  1.0  0.501  0.468  0.031  0.517  0.483
1  0  5  2.25  0.01  0.01  0.2514261679574021  -0.016823412851363073  0.5812402375575678  15.201495641716948  1.0  0.603  0.369  0.028  0.617  0.383
1  0  5  2.25  0.01  0.01  0.17489103806095613  0.09866437577910858  0.8872105084597095  14.98259757769434  1.0  0.578  0.392  0.029  0.583  0.417
1  0  5  2.25  0.01  0.01  0.2544654519632519  0.06898516349863393  0.8516988999445322  15.004740777240443  1.0  0.613  0.36  0.028  0.617  0.383
1  0  5  2.25  0.01  0.01  0.07991628166928509  -0.03779740476527288  0.5486034141651476  15.231952997370179  1.0  0.519  0.451  0.03  0.533  0.467
1  0  5  2.25  0.01  0.01  0.09832853974302172  -0.07692232422933008  1.1276545496543868  15.023253965175343  1.0  0.524  0.446  0.03  0.533  0.467
1  0  5  2.25  0.01  0.01  0.1829680207036188  0.08785706356927026  0.9237706844769782  14.918025899906914  1.0  0.581  0.39  0.029  0.583  0.417
1  0  5  2.25  0.01  0.01  0.14067866582898939  -0.019293636570410083  0.40093533003214543  15.323622958684966  1.0  0.55  0.42  0.03  0.567  0.433
1  1  5  2.25  0.01  0.01  0.7597233297936732  -0.12492584780174117  0.4632633521853996  14.752648852021862  1.0  0.798  0.188  0.014  0.85  0.15
1  1  5  2.25  0.01  0.01  0.5481493070141793  0.06817170343337087  0.6747443853213987  14.981503929626921  1.0  0.738  0.242  0.02  0.767  0.233
1  1  5  2.25  0.01  0.01  0.7149235904505431  0.05621930598338748  0.8741081920440862  14.638884317641876  1.0  0.797  0.188  0.015  0.817  0.183
1  1  5  2.25  0.01  0.01  0.6829064754556102  -0.1139220808638814  0.4355303070103027  14.874549930123193  1.0  0.773  0.211  0.016  0.817  0.183
1  1  5  2.25  0.01  0.01  0.7582607049443805  -0.07618672939766458  1.0639136449585316  14.588622183479742  1.0  0.801  0.185  0.014  0.817  0.183
1  1  5  2.25  0.01  0.01  0.9655186213929081  0.0017185582677319289  0.8613320480653716  14.324997914865486  1.0  0.864  0.128  0.008  0.933  0.067
1  1  5  2.25  0.01  0.01  0.7984811628954605  -0.06569769941471226  1.3320955079740164  14.394834859112771  1.0  0.814  0.173  0.013  0.8  0.2
1  1  5  2.25  0.01  0.01  0.7716173099071518  -0.06972112349323983  0.6088293802795028  14.763466091187045  1.0  0.806  0.181  0.014  0.867  0.133
1  1  5  2.25  0.01  0.01  0.5687526194326246  0.1597632414608363  0.5516181459160087  15.068408189617362  1.0  0.753  0.227  0.019  0.8  0.2
1  1  5  2.25  0.01  0.01  0.647071453689733  -0.10219149423582158  0.42300038847750565  15.015545129542351  1.0  0.761  0.221  0.017  0.817  0.183
1  1  5  2.25  0.01  0.01  0.7967053150612905  0.07466022008250822  0.7499756831316651  14.595840057388415  1.0  0.823  0.164  0.013  0.867  0.133
1  1  5  2.25  0.01  0.01  0.7078089279482441  -0.08838889383876945  0.44111558968709225  14.942931823282374  1.0  0.783  0.201  0.015  0.85  0.15
1  1  5  2.25  0.01  0.01  0.7584380621666971  0.1799674513740092  1.2243826065979424  14.51658434335175  1.0  0.819  0.167  0.013  0.833  0.167
1  1  5  2.25  0.01  0.01  0.6092081902040195  -0.0920299968277897  0.9764350285686051  14.850111209351674  1.0  0.748  0.233  0.019  0.767  0.233
1  1  5  2.25  0.01  0.01  0.6530278374014883  -0.12282308662149283  0.5734662970797474  14.911542404297371  1.0  0.762  0.221  0.017  0.8  0.2
1  1  5  2.25  0.01  0.01  0.615143244125111  0.12393600235417551  0.5488568242969591  14.88319349368333  1.0  0.767  0.215  0.018  0.8  0.2
1  1  5  2.25  0.01  0.01  0.7451580377527336  0.03181771542738984  0.8305763139522138  14.640498919776938  1.0  0.804  0.181  0.014  0.833  0.167
1  1  5  2.25  0.01  0.01  0.6001851289813381  0.1397723473253249  0.6406473967427567  14.818180806176048  1.0  0.763  0.218  0.018  0.783  0.217
1  1  5  2.25  0.01  0.01  1.0071624243182253  -0.11547284137650907  1.55477193638627  14.138194678700641  1.0  0.867  0.126  0.008  0.85  0.15
1  1  5  2.25  0.01  0.01  0.6748512409818994  0.08428352374000897  0.5784052973996829  14.87433721820148  1.0  0.785  0.199  0.016  0.833  0.167
1  1  5  2.25  0.01  0.01  0.8488783735657439  0.04345820499618047  1.0744813286439396  14.438932033307289  1.0  0.836  0.153  0.011  0.867  0.133
1  1  5  2.25  0.01  0.01  0.91016651423872  -0.15976234498800956  1.320518990359472  14.337251099879701  1.0  0.84  0.15  0.01  0.85  0.15
1  1  5  2.25  0.01  0.01  0.6258089220189332  -0.10639982912251407  0.5547129453286741  15.011033167063834  1.0  0.753  0.229  0.018  0.8  0.2
1  1  5  2.25  0.01  0.01  0.8873076821914048  -0.16787159235154264  1.4083652972825478  14.30125906480072  1.0  0.833  0.157  0.011  0.817  0.183
1  1  5  2.25  0.01  0.01  0.7899224892090427  0.04966845154992208  1.2675120605068455  14.415149023431457  1.0  0.82  0.168  0.013  0.817  0.183
1  1  5  2.25  0.01  0.01  0.6122079561482235  0.16240984847861478  0.5003853829405615  14.980012225753525  1.0  0.769  0.213  0.018  0.817  0.183
1  1  5  2.25  0.01  0.01  0.8005527228712537  -0.15101769591847214  1.19971742792377  14.511905718231533  1.0  0.809  0.178  0.013  0.817  0.183
1  1  5  2.25  0.01  0.01  0.7141638048985217  0.04016141942444848  1.1498687691085487  14.655721326652193  1.0  0.795  0.19  0.015  0.817  0.183
1  1  5  2.25  0.01  0.01  0.7759335634247339  -0.014020531550208049  0.841721270235824  14.565460385245276  1.0  0.811  0.175  0.013  0.833  0.167
1  1  5  2.25  0.01  0.01  0.7227878426532806  -0.03420177859813803  0.8509500123590269  14.667104344027118  1.0  0.793  0.192  0.015  0.817  0.183
0  0  5  2.25  0.01  0.01  0.6085462242066525  -0.014522071893489391  0.9563627965342083  15.014185524596712  1.0  0.754  0.227  0.018  0.796  0.204
0  0  5  2.25  0.01  0.01  0.41679108563575895  0.12516179455267462  1.3111946190200279  15.021609671830264  1.0  0.69  0.286  0.024  0.704  0.296
0  0  5  2.25  0.01  0.01  0.6063051169133346  -0.019282429306133997  0.6113193807491546  15.131900112599142  1.0  0.753  0.229  0.018  0.815  0.185
0  0  5  2.25  0.01  0.01  0.3950072466972765  0.08091229106223696  0.6091815383862731  15.438781332978635  1.0  0.676  0.299  0.025  0.722  0.278
0  0  5  2.25  0.01  0.01  0.45562929247105  -0.07884696687703414  0.40930938960776797  15.407684897836  1.0  0.688  0.289  0.023  0.741  0.259
0  0  5  2.25  0.01  0.01  0.6241283537064862  -0.12550200533435146  1.1346450638198466  14.8896900686031  1.0  0.75  0.232  0.018  0.778  0.222
0  0  5  2.25  0.01  0.01  0.682064005042333  0.1616644093685528  1.4850467020029272  14.725535593283029  1.0  0.793  0.191  0.016  0.815  0.185
0  0  5  2.25  0.01  0.01  0.5583364215051756  -0.1356874828448677  0.3794806653910417  15.335728541699646  1.0  0.724  0.255  0.02  0.796  0.204
0  0  5  2.25  0.01  0.01  0.6254477194231609  0.018491578339103587  0.6347987899616624  15.130636794780836  1.0  0.763  0.219  0.018  0.833  0.167
0  0  5  2.25  0.01  0.01  0.5901736975458403  -0.17227469271490078  0.6295014008790928  15.191366764655  1.0  0.734  0.247  0.019  0.796  0.204
0  0  5  2.25  0.01  0.01  0.6371615950312026  0.08214525560475627  0.8863329738913449  15.033301605784274  1.0  0.772  0.211  0.017  0.833  0.167
0  0  5  2.25  0.01  0.01  0.5505983737042912  -0.03912420942809458  0.6881978158017751  15.152982921429304  1.0  0.73  0.25  0.02  0.778  0.222
0  0  5  2.25  0.01  0.01  0.5378512043259088  -0.1253325719966586  0.46996308936541636  15.296849125089896  1.0  0.717  0.262  0.021  0.778  0.222
0  0  5  2.25  0.01  0.01  0.3634194181978143  -0.0030671736959017315  0.6667581132741369  15.326111625968474  1.0  0.655  0.319  0.025  0.685  0.315
0  0  5  2.25  0.01  0.01  0.5621385605910009  -0.12248343132347786  0.39414607573127786  15.298594812928084  1.0  0.728  0.252  0.02  0.796  0.204
0  0  5  2.25  0.01  0.01  0.5783538840932345  -0.026068294280555515  1.0137821145262906  15.026905372272564  1.0  0.741  0.239  0.019  0.778  0.222
0  0  5  2.25  0.01  0.01  0.41944273429823276  0.18081054336690083  0.8959899874861925  15.182801042858504  1.0  0.696  0.281  0.024  0.722  0.278
0  0  5  2.25  0.01  0.01  0.5582009200568315  -0.03271667867831804  0.7568278808265084  15.10585897382649  1.0  0.734  0.246  0.02  0.778  0.222
0  0  5  2.25  0.01  0.01  0.4654822440728907  0.12869573362799963  1.0343793343159746  15.130604413577897  1.0  0.71  0.267  0.022  0.741  0.259
0  0  5  2.25  0.01  0.01  0.538254912866696  -0.11664616294128267  0.4309196967230308  15.282756665539901  1.0  0.718  0.261  0.021  0.778  0.222
0  0  5  2.25  0.01  0.01  0.7104344813493553  -0.02058255090853084  1.5359952770332146  14.631080463134984  1.0  0.789  0.195  0.015  0.796  0.204
0  0  5  2.25  0.01  0.01  0.4892847842108881  0.12598038870359496  0.7492057197511545  15.177182690658666  1.0  0.72  0.258  0.022  0.759  0.241
0  0  5  2.25  0.01  0.01  0.4084470525918179  -0.0970008174132802  0.48328887645229995  15.346131800249342  1.0  0.666  0.31  0.024  0.704  0.296
0  0  5  2.25  0.01  0.01  0.5463152729410635  -0.06448091764329508  1.1283325757347717  15.04015352649217  1.0  0.727  0.253  0.02  0.759  0.241
0  0  5  2.25  0.01  0.01  0.5659011104469825  -0.07737280741271567  0.6396325613669864  15.116517061551754  1.0  0.732  0.248  0.02  0.778  0.222
0  0  5  2.25  0.01  0.01  0.4937018710842705  -0.11574221839757844  0.45552789201308663  15.3791524269893  1.0  0.7  0.278  0.022  0.759  0.241
0  0  5  2.25  0.01  0.01  0.5730917613258458  0.15620228837502242  0.4818574498043746  15.297819808663494  1.0  0.755  0.226  0.019  0.833  0.167
0  0  5  2.25  0.01  0.01  0.6037840040989662  0.02803301359133209  0.7080524579128255  15.103244244157745  1.0  0.756  0.226  0.018  0.815  0.185
0  0  5  2.25  0.01  0.01  0.5886887413386583  0.13574024221634207  1.1869903144005112  14.958547416055557  1.0  0.759  0.222  0.019  0.796  0.204
0  0  5  2.25  0.01  0.01  0.5997760403620788  0.12490333098705353  1.3558235205777776  14.82454600909649  1.0  0.762  0.22  0.018  0.778  0.222
0  1  5  2.25  0.01  0.01  0.8288089471044674  0.16088272416721  1.5335638908312996  14.318133813667014  1.0  0.838  0.15  0.012  0.833  0.167
0  1  5  2.25  0.01  0.01  0.7887995464179137  0.008749158107324989  0.6781815964680549  14.652930230148222  1.0  0.817  0.171  0.013  0.867  0.133
0  1  5  2.25  0.01  0.01  0.7746784388802307  0.02655927594840199  0.5336837892944915  14.69763020502964  1.0  0.814  0.173  0.013  0.867  0.133
0  1  5  2.25  0.01  0.01  0.8561373039763511  -0.060182676171303046  0.5846818366086328  14.606200411125009  1.0  0.831  0.157  0.011  0.9  0.1
0  1  5  2.25  0.01  0.01  1.0131200183533262  -0.060365722507670444  1.6146410458582117  14.17156234833028  1.0  0.871  0.121  0.007  0.867  0.133
0  1  5  2.25  0.01  0.01  0.7884354819733008  -0.16592393074901587  0.7075617762113268  14.686641572415123  1.0  0.804  0.183  0.013  0.85  0.15
0  1  5  2.25  0.01  0.01  0.8439086088906991  -0.10956791341913519  0.8219813685598917  14.553310882527676  1.0  0.825  0.164  0.012  0.867  0.133
0  1  5  2.25  0.01  0.01  0.8584169720834499  -0.05747536027609465  0.9577017690703754  14.510440416996063  1.0  0.832  0.157  0.011  0.867  0.133
0  1  5  2.25  0.01  0.01  0.8435855765318692  0.08266447729998572  0.8543907378894875  14.511028410886658  1.0  0.837  0.152  0.011  0.883  0.117
0  1  5  2.25  0.01  0.01  0.7107134797827868  0.015693108164163222  0.37577660049847805  14.854234377629151  1.0  0.793  0.192  0.015  0.85  0.15
0  1  5  2.25  0.01  0.01  0.8303932386546082  0.00709482099457398  1.340172989358769  14.369633766880003  1.0  0.829  0.159  0.012  0.817  0.183
0  1  5  2.25  0.01  0.01  0.8574644920437738  0.15151435657343287  1.0209430405215294  14.431840177640842  1.0  0.845  0.144  0.011  0.883  0.117
0  1  5  2.25  0.01  0.01  0.7397345783041467  -0.06366752295300851  0.6726556804662945  14.717229862297339  1.0  0.796  0.189  0.014  0.833  0.167
0  1  5  2.25  0.01  0.01  0.9470021938647533  -0.0725315759334598  1.470309523881395  14.224043117866595  1.0  0.855  0.136  0.009  0.867  0.133
0  1  5  2.25  0.01  0.01  0.7229622743311512  0.07089135095973559  0.6237337730638864  14.777146752439377  1.0  0.8  0.185  0.015  0.85  0.15
0  1  5  2.25  0.01  0.01  0.8139448223060972  0.1354463521586714  1.0054508027179656  14.437680895500744  1.0  0.833  0.155  0.012  0.85  0.15
0  1  5  2.25  0.01  0.01  0.8042173230107429  -0.15811549716259626  1.089487043913456  14.484535929947574  1.0  0.809  0.178  0.013  0.817  0.183
0  1  5  2.25  0.01  0.01  0.9525830872818303  0.13341780324630953  1.0913919658550055  14.201870553291629  1.0  0.868  0.123  0.008  0.9  0.1
0  1  5  2.25  0.01  0.01  0.7510935592379968  -0.11803124699145102  0.5107663138254396  14.7843052498011  1.0  0.795  0.19  0.014  0.85  0.15
0  1  5  2.25  0.01  0.01  0.9781039377371156  0.18726129353297577  1.398267741364392  14.14502294897249  1.0  0.877  0.115  0.008  0.883  0.117
0  1  5  2.25  0.01  0.01  0.8175209591515056  0.0895009632883042  0.7163554753301211  14.589675958102367  1.0  0.83  0.158  0.012  0.883  0.117
0  1  5  2.25  0.01  0.01  0.8424321407444343  -0.050806039472905073  0.601092036039728  14.577767813733296  1.0  0.828  0.16  0.012  0.883  0.117
0  1  5  2.25  0.01  0.01  0.828511658868006  -0.06837510752109477  0.8160096371056799  14.517275297123744  1.0  0.823  0.165  0.012  0.85  0.15
0  1  5  2.25  0.01  0.01  0.9936189177363011  -0.07847733015279386  1.3974104409429737  14.225611693954125  1.0  0.866  0.126  0.008  0.883  0.117
0  1  5  2.25  0.01  0.01  0.922040653633393  -0.01978804708132592  0.47338080815761197  14.476527862617722  1.0  0.852  0.139  0.009  0.933  0.067
0  1  5  2.25  0.01  0.01  0.7642580990006024  -0.12898022264535458  0.3915152033278  14.750376550634417  1.0  0.799  0.187  0.014  0.85  0.15
0  1  5  2.25  0.01  0.01  0.7041802997671675  0.18585467619413182  0.9690201697421682  14.677464559321333  1.0  0.803  0.182  0.015  0.833  0.167
0  1  5  2.25  0.01  0.01  0.7951676280573322  -0.08643590861409356  0.5422804240699693  14.691275586400836  1.0  0.811  0.176  0.013  0.867  0.133
0  1  5  2.25  0.01  0.01  0.8578619402937887  -0.12886803484945525  0.6203871727228047  14.500361819635135  1.0  0.827  0.162  0.011  0.867  0.133
0  1  5  2.25  0.01  0.01  0.9118417566159689  -0.08602010121256898  0.7604774936028641  14.37493968947972  1.0  0.845  0.145  0.01  0.883  0.117
