0  3.5  1.75  0.01  0.01  0.27337362485932715  0.09214513517625653  0.9755955060031946  15.092873625968844  15.092873625968844  1.0  0.657  0.333  0.011  0.693  0.307  0.693  0.307  True
0  3.5  1.75  0.01  0.01  0.31999037638027306  -0.017170564720036856  1.949544057197823  14.67243313009457  14.67243313009457  1.0  0.666  0.324  0.01  0.667  0.333  0.667  0.333  True
0  3.5  1.75  0.01  0.01  0.28415488627930086  0.05255384456537888  1.9493850583057086  14.691974193363  14.691974193363  1.0  0.657  0.332  0.011  0.658  0.342  0.658  0.342  True
0  3.5  1.75  0.01  0.01  0.4033088342285085  -0.2061677329478045  1.9697602154343126  14.632860606269961  14.632860606269961  1.0  0.683  0.308  0.009  0.684  0.316  0.684  0.316  True
0  3.5  1.75  0.01  0.01  0.30421691228404635  0.10499782378188785  1.9592878245116463  14.69623171227832  14.69623171227832  1.0  0.674  0.316  0.01  0.675  0.325  0.675  0.325  True
0  3.5  1.75  0.01  0.01  0.3689903029292443  -0.04801554857458387  1.9693430241386032  14.611885919906356  14.611885919906356  1.0  0.687  0.304  0.009  0.684  0.316  0.684  0.316  True
0  3.5  1.75  0.01  0.01  0.3883429237878998  -0.007509326250719139  2.232360111595238  14.540007492361848  14.540007492361848  1.0  0.701  0.29  0.009  0.693  0.307  0.693  0.307  True
0  3.5  1.75  0.01  0.01  0.4234660837108217  -0.3079787812892705  1.9694753491756423  14.615287901318265  14.615287901318265  1.0  0.679  0.312  0.009  0.675  0.325  0.675  0.325  True
0  3.5  1.75  0.01  0.01  0.36365127847856205  -0.049591092180491333  1.9390796142675637  14.640981352868543  14.640981352868543  1.0  0.684  0.306  0.01  0.684  0.316  0.684  0.316  True
0  3.5  1.75  0.01  0.01  0.30253111057041826  0.156613734997047  2.2625596945949877  14.598745830307031  14.598745830307031  1.0  0.681  0.309  0.01  0.675  0.325  0.675  0.325  True
0  3.5  1.75  0.01  0.01  0.3514516116883277  0.11700341283927068  2.25255514102923  14.54512685975458  14.54512685975458  1.0  0.7  0.291  0.01  0.693  0.307  0.693  0.307  True
0  3.5  1.75  0.01  0.01  0.4284722565171478  -0.16607010232062225  2.2321955120383694  14.551972537493468  14.551972537493468  1.0  0.7  0.291  0.009  0.693  0.307  0.693  0.307  True
0  3.5  1.75  0.01  0.01  0.366486803777077  -0.009564162535305579  2.2728220940432227  14.588092889023773  14.588092889023773  1.0  0.691  0.3  0.009  0.684  0.316  0.684  0.316  True
0  3.5  1.75  0.01  0.01  0.34723245311444606  0.07453897702038594  2.2923400770537543  14.591844545185344  14.591844545185344  1.0  0.691  0.299  0.01  0.684  0.316  0.684  0.316  True
0  3.5  1.75  0.01  0.01  0.30408518249162897  0.026720809871648127  2.2425934767465647  14.60266449713632  14.60266449713632  1.0  0.665  0.325  0.01  0.658  0.342  0.658  0.342  True
0  3.5  1.75  0.01  0.01  0.2790281578801056  0.1233817811622914  2.252374670521752  14.606743832208346  14.606743832208346  1.0  0.664  0.326  0.011  0.658  0.342  0.658  0.342  True
0  3.5  1.75  0.01  0.01  0.27775912971370087  0.3349970732747618  2.2728919935431113  14.56557010626084  14.56557010626084  1.0  0.69  0.3  0.01  0.684  0.316  0.684  0.316  True
0  3.5  1.75  0.01  0.01  0.5020216636149826  -0.3907083002413103  2.2124878533602383  14.49813904034822  14.49813904034822  1.0  0.706  0.286  0.008  0.693  0.307  0.693  0.307  True
0  3.5  1.75  0.01  0.01  0.4230721997227944  -0.10538870050891738  1.9593592873257506  14.545730261868634  14.545730261868634  1.0  0.705  0.286  0.009  0.702  0.298  0.702  0.298  True
0  3.5  1.75  0.01  0.01  0.4026755675930466  -0.15690307943730117  2.232765114665701  14.53785299487809  14.53785299487809  1.0  0.689  0.302  0.009  0.675  0.325  0.675  0.325  True
0  3.5  1.75  0.01  0.01  0.49328902586372486  -0.3580531439348899  2.2023143382628128  14.50161119500493  14.50161119500493  1.0  0.706  0.286  0.008  0.693  0.307  0.693  0.307  True
0  3.5  1.75  0.01  0.01  0.33626811951190316  -0.10500078065299903  2.2120688846339425  14.567674200238018  14.567674200238018  1.0  0.662  0.328  0.01  0.675  0.325  0.675  0.325  True
0  3.5  1.75  0.01  0.01  0.2278115392866082  0.37361493768533205  1.9495308987309847  14.7605701882099  14.7605701882099  1.0  0.67  0.319  0.011  0.675  0.325  0.675  0.325  True
0  3.5  1.75  0.01  0.01  0.39097841590074023  -0.08512518724306439  2.222804482164543  14.55857853277268  14.55857853277268  1.0  0.692  0.299  0.009  0.684  0.316  0.684  0.316  True
0  3.5  1.75  0.01  0.01  0.14588978247895845  0.4949974562366063  2.2520013828009575  14.708137497861909  14.708137497861909  1.0  0.643  0.345  0.012  0.658  0.342  0.658  0.342  True
0  3.5  1.75  0.01  0.01  0.3559344966832674  0.032336872848220635  2.1924434765625294  14.602595027268972  14.602595027268972  1.0  0.691  0.3  0.01  0.684  0.316  0.684  0.316  True
0  3.5  1.75  0.01  0.01  0.4872700638984631  -0.19875728415673383  2.1913306075065995  14.445326808122626  14.445326808122626  1.0  0.724  0.269  0.008  0.711  0.289  0.711  0.289  True
0  3.5  1.75  0.01  0.01  0.35645781161419055  -0.021744354970901915  2.222151929284636  14.587541076161939  14.587541076161939  1.0  0.684  0.306  0.01  0.675  0.325  0.675  0.325  True
0  3.5  1.75  0.01  0.01  0.5542945935633024  -0.5955903568892473  1.9691573665359992  14.576432909969595  14.576432909969595  1.0  0.702  0.292  0.007  0.702  0.298  0.702  0.298  True
0  3.5  1.75  0.01  0.01  0.39552988602306294  -0.1471320292661292  1.9690057151572933  14.607933424708627  14.607933424708627  1.0  0.687  0.304  0.009  0.684  0.316  0.684  0.316  True
1  3.5  1.75  0.01  0.01  0.7141327842508209  -0.11066253394026834  1.8482374741203182  14.201852454733007  14.201852454733007  1.0  0.823  0.173  0.004  0.842  0.158  0.842  0.158  True
1  3.5  1.75  0.01  0.01  0.7641671617002583  -0.3519892504437965  1.8383782283747627  14.242824442490393  14.242824442490393  1.0  0.815  0.181  0.004  0.833  0.167  0.833  0.167  True
1  3.5  1.75  0.01  0.01  0.6848706003717224  0.1033305339368423  1.9088211061900908  14.173397422589519  14.173397422589519  1.0  0.834  0.162  0.004  0.85  0.15  0.85  0.15  True
1  3.5  1.75  0.01  0.01  0.6920180952523001  0.15581520542427113  2.259559660822811  14.153090538206474  14.153090538206474  1.0  0.842  0.154  0.004  0.858  0.142  0.858  0.142  True
1  3.5  1.75  0.01  0.01  0.7624914263280897  -0.17984715148153177  1.8784008231533096  14.185066059326537  14.185066059326537  1.0  0.832  0.165  0.003  0.858  0.142  0.858  0.142  True
1  3.5  1.75  0.01  0.01  0.676992834942604  0.03839385969299748  1.888906207525477  14.212630456625861  14.212630456625861  1.0  0.825  0.17  0.004  0.842  0.158  0.842  0.158  True
1  3.5  1.75  0.01  0.01  0.649970719687917  0.12497404094872197  1.9089801694454533  14.2476238420324  14.2476238420324  1.0  0.824  0.171  0.005  0.842  0.158  0.842  0.158  True
1  3.5  1.75  0.01  0.01  0.6039717028814572  0.30202361857195903  2.823500016859454  14.392902496542531  14.392902496542531  1.0  0.825  0.169  0.005  0.85  0.15  0.85  0.15  True
1  3.5  1.75  0.01  0.01  0.6965934706641307  -0.1347394016997795  3.0411916006191917  14.525494955776042  14.525494955776042  1.0  0.815  0.181  0.004  0.825  0.175  0.825  0.175  True
1  3.5  1.75  0.01  0.01  0.6479957279029476  0.2556183321175096  2.2594287386404983  14.182528481813279  14.182528481813279  1.0  0.837  0.159  0.005  0.85  0.15  0.85  0.15  True
1  3.5  1.75  0.01  0.01  0.6951482075979311  0.017409518590893333  1.908611122856548  14.212343587106599  14.212343587106599  1.0  0.83  0.166  0.004  0.85  0.15  0.85  0.15  True
1  3.5  1.75  0.01  0.01  0.6472679409002899  0.22227219910629448  1.9188271918774025  14.1924529071521  14.1924529071521  1.0  0.833  0.163  0.005  0.85  0.15  0.85  0.15  True
1  3.5  1.75  0.01  0.01  0.8205309728445466  -0.22612247933457952  1.878559641538697  14.10541033331238  14.10541033331238  1.0  0.845  0.152  0.003  0.875  0.125  0.875  0.125  True
1  3.5  1.75  0.01  0.01  0.6681114613068169  -0.03500519103712453  1.8880280918112158  14.264217044351266  14.264217044351266  1.0  0.814  0.181  0.005  0.833  0.167  0.833  0.167  True
1  3.5  1.75  0.01  0.01  0.6753169697624486  -0.010060569993121413  1.8784778483890545  14.218984930664533  14.218984930664533  1.0  0.82  0.176  0.004  0.833  0.167  0.833  0.167  True
1  3.5  1.75  0.01  0.01  0.5321340852216813  0.5400529925067179  2.299873007234173  14.245361389857106  14.245361389857106  1.0  0.823  0.171  0.006  0.833  0.167  0.833  0.167  True
1  3.5  1.75  0.01  0.01  0.6931657993908196  0.05589889643946286  2.239434086061171  14.162869571513369  14.162869571513369  1.0  0.833  0.163  0.004  0.842  0.158  0.842  0.158  True
1  3.5  1.75  0.01  0.01  0.7285118883998873  0.007969417549539821  2.2496174735702104  14.143552386295001  14.143552386295001  1.0  0.839  0.157  0.004  0.85  0.15  0.85  0.15  True
1  3.5  1.75  0.01  0.01  0.6819904624600266  0.1971844772770478  2.492617490182442  14.265989032227115  14.265989032227115  1.0  0.842  0.154  0.004  0.85  0.15  0.85  0.15  True
1  3.5  1.75  0.01  0.01  0.7003592708107276  -0.04512432942392322  1.8889587384411177  14.213772790793596  14.213772790793596  1.0  0.824  0.171  0.004  0.842  0.158  0.842  0.158  True
1  3.5  1.75  0.01  0.01  0.7337238313949469  -0.23073246921302776  1.8688514856569616  14.2307015839036  14.2307015839036  1.0  0.817  0.179  0.004  0.833  0.167  0.833  0.167  True
1  3.5  1.75  0.01  0.01  0.2393549102531183  0.1950003070029079  2.239884164873057  14.373031046488757  14.373031046488757  1.0  0.654  0.335  0.011  0.858  0.142  0.858  0.142  True
1  3.5  1.75  0.01  0.01  0.7090344132159347  0.014058442136021101  2.2396703432977936  14.17902927685348  14.17902927685348  1.0  0.833  0.163  0.004  0.842  0.158  0.842  0.158  True
1  3.5  1.75  0.01  0.01  0.7331274695595255  0.014406360547515843  1.8986789324818878  14.149553563248487  14.149553563248487  1.0  0.841  0.156  0.004  0.867  0.133  0.867  0.133  True
1  3.5  1.75  0.01  0.01  0.6918855275406639  -0.03916969090291452  1.8786358313425158  14.197351908167224  14.197351908167224  1.0  0.823  0.173  0.004  0.833  0.167  0.833  0.167  True
1  3.5  1.75  0.01  0.01  0.6014638468792691  0.30459980172232715  2.2668575521438057  14.220308250723743  14.220308250723743  1.0  0.825  0.17  0.005  0.833  0.167  0.833  0.167  True
1  3.5  1.75  0.01  0.01  0.6358794683599527  0.1947523905575161  1.9189866707779726  14.225505201080887  14.225505201080887  1.0  0.826  0.169  0.005  0.842  0.158  0.842  0.158  True
1  3.5  1.75  0.01  0.01  0.7128770398304926  -0.10499988248159407  2.8236459641124374  14.397949545047142  14.397949545047142  1.0  0.824  0.172  0.004  0.842  0.158  0.842  0.158  True
1  3.5  1.75  0.01  0.01  0.0460678486843617  0.8249999691903969  1.858998431182542  14.569552587210865  14.569552587210865  1.0  0.635  0.353  0.012  0.85  0.15  0.85  0.15  True
1  3.5  1.75  0.01  0.01  0.7935480927204326  -0.2264489079368623  1.8783166608600554  14.131891726092544  14.131891726092544  1.0  0.837  0.16  0.003  0.858  0.142  0.858  0.142  True
