5.5  2.75  0.01  0.01  1.1787812004650673  2.5558516139504195  28.34045363333621  23.231823411600622  1.0  0.845  0.152  0.003  0.772  0.228  0.725  0.275
5.5  2.75  0.01  0.01  0.8975598131582798  1.6008171112794256  15.494055799448779  18.482787843318995  1.0  0.782  0.212  0.006  0.755  0.245  0.8  0.2
5.5  2.75  0.01  0.01  1.0096458418843688  1.8018757668035326  17.13481970061322  16.715146909143726  1.0  0.809  0.186  0.005  0.761  0.239  0.775  0.225
5.5  2.75  0.01  0.01  0.8677833055952676  1.4044759098607509  15.131150138790739  14.10435288859228  1.0  0.775  0.219  0.006  0.772  0.228  0.725  0.275
5.5  2.75  0.01  0.01  1.0078282210468177  1.9539135756780375  17.48763730786277  20.523707887664152  1.0  0.809  0.186  0.005  0.761  0.239  0.775  0.225
5.5  2.75  0.01  0.01  1.0279974796946143  2.194981036274331  21.88282611930965  18.887732170833992  1.0  0.813  0.182  0.005  0.755  0.245  0.8  0.2
5.5  2.75  0.01  0.01  0.7746415275125578  1.2549954029699097  14.666819941574975  14.092034929090175  1.0  0.75  0.243  0.007  0.745  0.255  0.85  0.15
5.5  2.75  0.01  0.01  0.8327967498254337  1.0538464706859396  14.535477652181184  14.620189997158622  1.0  0.766  0.228  0.007  0.777  0.223  0.7  0.3
5.5  2.75  0.01  0.01  0.7805782615247934  0.8954294720856839  14.540923453948519  14.89474045341251  1.0  0.752  0.241  0.007  0.761  0.239  0.775  0.225
5.5  2.75  0.01  0.01  1.049002609444821  1.791944176935672  17.078366979971012  16.855717498128534  1.0  0.818  0.177  0.005  0.772  0.228  0.725  0.275
