2.048  5.5  2.75  0.01  0.01  0.5884267277786672  0.8304133769166344  15.056706218942418  15.163591769863427  1.0  0.705  0.21  0.084  0.815  0.185  0.75  0.25
2.048  5.5  2.75  0.01  0.01  0.6903965713855825  0.4632252694948973  14.984848291900992  15.075760442333907  1.0  0.706  0.212  0.083  0.827  0.173  0.7  0.3
1.473  5.5  2.75  0.01  0.01  0.5634413607892947  0.636202114184756  15.09409438336468  14.805280852624648  1.0  0.683  0.229  0.088  0.79  0.21  0.85  0.15
1.473  5.5  2.75  0.01  0.01  0.6760648934468845  0.27489896780576406  14.989861273969474  14.8819988930987  1.0  0.686  0.228  0.086  0.802  0.198  0.8  0.2
2.048  5.5  2.75  0.01  0.01  0.6878053028752242  0.1579580663783282  14.923349519386807  15.06595544409718  1.0  0.681  0.233  0.086  0.79  0.21  0.85  0.15
2.048  5.5  2.75  0.01  0.01  0.7428639915972446  -0.13545165145074356  14.942452300015786  14.789926717725418  1.0  0.673  0.242  0.085  0.79  0.21  0.85  0.15
2.048  5.5  2.75  0.01  0.01  0.6222220390494849  0.572551637388564  14.984701270304416  15.173968675913397  1.0  0.695  0.22  0.086  0.802  0.198  0.8  0.2
1.473  5.5  2.75  0.01  0.01  0.735877855546325  -0.33817655964965465  14.936969158240522  14.723829645593241  1.0  0.654  0.259  0.087  0.765  0.235  0.95  0.05
2.048  5.5  2.75  0.01  0.01  0.540403807722346  0.926907060207675  15.069222738276059  15.228129698863754  1.0  0.7  0.214  0.086  0.802  0.198  0.8  0.2
2.048  5.5  2.75  0.01  0.01  0.6495095628083576  0.4987655538820921  15.039892289260052  14.883479880738737  1.0  0.697  0.218  0.085  0.815  0.185  0.75  0.25
2.048  5.5  2.75  0.01  0.01  0.8640383930589355  -0.511457720712063  14.848935371349524  14.989369950112742  1.0  0.678  0.242  0.08  0.802  0.198  0.8  0.2
1.473  5.5  2.75  0.01  0.01  0.7089964944609919  -0.013100534511690798  14.976643458471848  14.732936380721739  1.0  0.673  0.241  0.086  0.79  0.21  0.85  0.15
2.048  5.5  2.75  0.01  0.01  0.7796412458365048  -0.138344899974864  14.887823627834933  15.008772507318358  1.0  0.684  0.233  0.083  0.802  0.198  0.8  0.2
1.473  5.5  2.75  0.01  0.01  0.9146307464811209  -0.5774014116644126  14.797227140253952  15.179718710330699  1.0  0.687  0.235  0.078  0.815  0.185  0.75  0.25
2.048  5.5  2.75  0.01  0.01  0.6534512683568978  0.8514212068713827  14.948186337834075  15.654150812704277  1.0  0.725  0.194  0.08  0.84  0.16  0.65  0.35
2.048  5.5  2.75  0.01  0.01  0.9368916219085959  -0.7543799210920499  14.82840791615942  15.001722028338998  1.0  0.679  0.243  0.077  0.815  0.185  0.75  0.25
2.048  5.5  2.75  0.01  0.01  0.8161506491973867  -0.3230819183973064  14.88507006578125  14.924014831727751  1.0  0.68  0.238  0.082  0.802  0.198  0.8  0.2
1.473  5.5  2.75  0.01  0.01  0.7380056713396029  0.07980013277212805  14.884436307967055  15.16489220690232  1.0  0.689  0.227  0.084  0.802  0.198  0.8  0.2
2.048  5.5  2.75  0.01  0.01  0.8744961416905308  -0.8210388897393639  14.880613394590993  14.780034575526386  1.0  0.655  0.264  0.081  0.778  0.222  0.9  0.1
2.048  5.5  2.75  0.01  0.01  0.8890159728860089  -0.39431370380183517  14.83373517557436  15.110790332249522  1.0  0.695  0.227  0.078  0.827  0.173  0.7  0.3
2.048  5.5  2.75  0.01  0.01  0.9255313890305823  -0.9930884797485728  14.90217187914843  14.665164915906018  1.0  0.655  0.266  0.079  0.79  0.21  0.85  0.15
1.473  5.5  2.75  0.01  0.01  0.7175592904754126  0.2676046134003658  14.919994017619604  15.168933431442053  1.0  0.698  0.218  0.083  0.815  0.185  0.75  0.25
2.048  5.5  2.75  0.01  0.01  0.7988799525840196  -0.3276171382084052  14.949685220711928  14.658219124431517  1.0  0.674  0.243  0.083  0.802  0.198  0.8  0.2
2.048  5.5  2.75  0.01  0.01  0.9035205650409248  -0.3335805363672457  14.812997477638161  15.234845318018639  1.0  0.704  0.219  0.077  0.84  0.16  0.65  0.35
1.473  5.5  2.75  0.01  0.01  0.5789834834185149  0.920955437648697  14.999093945039071  15.505425270727178  1.0  0.71  0.206  0.084  0.815  0.185  0.75  0.25
2.048  5.5  2.75  0.01  0.01  0.7198808890274653  0.29583383609651315  14.888920286533807  15.321740063000547  1.0  0.702  0.216  0.083  0.815  0.185  0.75  0.25
2.048  5.5  2.75  0.01  0.01  0.7100419040325073  0.37399994724720886  14.976996967091873  15.026439966779696  1.0  0.704  0.213  0.083  0.827  0.173  0.7  0.3
1.473  5.5  2.75  0.01  0.01  0.5950284553202604  0.9513844184862537  15.032238836908922  15.415097324169437  1.0  0.717  0.201  0.083  0.827  0.173  0.7  0.3
2.048  5.5  2.75  0.01  0.01  0.680849278523859  0.5708070123767544  14.950432531576702  15.325934838735535  1.0  0.711  0.206  0.082  0.827  0.173  0.7  0.3
1.473  5.5  2.75  0.01  0.01  0.8380568060971412  -0.3721863333303115  14.840939089715953  15.079986989462148  1.0  0.682  0.237  0.081  0.802  0.198  0.8  0.2
1.356  5.5  2.75  0.01  0.01  0.8277609879017017  -0.8789931368612611  14.662702205307243  15.079344452862738  1.0  0.635  0.281  0.084  0.714  0.286  0.684  0.316
1.356  5.5  2.75  0.01  0.01  0.7878310868578483  -0.9807137132206099  14.766655725943211  14.774930598594814  1.0  0.614  0.3  0.087  0.696  0.304  0.737  0.263
3.555  5.5  2.75  0.01  0.01  0.3812934430554655  0.6538674390158865  14.850491814372456  14.96630786055529  1.0  0.628  0.275  0.097  0.696  0.304  0.737  0.263
1.356  5.5  2.75  0.01  0.01  0.667004273219669  -0.5219533674541843  14.766784056507712  14.785172693212967  1.0  0.617  0.292  0.092  0.696  0.304  0.737  0.263
1.356  5.5  2.75  0.01  0.01  0.7416735952697147  -0.6100381867800004  14.730348143616942  14.883555792280093  1.0  0.632  0.28  0.088  0.714  0.286  0.684  0.316
3.555  5.5  2.75  0.01  0.01  0.7603060581738759  -0.6887768425463168  14.730138886889316  14.878819883329784  1.0  0.631  0.282  0.087  0.714  0.286  0.684  0.316
1.356  5.5  2.75  0.01  0.01  0.4621940399066844  0.5270037218081027  14.803441560879957  15.035061340839762  1.0  0.643  0.263  0.095  0.714  0.286  0.684  0.316
1.356  5.5  2.75  0.01  0.01  0.706055549278966  -0.4131902353954706  14.69040222404291  15.028209785495926  1.0  0.639  0.272  0.089  0.714  0.286  0.684  0.316
1.356  5.5  2.75  0.01  0.01  0.6661135890793828  -0.3506988455030744  14.781650189755627  14.76705708147578  1.0  0.631  0.278  0.091  0.714  0.286  0.684  0.316
1.356  5.5  2.75  0.01  0.01  0.5639657715198426  0.27530622524811244  14.788261701063691  14.960861276198125  1.0  0.653  0.255  0.092  0.732  0.268  0.632  0.368
1.356  5.5  2.75  0.01  0.01  0.5606521753152011  -0.3032267173894234  14.832298458677014  14.640038217775292  1.0  0.602  0.302  0.096  0.679  0.321  0.789  0.211
1.356  5.5  2.75  0.01  0.01  0.5312511817619695  0.21178272817164068  14.814587462323646  14.843068217573139  1.0  0.637  0.269  0.094  0.714  0.286  0.684  0.316
3.555  5.5  2.75  0.01  0.01  0.7484421344094279  -0.906936195331191  14.709754192583373  14.940945281103849  1.0  0.607  0.304  0.089  0.679  0.321  0.789  0.211
3.555  5.5  2.75  0.01  0.01  0.3533156838177114  0.14974827488045972  14.892426561408877  14.651458589738462  1.0  0.575  0.323  0.102  0.643  0.357  0.895  0.105
1.356  5.5  2.75  0.01  0.01  0.5558323477544733  0.04358930293999119  14.682595399131012  15.165020906884155  1.0  0.63  0.276  0.094  0.696  0.304  0.737  0.263
3.555  5.5  2.75  0.01  0.01  0.6222478598663593  -0.4766664725775238  14.756308619044257  14.827528676485958  1.0  0.606  0.3  0.094  0.679  0.321  0.789  0.211
1.356  5.5  2.75  0.01  0.01  0.361049282298959  0.5126714568809569  14.894413689178764  14.766269286948667  1.0  0.609  0.291  0.099  0.679  0.321  0.789  0.211
3.555  5.5  2.75  0.01  0.01  0.7124683956941725  -0.8782468285905951  14.794178933058179  14.69749077544576  1.0  0.599  0.311  0.09  0.679  0.321  0.789  0.211
1.356  5.5  2.75  0.01  0.01  0.4628082385419239  0.5866249821311016  14.725225662626114  15.302611116451937  1.0  0.648  0.258  0.094  0.714  0.286  0.684  0.316
3.555  5.5  2.75  0.01  0.01  0.3586963194743386  0.7269886969929049  14.873713566024112  14.948893330158525  1.0  0.628  0.275  0.097  0.696  0.304  0.737  0.263
1.356  5.5  2.75  0.01  0.01  0.4794381761548224  0.44757854054218704  14.81071160270188  14.96966713800836  1.0  0.641  0.264  0.094  0.714  0.286  0.684  0.316
3.555  5.5  2.75  0.01  0.01  0.31378804076039146  0.7337430423981255  14.85581715390351  15.010518946252734  1.0  0.614  0.287  0.099  0.679  0.321  0.789  0.211
1.356  5.5  2.75  0.01  0.01  0.32721859762880195  0.6108431054337122  14.979994277965563  14.574782522060119  1.0  0.607  0.293  0.1  0.679  0.321  0.789  0.211
3.555  5.5  2.75  0.01  0.01  0.835360866732933  -0.9585661619972055  14.71384060145427  14.930768177906215  1.0  0.63  0.286  0.084  0.714  0.286  0.684  0.316
1.356  5.5  2.75  0.01  0.01  0.6327666864121887  -0.3686840778668188  14.779566422183276  14.770019029391007  1.0  0.619  0.288  0.093  0.696  0.304  0.737  0.263
1.356  5.5  2.75  0.01  0.01  0.6291351916591961  -0.26537339898247136  14.692184279964644  15.046927546517514  1.0  0.627  0.281  0.092  0.696  0.304  0.737  0.263
1.356  5.5  2.75  0.01  0.01  0.6695830510363578  -0.9893473742633989  14.901457528696593  14.41864630820136  1.0  0.575  0.333  0.093  0.661  0.339  0.842  0.158
3.555  5.5  2.75  0.01  0.01  0.6885309025704748  -0.642276352732261  14.81668942948312  14.627693882325598  1.0  0.613  0.296  0.091  0.696  0.304  0.737  0.263
1.356  5.5  2.75  0.01  0.01  0.39199117834516867  0.6188049303696233  14.826477617888154  15.018518052574265  1.0  0.629  0.274  0.097  0.696  0.304  0.737  0.263
3.555  5.5  2.75  0.01  0.01  0.41444298349054304  0.12595201439914505  14.821918519599972  14.816932051363144  1.0  0.593  0.307  0.1  0.661  0.339  0.842  0.158
0  5.5  2.75  0.01  0.01  0.929628053567789  0.6867959832127584  15.851463162807915  13.953539205109541  1.0  0.786  0.149  0.065  0.802  0.198  0.8  0.2
0  5.5  2.75  0.01  0.01  1.2786948109067813  0.024170226783906346  15.658231576318238  14.539157646961119  1.0  0.824  0.127  0.05  0.815  0.185  0.75  0.25
0  5.5  2.75  0.01  0.01  1.1221566834694428  -0.04922228095622083  15.91551681835227  13.468608789878036  1.0  0.783  0.156  0.06  0.802  0.198  0.8  0.2
