1  0  3.5  1.75  0.01  0.01  0.1966064691382796  0.11474862358863785  0.4035314373768051  14.491840316559056  1.0  0.562  0.334  0.104  0.6  0.4
1  0  3.5  1.75  0.01  0.01  0.18878363560268677  -0.039795223946520075  0.4561451770665344  14.718433696821924  1.0  0.537  0.357  0.106  0.583  0.417
1  0  3.5  1.75  0.01  0.01  -0.08747497349299406  0.05997040713961954  0.894432281497431  16.916306862461724  1.0  0.409  0.481  0.109  0.483  0.517
1  0  3.5  1.75  0.01  0.01  0.24613198964838257  -0.14001306474402653  0.6176301157746698  14.641256519505829  1.0  0.552  0.344  0.103  0.583  0.417
1  0  3.5  1.75  0.01  0.01  0.12946271295798528  -0.012699841742763146  0.7179087875585123  15.537392304242314  1.0  0.51  0.382  0.108  0.55  0.45
1  0  3.5  1.75  0.01  0.01  0.2869272793940621  0.007223128381733168  0.8117634844850395  20.665187293282546  1.0  0.594  0.306  0.1  0.633  0.367
1  0  3.5  1.75  0.01  0.01  0.16653163700545015  0.0887842220766989  0.5356122121582741  14.601525311601957  1.0  0.544  0.35  0.106  0.583  0.417
1  0  3.5  1.75  0.01  0.01  -0.05223266812520533  -0.08369935373612632  0.5640084203141594  14.670431298861477  1.0  0.407  0.483  0.109  0.467  0.533
1  0  3.5  1.75  0.01  0.01  0.10208706482687784  0.04219142889628316  0.5424094223526168  14.770191759640774  1.0  0.503  0.388  0.108  0.55  0.45
1  0  3.5  1.75  0.01  0.01  -0.013276641569039497  0.16083015677015788  0.39660614573932873  14.619397307656374  1.0  0.461  0.429  0.11  0.517  0.483
1  0  3.5  1.75  0.01  0.01  0.21607618860184238  -0.05926086305504766  0.42621346315762737  14.570986369374431  1.0  0.548  0.347  0.104  0.583  0.417
1  0  3.5  1.75  0.01  0.01  0.09319767363039172  -0.08641477700040788  0.9937977208171737  17.25915362599945  1.0  0.48  0.411  0.109  0.533  0.467
1  0  3.5  1.75  0.01  0.01  0.3169566947269636  -0.08558725795707126  0.40717513666187344  14.439125931367569  1.0  0.596  0.306  0.098  0.633  0.367
1  0  3.5  1.75  0.01  0.01  0.13334035555363033  0.04446312300132363  0.4438474947338087  14.601123711143279  1.0  0.52  0.373  0.107  0.567  0.433
1  0  3.5  1.75  0.01  0.01  -0.05872375088945497  0.06552751307694171  0.6879452925083464  15.19143700452498  1.0  0.425  0.465  0.11  0.483  0.517
1  0  3.5  1.75  0.01  0.01  0.1343064483996519  0.060095245330070435  0.7023963590918959  14.559936265610164  1.0  0.523  0.37  0.107  0.567  0.433
1  0  3.5  1.75  0.01  0.01  0.24613625332455574  -0.016998912116600845  0.7251862609664415  14.84436978689329  1.0  0.569  0.328  0.103  0.6  0.4
1  0  3.5  1.75  0.01  0.01  0.21610226349789818  0.0017520166792661107  0.9459672360865392  16.727940690163347  1.0  0.557  0.339  0.104  0.583  0.417
1  0  3.5  1.75  0.01  0.01  0.24649283648858153  0.07100260169119077  0.6278390918289405  14.745744236640101  1.0  0.582  0.316  0.102  0.617  0.383
1  0  3.5  1.75  0.01  0.01  0.14874371963669675  0.13801068833000002  0.41610133620207124  14.556734656423382  1.0  0.542  0.352  0.106  0.583  0.417
1  0  3.5  1.75  0.01  0.01  0.33577680921493575  -0.01035532633745967  0.3842882904969227  14.520235705835201  1.0  0.616  0.287  0.096  0.65  0.35
1  0  3.5  1.75  0.01  0.01  0.22971456136629811  0.005362605190708886  0.43409096408808234  14.48877063035531  1.0  0.565  0.332  0.103  0.6  0.4
1  0  3.5  1.75  0.01  0.01  0.11529886331610166  -0.06739274007314272  0.8169452543005302  23.02253805189015  1.0  0.494  0.397  0.108  0.567  0.433
1  0  3.5  1.75  0.01  0.01  0.08548136864935005  0.0884981349510322  0.6970664950268985  14.499744866940482  1.0  0.502  0.389  0.109  0.55  0.45
1  0  3.5  1.75  0.01  0.01  0.1324619912158012  -0.16342013957215454  0.5046652414312804  14.655493150338492  1.0  0.491  0.401  0.108  0.533  0.467
1  0  3.5  1.75  0.01  0.01  0.23550733877000177  -0.15099451675181186  0.42035841392879825  14.696796972198484  1.0  0.546  0.351  0.104  0.583  0.417
1  0  3.5  1.75  0.01  0.01  0.1808733547012532  -0.17840841362634766  0.5596640895352454  14.801686200145536  1.0  0.513  0.381  0.107  0.55  0.45
1  0  3.5  1.75  0.01  0.01  0.2775033607158968  -0.07881580998841918  0.5497836385404132  14.651978731981789  1.0  0.577  0.322  0.101  0.6  0.4
1  0  3.5  1.75  0.01  0.01  0.14626255024074974  -0.10379014485537758  0.5248076352698923  14.805648645716103  1.0  0.506  0.386  0.108  0.55  0.45
1  0  3.5  1.75  0.01  0.01  0.26806178345362924  0.14796517478814114  0.6977809809075977  14.696199610354613  1.0  0.604  0.296  0.099  0.633  0.367
1  1  3.5  1.75  0.01  0.01  0.5889508111338667  -0.022833615211442254  0.5482133761769552  14.076622165770832  1.0  0.734  0.193  0.073  0.75  0.25
1  1  3.5  1.75  0.01  0.01  0.6895391979521098  0.14234490559277052  0.457419724609372  13.880888247726459  1.0  0.792  0.147  0.061  0.817  0.183
1  1  3.5  1.75  0.01  0.01  0.6717824145802075  0.19906016364230528  0.602860961510017  13.90012898460197  1.0  0.792  0.147  0.062  0.817  0.183
1  1  3.5  1.75  0.01  0.01  0.5713686503656877  0.11079968030413334  0.38299655080383777  14.188927941378976  1.0  0.742  0.185  0.073  0.783  0.217
1  1  3.5  1.75  0.01  0.01  0.6082267702875125  0.11711477577598067  0.8534648051808792  14.005520231284688  1.0  0.758  0.173  0.069  0.767  0.233
1  1  3.5  1.75  0.01  0.01  0.801608221320649  -0.1527679571158228  0.8443269709026204  13.965237007983298  1.0  0.803  0.143  0.053  0.767  0.233
1  1  3.5  1.75  0.01  0.01  0.5961934866153049  -0.014919818320379752  0.826751697478482  14.140072791068071  1.0  0.738  0.19  0.072  0.75  0.25
1  1  3.5  1.75  0.01  0.01  0.47172353958944796  0.12011833067624789  0.6674572253178247  14.197013883301256  1.0  0.699  0.218  0.083  0.717  0.283
1  1  3.5  1.75  0.01  0.01  0.5204839565099005  0.07645792787994232  0.5307136186847714  14.21551773140864  1.0  0.716  0.205  0.079  0.75  0.25
1  1  3.5  1.75  0.01  0.01  0.4511653070550598  -0.15973140692140908  0.37303592035367095  14.362948526720007  1.0  0.653  0.259  0.088  0.683  0.317
1  1  3.5  1.75  0.01  0.01  0.6611390788656223  -0.03215948924875903  0.4141166564420828  13.985583610657734  1.0  0.763  0.171  0.066  0.783  0.217
1  1  3.5  1.75  0.01  0.01  0.7694211155520325  0.09973159107172785  0.8254890386044795  13.843993018621347  1.0  0.817  0.13  0.053  0.833  0.167
1  1  3.5  1.75  0.01  0.01  0.5849668406661125  -0.19931224105963985  0.3815261878497761  14.255822588878921  1.0  0.71  0.214  0.076  0.75  0.25
1  1  3.5  1.75  0.01  0.01  0.7827759479795307  0.030277066899308147  0.9025811116211833  13.82302762004622  1.0  0.815  0.132  0.053  0.8  0.2
1  1  3.5  1.75  0.01  0.01  0.5584887732333539  0.05778847707697965  0.9877875648266786  14.26974712867855  1.0  0.73  0.195  0.075  0.717  0.283
1  1  3.5  1.75  0.01  0.01  0.691358737979577  -0.10793967278892246  0.5382832006706844  13.990565435838224  1.0  0.766  0.17  0.064  0.783  0.217
1  1  3.5  1.75  0.01  0.01  0.7051804653496637  0.007425384793557616  0.42889781477975497  13.90410322977676  1.0  0.784  0.155  0.061  0.8  0.2
1  1  3.5  1.75  0.01  0.01  0.6640864824068109  -0.03134073715224703  0.5977937300666453  13.977748035958637  1.0  0.764  0.17  0.066  0.783  0.217
1  1  3.5  1.75  0.01  0.01  0.5563074488923399  -0.08301490487301187  0.871003703801721  14.257334803724438  1.0  0.712  0.21  0.077  0.7  0.3
1  1  3.5  1.75  0.01  0.01  0.7529802998077042  -0.13443498031069961  0.9437240673535856  13.981138793156578  1.0  0.787  0.154  0.058  0.783  0.217
1  1  3.5  1.75  0.01  0.01  0.4770259752958827  -0.05815798486375501  0.5276420997044099  14.251991115271656  1.0  0.678  0.237  0.085  0.7  0.3
1  1  3.5  1.75  0.01  0.01  0.7097995617161941  -0.1365234526026359  0.6314446223074651  13.87558679480149  1.0  0.77  0.168  0.063  0.75  0.25
1  1  3.5  1.75  0.01  0.01  0.6034378531663842  0.05474361548097234  0.4791347837250376  14.032670343122865  1.0  0.748  0.181  0.071  0.767  0.233
1  1  3.5  1.75  0.01  0.01  0.5845156573874479  -0.1355947943567836  0.46398870391882235  14.130025052822088  1.0  0.717  0.207  0.075  0.733  0.267
1  1  3.5  1.75  0.01  0.01  0.6472201739485751  0.08640564164919029  0.4574045670831793  13.9163851211635  1.0  0.77  0.164  0.066  0.783  0.217
1  1  3.5  1.75  0.01  0.01  0.7306179921400546  -0.1981596229266911  0.6235803374564723  13.992458576805335  1.0  0.771  0.168  0.061  0.767  0.233
1  1  3.5  1.75  0.01  0.01  0.6021900947697221  -0.017193221201192044  0.4989604769458037  14.118957337855717  1.0  0.739  0.189  0.072  0.767  0.233
1  1  3.5  1.75  0.01  0.01  0.5751164626327813  -0.0808282701578055  0.37220444067418834  14.181322139066506  1.0  0.721  0.204  0.076  0.75  0.25
1  1  3.5  1.75  0.01  0.01  0.7448803844963496  -0.025957155392403675  0.39326448985841245  13.871641018334206  1.0  0.795  0.147  0.058  0.817  0.183
1  1  3.5  1.75  0.01  0.01  0.8386315952363937  -0.08283802585313582  0.689455877145238  13.74001550360412  1.0  0.823  0.128  0.049  0.817  0.183
0  0  3.5  1.75  0.01  0.01  0.5593522023945462  0.006357944391329473  0.6593989677131301  14.237560910290947  1.0  0.725  0.2  0.076  0.759  0.241
0  0  3.5  1.75  0.01  0.01  0.5579832362077917  -0.13408853735369947  0.7304315363446278  14.269753632300866  1.0  0.707  0.215  0.078  0.741  0.259
0  0  3.5  1.75  0.01  0.01  0.6292958068952268  0.05828592726870585  0.9817519085535564  14.11895222233066  1.0  0.76  0.172  0.068  0.778  0.222
0  0  3.5  1.75  0.01  0.01  0.8078845210560529  -0.061942269478152595  0.9343698606026415  13.894207893129705  1.0  0.814  0.134  0.052  0.815  0.185
0  0  3.5  1.75  0.01  0.01  0.5327406314658791  -0.06713670499228139  0.6915202604776595  14.28864298949833  1.0  0.703  0.218  0.08  0.741  0.259
0  0  3.5  1.75  0.01  0.01  0.52629913844155  0.04117947328736263  0.7600072999382678  14.281907693082879  1.0  0.714  0.208  0.079  0.741  0.259
0  0  3.5  1.75  0.01  0.01  0.8352897478672863  -0.1746413630519862  0.6572708566703024  13.89656586739071  1.0  0.813  0.137  0.05  0.87  0.13
0  0  3.5  1.75  0.01  0.01  0.6656472524235102  0.032255831440065025  0.5274849627598284  14.165623308005017  1.0  0.771  0.164  0.065  0.833  0.167
0  0  3.5  1.75  0.01  0.01  0.5614011434329002  0.14008386718313948  0.4491252372978573  14.389689653465872  1.0  0.741  0.185  0.074  0.815  0.185
0  0  3.5  1.75  0.01  0.01  0.6275379670006738  -0.022948949859652623  0.8029059992738099  14.132090285762969  1.0  0.75  0.181  0.069  0.778  0.222
0  0  3.5  1.75  0.01  0.01  0.6311355286551577  0.1112694588267033  0.38335798719261893  14.212037760002726  1.0  0.766  0.167  0.067  0.833  0.167
0  0  3.5  1.75  0.01  0.01  0.6504605334200989  -0.07387293028724792  0.9388379441945598  14.17591986692745  1.0  0.754  0.178  0.068  0.778  0.222
0  0  3.5  1.75  0.01  0.01  0.7583658420416979  0.02253391265354171  0.8563628750675628  13.888804038654  1.0  0.805  0.139  0.056  0.833  0.167
0  0  3.5  1.75  0.01  0.01  0.7189475814419017  0.11351584015153587  0.49655064998259374  13.989603459071942  1.0  0.8  0.142  0.058  0.852  0.148
0  0  3.5  1.75  0.01  0.01  0.6247989226073923  -0.16693952074454965  0.47320028393549796  14.207599222939168  1.0  0.731  0.197  0.072  0.778  0.222
0  0  3.5  1.75  0.01  0.01  0.5556023023038542  0.038938043343873574  0.5392099853163169  14.314136852680118  1.0  0.726  0.198  0.076  0.778  0.222
0  0  3.5  1.75  0.01  0.01  0.635698463771281  -0.1833049468181502  0.7917552690375343  14.110132187674264  1.0  0.735  0.195  0.071  0.759  0.241
0  0  3.5  1.75  0.01  0.01  0.6946041878941609  -0.01953416468011046  0.9447813907692862  14.077711714938303  1.0  0.777  0.16  0.063  0.796  0.204
0  0  3.5  1.75  0.01  0.01  0.7268450339051873  -0.1758352335692837  0.8582480797963083  14.071269798423865  1.0  0.772  0.167  0.061  0.815  0.185
0  0  3.5  1.75  0.01  0.01  0.6815325835394311  0.14105108293927127  0.6812666615877468  14.111117754950921  1.0  0.789  0.149  0.062  0.852  0.148
0  0  3.5  1.75  0.01  0.01  0.6331421534708215  -0.10901003416705826  0.665632921996296  14.21511235734774  1.0  0.742  0.188  0.07  0.796  0.204
0  0  3.5  1.75  0.01  0.01  0.5936658217115418  -0.14842359057666835  0.6177104867082582  14.215413292648845  1.0  0.72  0.205  0.075  0.759  0.241
0  0  3.5  1.75  0.01  0.01  0.7358500827130939  -0.1596672676546164  0.7162511247080816  14.073082764254693  1.0  0.778  0.162  0.06  0.833  0.167
0  0  3.5  1.75  0.01  0.01  0.7118094430433335  0.013669588323051596  0.6773460018674907  14.022075161995383  1.0  0.787  0.153  0.06  0.833  0.167
0  0  3.5  1.75  0.01  0.01  0.48034135274064493  0.12798660149389346  0.510081639012032  14.265782626498217  1.0  0.704  0.214  0.082  0.741  0.259
0  0  3.5  1.75  0.01  0.01  0.5103435175808211  -0.1853261135427157  0.37338155445585136  14.468987656059161  1.0  0.677  0.24  0.083  0.741  0.259
0  0  3.5  1.75  0.01  0.01  0.5304358279221622  0.13420336870052046  0.7148512474576924  14.25092928075231  1.0  0.726  0.197  0.077  0.759  0.241
0  0  3.5  1.75  0.01  0.01  0.5569241732447492  -0.0046999610042063045  0.6838129420406941  14.248720951021967  1.0  0.722  0.201  0.076  0.759  0.241
0  0  3.5  1.75  0.01  0.01  0.7286400434926662  0.04461063167030152  0.8836014584667564  13.9044516326351  1.0  0.796  0.145  0.058  0.815  0.185
0  0  3.5  1.75  0.01  0.01  0.5533756435331267  -0.18288548698678647  0.8278585092618754  14.234368453468415  1.0  0.698  0.223  0.079  0.722  0.278
0  1  3.5  1.75  0.01  0.01  0.9984349167392148  0.005025092716089585  0.9265562771683891  15.543042381710542  1.0  0.878  0.088  0.034  0.933  0.067
0  1  3.5  1.75  0.01  0.01  0.8408523045099865  0.11085130517782771  0.656821052104622  19.889773365114035  1.0  0.841  0.112  0.046  0.883  0.117
0  1  3.5  1.75  0.01  0.01  0.7671959280929247  0.10674005573816969  0.4192508925198572  14.2494047139447  1.0  0.817  0.13  0.053  0.867  0.133
0  1  3.5  1.75  0.01  0.01  1.0086342517266351  -0.1988655395582153  0.7778098588142996  15.647888770040915  1.0  0.864  0.101  0.035  0.917  0.083
0  1  3.5  1.75  0.01  0.01  0.7596655999274343  0.1516264892346964  0.4401458086842654  14.04550237076772  1.0  0.818  0.128  0.054  0.883  0.117
0  1  3.5  1.75  0.01  0.01  0.957422803954506  0.07860172691544526  0.4712601407914661  13.506826253227521  1.0  0.873  0.091  0.036  0.95  0.05
0  1  3.5  1.75  0.01  0.01  0.7867403278170444  -0.13482495831782726  0.42092332043362984  13.961357424312363  1.0  0.8  0.145  0.055  0.867  0.133
0  1  3.5  1.75  0.01  0.01  0.9548485808904478  0.0936850235509985  0.6471146154271108  13.522022535029944  1.0  0.873  0.091  0.036  0.95  0.05
0  1  3.5  1.75  0.01  0.01  0.8996889603571171  0.051409759553066814  0.4065567241981258  13.897870737979831  1.0  0.854  0.104  0.042  0.917  0.083
0  1  3.5  1.75  0.01  0.01  1.045668192686563  -0.07135112521832274  0.733257495764472  15.4393300697384  1.0  0.884  0.085  0.031  0.933  0.067
0  1  3.5  1.75  0.01  0.01  1.015799429413546  -0.18462815909157915  0.582490159727783  13.891725552865616  1.0  0.867  0.098  0.034  0.933  0.067
0  1  3.5  1.75  0.01  0.01  0.702037871136611  0.07110440208321911  0.44614581424980393  13.974293663710819  1.0  0.789  0.15  0.06  0.833  0.167
0  1  3.5  1.75  0.01  0.01  0.9568793879679325  0.05767308788734665  0.9946207409262613  15.635549401828934  1.0  0.871  0.093  0.037  0.917  0.083
0  1  3.5  1.75  0.01  0.01  1.0874058895365657  0.022183421436436757  0.6571232158204227  15.321128396722612  1.0  0.9  0.073  0.027  0.967  0.033
0  1  3.5  1.75  0.01  0.01  1.0527454731230248  -0.019451069554373035  0.6242373669238166  13.961880427741757  1.0  0.889  0.081  0.03  0.95  0.05
0  1  3.5  1.75  0.01  0.01  1.0461724012551148  0.032253942509139544  0.6017441487863292  13.76685405881512  1.0  0.891  0.079  0.03  0.95  0.05
0  1  3.5  1.75  0.01  0.01  0.9103542244102308  0.021487715820893427  0.6499663016393947  13.600714328589417  1.0  0.854  0.104  0.041  0.9  0.1
0  1  3.5  1.75  0.01  0.01  0.8611105543417611  -0.1269017678214368  0.3898979198177621  13.965473115911829  1.0  0.826  0.127  0.047  0.9  0.1
0  1  3.5  1.75  0.01  0.01  0.9139365954512607  0.1595771190795301  0.9387589970592456  17.726873866085143  1.0  0.867  0.094  0.039  0.917  0.083
0  1  3.5  1.75  0.01  0.01  0.8938384558481516  -0.14644295628808976  0.41603838592565595  13.984593185166572  1.0  0.834  0.121  0.045  0.933  0.067
0  1  3.5  1.75  0.01  0.01  0.8967213372769088  -0.09380336131863475  0.42857641189795476  14.011295479193318  1.0  0.841  0.116  0.044  0.9  0.1
0  1  3.5  1.75  0.01  0.01  0.9444220587213412  0.00622881341953424  0.5249278931565963  13.865585852236366  1.0  0.863  0.098  0.038  0.95  0.05
0  1  3.5  1.75  0.01  0.01  0.8895188880628924  0.07006262100774552  0.5024248407002438  14.258131122509608  1.0  0.853  0.105  0.042  0.9  0.1
0  1  3.5  1.75  0.01  0.01  0.8454725812371782  0.1689196282528153  0.8366601277020651  15.709626093491437  1.0  0.848  0.107  0.045  0.883  0.117
0  1  3.5  1.75  0.01  0.01  0.8849775920720006  -0.10383014680101343  0.5642988555079226  13.809640439013856  1.0  0.836  0.119  0.045  0.917  0.083
0  1  3.5  1.75  0.01  0.01  0.9696482782651203  -0.05426485218284635  0.6515602194978654  17.731051419367983  1.0  0.865  0.098  0.037  0.95  0.05
0  1  3.5  1.75  0.01  0.01  0.9685346226878464  -0.010054607915494451  0.6840797878292815  13.561485848805455  1.0  0.868  0.095  0.036  0.95  0.05
0  1  3.5  1.75  0.01  0.01  1.0393003225092026  -0.008139060140450433  0.4016406173388929  13.64460184169233  1.0  0.887  0.083  0.031  0.983  0.017
0  1  3.5  1.75  0.01  0.01  0.9071940696950019  0.1331520883966424  0.48413866005930123  13.993880720075289  1.0  0.863  0.097  0.04  0.933  0.067
0  1  3.5  1.75  0.01  0.01  0.9253755028887658  0.15805747084561395  0.406779227452251  13.841394515307952  1.0  0.87  0.092  0.038  0.967  0.033
