0  5  2.25  0.01  0.01  0.6367904165225635  1.2266017446486748  14.722581294098575  15.172871732624861  1.0  0.765  0.217  0.017  0.716  0.284  0.6  0.4
0  5  2.25  0.01  0.01  0.7839760481251676  2.3014130864672024  23.387285058758916  38.99947754705214  1.0  0.814  0.173  0.013  0.693  0.307  0.7  0.3
0  5  2.25  0.01  0.01  0.6927131885747632  1.7307942601149529  16.79610605247348  19.823709211904777  1.0  0.785  0.199  0.016  0.693  0.307  0.7  0.3
0  5  2.25  0.01  0.01  0.6276420580113328  1.4682885301288369  15.244751739624053  15.586050403661574  1.0  0.762  0.22  0.018  0.693  0.307  0.7  0.3
0  5  2.25  0.01  0.01  0.6869854046080139  1.5200809443997985  15.722557239830513  15.164047965020714  1.0  0.783  0.201  0.016  0.705  0.295  0.65  0.35
0  5  2.25  0.01  0.01  0.5977929774921174  2.0924171642360947  22.091408671260275  22.242726270117195  1.0  0.751  0.23  0.019  0.648  0.352  0.9  0.1
0  5  2.25  0.01  0.01  0.8003504443460199  1.9009627190602698  19.04456333497186  16.362585042653613  1.0  0.819  0.168  0.013  0.716  0.284  0.6  0.4
0  5  2.25  0.01  0.01  0.5433004902854692  1.54607603970332  15.947680211330278  16.502276641583208  1.0  0.73  0.249  0.02  0.67  0.33  0.8  0.2
0  5  2.25  0.01  0.01  0.8036443363570526  2.615909063590722  34.02452535379758  32.38793595385333  1.0  0.82  0.167  0.013  0.716  0.284  0.6  0.4
0  5  2.25  0.01  0.01  0.47688627512893755  0.6851484593634143  14.74192747797533  14.969838875395855  1.0  0.704  0.274  0.022  0.682  0.318  0.75  0.25
0  5  2.25  0.01  0.01  0.5009755147918252  0.8211234071540748  14.767902523922249  14.668660834500903  1.0  0.714  0.265  0.022  0.693  0.307  0.7  0.3
0  5  2.25  0.01  0.01  0.4751727584687144  0.5866103837207197  14.8223049758888  14.790267509130155  1.0  0.703  0.275  0.022  0.693  0.307  0.7  0.3
0  5  2.25  0.01  0.01  0.606847545402474  1.6101034705653505  17.09852986193258  14.924715688674492  1.0  0.755  0.227  0.018  0.682  0.318  0.75  0.25
0  5  2.25  0.01  0.01  0.49794396058354823  0.599787121623787  14.821863344127156  14.769929765136832  1.0  0.712  0.266  0.022  0.705  0.295  0.65  0.35
0  5  2.25  0.01  0.01  0.424052903333479  0.8629731154287191  14.819664427684364  14.435601473526976  1.0  0.682  0.294  0.024  0.659  0.341  0.85  0.15
0  5  2.25  0.01  0.01  0.45374394257943906  0.3851388419144  14.906432300302159  14.83966771103977  1.0  0.694  0.283  0.023  0.693  0.307  0.7  0.3
0  5  2.25  0.01  0.01  0.5255981018137651  0.6707449654725353  14.7407639545488  15.005660806098003  1.0  0.723  0.256  0.021  0.705  0.295  0.65  0.35
0  5  2.25  0.01  0.01  0.47531443653914995  1.013807521561323  14.787379036675913  14.507246977923979  1.0  0.703  0.274  0.022  0.67  0.33  0.8  0.2
0  5  2.25  0.01  0.01  0.8716418735521708  1.9447492058032645  19.945111756798656  17.655482652887656  1.0  0.84  0.15  0.011  0.739  0.261  0.5  0.5
0  5  2.25  0.01  0.01  0.6923988451092454  2.3630992762629512  25.980163381542003  34.09304804168755  1.0  0.785  0.199  0.016  0.693  0.307  0.7  0.3
0  5  2.25  0.01  0.01  0.46540701408418245  0.6737252953004055  14.77924217968551  14.828797639808872  1.0  0.699  0.278  0.023  0.682  0.318  0.75  0.25
0  5  2.25  0.01  0.01  0.5363484066737659  1.1142719955434077  14.701558275163894  14.958378174256671  1.0  0.728  0.252  0.021  0.682  0.318  0.75  0.25
0  5  2.25  0.01  0.01  0.4543959421992424  0.37722489220027705  14.908317525017871  14.849879038659825  1.0  0.694  0.283  0.023  0.693  0.307  0.7  0.3
0  5  2.25  0.01  0.01  0.4986130608689234  0.6510001611486493  14.744812435280192  15.012407170514626  1.0  0.713  0.266  0.022  0.693  0.307  0.7  0.3
0  5  2.25  0.01  0.01  0.5709613943898048  0.9607060552317508  14.67515082299803  14.993898703101555  1.0  0.741  0.239  0.019  0.705  0.295  0.65  0.35
0  5  2.25  0.01  0.01  0.5952197480898368  0.7570446355228571  14.630048752939706  15.391211565375409  1.0  0.75  0.231  0.019  0.727  0.273  0.55  0.45
0  5  2.25  0.01  0.01  0.5466108659619162  1.157701051277663  14.789117938824644  14.668460554532492  1.0  0.732  0.248  0.02  0.693  0.307  0.7  0.3
0  5  2.25  0.01  0.01  0.6150236592336603  1.8902560903991499  19.17629672733315  15.001498140151298  1.0  0.758  0.224  0.018  0.67  0.33  0.8  0.2
0  5  2.25  0.01  0.01  0.7548524582114865  1.9206982249280065  18.592207321881958  21.04228514229214  1.0  0.805  0.181  0.014  0.705  0.295  0.65  0.35
0  5  2.25  0.01  0.01  0.5824515946631807  1.2842164575909676  14.801041496749155  15.10459911581476  1.0  0.745  0.235  0.019  0.693  0.307  0.7  0.3
1  5  2.25  0.01  0.01  0.8349129802917571  0.7458759432867456  14.451046143871574  14.461989774863635  1.0  0.829  0.159  0.012  0.833  0.167  0.8  0.2
1  5  2.25  0.01  0.01  0.8335660560692413  1.2243598119602501  14.628031027068388  13.509293997172032  1.0  0.829  0.159  0.012  0.802  0.198  0.95  0.05
1  5  2.25  0.01  0.01  0.9648745507304214  1.3968546309739092  14.9156816289885  14.323460902102658  1.0  0.864  0.128  0.008  0.823  0.177  0.85  0.15
1  5  2.25  0.01  0.01  0.7953945524049741  0.6384188217944897  14.48602324698438  14.553562213386792  1.0  0.818  0.169  0.013  0.823  0.177  0.85  0.15
1  5  2.25  0.01  0.01  1.2018048711757472  2.175489793949188  19.144386430541125  18.143763627392026  1.0  0.911  0.084  0.004  0.823  0.177  0.85  0.15
1  5  2.25  0.01  0.01  0.8239367473463339  0.6306959742283184  14.499901832461527  14.513399134632246  1.0  0.826  0.162  0.012  0.844  0.156  0.75  0.25
1  5  2.25  0.01  0.01  1.0304284340040333  1.4796915163374291  15.362996214509005  14.468156814421727  1.0  0.879  0.114  0.007  0.844  0.156  0.75  0.25
1  5  2.25  0.01  0.01  0.7748298005986354  0.535611814241859  14.59401710769651  14.31381028716489  1.0  0.812  0.175  0.013  0.833  0.167  0.8  0.2
1  5  2.25  0.01  0.01  0.761985940862869  0.5044042399496153  14.590332881665853  14.41911337365671  1.0  0.808  0.179  0.014  0.823  0.177  0.85  0.15
1  5  2.25  0.01  0.01  1.0222018694742048  1.334492172767635  14.276683114775947  16.060805743647588  1.0  0.877  0.116  0.007  0.844  0.156  0.75  0.25
1  5  2.25  0.01  0.01  1.0262447042891227  1.845872466976811  17.72605385465514  13.600501176534234  1.0  0.878  0.115  0.007  0.823  0.177  0.85  0.15
1  5  2.25  0.01  0.01  0.7515521160024657  0.5474145790919555  14.624787323312114  14.138415376807888  1.0  0.804  0.182  0.014  0.823  0.177  0.85  0.15
1  5  2.25  0.01  0.01  0.8869383537862763  0.9022181833633988  14.353643022949209  14.6208226863058  1.0  0.844  0.146  0.01  0.844  0.156  0.75  0.25
1  5  2.25  0.01  0.01  1.1428179215062946  1.6404916075303804  16.13456666189271  14.751502908140449  1.0  0.901  0.094  0.005  0.844  0.156  0.75  0.25
1  5  2.25  0.01  0.01  0.7191716021266288  0.3952280598344381  14.673794499479039  14.341209342538892  1.0  0.794  0.191  0.015  0.812  0.188  0.9  0.1
1  5  2.25  0.01  0.01  1.338422543318055  2.4384157096721957  19.429434651873148  32.23095577583929  1.0  0.932  0.066  0.003  0.833  0.167  0.8  0.2
1  5  2.25  0.01  0.01  0.7897242245828094  0.7625083227304414  14.47295110687224  14.319473439953473  1.0  0.816  0.171  0.013  0.812  0.188  0.9  0.1
1  5  2.25  0.01  0.01  1.0641295983628052  1.9496907429065506  16.94837091442039  18.633088427738464  1.0  0.886  0.108  0.006  0.823  0.177  0.85  0.15
1  5  2.25  0.01  0.01  0.7853274638435034  0.37879198183517115  14.594399058543729  14.770748161255103  1.0  0.815  0.172  0.013  0.844  0.156  0.75  0.25
1  5  2.25  0.01  0.01  1.2860608297804823  2.4637356678289657  22.33651740681096  19.95374322569851  1.0  0.924  0.073  0.003  0.823  0.177  0.85  0.15
1  5  2.25  0.01  0.01  1.295852983264155  2.324589279451769  21.38076959239072  16.33626526982345  1.0  0.926  0.071  0.003  0.812  0.188  0.9  0.1
1  5  2.25  0.01  0.01  0.9325411281618062  1.2258312127658035  14.460424893825914  14.28563319667568  1.0  0.856  0.135  0.009  0.833  0.167  0.8  0.2
1  5  2.25  0.01  0.01  1.0555734842576139  1.551953269927043  15.191084780802209  16.842013451426716  1.0  0.884  0.109  0.007  0.844  0.156  0.75  0.25
1  5  2.25  0.01  0.01  1.2097287262064909  2.411914003738885  23.039976686776082  13.388893915649268  1.0  0.913  0.083  0.004  0.812  0.188  0.9  0.1
1  5  2.25  0.01  0.01  0.7862304458891292  0.4005911177796753  14.542118700214521  14.958431911201085  1.0  0.815  0.172  0.013  0.833  0.167  0.8  0.2
1  5  2.25  0.01  0.01  0.9228519506781616  1.18062906102149  14.384889804840617  14.472312060171049  1.0  0.853  0.137  0.009  0.823  0.177  0.85  0.15
1  5  2.25  0.01  0.01  0.8347266607949971  0.8270642631302683  14.429992050082012  14.387836978805817  1.0  0.829  0.159  0.012  0.823  0.177  0.85  0.15
1  5  2.25  0.01  0.01  0.8586636902913538  0.653907484783953  14.378986820747192  15.045446397389748  1.0  0.836  0.153  0.011  0.844  0.156  0.75  0.25
1  5  2.25  0.01  0.01  0.9611381898452618  1.3679552903004981  14.7912628199305  14.102846162914108  1.0  0.863  0.129  0.009  0.833  0.167  0.8  0.2
1  5  2.25  0.01  0.01  0.8523474684927212  1.0921395378312064  14.464054300256388  13.963564092657503  1.0  0.834  0.154  0.011  0.812  0.188  0.9  0.1
