3  1.5  0.01  0.01  0.48539494009200523  -0.23343996190709423  1.1547176663523608  570.5886556666451
2.0  1.0  0.01  0.01  0.3199374655432745  -0.16174967917021663  1.0869829230008763  569.0629693656598
2.0  1.0  0.01  0.01  0.3199374655432745  -0.16174967917021663  1.0869829230008763  569.0629693656598
2.0  1.0  0.01  0.01  0.3199374655432745  -0.16174967917021663  1.0869829230008763  569.0629693656598
2.0  1.0  0.01  0.01  0.3199374655432745  -0.16174967917021663  1.0869829230008763  569.0629693656598
2.0  1.0  0.01  0.01  0.3199374655432745  -0.16174967917021663  1.0869829230008763  569.0629693656598
2.0  1.0  0.01  0.01  0.3199374655432745  -0.16174967917021663  1.0869829230008763  569.0629693656598
2.0  1.0  0.01  0.01  0.3199374655432745  -0.16174967917021663  1.0869829230008763  569.0629693656598
2.0  1.0  0.01  0.01  0.3199374655432745  -0.16174967917021663  1.0869829230008763  569.0629693656598
2.0  1.0  0.01  0.01  0.3199374655432745  -0.16174967917021663  1.0869829230008763  569.0629693656598
2.0  1.0  0.01  0.01  0.3199374655432745  -0.16174967917021663  1.0869829230008763  569.0629693656598
2.0  1.4  0.01  0.01  0.3400434655499285  -0.11796279530033908  1.41434066227812  606.7025475792211
2.0  1.4  0.01  0.01  0.3400434655499285  -0.11796279530033908  1.41434066227812  606.7025475792211
2.0  1.4  0.01  0.01  0.3400434655499285  -0.11796279530033908  1.41434066227812  606.7025475792211
2.0  1.4  0.01  0.01  0.3400434655499285  -0.11796279530033908  1.41434066227812  606.7025475792211
2.0  1.4  0.01  0.01  0.3400434655499285  -0.11796279530033908  1.41434066227812  606.7025475792211
2.0  1.4  0.01  0.01  0.3400434655499285  -0.11796279530033908  1.41434066227812  606.7025475792211
2.0  1.4  0.01  0.01  0.3400434655499285  -0.11796279530033908  1.41434066227812  606.7025475792211
2.0  1.4  0.01  0.01  0.3400434655499285  -0.11796279530033908  1.41434066227812  606.7025475792211
2.0  1.4  0.01  0.01  0.3400434655499285  -0.11796279530033908  1.41434066227812  606.7025475792211
2.0  1.4  0.01  0.01  0.3400434655499285  -0.11796279530033908  1.41434066227812  606.7025475792211
2.0  1.8  0.01  0.01  0.35026934404789095  -0.17499717394711195  1.4840019747861803  651.4561079065808
2.0  1.8  0.01  0.01  0.35026934404789095  -0.17499717394711195  1.4840019747861803  651.4561079065808
2.0  1.8  0.01  0.01  0.35026934404789095  -0.17499717394711195  1.4840019747861803  651.4561079065808
2.0  1.8  0.01  0.01  0.35026934404789095  -0.17499717394711195  1.4840019747861803  651.4561079065808
2.0  1.8  0.01  0.01  0.35026934404789095  -0.17499717394711195  1.4840019747861803  651.4561079065808
2.0  1.8  0.01  0.01  0.35026934404789095  -0.17499717394711195  1.4840019747861803  651.4561079065808
2.0  1.8  0.01  0.01  0.35026934404789095  -0.17499717394711195  1.4840019747861803  651.4561079065808
2.0  1.8  0.01  0.01  0.35026934404789095  -0.17499717394711195  1.4840019747861803  651.4561079065808
2.0  1.8  0.01  0.01  0.35026934404789095  -0.17499717394711195  1.4840019747861803  651.4561079065808
2.0  1.8  0.01  0.01  0.35026934404789095  -0.17499717394711195  1.4840019747861803  651.4561079065808
2.0  2.2  0.01  0.01  0.427067910839056  0.13186261796184043  1.8844373127332887  735.0037148439599
2.0  2.2  0.01  0.01  0.427067910839056  0.13186261796184043  1.8844373127332887  735.0037148439599
2.0  2.2  0.01  0.01  0.427067910839056  0.13186261796184043  1.8844373127332887  735.0037148439599
2.0  2.2  0.01  0.01  0.427067910839056  0.13186261796184043  1.8844373127332887  735.0037148439599
2.0  2.2  0.01  0.01  0.427067910839056  0.13186261796184043  1.8844373127332887  735.0037148439599
2.0  2.2  0.01  0.01  0.427067910839056  0.13186261796184043  1.8844373127332887  735.0037148439599
2.0  2.2  0.01  0.01  0.427067910839056  0.13186261796184043  1.8844373127332887  735.0037148439599
2.0  2.2  0.01  0.01  0.427067910839056  0.13186261796184043  1.8844373127332887  735.0037148439599
2.0  2.2  0.01  0.01  0.427067910839056  0.13186261796184043  1.8844373127332887  735.0037148439599
2.0  2.2  0.01  0.01  0.427067910839056  0.13186261796184043  1.8844373127332887  735.0037148439599
2.0  2.6  0.01  0.01  0.5051831620229716  0.14160034858951698  1.9044159816296444  853.3651323944146
2.0  2.6  0.01  0.01  0.5051831620229716  0.14160034858951698  1.9044159816296444  853.3651323944146
2.0  2.6  0.01  0.01  0.5051831620229716  0.14160034858951698  1.9044159816296444  853.3651323944146
2.0  2.6  0.01  0.01  0.5051831620229716  0.14160034858951698  1.9044159816296444  853.3651323944146
2.0  2.6  0.01  0.01  0.5051831620229716  0.14160034858951698  1.9044159816296444  853.3651323944146
2.0  2.6  0.01  0.01  0.5051831620229716  0.14160034858951698  1.9044159816296444  853.3651323944146
2.0  2.6  0.01  0.01  0.5051831620229716  0.14160034858951698  1.9044159816296444  853.3651323944146
2.0  2.6  0.01  0.01  0.5051831620229716  0.14160034858951698  1.9044159816296444  853.3651323944146
2.0  2.6  0.01  0.01  0.5051831620229716  0.14160034858951698  1.9044159816296444  853.3651323944146
2.0  2.6  0.01  0.01  0.5051831620229716  0.14160034858951698  1.9044159816296444  853.3651323944146
2.0  3.0  0.01  0.01  0.8499938404848109  -0.2342807892958332  2.0625938715162357  974.6823155653723
2.0  3.0  0.01  0.01  0.8499938404848109  -0.2342807892958332  2.0625938715162357  974.6823155653723
2.0  3.0  0.01  0.01  0.8499938404848109  -0.2342807892958332  2.0625938715162357  974.6823155653723
2.0  3.0  0.01  0.01  0.8499938404848109  -0.2342807892958332  2.0625938715162357  974.6823155653723
2.0  3.0  0.01  0.01  0.8499938404848109  -0.2342807892958332  2.0625938715162357  974.6823155653723
2.0  3.0  0.01  0.01  0.8499938404848109  -0.2342807892958332  2.0625938715162357  974.6823155653723
2.0  3.0  0.01  0.01  0.8499938404848109  -0.2342807892958332  2.0625938715162357  974.6823155653723
2.0  3.0  0.01  0.01  0.8499938404848109  -0.2342807892958332  2.0625938715162357  974.6823155653723
2.0  3.0  0.01  0.01  0.8499938404848109  -0.2342807892958332  2.0625938715162357  974.6823155653723
2.0  3.0  0.01  0.01  0.8499938404848109  -0.2342807892958332  2.0625938715162357  974.6823155653723
2.3333333333333335  1.0  0.01  0.01  0.36393108591814954  -0.20647079418129685  0.9233972165747947  573.4168982938398
2.3333333333333335  1.0  0.01  0.01  0.36393108591814954  -0.20647079418129685  0.9233972165747947  573.4168982938398
2.3333333333333335  1.0  0.01  0.01  0.36393108591814954  -0.20647079418129685  0.9233972165747947  573.4168982938398
2.3333333333333335  1.0  0.01  0.01  0.36393108591814954  -0.20647079418129685  0.9233972165747947  573.4168982938398
2.3333333333333335  1.0  0.01  0.01  0.36393108591814954  -0.20647079418129685  0.9233972165747947  573.4168982938398
2.3333333333333335  1.0  0.01  0.01  0.36393108591814954  -0.20647079418129685  0.9233972165747947  573.4168982938398
2.3333333333333335  1.0  0.01  0.01  0.36393108591814954  -0.20647079418129685  0.9233972165747947  573.4168982938398
2.3333333333333335  1.0  0.01  0.01  0.36393108591814954  -0.20647079418129685  0.9233972165747947  573.4168982938398
2.3333333333333335  1.0  0.01  0.01  0.36393108591814954  -0.20647079418129685  0.9233972165747947  573.4168982938398
2.3333333333333335  1.0  0.01  0.01  0.36393108591814954  -0.20647079418129685  0.9233972165747947  573.4168982938398
2.3333333333333335  1.4  0.01  0.01  0.3608830481256675  -0.03827328827415866  1.3542882116776749  583.0711541429268
2.3333333333333335  1.4  0.01  0.01  0.3608830481256675  -0.03827328827415866  1.3542882116776749  583.0711541429268
2.3333333333333335  1.4  0.01  0.01  0.3608830481256675  -0.03827328827415866  1.3542882116776749  583.0711541429268
2.3333333333333335  1.4  0.01  0.01  0.3608830481256675  -0.03827328827415866  1.3542882116776749  583.0711541429268
2.3333333333333335  1.4  0.01  0.01  0.3608830481256675  -0.03827328827415866  1.3542882116776749  583.0711541429268
2.3333333333333335  1.4  0.01  0.01  0.3608830481256675  -0.03827328827415866  1.3542882116776749  583.0711541429268
2.3333333333333335  1.4  0.01  0.01  0.3608830481256675  -0.03827328827415866  1.3542882116776749  583.0711541429268
2.3333333333333335  1.4  0.01  0.01  0.3608830481256675  -0.03827328827415866  1.3542882116776749  583.0711541429268
2.3333333333333335  1.4  0.01  0.01  0.3608830481256675  -0.03827328827415866  1.3542882116776749  583.0711541429268
2.3333333333333335  1.4  0.01  0.01  0.3608830481256675  -0.03827328827415866  1.3542882116776749  583.0711541429268
2.3333333333333335  1.8  0.01  0.01  0.39856114427226175  -0.1290457303140708  1.4443278038762144  618.9864640513192
2.3333333333333335  1.8  0.01  0.01  0.39856114427226175  -0.1290457303140708  1.4443278038762144  618.9864640513192
2.3333333333333335  1.8  0.01  0.01  0.39856114427226175  -0.1290457303140708  1.4443278038762144  618.9864640513192
2.3333333333333335  1.8  0.01  0.01  0.39856114427226175  -0.1290457303140708  1.4443278038762144  618.9864640513192
2.3333333333333335  1.8  0.01  0.01  0.39856114427226175  -0.1290457303140708  1.4443278038762144  618.9864640513192
2.3333333333333335  1.8  0.01  0.01  0.39856114427226175  -0.1290457303140708  1.4443278038762144  618.9864640513192
2.3333333333333335  1.8  0.01  0.01  0.39856114427226175  -0.1290457303140708  1.4443278038762144  618.9864640513192
2.3333333333333335  1.8  0.01  0.01  0.39856114427226175  -0.1290457303140708  1.4443278038762144  618.9864640513192
2.3333333333333335  1.8  0.01  0.01  0.39856114427226175  -0.1290457303140708  1.4443278038762144  618.9864640513192
2.3333333333333335  1.8  0.01  0.01  0.39856114427226175  -0.1290457303140708  1.4443278038762144  618.9864640513192
2.3333333333333335  2.2  0.01  0.01  0.18953681678079978  -0.17460847281844594  1.494569470402263  666.3554516160914
2.3333333333333335  2.2  0.01  0.01  0.18953681678079978  -0.17460847281844594  1.494569470402263  666.3554516160914
2.3333333333333335  2.2  0.01  0.01  0.18953681678079978  -0.17460847281844594  1.494569470402263  666.3554516160914
2.3333333333333335  2.2  0.01  0.01  0.18953681678079978  -0.17460847281844594  1.494569470402263  666.3554516160914
2.3333333333333335  2.2  0.01  0.01  0.18953681678079978  -0.17460847281844594  1.494569470402263  666.3554516160914
2.3333333333333335  2.2  0.01  0.01  0.18953681678079978  -0.17460847281844594  1.494569470402263  666.3554516160914
2.3333333333333335  2.2  0.01  0.01  0.18953681678079978  -0.17460847281844594  1.494569470402263  666.3554516160914
2.3333333333333335  2.2  0.01  0.01  0.18953681678079978  -0.17460847281844594  1.494569470402263  666.3554516160914
2.3333333333333335  2.2  0.01  0.01  0.18953681678079978  -0.17460847281844594  1.494569470402263  666.3554516160914
2.3333333333333335  2.2  0.01  0.01  0.18953681678079978  -0.17460847281844594  1.494569470402263  666.3554516160914
2.3333333333333335  2.6  0.01  0.01  0.14688340306158765  0.21320767168323523  1.8947926485591395  739.7876291301076
2.3333333333333335  2.6  0.01  0.01  0.14688340306158765  0.21320767168323523  1.8947926485591395  739.7876291301076
2.3333333333333335  2.6  0.01  0.01  0.14688340306158765  0.21320767168323523  1.8947926485591395  739.7876291301076
2.3333333333333335  2.6  0.01  0.01  0.14688340306158765  0.21320767168323523  1.8947926485591395  739.7876291301076
2.3333333333333335  2.6  0.01  0.01  0.14688340306158765  0.21320767168323523  1.8947926485591395  739.7876291301076
2.3333333333333335  2.6  0.01  0.01  0.14688340306158765  0.21320767168323523  1.8947926485591395  739.7876291301076
2.3333333333333335  2.6  0.01  0.01  0.14688340306158765  0.21320767168323523  1.8947926485591395  739.7876291301076
2.3333333333333335  2.6  0.01  0.01  0.14688340306158765  0.21320767168323523  1.8947926485591395  739.7876291301076
2.3333333333333335  2.6  0.01  0.01  0.14688340306158765  0.21320767168323523  1.8947926485591395  739.7876291301076
2.3333333333333335  2.6  0.01  0.01  0.14688340306158765  0.21320767168323523  1.8947926485591395  739.7876291301076
2.3333333333333335  3.0  0.01  0.01  0.6677490649047189  0.009906220563207512  1.8885148113698946  848.999489019918
2.3333333333333335  3.0  0.01  0.01  0.6677490649047189  0.009906220563207512  1.8885148113698946  848.999489019918
2.3333333333333335  3.0  0.01  0.01  0.6677490649047189  0.009906220563207512  1.8885148113698946  848.999489019918
2.3333333333333335  3.0  0.01  0.01  0.6677490649047189  0.009906220563207512  1.8885148113698946  848.999489019918
2.3333333333333335  3.0  0.01  0.01  0.6677490649047189  0.009906220563207512  1.8885148113698946  848.999489019918
2.3333333333333335  3.0  0.01  0.01  0.6677490649047189  0.009906220563207512  1.8885148113698946  848.999489019918
2.3333333333333335  3.0  0.01  0.01  0.6677490649047189  0.009906220563207512  1.8885148113698946  848.999489019918
2.3333333333333335  3.0  0.01  0.01  0.6677490649047189  0.009906220563207512  1.8885148113698946  848.999489019918
2.3333333333333335  3.0  0.01  0.01  0.6677490649047189  0.009906220563207512  1.8885148113698946  848.999489019918
2.3333333333333335  3.0  0.01  0.01  0.6677490649047189  0.009906220563207512  1.8885148113698946  848.999489019918
2.6666666666666665  1.0  0.01  0.01  0.3931273895770105  -0.28955102053030923  0.5960096369238377  580.1305981105554
2.6666666666666665  1.0  0.01  0.01  0.3931273895770105  -0.28955102053030923  0.5960096369238377  580.1305981105554
2.6666666666666665  1.0  0.01  0.01  0.3931273895770105  -0.28955102053030923  0.5960096369238377  580.1305981105554
2.6666666666666665  1.0  0.01  0.01  0.3931273895770105  -0.28955102053030923  0.5960096369238377  580.1305981105554
2.6666666666666665  1.0  0.01  0.01  0.3931273895770105  -0.28955102053030923  0.5960096369238377  580.1305981105554
2.6666666666666665  1.0  0.01  0.01  0.3931273895770105  -0.28955102053030923  0.5960096369238377  580.1305981105554
2.6666666666666665  1.0  0.01  0.01  0.3931273895770105  -0.28955102053030923  0.5960096369238377  580.1305981105554
2.6666666666666665  1.0  0.01  0.01  0.3931273895770105  -0.28955102053030923  0.5960096369238377  580.1305981105554
2.6666666666666665  1.0  0.01  0.01  0.3931273895770105  -0.28955102053030923  0.5960096369238377  580.1305981105554
2.6666666666666665  1.0  0.01  0.01  0.3931273895770105  -0.28955102053030923  0.5960096369238377  580.1305981105554
2.6666666666666665  1.4  0.01  0.01  0.4465815565660973  -0.23378695741062944  1.214854227602281  572.1053947651797
2.6666666666666665  1.4  0.01  0.01  0.4465815565660973  -0.23378695741062944  1.214854227602281  572.1053947651797
2.6666666666666665  1.4  0.01  0.01  0.4465815565660973  -0.23378695741062944  1.214854227602281  572.1053947651797
2.6666666666666665  1.4  0.01  0.01  0.4465815565660973  -0.23378695741062944  1.214854227602281  572.1053947651797
2.6666666666666665  1.4  0.01  0.01  0.4465815565660973  -0.23378695741062944  1.214854227602281  572.1053947651797
2.6666666666666665  1.4  0.01  0.01  0.4465815565660973  -0.23378695741062944  1.214854227602281  572.1053947651797
2.6666666666666665  1.4  0.01  0.01  0.4465815565660973  -0.23378695741062944  1.214854227602281  572.1053947651797
2.6666666666666665  1.4  0.01  0.01  0.4465815565660973  -0.23378695741062944  1.214854227602281  572.1053947651797
2.6666666666666665  1.4  0.01  0.01  0.4465815565660973  -0.23378695741062944  1.214854227602281  572.1053947651797
2.6666666666666665  1.4  0.01  0.01  0.4465815565660973  -0.23378695741062944  1.214854227602281  572.1053947651797
2.6666666666666665  1.8  0.01  0.01  0.4652730393084066  -0.2140813440295624  1.3944819842714304  602.0117254698844
2.6666666666666665  1.8  0.01  0.01  0.4652730393084066  -0.2140813440295624  1.3944819842714304  602.0117254698844
2.6666666666666665  1.8  0.01  0.01  0.4652730393084066  -0.2140813440295624  1.3944819842714304  602.0117254698844
2.6666666666666665  1.8  0.01  0.01  0.4652730393084066  -0.2140813440295624  1.3944819842714304  602.0117254698844
2.6666666666666665  1.8  0.01  0.01  0.4652730393084066  -0.2140813440295624  1.3944819842714304  602.0117254698844
2.6666666666666665  1.8  0.01  0.01  0.4652730393084066  -0.2140813440295624  1.3944819842714304  602.0117254698844
2.6666666666666665  1.8  0.01  0.01  0.4652730393084066  -0.2140813440295624  1.3944819842714304  602.0117254698844
2.6666666666666665  1.8  0.01  0.01  0.4652730393084066  -0.2140813440295624  1.3944819842714304  602.0117254698844
2.6666666666666665  1.8  0.01  0.01  0.4652730393084066  -0.2140813440295624  1.3944819842714304  602.0117254698844
2.6666666666666665  1.8  0.01  0.01  0.4652730393084066  -0.2140813440295624  1.3944819842714304  602.0117254698844
2.6666666666666665  2.2  0.01  0.01  0.43848823432028394  -0.08009767223245695  1.4742937382072037  630.6348718341619
2.6666666666666665  2.2  0.01  0.01  0.43848823432028394  -0.08009767223245695  1.4742937382072037  630.6348718341619
2.6666666666666665  2.2  0.01  0.01  0.43848823432028394  -0.08009767223245695  1.4742937382072037  630.6348718341619
2.6666666666666665  2.2  0.01  0.01  0.43848823432028394  -0.08009767223245695  1.4742937382072037  630.6348718341619
2.6666666666666665  2.2  0.01  0.01  0.43848823432028394  -0.08009767223245695  1.4742937382072037  630.6348718341619
2.6666666666666665  2.2  0.01  0.01  0.43848823432028394  -0.08009767223245695  1.4742937382072037  630.6348718341619
2.6666666666666665  2.2  0.01  0.01  0.43848823432028394  -0.08009767223245695  1.4742937382072037  630.6348718341619
2.6666666666666665  2.2  0.01  0.01  0.43848823432028394  -0.08009767223245695  1.4742937382072037  630.6348718341619
2.6666666666666665  2.2  0.01  0.01  0.43848823432028394  -0.08009767223245695  1.4742937382072037  630.6348718341619
2.6666666666666665  2.2  0.01  0.01  0.43848823432028394  -0.08009767223245695  1.4742937382072037  630.6348718341619
2.6666666666666665  2.6  0.01  0.01  0.5971165823153866  -0.5249278848346185  1.8540828307356114  682.2923911841217
2.6666666666666665  2.6  0.01  0.01  0.5971165823153866  -0.5249278848346185  1.8540828307356114  682.2923911841217
2.6666666666666665  2.6  0.01  0.01  0.5971165823153866  -0.5249278848346185  1.8540828307356114  682.2923911841217
2.6666666666666665  2.6  0.01  0.01  0.5971165823153866  -0.5249278848346185  1.8540828307356114  682.2923911841217
2.6666666666666665  2.6  0.01  0.01  0.5971165823153866  -0.5249278848346185  1.8540828307356114  682.2923911841217
2.6666666666666665  2.6  0.01  0.01  0.5971165823153866  -0.5249278848346185  1.8540828307356114  682.2923911841217
2.6666666666666665  2.6  0.01  0.01  0.5971165823153866  -0.5249278848346185  1.8540828307356114  682.2923911841217
2.6666666666666665  2.6  0.01  0.01  0.5971165823153866  -0.5249278848346185  1.8540828307356114  682.2923911841217
2.6666666666666665  2.6  0.01  0.01  0.5971165823153866  -0.5249278848346185  1.8540828307356114  682.2923911841217
2.6666666666666665  2.6  0.01  0.01  0.5971165823153866  -0.5249278848346185  1.8540828307356114  682.2923911841217
2.6666666666666665  3.0  0.01  0.01  0.45136219450404447  -0.091997767557459  1.8842666300773718  760.536332971202
2.6666666666666665  3.0  0.01  0.01  0.45136219450404447  -0.091997767557459  1.8842666300773718  760.536332971202
2.6666666666666665  3.0  0.01  0.01  0.45136219450404447  -0.091997767557459  1.8842666300773718  760.536332971202
2.6666666666666665  3.0  0.01  0.01  0.45136219450404447  -0.091997767557459  1.8842666300773718  760.536332971202
2.6666666666666665  3.0  0.01  0.01  0.45136219450404447  -0.091997767557459  1.8842666300773718  760.536332971202
2.6666666666666665  3.0  0.01  0.01  0.45136219450404447  -0.091997767557459  1.8842666300773718  760.536332971202
2.6666666666666665  3.0  0.01  0.01  0.45136219450404447  -0.091997767557459  1.8842666300773718  760.536332971202
2.6666666666666665  3.0  0.01  0.01  0.45136219450404447  -0.091997767557459  1.8842666300773718  760.536332971202
2.6666666666666665  3.0  0.01  0.01  0.45136219450404447  -0.091997767557459  1.8842666300773718  760.536332971202
2.6666666666666665  3.0  0.01  0.01  0.45136219450404447  -0.091997767557459  1.8842666300773718  760.536332971202
3.0  1.0  0.01  0.01  0.42816173616964337  -0.43283920236064827  0.2069190596035295  588.6916646026605
3.0  1.0  0.01  0.01  0.42816173616964337  -0.43283920236064827  0.2069190596035295  588.6916646026605
3.0  1.0  0.01  0.01  0.42816173616964337  -0.43283920236064827  0.2069190596035295  588.6916646026605
3.0  1.0  0.01  0.01  0.42816173616964337  -0.43283920236064827  0.2069190596035295  588.6916646026605
3.0  1.0  0.01  0.01  0.42816173616964337  -0.43283920236064827  0.2069190596035295  588.6916646026605
3.0  1.0  0.01  0.01  0.42816173616964337  -0.43283920236064827  0.2069190596035295  588.6916646026605
3.0  1.0  0.01  0.01  0.42816173616964337  -0.43283920236064827  0.2069190596035295  588.6916646026605
3.0  1.0  0.01  0.01  0.42816173616964337  -0.43283920236064827  0.2069190596035295  588.6916646026605
3.0  1.0  0.01  0.01  0.42816173616964337  -0.43283920236064827  0.2069190596035295  588.6916646026605
3.0  1.0  0.01  0.01  0.42816173616964337  -0.43283920236064827  0.2069190596035295  588.6916646026605
3.0  1.4  0.01  0.01  0.43717783334043375  -0.05991060856563421  1.1434636477423539  571.7338945517005
3.0  1.4  0.01  0.01  0.43717783334043375  -0.05991060856563421  1.1434636477423539  571.7338945517005
3.0  1.4  0.01  0.01  0.43717783334043375  -0.05991060856563421  1.1434636477423539  571.7338945517005
3.0  1.4  0.01  0.01  0.43717783334043375  -0.05991060856563421  1.1434636477423539  571.7338945517005
3.0  1.4  0.01  0.01  0.43717783334043375  -0.05991060856563421  1.1434636477423539  571.7338945517005
3.0  1.4  0.01  0.01  0.43717783334043375  -0.05991060856563421  1.1434636477423539  571.7338945517005
3.0  1.4  0.01  0.01  0.43717783334043375  -0.05991060856563421  1.1434636477423539  571.7338945517005
3.0  1.4  0.01  0.01  0.43717783334043375  -0.05991060856563421  1.1434636477423539  571.7338945517005
3.0  1.4  0.01  0.01  0.43717783334043375  -0.05991060856563421  1.1434636477423539  571.7338945517005
3.0  1.4  0.01  0.01  0.43717783334043375  -0.05991060856563421  1.1434636477423539  571.7338945517005
3.0  1.8  0.01  0.01  0.48805326789797165  -0.13679082832306128  1.3542654777629275  584.1609748805168
3.0  1.8  0.01  0.01  0.48805326789797165  -0.13679082832306128  1.3542654777629275  584.1609748805168
3.0  1.8  0.01  0.01  0.48805326789797165  -0.13679082832306128  1.3542654777629275  584.1609748805168
3.0  1.8  0.01  0.01  0.48805326789797165  -0.13679082832306128  1.3542654777629275  584.1609748805168
3.0  1.8  0.01  0.01  0.48805326789797165  -0.13679082832306128  1.3542654777629275  584.1609748805168
3.0  1.8  0.01  0.01  0.48805326789797165  -0.13679082832306128  1.3542654777629275  584.1609748805168
3.0  1.8  0.01  0.01  0.48805326789797165  -0.13679082832306128  1.3542654777629275  584.1609748805168
3.0  1.8  0.01  0.01  0.48805326789797165  -0.13679082832306128  1.3542654777629275  584.1609748805168
3.0  1.8  0.01  0.01  0.48805326789797165  -0.13679082832306128  1.3542654777629275  584.1609748805168
3.0  1.8  0.01  0.01  0.48805326789797165  -0.13679082832306128  1.3542654777629275  584.1609748805168
3.0  2.2  0.01  0.01  0.44704437988308554  0.042697459212733255  1.434286886582967  612.4650334652893
3.0  2.2  0.01  0.01  0.44704437988308554  0.042697459212733255  1.434286886582967  612.4650334652893
3.0  2.2  0.01  0.01  0.44704437988308554  0.042697459212733255  1.434286886582967  612.4650334652893
3.0  2.2  0.01  0.01  0.44704437988308554  0.042697459212733255  1.434286886582967  612.4650334652893
3.0  2.2  0.01  0.01  0.44704437988308554  0.042697459212733255  1.434286886582967  612.4650334652893
3.0  2.2  0.01  0.01  0.44704437988308554  0.042697459212733255  1.434286886582967  612.4650334652893
3.0  2.2  0.01  0.01  0.44704437988308554  0.042697459212733255  1.434286886582967  612.4650334652893
3.0  2.2  0.01  0.01  0.44704437988308554  0.042697459212733255  1.434286886582967  612.4650334652893
3.0  2.2  0.01  0.01  0.44704437988308554  0.042697459212733255  1.434286886582967  612.4650334652893
3.0  2.2  0.01  0.01  0.44704437988308554  0.042697459212733255  1.434286886582967  612.4650334652893
3.0  2.6  0.01  0.01  0.5635526510356181  -0.1684291983351313  1.4944695279677132  640.8887222345054
3.0  2.6  0.01  0.01  0.5635526510356181  -0.1684291983351313  1.4944695279677132  640.8887222345054
3.0  2.6  0.01  0.01  0.5635526510356181  -0.1684291983351313  1.4944695279677132  640.8887222345054
3.0  2.6  0.01  0.01  0.5635526510356181  -0.1684291983351313  1.4944695279677132  640.8887222345054
3.0  2.6  0.01  0.01  0.5635526510356181  -0.1684291983351313  1.4944695279677132  640.8887222345054
3.0  2.6  0.01  0.01  0.5635526510356181  -0.1684291983351313  1.4944695279677132  640.8887222345054
3.0  2.6  0.01  0.01  0.5635526510356181  -0.1684291983351313  1.4944695279677132  640.8887222345054
3.0  2.6  0.01  0.01  0.5635526510356181  -0.1684291983351313  1.4944695279677132  640.8887222345054
3.0  2.6  0.01  0.01  0.5635526510356181  -0.1684291983351313  1.4944695279677132  640.8887222345054
3.0  2.6  0.01  0.01  0.5635526510356181  -0.1684291983351313  1.4944695279677132  640.8887222345054
3.0  3.0  0.01  0.01  0.569587534411057  -0.07500065178620513  1.506999989024889  683.9400550996244
3.0  3.0  0.01  0.01  0.569587534411057  -0.07500065178620513  1.506999989024889  683.9400550996244
3.0  3.0  0.01  0.01  0.569587534411057  -0.07500065178620513  1.506999989024889  683.9400550996244
3.0  3.0  0.01  0.01  0.569587534411057  -0.07500065178620513  1.506999989024889  683.9400550996244
3.0  3.0  0.01  0.01  0.569587534411057  -0.07500065178620513  1.506999989024889  683.9400550996244
3.0  3.0  0.01  0.01  0.569587534411057  -0.07500065178620513  1.506999989024889  683.9400550996244
3.0  3.0  0.01  0.01  0.569587534411057  -0.07500065178620513  1.506999989024889  683.9400550996244
3.0  3.0  0.01  0.01  0.569587534411057  -0.07500065178620513  1.506999989024889  683.9400550996244
3.0  3.0  0.01  0.01  0.569587534411057  -0.07500065178620513  1.506999989024889  683.9400550996244
3.0  3.0  0.01  0.01  0.569587534411057  -0.07500065178620513  1.506999989024889  683.9400550996244
3.333333333333333  1.0  0.01  0.01  0.4504938593264832  -0.5751211732463963  -0.28366099635762654  598.0199682519694
3.333333333333333  1.0  0.01  0.01  0.4504938593264832  -0.5751211732463963  -0.28366099635762654  598.0199682519694
3.333333333333333  1.0  0.01  0.01  0.4504938593264832  -0.5751211732463963  -0.28366099635762654  598.0199682519694
3.333333333333333  1.0  0.01  0.01  0.4504938593264832  -0.5751211732463963  -0.28366099635762654  598.0199682519694
3.333333333333333  1.0  0.01  0.01  0.4504938593264832  -0.5751211732463963  -0.28366099635762654  598.0199682519694
3.333333333333333  1.0  0.01  0.01  0.4504938593264832  -0.5751211732463963  -0.28366099635762654  598.0199682519694
3.333333333333333  1.0  0.01  0.01  0.4504938593264832  -0.5751211732463963  -0.28366099635762654  598.0199682519694
3.333333333333333  1.0  0.01  0.01  0.4504938593264832  -0.5751211732463963  -0.28366099635762654  598.0199682519694
3.333333333333333  1.0  0.01  0.01  0.4504938593264832  -0.5751211732463963  -0.28366099635762654  598.0199682519694
3.333333333333333  1.0  0.01  0.01  0.4504938593264832  -0.5751211732463963  -0.28366099635762654  598.0199682519694
3.333333333333333  1.4  0.01  0.01  0.47644689900192794  -0.10500117125809377  0.9549997817795657  573.8785893899558
3.333333333333333  1.4  0.01  0.01  0.47644689900192794  -0.10500117125809377  0.9549997817795657  573.8785893899558
3.333333333333333  1.4  0.01  0.01  0.47644689900192794  -0.10500117125809377  0.9549997817795657  573.8785893899558
3.333333333333333  1.4  0.01  0.01  0.47644689900192794  -0.10500117125809377  0.9549997817795657  573.8785893899558
3.333333333333333  1.4  0.01  0.01  0.47644689900192794  -0.10500117125809377  0.9549997817795657  573.8785893899558
3.333333333333333  1.4  0.01  0.01  0.47644689900192794  -0.10500117125809377  0.9549997817795657  573.8785893899558
3.333333333333333  1.4  0.01  0.01  0.47644689900192794  -0.10500117125809377  0.9549997817795657  573.8785893899558
3.333333333333333  1.4  0.01  0.01  0.47644689900192794  -0.10500117125809377  0.9549997817795657  573.8785893899558
3.333333333333333  1.4  0.01  0.01  0.47644689900192794  -0.10500117125809377  0.9549997817795657  573.8785893899558
3.333333333333333  1.4  0.01  0.01  0.47644689900192794  -0.10500117125809377  0.9549997817795657  573.8785893899558
3.333333333333333  1.8  0.01  0.01  0.48331523719916614  0.00831905081288072  1.2742267541018948  572.9311238526113
3.333333333333333  1.8  0.01  0.01  0.48331523719916614  0.00831905081288072  1.2742267541018948  572.9311238526113
3.333333333333333  1.8  0.01  0.01  0.48331523719916614  0.00831905081288072  1.2742267541018948  572.9311238526113
3.333333333333333  1.8  0.01  0.01  0.48331523719916614  0.00831905081288072  1.2742267541018948  572.9311238526113
3.333333333333333  1.8  0.01  0.01  0.48331523719916614  0.00831905081288072  1.2742267541018948  572.9311238526113
3.333333333333333  1.8  0.01  0.01  0.48331523719916614  0.00831905081288072  1.2742267541018948  572.9311238526113
3.333333333333333  1.8  0.01  0.01  0.48331523719916614  0.00831905081288072  1.2742267541018948  572.9311238526113
3.333333333333333  1.8  0.01  0.01  0.48331523719916614  0.00831905081288072  1.2742267541018948  572.9311238526113
3.333333333333333  1.8  0.01  0.01  0.48331523719916614  0.00831905081288072  1.2742267541018948  572.9311238526113
3.333333333333333  1.8  0.01  0.01  0.48331523719916614  0.00831905081288072  1.2742267541018948  572.9311238526113
3.333333333333333  2.2  0.01  0.01  0.5571602551858585  -0.1764674267088337  1.394371619712383  599.8357939391876
3.333333333333333  2.2  0.01  0.01  0.5571602551858585  -0.1764674267088337  1.394371619712383  599.8357939391876
3.333333333333333  2.2  0.01  0.01  0.5571602551858585  -0.1764674267088337  1.394371619712383  599.8357939391876
3.333333333333333  2.2  0.01  0.01  0.5571602551858585  -0.1764674267088337  1.394371619712383  599.8357939391876
3.333333333333333  2.2  0.01  0.01  0.5571602551858585  -0.1764674267088337  1.394371619712383  599.8357939391876
3.333333333333333  2.2  0.01  0.01  0.5571602551858585  -0.1764674267088337  1.394371619712383  599.8357939391876
3.333333333333333  2.2  0.01  0.01  0.5571602551858585  -0.1764674267088337  1.394371619712383  599.8357939391876
3.333333333333333  2.2  0.01  0.01  0.5571602551858585  -0.1764674267088337  1.394371619712383  599.8357939391876
3.333333333333333  2.2  0.01  0.01  0.5571602551858585  -0.1764674267088337  1.394371619712383  599.8357939391876
3.333333333333333  2.2  0.01  0.01  0.5571602551858585  -0.1764674267088337  1.394371619712383  599.8357939391876
3.333333333333333  2.6  0.01  0.01  0.5082264138308537  0.0236226311266866  1.454210901360621  621.0249270800746
3.333333333333333  2.6  0.01  0.01  0.5082264138308537  0.0236226311266866  1.454210901360621  621.0249270800746
3.333333333333333  2.6  0.01  0.01  0.5082264138308537  0.0236226311266866  1.454210901360621  621.0249270800746
3.333333333333333  2.6  0.01  0.01  0.5082264138308537  0.0236226311266866  1.454210901360621  621.0249270800746
3.333333333333333  2.6  0.01  0.01  0.5082264138308537  0.0236226311266866  1.454210901360621  621.0249270800746
3.333333333333333  2.6  0.01  0.01  0.5082264138308537  0.0236226311266866  1.454210901360621  621.0249270800746
3.333333333333333  2.6  0.01  0.01  0.5082264138308537  0.0236226311266866  1.454210901360621  621.0249270800746
3.333333333333333  2.6  0.01  0.01  0.5082264138308537  0.0236226311266866  1.454210901360621  621.0249270800746
3.333333333333333  2.6  0.01  0.01  0.5082264138308537  0.0236226311266866  1.454210901360621  621.0249270800746
3.333333333333333  2.6  0.01  0.01  0.5082264138308537  0.0236226311266866  1.454210901360621  621.0249270800746
3.333333333333333  3.0  0.01  0.01  0.5813651384502909  -0.03723846681906273  1.4848138472162653  651.1180455903185
3.333333333333333  3.0  0.01  0.01  0.5813651384502909  -0.03723846681906273  1.4848138472162653  651.1180455903185
3.333333333333333  3.0  0.01  0.01  0.5813651384502909  -0.03723846681906273  1.4848138472162653  651.1180455903185
3.333333333333333  3.0  0.01  0.01  0.5813651384502909  -0.03723846681906273  1.4848138472162653  651.1180455903185
3.333333333333333  3.0  0.01  0.01  0.5813651384502909  -0.03723846681906273  1.4848138472162653  651.1180455903185
3.333333333333333  3.0  0.01  0.01  0.5813651384502909  -0.03723846681906273  1.4848138472162653  651.1180455903185
3.333333333333333  3.0  0.01  0.01  0.5813651384502909  -0.03723846681906273  1.4848138472162653  651.1180455903185
3.333333333333333  3.0  0.01  0.01  0.5813651384502909  -0.03723846681906273  1.4848138472162653  651.1180455903185
3.333333333333333  3.0  0.01  0.01  0.5813651384502909  -0.03723846681906273  1.4848138472162653  651.1180455903185
3.333333333333333  3.0  0.01  0.01  0.5813651384502909  -0.03723846681906273  1.4848138472162653  651.1180455903185
3.6666666666666665  1.0  0.01  0.01  0.4708357904836651  -0.7564216495727096  -0.8034113835564601  607.1525413686134
3.6666666666666665  1.0  0.01  0.01  0.4708357904836651  -0.7564216495727096  -0.8034113835564601  607.1525413686134
3.6666666666666665  1.0  0.01  0.01  0.4708357904836651  -0.7564216495727096  -0.8034113835564601  607.1525413686134
3.6666666666666665  1.0  0.01  0.01  0.4708357904836651  -0.7564216495727096  -0.8034113835564601  607.1525413686134
3.6666666666666665  1.0  0.01  0.01  0.4708357904836651  -0.7564216495727096  -0.8034113835564601  607.1525413686134
3.6666666666666665  1.0  0.01  0.01  0.4708357904836651  -0.7564216495727096  -0.8034113835564601  607.1525413686134
3.6666666666666665  1.0  0.01  0.01  0.4708357904836651  -0.7564216495727096  -0.8034113835564601  607.1525413686134
3.6666666666666665  1.0  0.01  0.01  0.4708357904836651  -0.7564216495727096  -0.8034113835564601  607.1525413686134
3.6666666666666665  1.0  0.01  0.01  0.4708357904836651  -0.7564216495727096  -0.8034113835564601  607.1525413686134
3.6666666666666665  1.0  0.01  0.01  0.4708357904836651  -0.7564216495727096  -0.8034113835564601  607.1525413686134
3.6666666666666665  1.4  0.01  0.01  0.5521758632118321  -0.40788623642243815  0.653576558318252  578.9917100487321
3.6666666666666665  1.4  0.01  0.01  0.5521758632118321  -0.40788623642243815  0.653576558318252  578.9917100487321
3.6666666666666665  1.4  0.01  0.01  0.5521758632118321  -0.40788623642243815  0.653576558318252  578.9917100487321
3.6666666666666665  1.4  0.01  0.01  0.5521758632118321  -0.40788623642243815  0.653576558318252  578.9917100487321
3.6666666666666665  1.4  0.01  0.01  0.5521758632118321  -0.40788623642243815  0.653576558318252  578.9917100487321
3.6666666666666665  1.4  0.01  0.01  0.5521758632118321  -0.40788623642243815  0.653576558318252  578.9917100487321
3.6666666666666665  1.4  0.01  0.01  0.5521758632118321  -0.40788623642243815  0.653576558318252  578.9917100487321
3.6666666666666665  1.4  0.01  0.01  0.5521758632118321  -0.40788623642243815  0.653576558318252  578.9917100487321
3.6666666666666665  1.4  0.01  0.01  0.5521758632118321  -0.40788623642243815  0.653576558318252  578.9917100487321
3.6666666666666665  1.4  0.01  0.01  0.5521758632118321  -0.40788623642243815  0.653576558318252  578.9917100487321
3.6666666666666665  1.8  0.01  0.01  0.552364743536502  -0.10697139258430385  1.1944751331700942  571.6543741546359
3.6666666666666665  1.8  0.01  0.01  0.552364743536502  -0.10697139258430385  1.1944751331700942  571.6543741546359
3.6666666666666665  1.8  0.01  0.01  0.552364743536502  -0.10697139258430385  1.1944751331700942  571.6543741546359
3.6666666666666665  1.8  0.01  0.01  0.552364743536502  -0.10697139258430385  1.1944751331700942  571.6543741546359
3.6666666666666665  1.8  0.01  0.01  0.552364743536502  -0.10697139258430385  1.1944751331700942  571.6543741546359
3.6666666666666665  1.8  0.01  0.01  0.552364743536502  -0.10697139258430385  1.1944751331700942  571.6543741546359
3.6666666666666665  1.8  0.01  0.01  0.552364743536502  -0.10697139258430385  1.1944751331700942  571.6543741546359
3.6666666666666665  1.8  0.01  0.01  0.552364743536502  -0.10697139258430385  1.1944751331700942  571.6543741546359
3.6666666666666665  1.8  0.01  0.01  0.552364743536502  -0.10697139258430385  1.1944751331700942  571.6543741546359
3.6666666666666665  1.8  0.01  0.01  0.552364743536502  -0.10697139258430385  1.1944751331700942  571.6543741546359
3.6666666666666665  2.2  0.01  0.01  0.5597839610611839  -0.04819230081175173  1.3446708756273376  581.16884571359
3.6666666666666665  2.2  0.01  0.01  0.5597839610611839  -0.04819230081175173  1.3446708756273376  581.16884571359
3.6666666666666665  2.2  0.01  0.01  0.5597839610611839  -0.04819230081175173  1.3446708756273376  581.16884571359
3.6666666666666665  2.2  0.01  0.01  0.5597839610611839  -0.04819230081175173  1.3446708756273376  581.16884571359
3.6666666666666665  2.2  0.01  0.01  0.5597839610611839  -0.04819230081175173  1.3446708756273376  581.16884571359
3.6666666666666665  2.2  0.01  0.01  0.5597839610611839  -0.04819230081175173  1.3446708756273376  581.16884571359
3.6666666666666665  2.2  0.01  0.01  0.5597839610611839  -0.04819230081175173  1.3446708756273376  581.16884571359
3.6666666666666665  2.2  0.01  0.01  0.5597839610611839  -0.04819230081175173  1.3446708756273376  581.16884571359
3.6666666666666665  2.2  0.01  0.01  0.5597839610611839  -0.04819230081175173  1.3446708756273376  581.16884571359
3.6666666666666665  2.2  0.01  0.01  0.5597839610611839  -0.04819230081175173  1.3446708756273376  581.16884571359
3.6666666666666665  2.6  0.01  0.01  0.5116042891537557  0.16102721810970563  1.4241858916713137  608.7196325642028
3.6666666666666665  2.6  0.01  0.01  0.5116042891537557  0.16102721810970563  1.4241858916713137  608.7196325642028
3.6666666666666665  2.6  0.01  0.01  0.5116042891537557  0.16102721810970563  1.4241858916713137  608.7196325642028
3.6666666666666665  2.6  0.01  0.01  0.5116042891537557  0.16102721810970563  1.4241858916713137  608.7196325642028
3.6666666666666665  2.6  0.01  0.01  0.5116042891537557  0.16102721810970563  1.4241858916713137  608.7196325642028
3.6666666666666665  2.6  0.01  0.01  0.5116042891537557  0.16102721810970563  1.4241858916713137  608.7196325642028
3.6666666666666665  2.6  0.01  0.01  0.5116042891537557  0.16102721810970563  1.4241858916713137  608.7196325642028
3.6666666666666665  2.6  0.01  0.01  0.5116042891537557  0.16102721810970563  1.4241858916713137  608.7196325642028
3.6666666666666665  2.6  0.01  0.01  0.5116042891537557  0.16102721810970563  1.4241858916713137  608.7196325642028
3.6666666666666665  2.6  0.01  0.01  0.5116042891537557  0.16102721810970563  1.4241858916713137  608.7196325642028
3.6666666666666665  3.0  0.01  0.01  0.5758650434197772  -0.09502284536435421  1.474998372613981  629.3171955687324
3.6666666666666665  3.0  0.01  0.01  0.5758650434197772  -0.09502284536435421  1.474998372613981  629.3171955687324
3.6666666666666665  3.0  0.01  0.01  0.5758650434197772  -0.09502284536435421  1.474998372613981  629.3171955687324
3.6666666666666665  3.0  0.01  0.01  0.5758650434197772  -0.09502284536435421  1.474998372613981  629.3171955687324
3.6666666666666665  3.0  0.01  0.01  0.5758650434197772  -0.09502284536435421  1.474998372613981  629.3171955687324
3.6666666666666665  3.0  0.01  0.01  0.5758650434197772  -0.09502284536435421  1.474998372613981  629.3171955687324
3.6666666666666665  3.0  0.01  0.01  0.5758650434197772  -0.09502284536435421  1.474998372613981  629.3171955687324
3.6666666666666665  3.0  0.01  0.01  0.5758650434197772  -0.09502284536435421  1.474998372613981  629.3171955687324
3.6666666666666665  3.0  0.01  0.01  0.5758650434197772  -0.09502284536435421  1.474998372613981  629.3171955687324
3.6666666666666665  3.0  0.01  0.01  0.5758650434197772  -0.09502284536435421  1.474998372613981  629.3171955687324
4.0  1.5  0.01  0.01  0.5967261247489914  -0.46498771655795845  0.6068823222054316  580.0497673992977
4.0  1.5  0.01  0.01  0.5967261247489914  -0.46498771655795845  0.6068823222054316  580.0497673992977
4.0  1.5  0.01  0.01  0.5967261247489914  -0.46498771655795845  0.6068823222054316  580.0497673992977
4.0  1.5  0.01  0.01  0.5967261247489914  -0.46498771655795845  0.6068823222054316  580.0497673992977
4.0  1.5  0.01  0.01  0.5967261247489914  -0.46498771655795845  0.6068823222054316  580.0497673992977
4.0  1.5  0.01  0.01  0.5967261247489914  -0.46498771655795845  0.6068823222054316  580.0497673992977
4.0  1.5  0.01  0.01  0.5967261247489914  -0.46498771655795845  0.6068823222054316  580.0497673992977
4.0  1.5  0.01  0.01  0.5967261247489914  -0.46498771655795845  0.6068823222054316  580.0497673992977
4.0  1.5  0.01  0.01  0.5967261247489914  -0.46498771655795845  0.6068823222054316  580.0497673992977
4.0  1.5  0.01  0.01  0.5967261247489914  -0.46498771655795845  0.6068823222054316  580.0497673992977
4.0  2.0  0.01  0.01  0.6187054642828307  -0.1796474044851028  1.1941374334317354  571.3073382822645
4.0  2.0  0.01  0.01  0.6187054642828307  -0.1796474044851028  1.1941374334317354  571.3073382822645
4.0  2.0  0.01  0.01  0.6187054642828307  -0.1796474044851028  1.1941374334317354  571.3073382822645
4.0  2.0  0.01  0.01  0.6187054642828307  -0.1796474044851028  1.1941374334317354  571.3073382822645
4.0  2.0  0.01  0.01  0.6187054642828307  -0.1796474044851028  1.1941374334317354  571.3073382822645
4.0  2.0  0.01  0.01  0.6187054642828307  -0.1796474044851028  1.1941374334317354  571.3073382822645
4.0  2.0  0.01  0.01  0.6187054642828307  -0.1796474044851028  1.1941374334317354  571.3073382822645
4.0  2.0  0.01  0.01  0.6187054642828307  -0.1796474044851028  1.1941374334317354  571.3073382822645
4.0  2.0  0.01  0.01  0.6187054642828307  -0.1796474044851028  1.1941374334317354  571.3073382822645
4.0  2.0  0.01  0.01  0.6187054642828307  -0.1796474044851028  1.1941374334317354  571.3073382822645
4.0  2.5  0.01  0.01  0.5862643532428592  0.004997740128871679  1.3749983014839082  588.2764231717925
4.0  2.5  0.01  0.01  0.5862643532428592  0.004997740128871679  1.3749983014839082  588.2764231717925
4.0  2.5  0.01  0.01  0.5862643532428592  0.004997740128871679  1.3749983014839082  588.2764231717925
4.0  2.5  0.01  0.01  0.5862643532428592  0.004997740128871679  1.3749983014839082  588.2764231717925
4.0  2.5  0.01  0.01  0.5862643532428592  0.004997740128871679  1.3749983014839082  588.2764231717925
4.0  2.5  0.01  0.01  0.5862643532428592  0.004997740128871679  1.3749983014839082  588.2764231717925
4.0  2.5  0.01  0.01  0.5862643532428592  0.004997740128871679  1.3749983014839082  588.2764231717925
4.0  2.5  0.01  0.01  0.5862643532428592  0.004997740128871679  1.3749983014839082  588.2764231717925
4.0  2.5  0.01  0.01  0.5862643532428592  0.004997740128871679  1.3749983014839082  588.2764231717925
4.0  2.5  0.01  0.01  0.5862643532428592  0.004997740128871679  1.3749983014839082  588.2764231717925
4.0  3.0  0.01  0.01  0.6534588887844752  -0.13568467368765058  1.4344820135541516  615.6389329892252
4.0  3.0  0.01  0.01  0.6534588887844752  -0.13568467368765058  1.4344820135541516  615.6389329892252
4.0  3.0  0.01  0.01  0.6534588887844752  -0.13568467368765058  1.4344820135541516  615.6389329892252
4.0  3.0  0.01  0.01  0.6534588887844752  -0.13568467368765058  1.4344820135541516  615.6389329892252
4.0  3.0  0.01  0.01  0.6534588887844752  -0.13568467368765058  1.4344820135541516  615.6389329892252
4.0  3.0  0.01  0.01  0.6534588887844752  -0.13568467368765058  1.4344820135541516  615.6389329892252
4.0  3.0  0.01  0.01  0.6534588887844752  -0.13568467368765058  1.4344820135541516  615.6389329892252
4.0  3.0  0.01  0.01  0.6534588887844752  -0.13568467368765058  1.4344820135541516  615.6389329892252
4.0  3.0  0.01  0.01  0.6534588887844752  -0.13568467368765058  1.4344820135541516  615.6389329892252
4.0  3.0  0.01  0.01  0.6534588887844752  -0.13568467368765058  1.4344820135541516  615.6389329892252
4.333333333333333  1.5  0.01  0.01  0.6264438983940808  -0.5541728736902796  0.37618882509243123  585.7690880507521
4.333333333333333  1.5  0.01  0.01  0.6264438983940808  -0.5541728736902796  0.37618882509243123  585.7690880507521
4.333333333333333  1.5  0.01  0.01  0.6264438983940808  -0.5541728736902796  0.37618882509243123  585.7690880507521
4.333333333333333  1.5  0.01  0.01  0.6264438983940808  -0.5541728736902796  0.37618882509243123  585.7690880507521
4.333333333333333  1.5  0.01  0.01  0.6264438983940808  -0.5541728736902796  0.37618882509243123  585.7690880507521
4.333333333333333  1.5  0.01  0.01  0.6264438983940808  -0.5541728736902796  0.37618882509243123  585.7690880507521
4.333333333333333  1.5  0.01  0.01  0.6264438983940808  -0.5541728736902796  0.37618882509243123  585.7690880507521
4.333333333333333  1.5  0.01  0.01  0.6264438983940808  -0.5541728736902796  0.37618882509243123  585.7690880507521
4.333333333333333  1.5  0.01  0.01  0.6264438983940808  -0.5541728736902796  0.37618882509243123  585.7690880507521
4.333333333333333  1.5  0.01  0.01  0.6264438983940808  -0.5541728736902796  0.37618882509243123  585.7690880507521
4.333333333333333  2.0  0.01  0.01  0.5488643243484367  0.1249715645686944  1.12499971725867  571.1975610534921
4.333333333333333  2.0  0.01  0.01  0.5488643243484367  0.1249715645686944  1.12499971725867  571.1975610534921
4.333333333333333  2.0  0.01  0.01  0.5488643243484367  0.1249715645686944  1.12499971725867  571.1975610534921
4.333333333333333  2.0  0.01  0.01  0.5488643243484367  0.1249715645686944  1.12499971725867  571.1975610534921
4.333333333333333  2.0  0.01  0.01  0.5488643243484367  0.1249715645686944  1.12499971725867  571.1975610534921
4.333333333333333  2.0  0.01  0.01  0.5488643243484367  0.1249715645686944  1.12499971725867  571.1975610534921
4.333333333333333  2.0  0.01  0.01  0.5488643243484367  0.1249715645686944  1.12499971725867  571.1975610534921
4.333333333333333  2.0  0.01  0.01  0.5488643243484367  0.1249715645686944  1.12499971725867  571.1975610534921
4.333333333333333  2.0  0.01  0.01  0.5488643243484367  0.1249715645686944  1.12499971725867  571.1975610534921
4.333333333333333  2.0  0.01  0.01  0.5488643243484367  0.1249715645686944  1.12499971725867  571.1975610534921
4.333333333333333  2.5  0.01  0.01  0.6618177760339629  -0.08046017555292476  1.3145545881592229  576.8074597461439
4.333333333333333  2.5  0.01  0.01  0.6618177760339629  -0.08046017555292476  1.3145545881592229  576.8074597461439
4.333333333333333  2.5  0.01  0.01  0.6618177760339629  -0.08046017555292476  1.3145545881592229  576.8074597461439
4.333333333333333  2.5  0.01  0.01  0.6618177760339629  -0.08046017555292476  1.3145545881592229  576.8074597461439
4.333333333333333  2.5  0.01  0.01  0.6618177760339629  -0.08046017555292476  1.3145545881592229  576.8074597461439
4.333333333333333  2.5  0.01  0.01  0.6618177760339629  -0.08046017555292476  1.3145545881592229  576.8074597461439
4.333333333333333  2.5  0.01  0.01  0.6618177760339629  -0.08046017555292476  1.3145545881592229  576.8074597461439
4.333333333333333  2.5  0.01  0.01  0.6618177760339629  -0.08046017555292476  1.3145545881592229  576.8074597461439
4.333333333333333  2.5  0.01  0.01  0.6618177760339629  -0.08046017555292476  1.3145545881592229  576.8074597461439
4.333333333333333  2.5  0.01  0.01  0.6618177760339629  -0.08046017555292476  1.3145545881592229  576.8074597461439
4.333333333333333  3.0  0.01  0.01  0.6173463511344697  0.1448526280981829  1.4140259624343212  606.086055019789
4.333333333333333  3.0  0.01  0.01  0.6173463511344697  0.1448526280981829  1.4140259624343212  606.086055019789
4.333333333333333  3.0  0.01  0.01  0.6173463511344697  0.1448526280981829  1.4140259624343212  606.086055019789
4.333333333333333  3.0  0.01  0.01  0.6173463511344697  0.1448526280981829  1.4140259624343212  606.086055019789
4.333333333333333  3.0  0.01  0.01  0.6173463511344697  0.1448526280981829  1.4140259624343212  606.086055019789
4.333333333333333  3.0  0.01  0.01  0.6173463511344697  0.1448526280981829  1.4140259624343212  606.086055019789
4.333333333333333  3.0  0.01  0.01  0.6173463511344697  0.1448526280981829  1.4140259624343212  606.086055019789
4.333333333333333  3.0  0.01  0.01  0.6173463511344697  0.1448526280981829  1.4140259624343212  606.086055019789
4.333333333333333  3.0  0.01  0.01  0.6173463511344697  0.1448526280981829  1.4140259624343212  606.086055019789
4.333333333333333  3.0  0.01  0.01  0.6173463511344697  0.1448526280981829  1.4140259624343212  606.086055019789
4.666666666666667  1.5  0.01  0.01  0.6561316855160559  -0.7123772104781773  0.07645065906250623  591.6995760190387
4.666666666666667  1.5  0.01  0.01  0.6561316855160559  -0.7123772104781773  0.07645065906250623  591.6995760190387
4.666666666666667  1.5  0.01  0.01  0.6561316855160559  -0.7123772104781773  0.07645065906250623  591.6995760190387
4.666666666666667  1.5  0.01  0.01  0.6561316855160559  -0.7123772104781773  0.07645065906250623  591.6995760190387
4.666666666666667  1.5  0.01  0.01  0.6561316855160559  -0.7123772104781773  0.07645065906250623  591.6995760190387
4.666666666666667  1.5  0.01  0.01  0.6561316855160559  -0.7123772104781773  0.07645065906250623  591.6995760190387
4.666666666666667  1.5  0.01  0.01  0.6561316855160559  -0.7123772104781773  0.07645065906250623  591.6995760190387
4.666666666666667  1.5  0.01  0.01  0.6561316855160559  -0.7123772104781773  0.07645065906250623  591.6995760190387
4.666666666666667  1.5  0.01  0.01  0.6561316855160559  -0.7123772104781773  0.07645065906250623  591.6995760190387
4.666666666666667  1.5  0.01  0.01  0.6561316855160559  -0.7123772104781773  0.07645065906250623  591.6995760190387
4.666666666666667  2.0  0.01  0.01  0.7342869340239448  -0.40500755674400113  0.9430100307277895  573.2611871717336
4.666666666666667  2.0  0.01  0.01  0.7342869340239448  -0.40500755674400113  0.9430100307277895  573.2611871717336
4.666666666666667  2.0  0.01  0.01  0.7342869340239448  -0.40500755674400113  0.9430100307277895  573.2611871717336
4.666666666666667  2.0  0.01  0.01  0.7342869340239448  -0.40500755674400113  0.9430100307277895  573.2611871717336
4.666666666666667  2.0  0.01  0.01  0.7342869340239448  -0.40500755674400113  0.9430100307277895  573.2611871717336
4.666666666666667  2.0  0.01  0.01  0.7342869340239448  -0.40500755674400113  0.9430100307277895  573.2611871717336
4.666666666666667  2.0  0.01  0.01  0.7342869340239448  -0.40500755674400113  0.9430100307277895  573.2611871717336
4.666666666666667  2.0  0.01  0.01  0.7342869340239448  -0.40500755674400113  0.9430100307277895  573.2611871717336
4.666666666666667  2.0  0.01  0.01  0.7342869340239448  -0.40500755674400113  0.9430100307277895  573.2611871717336
4.666666666666667  2.0  0.01  0.01  0.7342869340239448  -0.40500755674400113  0.9430100307277895  573.2611871717336
4.666666666666667  2.5  0.01  0.01  0.697007091175656  -0.07285758136710621  1.2643624281744954  572.7291018887213
4.666666666666667  2.5  0.01  0.01  0.697007091175656  -0.07285758136710621  1.2643624281744954  572.7291018887213
4.666666666666667  2.5  0.01  0.01  0.697007091175656  -0.07285758136710621  1.2643624281744954  572.7291018887213
4.666666666666667  2.5  0.01  0.01  0.697007091175656  -0.07285758136710621  1.2643624281744954  572.7291018887213
4.666666666666667  2.5  0.01  0.01  0.697007091175656  -0.07285758136710621  1.2643624281744954  572.7291018887213
4.666666666666667  2.5  0.01  0.01  0.697007091175656  -0.07285758136710621  1.2643624281744954  572.7291018887213
4.666666666666667  2.5  0.01  0.01  0.697007091175656  -0.07285758136710621  1.2643624281744954  572.7291018887213
4.666666666666667  2.5  0.01  0.01  0.697007091175656  -0.07285758136710621  1.2643624281744954  572.7291018887213
4.666666666666667  2.5  0.01  0.01  0.697007091175656  -0.07285758136710621  1.2643624281744954  572.7291018887213
4.666666666666667  2.5  0.01  0.01  0.697007091175656  -0.07285758136710621  1.2643624281744954  572.7291018887213
4.666666666666667  3.0  0.01  0.01  0.8148178229579789  -0.402932292754538  1.3642849244028967  589.5885055473335
4.666666666666667  3.0  0.01  0.01  0.8148178229579789  -0.402932292754538  1.3642849244028967  589.5885055473335
4.666666666666667  3.0  0.01  0.01  0.8148178229579789  -0.402932292754538  1.3642849244028967  589.5885055473335
4.666666666666667  3.0  0.01  0.01  0.8148178229579789  -0.402932292754538  1.3642849244028967  589.5885055473335
4.666666666666667  3.0  0.01  0.01  0.8148178229579789  -0.402932292754538  1.3642849244028967  589.5885055473335
4.666666666666667  3.0  0.01  0.01  0.8148178229579789  -0.402932292754538  1.3642849244028967  589.5885055473335
4.666666666666667  3.0  0.01  0.01  0.8148178229579789  -0.402932292754538  1.3642849244028967  589.5885055473335
4.666666666666667  3.0  0.01  0.01  0.8148178229579789  -0.402932292754538  1.3642849244028967  589.5885055473335
4.666666666666667  3.0  0.01  0.01  0.8148178229579789  -0.402932292754538  1.3642849244028967  589.5885055473335
4.666666666666667  3.0  0.01  0.01  0.8148178229579789  -0.402932292754538  1.3642849244028967  589.5885055473335
5.0  1.5  0.01  0.01  0.6802105248666328  -0.8766615503106079  -0.253283488898868  597.7701130375158
5.0  1.5  0.01  0.01  0.6802105248666328  -0.8766615503106079  -0.253283488898868  597.7701130375158
5.0  1.5  0.01  0.01  0.6802105248666328  -0.8766615503106079  -0.253283488898868  597.7701130375158
5.0  1.5  0.01  0.01  0.6802105248666328  -0.8766615503106079  -0.253283488898868  597.7701130375158
5.0  1.5  0.01  0.01  0.6802105248666328  -0.8766615503106079  -0.253283488898868  597.7701130375158
5.0  1.5  0.01  0.01  0.6802105248666328  -0.8766615503106079  -0.253283488898868  597.7701130375158
5.0  1.5  0.01  0.01  0.6802105248666328  -0.8766615503106079  -0.253283488898868  597.7701130375158
5.0  1.5  0.01  0.01  0.6802105248666328  -0.8766615503106079  -0.253283488898868  597.7701130375158
5.0  1.5  0.01  0.01  0.6802105248666328  -0.8766615503106079  -0.253283488898868  597.7701130375158
5.0  1.5  0.01  0.01  0.6802105248666328  -0.8766615503106079  -0.253283488898868  597.7701130375158
5.0  2.0  0.01  0.01  0.7579444360254703  -0.4661078973212184  0.803964615742907  576.3425874110703
5.0  2.0  0.01  0.01  0.7579444360254703  -0.4661078973212184  0.803964615742907  576.3425874110703
5.0  2.0  0.01  0.01  0.7579444360254703  -0.4661078973212184  0.803964615742907  576.3425874110703
5.0  2.0  0.01  0.01  0.7579444360254703  -0.4661078973212184  0.803964615742907  576.3425874110703
5.0  2.0  0.01  0.01  0.7579444360254703  -0.4661078973212184  0.803964615742907  576.3425874110703
5.0  2.0  0.01  0.01  0.7579444360254703  -0.4661078973212184  0.803964615742907  576.3425874110703
5.0  2.0  0.01  0.01  0.7579444360254703  -0.4661078973212184  0.803964615742907  576.3425874110703
5.0  2.0  0.01  0.01  0.7579444360254703  -0.4661078973212184  0.803964615742907  576.3425874110703
5.0  2.0  0.01  0.01  0.7579444360254703  -0.4661078973212184  0.803964615742907  576.3425874110703
5.0  2.0  0.01  0.01  0.7579444360254703  -0.4661078973212184  0.803964615742907  576.3425874110703
5.0  2.5  0.01  0.01  0.7169165133217238  -0.028974676409526987  1.1843031606537426  570.052480287658
5.0  2.5  0.01  0.01  0.7169165133217238  -0.028974676409526987  1.1843031606537426  570.052480287658
5.0  2.5  0.01  0.01  0.7169165133217238  -0.028974676409526987  1.1843031606537426  570.052480287658
5.0  2.5  0.01  0.01  0.7169165133217238  -0.028974676409526987  1.1843031606537426  570.052480287658
5.0  2.5  0.01  0.01  0.7169165133217238  -0.028974676409526987  1.1843031606537426  570.052480287658
5.0  2.5  0.01  0.01  0.7169165133217238  -0.028974676409526987  1.1843031606537426  570.052480287658
5.0  2.5  0.01  0.01  0.7169165133217238  -0.028974676409526987  1.1843031606537426  570.052480287658
5.0  2.5  0.01  0.01  0.7169165133217238  -0.028974676409526987  1.1843031606537426  570.052480287658
5.0  2.5  0.01  0.01  0.7169165133217238  -0.028974676409526987  1.1843031606537426  570.052480287658
5.0  2.5  0.01  0.01  0.7169165133217238  -0.028974676409526987  1.1843031606537426  570.052480287658
5.0  3.0  0.01  0.01  0.7605406204583063  -0.06787529096101533  1.3347609914207146  579.6661991404108
5.0  3.0  0.01  0.01  0.7605406204583063  -0.06787529096101533  1.3347609914207146  579.6661991404108
5.0  3.0  0.01  0.01  0.7605406204583063  -0.06787529096101533  1.3347609914207146  579.6661991404108
5.0  3.0  0.01  0.01  0.7605406204583063  -0.06787529096101533  1.3347609914207146  579.6661991404108
5.0  3.0  0.01  0.01  0.7605406204583063  -0.06787529096101533  1.3347609914207146  579.6661991404108
5.0  3.0  0.01  0.01  0.7605406204583063  -0.06787529096101533  1.3347609914207146  579.6661991404108
5.0  3.0  0.01  0.01  0.7605406204583063  -0.06787529096101533  1.3347609914207146  579.6661991404108
5.0  3.0  0.01  0.01  0.7605406204583063  -0.06787529096101533  1.3347609914207146  579.6661991404108
5.0  3.0  0.01  0.01  0.7605406204583063  -0.06787529096101533  1.3347609914207146  579.6661991404108
5.0  3.0  0.01  0.01  0.7605406204583063  -0.06787529096101533  1.3347609914207146  579.6661991404108
----------------------------------------------------
2.0  1.0  0.01  0.01  0.3093478203050774  -0.1647055665946674  1.0729998114451227  575.7198472023817
2.0  1.0  0.01  0.01  0.33264962826817523  -0.19419291685675533  1.0822552721372616  584.585380195164
2.0  1.0  0.01  0.01  0.3226240335975614  -0.024371865744285445  1.2466559992539574  601.042605389415
2.0  1.0  0.01  0.01  0.32755554156518646  -0.12868003464179173  1.0829882116026763  584.5200725790035
2.0  1.0  0.01  0.01  0.30025537462001617  -0.06026048805073533  1.112502491744669  572.6887749516478
2.0  1.0  0.01  0.01  0.3135575711516787  -0.1143089585022116  1.0823987979225849  580.4502109318925
2.0  1.0  0.01  0.01  0.3634420951946514  -0.1966935805952823  1.1847941800506252  606.5075742486233
2.0  1.0  0.01  0.01  0.3364741329969053  -0.12420274684783067  1.1028764542892224  597.1806388445848
2.0  1.0  0.01  0.01  0.3221984630697191  -0.05030835634614253  1.1726156632311535  598.5289018009867
2.0  1.0  0.01  0.01  0.34824129445857466  -0.1632131349438139  1.152649770010275  592.5413988842383
3.0  1.5  0.01  0.01  0.5345980068540597  -0.2535803573443849  1.1426668710463  593.2487309623482
3.0  1.5  0.01  0.01  0.5256152000097714  -0.08500536935770497  1.1129917746154958  600.9645684603743
3.0  1.5  0.01  0.01  0.4918869263873997  -0.17987869676846308  1.1027852111472982  579.5247085236188
3.0  1.5  0.01  0.01  0.49318439878167686  -0.2009328099794659  1.1121993430450061  575.5101177598365
3.0  1.5  0.01  0.01  0.48877022907503753  -0.09929124989605467  1.1943970436516411  589.0561939171434
3.0  1.5  0.01  0.01  0.49807735641255024  -0.18329565604932962  1.1023537997292399  592.0724475628963
3.0  1.5  0.01  0.01  0.503295739978183  -0.10130909450999959  1.1226791710676203  604.3212804685204
3.0  1.5  0.01  0.01  0.4705923509094575  -0.18996860752644193  1.1126927615359574  574.9613018007586
3.0  1.5  0.01  0.01  0.4711124731384555  -0.15482413431089465  1.1021325402254427  573.7041703369684
3.0  1.5  0.01  0.01  0.5278252802762757  -0.23872136541285927  1.1127137090976462  592.2465733587469
3.0  2.0  0.01  0.01  0.4960723848085353  -0.15283387971930504  1.2923369952690886  600.5195409956207
3.0  2.0  0.01  0.01  0.5362140059432938  -0.05500022910252513  1.330001033427609  609.1062353250211
3.0  2.0  0.01  0.01  0.49661279025510907  -0.22449602375921363  1.3121251041946533  591.7955938392886
3.0  2.0  0.01  0.01  0.4354360001867509  0.13494311554165994  1.3321885182550748  629.0785140626656
3.0  2.0  0.01  0.01  0.4007940274476016  0.11499246933842197  1.322998283018391  592.1252631483883
3.0  2.0  0.01  0.01  0.44970449699307685  0.06131068822707214  1.3322549875015062  604.3097146900982
3.0  2.0  0.01  0.01  0.3943274136982509  0.12499548914343599  1.3229895397968228  610.035119471305
3.0  2.0  0.01  0.01  0.48344353877479906  0.012370367831672339  1.3423275069803302  604.0426338302213
3.0  2.0  0.01  0.01  0.5806593301443015  -0.1750018566198416  1.332116868209908  636.234879147615
4  2.0  0.01  0.01  0.6489029192561386  -0.01527573560954519  1.2042165268818124  609.3286248336242
4.5  2.25  0.01  0.01  0.6063697046331933  0.149005702228339  1.1327355746782166  589.3623378127752
4  2.0  0.01  0.01  0.5793484701468581  0.01704531494052698  1.1924960456979048  579.6880436642898
4  2.0  0.01  0.01  0.5438212128107855  0.04007335685892928  1.122549756036991  572.0233975815314
4  2.0  0.01  0.01  0.5771252024079929  0.10858601816494656  1.1228139593505622  591.3481146860779
4  2.0  0.01  0.01  0.6095905685880469  -0.005106953758551705  1.1729372394894753  591.796921743118
4  2.0  0.01  0.01  0.5870768049156081  0.10491994381756752  1.152442118092364  585.5711131332063
4  2.0  0.01  0.01  0.6095498710992641  0.12188383546962525  1.162750986705861  607.0620043269115
4  2.0  0.01  0.01  0.5593696513187134  0.14032108216962424  1.1523363459753568  586.1247934747496
4  2.0  0.01  0.01  0.629496494644809  -0.0957427458211068  1.2764473453163303  609.6917635778368
4  2.0  0.01  0.01  0.5517518838855524  0.04462214912149959  1.1527465177496445  580.0225339038046
4  2.0  0.01  0.01  0.7135104523367436  -0.05545216845734734  1.2342228698063975  626.6905765332042
4.5  2.25  0.01  0.01  0.6712855519547993  -0.029182993821192486  1.1843075930703728  584.7656718853334
4.5  2.25  0.01  0.01  0.684227798166118  -0.03536065349392098  1.132933312954558  586.8347156622316
4.5  2.25  0.01  0.01  0.6493294182397635  0.16486167563647103  1.1722887161295614  590.5408107506694
4.5  2.25  0.01  0.01  0.7075324385283387  -0.025087680813863922  1.2140023060394673  598.8238961681321
4.5  2.25  0.01  0.01  0.6369021577142244  0.22467964853312344  1.1427852945775336  593.4239672811032
4.5  2.25  0.01  0.01  0.6915776914269409  -0.04813667013329939  1.2045490352891681  592.7936722790201
4.5  2.25  0.01  0.01  0.6850764559341895  -0.1255501915891291  1.2666054532728581  596.8865685497342
4.5  2.25  0.01  0.01  0.6198485351900609  0.12462452631173801  1.1528158782483846  583.3402589311335
4.5  2.25  0.01  0.01  0.7229914881477504  -0.0466778243580602  1.21269129830155  605.2405730906876
4.5  2.25  0.01  0.01  0.6630608225197514  0.18120620683710456  1.1629647235283458  604.8822192269201
5  2.5  0.01  0.01  0.7285070462050544  -0.02985117962666433  1.2043504413315502  582.4236366710477
5  2.5  0.01  0.01  0.7160643408302254  -0.03502080352806272  1.1529975323551973  576.4236849155527
5  2.5  0.01  0.01  0.768957414007875  0.004052330534194987  1.1624484873535088  598.6823179851754
5  2.5  0.01  0.01  0.8658047294953778  -0.37145923188626234  1.1734201065487981  588.247420420858
5  2.5  0.01  0.01  0.7465304720331656  0.03494514688571225  1.13200197073895  583.3498469341392
5  2.5  0.01  0.01  0.7503728302228804  0.05493036050853205  1.1629878814257508  586.9580280181201
5  2.5  0.01  0.01  0.6616322681926408  0.134985342154546  1.1229997713875166  577.2668732755743
5  2.5  0.01  0.01  0.7469613480944182  0.014912986113516411  1.1329357201462622  575.8295398745976
5  2.5  0.01  0.01  0.7455964190063322  0.04444702564611901  1.1327971433509074  581.8543120229842
5  2.5  0.01  0.01  0.8677872754502287  -0.43970210619649774  1.1027581121438619  588.3738897781592
5.5  2.75  0.01  0.01  0.7889549241211773  0.03164939308368815  1.1324801829601696  578.229352929498
5.5  2.75  0.01  0.01  0.7513923271294634  0.032241508278822814  1.1424328335959801  576.165394405516
5.5  2.75  0.01  0.01  0.8035259450523937  0.024345629463915927  1.1223715407141  590.4230457799308
5.5  2.75  0.01  0.01  0.8921853004523614  -0.021309154133726166  1.1625799914479715  584.4629743017738
5.5  2.75  0.01  0.01  0.8133029291231243  -0.005001398721222107  1.1329629767108904  582.2927141648042
5.5  2.75  0.01  0.01  0.819515216604376  -0.05774624976503652  1.1842929287591333  588.0319683671787
5.5  2.75  0.01  0.01  0.8670870710393175  0.03253035085874144  1.15227659137582  594.4290910593511
5.5  2.75  0.01  0.01  0.8069381490863271  0.024999668058208968  1.1329939168156882  579.279854204397
5.5  2.75  0.01  0.01  0.9217534919023769  -0.04500456085245362  1.1125101991202166  593.4683815623648
5.5  2.75  0.01  0.01  0.742789614516506  0.0184689813762714  1.142490745632501  579.1215917653435
6  3.0  0.01  0.01  0.9295561271551405  0.10499909527466517  1.1529703236226125  602.753690821768
6  3.0  0.01  0.01  0.9045931528477382  -0.05500662462154378  1.1311867492192407  585.7342344225812
6  3.0  0.01  0.01  0.8623511545458904  0.025674021671126236  1.1524905339964797  584.7280519291124
6  3.0  0.01  0.01  0.9715110273218456  -0.02515716534763434  1.1323006438663121  602.3220407743206
6  3.0  0.01  0.01  0.939039535833504  0.014744676066266525  1.1322139136918805  599.6084195701344
6  3.0  0.01  0.01  0.9334010134459843  -0.015296711837337476  1.1624904387093196  599.2642831839139
6  3.0  0.01  0.01  0.881267077061022  -0.009223097035114045  1.1325416790187766  596.2857057155576
6  3.0  0.01  0.01  0.9183132683521471  -0.13683266725922177  1.1847587484142332  582.545003320501
6  3.0  0.01  0.01  0.9497486061736368  -0.028066117969612284  1.1121852460092803  599.4037733337484
6  3.0  0.01  0.01  0.946458427278883  -0.03645355491084343  1.1328858890272675  588.8711309719547
