0.7141206943499998   -0.07052899245000002   0.24879690470853655
0.7141206943499998   -0.07052899245000002   0.24879690470853655
0.7027854452333331   -0.06828997681666671   0.23036750435975584
0.7254559434666661   -0.0761265315333334   0.18429400348780456
0.7254559434666661   -0.0761265315333334   0.18429400348780456
0.744348025327777   -0.07351434662777787   0.15050676951504016
0.744348025327777   -0.07351434662777787   0.15050676951504016
0.7426687291623446   -0.0809362688197532   0.11603696515898765
0.7426687291623446   -0.0809362688197532   0.11603696515898765
0.7269486511692715   -0.07649509377750355   0.11664369438857702
0.7269486511692715   -0.07649509377750355   0.11664369438857702
0.7119230968989392   -0.08192780363497193   0.10881098857047389
0.6683235927519795   -0.07228222256983705   0.14967673022178202
0.6683235927519795   -0.07228222256983705   0.14967673022178202
0.6225524062182419   -0.07870646724252417   0.13461804781516518
0.6225524062182419   -0.07870646724252417   0.13461804781516518
0.6653802173399344   -0.07563960848204641   0.1277019900152228
0.6653802173399344   -0.07563960848204641   0.1277019900152228
0.6321046029306315   -0.07659040996487834   0.12767397872491631
0.6321046029306315   -0.07659040996487834   0.12767397872491631
0.6321046029306315   -0.07659040996487834   0.12767397872491631
0.6321046029306315   -0.07659040996487834   0.12767397872491631
0.6321046029306315   -0.07659040996487834   0.12767397872491631
0.6321046029306315   -0.07659040996487834   0.12767397872491631
0.6321046029306315   -0.07659040996487834   0.12767397872491631
0.6321046029306315   -0.07659040996487834   0.12767397872491631
0.6321046029306315   -0.07659040996487834   0.12767397872491631
0.6321046029306315   -0.07659040996487834   0.12767397872491631
0.6321046029306315   -0.07659040996487834   0.12767397872491631
0.6321046029306315   -0.07659040996487834   0.12767397872491631
0.6321046029306315   -0.07659040996487834   0.12767397872491631
0.6370609009942164   -0.07647994064789512   0.12820154288936114
0.636534406218175   -0.0766042957765771   0.12813738417684598
0.6332932606259505   -0.07663252417794102   0.1281407890504257
0.6338670627717061   -0.07658133174950804   0.12791694204856363
0.6358129054330801   -0.07654299560795191   0.12813329065731976
0.6354294079142102   -0.07659495647752204   0.12810052904780783
0.6354294079142102   -0.07659495647752204   0.12810052904780783
0.6345013935547583   -0.07658079278813315   0.12801336122249662
0.6352557295723917   -0.07656792424738529   0.12810154728773754
0.634613518339964   -0.07659201694957384   0.12808366700175433
0.6351098108682909   -0.07658760056960973   0.12808336044256868
0.6347472065741535   -0.07658165335516139   0.12805144306659172
0.6350396207499307   -0.07657750726941681   0.1280871853956879
0.6347895322020445   -0.0765871353404849   0.1280788316516852
0.6349842986885001   -0.07658484961231538   0.1280779235736118
0.6348425118938226   -0.07658240871461687   0.12806637830346002
0.6349558675056932   -0.07658115257927792   0.12808078161930345
0.6349558675056932   -0.07658115257927792   0.12808078161930345
0.6349349702078957   -0.07658384660313083   0.1280763100642507
0.6349349702078957   -0.07658384660313083   0.1280763100642507
