0  3.5  1.75  0.01  0.01  0.5919839457375637  -0.07512654402280562  0.550943455233095  13.976163499759961  13.976163499759961  1.0  0.728  0.198  0.074  0.8  0.2  0.8  0.2  True
0  3.5  1.75  0.01  0.01  0.5895111304024951  0.09735096028041398  0.8033244102629767  13.92593928447961  13.92593928447961  1.0  0.748  0.18  0.072  0.817  0.183  0.817  0.183  True
0  3.5  1.75  0.01  0.01  0.524947926990758  0.2343864242703299  0.45001500101771275  13.97872285019154  13.97872285019154  1.0  0.736  0.188  0.076  0.817  0.183  0.817  0.183  True
0  3.5  1.75  0.01  0.01  0.599293297927426  -0.010200288523798588  0.48029379983025583  13.965230184996805  13.965230184996805  1.0  0.739  0.189  0.072  0.817  0.183  0.817  0.183  True
0  3.5  1.75  0.01  0.01  0.7292366674808131  -0.16199844018904433  0.8927022422411877  13.901980800813242  13.901980800813242  1.0  0.775  0.164  0.061  0.817  0.183  0.817  0.183  True
0  3.5  1.75  0.01  0.01  0.5817876837161311  5.3337656493316734e-05  0.5503804527641483  13.988249396963495  13.988249396963495  1.0  0.733  0.193  0.074  0.808  0.192  0.808  0.192  True
0  3.5  1.75  0.01  0.01  0.6819166146817193  -0.2309652972445606  0.8025882316975903  13.921467808072558  13.921467808072558  1.0  0.748  0.185  0.067  0.808  0.192  0.808  0.192  True
0  3.5  1.75  0.01  0.01  0.5781384245642649  -0.007680925596892008  0.5608023077397306  13.993673536723163  13.993673536723163  1.0  0.73  0.195  0.074  0.808  0.192  0.808  0.192  True
0  3.5  1.75  0.01  0.01  0.5994951423398116  0.06360135910987472  0.8833552669183492  13.91409903253362  13.91409903253362  1.0  0.748  0.181  0.071  0.8  0.2  0.8  0.2  True
0  3.5  1.75  0.01  0.01  0.7145707326788983  -0.13762094915421347  0.9903265264653554  13.965641237421789  13.965641237421789  1.0  0.772  0.166  0.062  0.808  0.192  0.808  0.192  True
0  3.5  1.75  0.01  0.01  0.7217753551327847  -0.4634704978576033  0.4304325097560278  13.96671517365008  13.96671517365008  1.0  0.737  0.198  0.065  0.808  0.192  0.808  0.192  True
0  3.5  1.75  0.01  0.01  0.5759139220360863  0.2030607924465746  0.8037358882575889  13.879567160894982  13.879567160894982  1.0  0.754  0.175  0.071  0.817  0.183  0.817  0.183  True
0  3.5  1.75  0.01  0.01  0.47894608257437066  0.391626560158096  0.5106744570692999  14.027657212473942  14.027657212473942  1.0  0.735  0.188  0.078  0.817  0.183  0.817  0.183  True
0  3.5  1.75  0.01  0.01  0.5921190503029509  0.09488639858143158  0.8081572146147182  13.937906099494175  13.937906099494175  1.0  0.748  0.181  0.071  0.817  0.183  0.817  0.183  True
0  3.5  1.75  0.01  0.01  0.5881324276908773  -0.0563956917447814  0.42018871434231964  13.989016511422088  13.989016511422088  1.0  0.729  0.197  0.074  0.808  0.192  0.808  0.192  True
0  3.5  1.75  0.01  0.01  0.5640479798278928  -0.08951746382225118  0.28316545407420485  14.04419900681454  14.04419900681454  1.0  0.714  0.209  0.077  0.808  0.192  0.808  0.192  True
0  3.5  1.75  0.01  0.01  0.658993494902183  -0.1019795099253977  0.808287697835723  13.861780457918899  13.861780457918899  1.0  0.754  0.179  0.067  0.808  0.192  0.808  0.192  True
0  3.5  1.75  0.01  0.01  0.6003051554417039  0.17433823522221648  0.8787710206481967  13.895203359785311  13.895203359785311  1.0  0.76  0.17  0.069  0.817  0.183  0.817  0.183  True
0  3.5  1.75  0.01  0.01  0.5468404177180086  0.10164418238535461  0.48021671563157003  14.003869689319947  14.003869689319947  1.0  0.73  0.194  0.076  0.808  0.192  0.808  0.192  True
0  3.5  1.75  0.01  0.01  0.749236605031224  -0.4949618170341873  0.35012725335371614  13.99427823922598  13.99427823922598  1.0  0.745  0.193  0.062  0.833  0.167  0.833  0.167  True
0  3.5  1.75  0.01  0.01  0.5372061858815915  0.19439367030901267  0.590413608508505  13.952729882951086  13.952729882951086  1.0  0.736  0.188  0.075  0.808  0.192  0.808  0.192  True
0  3.5  1.75  0.01  0.01  0.6827192991406232  -0.165073566680307  0.807002705660299  13.865976354904667  13.865976354904667  1.0  0.755  0.179  0.066  0.808  0.192  0.808  0.192  True
0  3.5  1.75  0.01  0.01  0.5707938945573507  0.05267540986525253  0.4804809244450011  13.982555204065182  13.982555204065182  1.0  0.734  0.192  0.074  0.808  0.192  0.808  0.192  True
0  3.5  1.75  0.01  0.01  0.6982517040031622  -0.274928389305784  0.5204535935200341  13.88797701728974  13.88797701728974  1.0  0.75  0.184  0.065  0.817  0.183  0.817  0.183  True
0  3.5  1.75  0.01  0.01  0.721786312742166  -0.4243921174407943  0.5006676001373673  13.938084555609558  13.938084555609558  1.0  0.742  0.194  0.065  0.808  0.192  0.808  0.192  True
0  3.5  1.75  0.01  0.01  0.6592977398159123  -0.22924191589823528  0.5304813333614307  13.931604984017618  13.931604984017618  1.0  0.739  0.192  0.069  0.808  0.192  0.808  0.192  True
0  3.5  1.75  0.01  0.01  0.5652786071729607  0.079090786683783  0.500494253228632  14.026320244627849  14.026320244627849  1.0  0.735  0.19  0.074  0.817  0.183  0.817  0.183  True
0  3.5  1.75  0.01  0.01  0.684615004127495  -0.09469378539336784  0.9692414075158988  14.090225995572805  14.090225995572805  1.0  0.765  0.17  0.065  0.8  0.2  0.8  0.2  True
0  3.5  1.75  0.01  0.01  0.49211732122568075  0.3349950879635965  0.5809598524233696  13.969112987112627  13.969112987112627  1.0  0.733  0.189  0.078  0.808  0.192  0.808  0.192  True
0  3.5  1.75  0.01  0.01  0.7007031813303135  -0.24499770631034898  0.8339994768399688  13.95020223680563  13.95020223680563  1.0  0.755  0.181  0.065  0.817  0.183  0.817  0.183  True
1  3.5  1.75  0.01  0.01  0.3747232776868883  -0.10009113858241143  0.8627511299982602  14.111900544972563  14.111900544972563  1.0  0.623  0.282  0.094  0.684  0.316  0.684  0.316  True
1  3.5  1.75  0.01  0.01  0.33958994918370533  0.3207114244528897  1.0223510147769361  13.946690183906588  13.946690183906588  1.0  0.662  0.246  0.092  0.719  0.281  0.719  0.281  True
1  3.5  1.75  0.01  0.01  0.29314440581187023  0.24481220291270445  0.4033675551597792  14.253413360434251  14.253413360434251  1.0  0.629  0.274  0.097  0.711  0.289  0.711  0.289  True
1  3.5  1.75  0.01  0.01  0.27692709216754796  0.14624588414391745  0.4738145018895625  14.266426202575422  14.266426202575422  1.0  0.609  0.292  0.099  0.684  0.316  0.684  0.316  True
1  3.5  1.75  0.01  0.01  0.4489969915546036  -0.06162676350963464  0.7778884893119482  13.99990449797791  13.99990449797791  1.0  0.665  0.247  0.087  0.728  0.272  0.728  0.272  True
1  3.5  1.75  0.01  0.01  0.43937719132777536  -0.22323346512415115  0.33371926272170255  14.20413307440291  14.20413307440291  1.0  0.639  0.271  0.09  0.719  0.281  0.719  0.281  True
1  3.5  1.75  0.01  0.01  0.3937171196623213  -0.12451988842349074  0.43385917020894493  14.271526964944652  14.271526964944652  1.0  0.63  0.277  0.093  0.711  0.289  0.711  0.289  True
1  3.5  1.75  0.01  0.01  0.35843051149164706  0.005175789685850618  0.45378695498959337  14.26301337250119  14.26301337250119  1.0  0.63  0.275  0.094  0.711  0.289  0.711  0.289  True
1  3.5  1.75  0.01  0.01  0.3713698579715058  0.1684395666025318  0.4835182829492975  14.17450943198912  14.17450943198912  1.0  0.658  0.251  0.091  0.737  0.263  0.737  0.263  True
1  3.5  1.75  0.01  0.01  0.332159156880496  0.06559570246337365  0.4634505670445673  14.23405164102875  14.23405164102875  1.0  0.625  0.279  0.096  0.702  0.298  0.702  0.298  True
1  3.5  1.75  0.01  0.01  0.4146364062560597  0.13583908494761054  0.8926263057469251  13.967967771306023  13.967967771306023  1.0  0.675  0.237  0.088  0.737  0.263  0.737  0.263  True
1  3.5  1.75  0.01  0.01  0.24823086649481002  0.06547106964645555  0.4634055518256374  14.335537324485117  14.335537324485117  1.0  0.583  0.315  0.102  0.658  0.342  0.658  0.342  True
1  3.5  1.75  0.01  0.01  0.3545435187838861  0.15649118365429476  0.9204940430451954  14.015654699772492  14.015654699772492  1.0  0.648  0.259  0.093  0.711  0.289  0.711  0.289  True
1  3.5  1.75  0.01  0.01  0.3437738003286882  0.025299969400913648  0.4738201466300108  14.242456615376375  14.242456615376375  1.0  0.626  0.279  0.095  0.702  0.298  0.702  0.298  True
1  3.5  1.75  0.01  0.01  0.5076411765061168  -0.25268814500599157  0.8673049502703245  14.01666827759751  14.01666827759751  1.0  0.668  0.248  0.084  0.719  0.281  0.719  0.281  True
1  3.5  1.75  0.01  0.01  0.35924505607785306  0.14353476778353025  0.4734774246185438  14.210752282731134  14.210752282731134  1.0  0.648  0.259  0.093  0.728  0.272  0.728  0.272  True
1  3.5  1.75  0.01  0.01  0.33003239171723553  0.20139240790364193  0.47343177238651857  14.195487355711991  14.195487355711991  1.0  0.642  0.264  0.094  0.719  0.281  0.719  0.281  True
1  3.5  1.75  0.01  0.01  0.338781654714304  -0.07455246539767668  0.44308783722825823  14.265524419885184  14.265524419885184  1.0  0.61  0.294  0.097  0.684  0.316  0.684  0.316  True
1  3.5  1.75  0.01  0.01  0.3903396944239029  -0.02432846341082775  0.4537602038844109  14.205980359349798  14.205980359349798  1.0  0.642  0.266  0.092  0.719  0.281  0.719  0.281  True
1  3.5  1.75  0.01  0.01  0.21511184611684683  0.7241822163956133  1.0576280691188165  13.912886611521715  13.912886611521715  1.0  0.656  0.25  0.094  0.719  0.281  0.719  0.281  True
1  3.5  1.75  0.01  0.01  0.37672576829566473  -0.11247627163883069  0.4438425847240747  14.274390078025279  14.274390078025279  1.0  0.623  0.283  0.094  0.702  0.298  0.702  0.298  True
1  3.5  1.75  0.01  0.01  0.3836532482808224  0.00912077929565953  0.937159766594562  14.06364918102789  14.06364918102789  1.0  0.643  0.265  0.092  0.702  0.298  0.702  0.298  True
1  3.5  1.75  0.01  0.01  0.3768355948782187  -0.15740555427663605  0.4436218160465547  14.280706458551714  14.280706458551714  1.0  0.616  0.289  0.095  0.693  0.307  0.693  0.307  True
1  3.5  1.75  0.01  0.01  0.374049180925102  0.12067714455029294  0.47311185535800004  14.152917946825472  14.152917946825472  1.0  0.653  0.256  0.092  0.728  0.272  0.728  0.272  True
1  3.5  1.75  0.01  0.01  0.29616980996649206  -0.11488186442057466  0.4239994482496466  14.313365074021567  14.313365074021567  1.0  0.582  0.318  0.1  0.684  0.316  0.684  0.316  True
1  3.5  1.75  0.01  0.01  0.3045060165497367  -0.03468617750484428  0.9508544166616424  14.162535842189858  14.162535842189858  1.0  0.598  0.303  0.099  0.658  0.342  0.658  0.342  True
1  3.5  1.75  0.01  0.01  0.35669225749010003  0.11500085609628152  0.4639856934051569  14.261830731786697  14.261830731786697  1.0  0.644  0.263  0.093  0.728  0.272  0.728  0.272  True
1  3.5  1.75  0.01  0.01  0.3182140579921829  0.23468260755690123  0.4731254975672337  14.22026237624763  14.22026237624763  1.0  0.64  0.265  0.095  0.719  0.281  0.719  0.281  True
1  3.5  1.75  0.01  0.01  0.469241795048997  0.0993000909209982  0.9575232769291133  13.957661194881219  13.957661194881219  1.0  0.695  0.221  0.083  0.754  0.246  0.754  0.246  True
1  3.5  1.75  0.01  0.01  0.4202297396140136  -0.07094534034291688  0.45334654457677853  14.197729161038618  14.197729161038618  1.0  0.65  0.26  0.09  0.728  0.272  0.728  0.272  True
