3.5  1.75  0.01  0.01  0.5419662899407691  0.45632856333746563  0.39043543947268794  14.833471523456723  14.833471523456723  1.0  0.771  0.223  0.007  0.8  0.2  0.8  0.2  1.0  0.703  0.287  0.009  0.745  0.255  0.745  0.255
3.5  1.75  0.01  0.01  0.5826941672593476  0.7284215188702122  0.4162156892769168  14.676421265391582  14.676421265391582  1.0  0.787  0.207  0.006  0.8  0.2  0.8  0.2  1.0  0.716  0.276  0.009  0.745  0.255  0.745  0.255
3.5  1.75  0.01  0.01  0.5596340741111167  0.5791043290226772  0.40169630464877476  14.760122669516647  14.760122669516647  1.0  0.778  0.216  0.006  0.8  0.2  0.8  0.2  1.0  0.709  0.282  0.009  0.745  0.255  0.745  0.255
3.5  1.75  0.01  0.01  0.5428115715700337  0.4638093354932534  0.3912001527355041  14.8292800329562  14.8292800329562  1.0  0.771  0.222  0.007  0.8  0.2  0.8  0.2  1.0  0.704  0.287  0.009  0.745  0.255  0.745  0.255
3.5  1.75  0.01  0.01  0.5822152286387499  0.7263773968352155  0.4159699512703095  14.677889218293345  14.677889218293345  1.0  0.787  0.207  0.006  0.8  0.2  0.8  0.2  1.0  0.716  0.276  0.009  0.745  0.255  0.745  0.255
3.5  1.75  0.01  0.01  0.6151266787854941  0.9208211510619831  0.4362958978757541  14.584806286272595  14.584806286272595  1.0  0.799  0.195  0.005  0.8  0.2  0.8  0.2  1.0  0.725  0.267  0.008  0.745  0.255  0.745  0.255
3.5  1.75  0.01  0.01  0.535929885743717  0.41234443073413907  0.3867624872691928  14.85984211636084  14.85984211636084  1.0  0.768  0.225  0.007  0.8  0.2  0.8  0.2  1.0  0.702  0.289  0.009  0.745  0.255  0.745  0.255
3.5  1.75  0.01  0.01  0.5979546914202529  0.82139502305259  0.4258349482569634  14.628544234499222  14.628544234499222  1.0  0.793  0.201  0.006  0.8  0.2  0.8  0.2  1.0  0.72  0.271  0.008  0.745  0.255  0.745  0.255
3.5  1.75  0.01  0.01  0.5666255400895291  0.626074223070212  0.40616330446955906  14.733186230240628  14.733186230240628  1.0  0.781  0.213  0.006  0.8  0.2  0.8  0.2  1.0  0.711  0.28  0.009  0.745  0.255  0.745  0.255
3.5  1.75  0.01  0.01  0.5618562122578951  0.5941456350561072  0.40304543150448774  14.751319812826633  14.751319812826633  1.0  0.779  0.215  0.006  0.8  0.2  0.8  0.2  1.0  0.709  0.282  0.009  0.745  0.255  0.745  0.255
3.5  1.75  0.01  0.01  0.5634716880520179  0.6062920020072311  0.404223003992642  14.744632637042145  14.744632637042145  1.0  0.78  0.214  0.006  0.8  0.2  0.8  0.2  1.0  0.71  0.281  0.009  0.745  0.255  0.745  0.255
3.5  1.75  0.01  0.01  0.561531411301876  0.5912807950271977  0.4029428066962852  14.752526702296132  14.752526702296132  1.0  0.779  0.215  0.006  0.8  0.2  0.8  0.2  1.0  0.709  0.282  0.009  0.745  0.255  0.745  0.255
3.5  1.75  0.01  0.01  0.538617491669364  0.43337299648019184  0.388529103423307  14.84751608010687  14.84751608010687  1.0  0.77  0.224  0.007  0.8  0.2  0.8  0.2  1.0  0.703  0.288  0.009  0.745  0.255  0.745  0.255
3.5  1.75  0.01  0.01  0.5424852260868943  0.46061010202753  0.3908778209479155  14.83105904248855  14.83105904248855  1.0  0.771  0.222  0.007  0.8  0.2  0.8  0.2  1.0  0.704  0.287  0.009  0.745  0.255  0.745  0.255
3.5  1.75  0.01  0.01  0.5838744409922741  0.7350093523186155  0.41690419329084644  14.672798949224662  14.672798949224662  1.0  0.788  0.207  0.006  0.8  0.2  0.8  0.2  1.0  0.716  0.275  0.009  0.745  0.255  0.745  0.255
3.5  1.75  0.01  0.01  0.5503690375487742  0.5156087648117378  0.39583425273010886  14.79761390677673  14.79761390677673  1.0  0.774  0.219  0.006  0.8  0.2  0.8  0.2  1.0  0.706  0.285  0.009  0.745  0.255  0.745  0.255
3.5  1.75  0.01  0.01  0.5345037645869296  0.4016002018986336  0.3858581504303528  14.866293936845397  14.866293936845397  1.0  0.768  0.226  0.007  0.8  0.2  0.8  0.2  1.0  0.701  0.29  0.009  0.745  0.255  0.745  0.255
3.5  1.75  0.01  0.01  0.6251354638960118  0.9760931080539225  0.44260353760448545  14.563323707548944  14.563323707548944  1.0  0.803  0.192  0.005  0.8  0.2  0.8  0.2  1.0  0.728  0.264  0.008  0.745  0.255  0.745  0.255
3.5  1.75  0.01  0.01  0.6112589916188216  0.8982786155725963  0.43398447340473956  14.593707588312949  14.593707588312949  1.0  0.798  0.197  0.005  0.8  0.2  0.8  0.2  1.0  0.724  0.268  0.008  0.745  0.255  0.745  0.255
3.5  1.75  0.01  0.01  0.5920387396760955  0.7867122209958868  0.42200002915066603  14.646652853465016  14.646652853465016  1.0  0.791  0.204  0.006  0.8  0.2  0.8  0.2  1.0  0.718  0.273  0.009  0.745  0.255  0.745  0.255
3.5  1.75  0.01  0.01  0.6043020693962273  0.8589356057838516  0.4296703207124763  14.611492150401622  14.611492150401622  1.0  0.795  0.199  0.006  0.8  0.2  0.8  0.2  1.0  0.722  0.27  0.008  0.745  0.255  0.745  0.255
3.5  1.75  0.01  0.01  0.534851954437962  0.404636769482096  0.38602778037186003  14.864979088888191  14.864979088888191  1.0  0.768  0.225  0.007  0.8  0.2  0.8  0.2  1.0  0.701  0.29  0.009  0.745  0.255  0.745  0.255
3.5  1.75  0.01  0.01  0.5580653494059536  0.5684318361417962  0.40077416035610913  14.766176673498276  14.766176673498276  1.0  0.777  0.216  0.006  0.8  0.2  0.8  0.2  1.0  0.708  0.283  0.009  0.745  0.255  0.745  0.255
3.5  1.75  0.01  0.01  0.5987835469673033  0.8270447823067236  0.4263263753727718  14.626374904281182  14.626374904281182  1.0  0.793  0.201  0.006  0.8  0.2  0.8  0.2  1.0  0.72  0.271  0.008  0.745  0.255  0.745  0.255
3.5  1.75  0.01  0.01  0.6252197587980893  0.9756199181885871  0.44250901696134787  14.563549520070511  14.563549520070511  1.0  0.803  0.192  0.005  0.8  0.2  0.8  0.2  1.0  0.728  0.264  0.008  0.745  0.255  0.745  0.255
3.5  1.75  0.01  0.01  0.5345130363272542  0.4015715091037243  0.3858374475961068  14.866293936886857  14.866293936886857  1.0  0.768  0.226  0.007  0.8  0.2  0.8  0.2  1.0  0.701  0.29  0.009  0.745  0.255  0.745  0.255
3.5  1.75  0.01  0.01  0.5338127584401771  0.39726397047994505  0.3854649250875156  14.869337637271196  14.869337637271196  1.0  0.768  0.226  0.007  0.8  0.2  0.8  0.2  1.0  0.701  0.29  0.009  0.745  0.255  0.745  0.255
3.5  1.75  0.01  0.01  0.5743044570163871  0.6755132109696953  0.4109463279497296  14.705331450023087  14.705331450023087  1.0  0.784  0.21  0.006  0.8  0.2  0.8  0.2  1.0  0.713  0.278  0.009  0.745  0.255  0.745  0.255
3.5  1.75  0.01  0.01  0.5344246063848302  0.40144447988749216  0.3857890649552956  14.866293943443297  14.866293943443297  1.0  0.768  0.226  0.007  0.8  0.2  0.8  0.2  1.0  0.701  0.29  0.009  0.745  0.255  0.745  0.255
3.5  1.75  0.01  0.01  0.5634745157460809  0.6043430509599683  0.4040523549371225  14.745550994895146  14.745550994895146  1.0  0.78  0.214  0.006  0.8  0.2  0.8  0.2  1.0  0.71  0.281  0.009  0.745  0.255  0.745  0.255
