0  3.5  1.75  0.01  0.01  0.5188613117898901  0.02029254632195867  0.5003726050291859  13.991311649558202  13.991311649558202  1.0  0.708  0.212  0.08  0.775  0.225  0.775  0.225  True
0  3.5  1.75  0.01  0.01  0.47769620723315537  0.17138959937336556  0.5403997616313772  14.005282358152552  14.005282358152552  1.0  0.708  0.211  0.082  0.775  0.225  0.775  0.225  True
0  3.5  1.75  0.01  0.01  0.5330494022929215  -0.034437178692887926  0.49058727278565933  13.988221581182655  13.988221581182655  1.0  0.708  0.213  0.079  0.775  0.225  0.775  0.225  True
0  3.5  1.75  0.01  0.01  0.5204808237853914  0.022474627870069125  0.5103822359995799  13.99092002563973  13.99092002563973  1.0  0.708  0.212  0.08  0.775  0.225  0.775  0.225  True
0  3.5  1.75  0.01  0.01  0.45478396025256695  0.16499948383373664  0.5202366328651437  14.00487494613256  14.00487494613256  1.0  0.696  0.22  0.084  0.775  0.225  0.775  0.225  True
0  3.5  1.75  0.01  0.01  0.5235714484678822  0.0019333991312127084  0.4907517585121069  13.990392733965729  13.990392733965729  1.0  0.707  0.213  0.08  0.775  0.225  0.775  0.225  True
0  3.5  1.75  0.01  0.01  0.607872963277601  -0.2747951523640877  0.4909978089054501  13.981147310023186  13.981147310023186  1.0  0.712  0.214  0.074  0.775  0.225  0.775  0.225  True
0  3.5  1.75  0.01  0.01  0.5315941560394359  -0.006369573895236225  0.5205914347078076  13.988800504540304  13.988800504540304  1.0  0.71  0.211  0.079  0.775  0.225  0.775  0.225  True
0  3.5  1.75  0.01  0.01  0.47907809504332166  0.11496267415878286  0.42040229298315707  14.014456201956905  14.014456201956905  1.0  0.701  0.217  0.082  0.775  0.225  0.775  0.225  True
0  3.5  1.75  0.01  0.01  0.6457211064116826  -0.24269524110772867  0.8027890359080804  13.934867140712274  13.934867140712274  1.0  0.732  0.198  0.07  0.775  0.225  0.775  0.225  True
0  3.5  1.75  0.01  0.01  0.5284139134891526  -0.000960546350443973  0.5203533118560906  13.989450306894067  13.989450306894067  1.0  0.71  0.211  0.079  0.775  0.225  0.775  0.225  True
0  3.5  1.75  0.01  0.01  0.5062547111627187  0.07457439804496216  0.5206466616292695  13.994910658678569  13.994910658678569  1.0  0.708  0.211  0.08  0.775  0.225  0.775  0.225  True
0  3.5  1.75  0.01  0.01  0.6295251775608508  -0.07795790552212999  0.9883074786976956  14.107913672643415  14.107913672643415  1.0  0.744  0.186  0.07  0.775  0.225  0.775  0.225  True
0  3.5  1.75  0.01  0.01  0.4310993272433722  0.32490163643826553  0.5500021829089989  14.02626364457669  14.02626364457669  1.0  0.705  0.211  0.084  0.775  0.225  0.775  0.225  True
0  3.5  1.75  0.01  0.01  0.5388953175667689  -0.08529110900689316  0.4105365413210676  13.996371760076224  13.996371760076224  1.0  0.703  0.218  0.079  0.775  0.225  0.775  0.225  True
0  3.5  1.75  0.01  0.01  0.5563269533635615  -0.06500274909584211  0.5209896767622039  13.985611304263564  13.985611304263564  1.0  0.713  0.209  0.077  0.775  0.225  0.775  0.225  True
0  3.5  1.75  0.01  0.01  0.4292578247570836  0.22499169227794716  0.5400101700090629  14.012615190507491  14.012615190507491  1.0  0.692  0.223  0.085  0.775  0.225  0.775  0.225  True
0  3.5  1.75  0.01  0.01  0.5188637535659577  0.03449307531139081  0.5205911564958848  13.991594605596157  13.991594605596157  1.0  0.709  0.211  0.08  0.775  0.225  0.775  0.225  True
0  3.5  1.75  0.01  0.01  0.5348019509526003  -0.021716519914384474  0.5207158514684949  13.988183086558768  13.988183086558768  1.0  0.71  0.211  0.079  0.775  0.225  0.775  0.225  True
0  3.5  1.75  0.01  0.01  0.6132591562006114  -0.0725233910418911  0.9327746206378645  14.019648911205188  14.019648911205188  1.0  0.738  0.19  0.072  0.775  0.225  0.775  0.225  True
0  3.5  1.75  0.01  0.01  0.5938545882310167  -0.0650025146727047  0.8110248538920802  13.940114606829132  13.940114606829132  1.0  0.73  0.197  0.074  0.775  0.225  0.775  0.225  True
0  3.5  1.75  0.01  0.01  0.3688611773078272  0.424997910735633  0.8020085958595554  14.000325619634367  14.000325619634367  1.0  0.689  0.223  0.087  0.775  0.225  0.775  0.225  True
0  3.5  1.75  0.01  0.01  0.6837345409606809  -0.5403028176808682  0.4204194729658187  13.994087188163267  13.994087188163267  1.0  0.711  0.22  0.069  0.775  0.225  0.775  0.225  True
0  3.5  1.75  0.01  0.01  0.5300287415975795  -0.005933162633204489  0.5101974089614307  13.98876371965178  13.98876371965178  1.0  0.709  0.212  0.079  0.775  0.225  0.775  0.225  True
0  3.5  1.75  0.01  0.01  0.5046438416617489  0.08393853689681172  0.5306677270972414  13.995865923721789  13.995865923721789  1.0  0.709  0.211  0.08  0.775  0.225  0.775  0.225  True
0  3.5  1.75  0.01  0.01  0.5188729971797468  0.030113817808559182  0.5206014516436277  13.991594604989844  13.991594604989844  1.0  0.709  0.211  0.08  0.775  0.225  0.775  0.225  True
0  3.5  1.75  0.01  0.01  0.5315049712917863  -0.016449134632780447  0.5009587205984302  13.988360059132125  13.988360059132125  1.0  0.708  0.212  0.079  0.775  0.225  0.775  0.225  True
0  3.5  1.75  0.01  0.01  0.41976961427899495  0.3249991676185582  0.8036861037810525  13.978722771139315  13.978722771139315  1.0  0.7  0.215  0.085  0.775  0.225  0.775  0.225  True
0  3.5  1.75  0.01  0.01  0.47358992846251957  0.16237084300467067  0.4906023154839164  14.006912052694476  14.006912052694476  1.0  0.705  0.213  0.082  0.775  0.225  0.775  0.225  True
0  3.5  1.75  0.01  0.01  0.5763727629382327  -0.2048962525558879  0.5000003165400522  13.981577983280939  13.981577983280939  1.0  0.706  0.217  0.077  0.775  0.225  0.775  0.225  True
1  3.5  1.75  0.01  0.01  0.4825310301659459  -0.13903783640274625  0.38350921786135284  14.135787623423829  14.135787623423829  1.0  0.671  0.244  0.085  0.747  0.253  0.747  0.253  True
1  3.5  1.75  0.01  0.01  0.4671265970813169  -0.07010815197442982  0.4237150874719227  14.128129732711232  14.128129732711232  1.0  0.672  0.242  0.086  0.747  0.253  0.747  0.253  True
1  3.5  1.75  0.01  0.01  0.4868556892760618  0.07136317270288733  0.957331402190514  13.911094266414473  13.911094266414473  1.0  0.699  0.218  0.082  0.747  0.253  0.747  0.253  True
1  3.5  1.75  0.01  0.01  0.5035007858167129  -0.2238196815740508  0.3633105558507855  14.146030741322743  14.146030741322743  1.0  0.67  0.246  0.084  0.747  0.253  0.747  0.253  True
1  3.5  1.75  0.01  0.01  0.39822011440942345  0.16124989562300251  0.41313938705184733  14.114674736662982  14.114674736662982  1.0  0.67  0.241  0.089  0.747  0.253  0.747  0.253  True
1  3.5  1.75  0.01  0.01  0.48988406775596594  -0.16463067302189716  0.3937120346260878  14.13736307879012  14.13736307879012  1.0  0.671  0.244  0.085  0.747  0.253  0.747  0.253  True
1  3.5  1.75  0.01  0.01  0.4712620892521416  -0.13801390883833267  0.40399453067455987  14.135229750153146  14.135229750153146  1.0  0.665  0.248  0.086  0.747  0.253  0.747  0.253  True
1  3.5  1.75  0.01  0.01  0.44637671693559117  0.00407410245285012  0.42372721785023193  14.122021769396673  14.122021769396673  1.0  0.672  0.241  0.087  0.747  0.253  0.747  0.253  True
1  3.5  1.75  0.01  0.01  0.4543905154392516  -0.04280916471050089  0.3935476474376832  14.126318579539868  14.126318579539868  1.0  0.67  0.243  0.087  0.747  0.253  0.747  0.253  True
1  3.5  1.75  0.01  0.01  0.4795671724692401  -0.12820926335466673  0.3835639128681295  14.134808989280478  14.134808989280478  1.0  0.67  0.244  0.085  0.747  0.253  0.747  0.253  True
1  3.5  1.75  0.01  0.01  0.5075590058179955  -0.23619019504523575  0.35126179526206486  14.15051630963073  14.15051630963073  1.0  0.669  0.247  0.084  0.747  0.253  0.747  0.253  True
1  3.5  1.75  0.01  0.01  0.49560512597268314  -0.17075047857840225  0.4132066155106564  14.138702295734113  14.138702295734113  1.0  0.673  0.243  0.084  0.747  0.253  0.747  0.253  True
1  3.5  1.75  0.01  0.01  0.3829367803017384  0.21522350035630886  0.43309899498733684  14.111789847327145  14.111789847327145  1.0  0.67  0.24  0.09  0.747  0.253  0.747  0.253  True
1  3.5  1.75  0.01  0.01  0.4303425819485224  0.04845513880933415  0.4134019656381999  14.118979907908127  14.118979907908127  1.0  0.671  0.242  0.088  0.747  0.253  0.747  0.253  True
1  3.5  1.75  0.01  0.01  0.48094018125906934  -0.1312679673211845  0.39366060314940937  14.134198512791373  14.134198512791373  1.0  0.671  0.244  0.085  0.747  0.253  0.747  0.253  True
1  3.5  1.75  0.01  0.01  0.34433782439429594  0.3613701841138483  0.4536949959484485  14.111188864038322  14.111188864038322  1.0  0.67  0.24  0.091  0.747  0.253  0.747  0.253  True
1  3.5  1.75  0.01  0.01  0.48852629707447415  -0.005879962871238556  0.797138327404816  13.930455077584368  13.930455077584368  1.0  0.69  0.227  0.083  0.747  0.253  0.747  0.253  True
1  3.5  1.75  0.01  0.01  0.24781090861567967  0.6250058372224767  1.0579993860235084  13.844828236070066  13.844828236070066  1.0  0.66  0.247  0.093  0.747  0.253  0.747  0.253  True
1  3.5  1.75  0.01  0.01  0.4151160938194256  0.1116765097377599  0.4335570835915262  14.115143976232277  14.115143976232277  1.0  0.671  0.241  0.088  0.747  0.253  0.747  0.253  True
1  3.5  1.75  0.01  0.01  0.4598709486554981  -0.05243706668781553  0.413420433518861  14.126133153137062  14.126133153137062  1.0  0.672  0.242  0.086  0.747  0.253  0.747  0.253  True
1  3.5  1.75  0.01  0.01  0.3712863680248376  0.42515943085551544  1.0028354409114122  13.855828150552414  13.855828150552414  1.0  0.691  0.221  0.087  0.747  0.253  0.747  0.253  True
1  3.5  1.75  0.01  0.01  0.42646106806241557  0.055007691512537656  0.4030243544049287  14.119263708768148  14.119263708768148  1.0  0.67  0.242  0.088  0.747  0.253  0.747  0.253  True
1  3.5  1.75  0.01  0.01  0.16449511903310687  0.9549720982505177  1.0720466294733257  13.832539094402309  13.832539094402309  1.0  0.664  0.244  0.092  0.747  0.253  0.747  0.253  True
1  3.5  1.75  0.01  0.01  0.36364246954131474  0.28885491503858063  0.4436473881838488  14.110839895002224  14.110839895002224  1.0  0.67  0.24  0.09  0.747  0.253  0.747  0.253  True
1  3.5  1.75  0.01  0.01  0.4416953438554244  0.18536574652189824  0.9273631610569414  13.886720802479632  13.886720802479632  1.0  0.694  0.222  0.085  0.747  0.253  0.747  0.253  True
1  3.5  1.75  0.01  0.01  0.546048984479003  -0.14499565449372454  0.8929658819765205  13.949146721563338  13.949146721563338  1.0  0.7  0.221  0.079  0.747  0.253  0.747  0.253  True
1  3.5  1.75  0.01  0.01  0.3320884246936915  0.38466690087463307  0.47300649482162843  14.111489914322503  14.111489914322503  1.0  0.667  0.242  0.091  0.747  0.253  0.747  0.253  True
1  3.5  1.75  0.01  0.01  0.42272906106688307  0.0750470455391482  0.42309846375900756  14.116873981475187  14.116873981475187  1.0  0.671  0.241  0.088  0.747  0.253  0.747  0.253  True
1  3.5  1.75  0.01  0.01  0.19718930804282125  0.6049941053422125  0.41399848256634425  14.143969526029535  14.143969526029535  1.0  0.631  0.271  0.097  0.747  0.253  0.747  0.253  True
1  3.5  1.75  0.01  0.01  0.32770852256736915  0.4049999518545666  0.46399510561978036  14.11186785029704  14.11186785029704  1.0  0.667  0.242  0.091  0.747  0.253  0.747  0.253  True
0  3.5  1.75  0.01  0.01  0.5493604620376364  -0.06238979742538623  0.5301727304686453  13.986608973586861  13.986608973586861  1.0  0.712  0.211  0.078  0.775  0.225  0.775  0.225  True
0  3.5  1.75  0.01  0.01  0.5085628449371671  0.2540770348298399  0.9888793253443638  14.106894875109663  14.106894875109663  1.0  0.731  0.192  0.077  0.775  0.225  0.775  0.225  True
0  3.5  1.75  0.01  0.01  0.5131448814138215  0.16023649004117957  0.8332152643207554  13.961913546346848  13.961913546346848  1.0  0.722  0.199  0.078  0.775  0.225  0.775  0.225  True
0  3.5  1.75  0.01  0.01  0.5634418798024454  -0.12359798156872057  0.5001637866025326  13.983227649886492  13.983227649886492  1.0  0.71  0.212  0.077  0.775  0.225  0.775  0.225  True
0  3.5  1.75  0.01  0.01  0.5347167428404782  -0.027009553215460544  0.5007683954673604  13.987702783905656  13.987702783905656  1.0  0.709  0.212  0.079  0.775  0.225  0.775  0.225  True
0  3.5  1.75  0.01  0.01  0.550245430339076  -0.0999921108938284  0.46054718777766473  13.986789752783753  13.986789752783753  1.0  0.707  0.215  0.078  0.775  0.225  0.775  0.225  True
0  3.5  1.75  0.01  0.01  0.5538350690100188  -0.09377239459745865  0.5004174296036963  13.984432313511078  13.984432313511078  1.0  0.71  0.212  0.078  0.775  0.225  0.775  0.225  True
0  3.5  1.75  0.01  0.01  0.6177163503174918  -0.0739843147818327  0.9520897911711612  14.044357315990533  14.044357315990533  1.0  0.74  0.189  0.071  0.775  0.225  0.775  0.225  True
0  3.5  1.75  0.01  0.01  0.4795727090597671  0.15135855662167091  0.5103662832790068  14.003664956911628  14.003664956911628  1.0  0.706  0.212  0.082  0.775  0.225  0.775  0.225  True
0  3.5  1.75  0.01  0.01  0.5046778028530083  0.1823792939524259  0.8231039593939091  13.96115321925779  13.96115321925779  1.0  0.721  0.2  0.079  0.775  0.225  0.775  0.225  True
0  3.5  1.75  0.01  0.01  0.613272123249472  -0.2789508429086599  0.4903613535966023  13.981240236266519  13.981240236266519  1.0  0.713  0.213  0.074  0.775  0.225  0.775  0.225  True
0  3.5  1.75  0.01  0.01  0.5266631072097397  -0.020584841133027956  0.47082214692025276  13.990851710285094  13.990851710285094  1.0  0.706  0.214  0.08  0.775  0.225  0.775  0.225  True
0  3.5  1.75  0.01  0.01  0.532183669880747  0.1334662871152767  0.8836921364837014  13.98242775223884  13.98242775223884  1.0  0.727  0.196  0.077  0.775  0.225  0.775  0.225  True
0  3.5  1.75  0.01  0.01  0.6035077709699171  -0.2480529889501702  0.49014050026772804  13.981041004332493  13.981041004332493  1.0  0.712  0.213  0.075  0.775  0.225  0.775  0.225  True
0  3.5  1.75  0.01  0.01  0.5572324799847277  -0.09235694465388401  0.5200902313333005  13.984763440609157  13.984763440609157  1.0  0.711  0.211  0.077  0.775  0.225  0.775  0.225  True
0  3.5  1.75  0.01  0.01  0.4495270585845688  0.2634906455407598  0.54064864260842  14.017030233506336  14.017030233506336  1.0  0.706  0.211  0.083  0.775  0.225  0.775  0.225  True
0  3.5  1.75  0.01  0.01  0.48735952313599873  0.15497989586205324  0.560000962111638  14.004472955200741  14.004472955200741  1.0  0.71  0.21  0.081  0.775  0.225  0.775  0.225  True
0  3.5  1.75  0.01  0.01  0.5109602997339726  0.05183786193757289  0.5105846850630289  13.993368748959425  13.993368748959425  1.0  0.708  0.212  0.08  0.775  0.225  0.775  0.225  True
0  3.5  1.75  0.01  0.01  0.5690113027016015  -0.11025423223166778  0.550537514332325  13.987551130774062  13.987551130774062  1.0  0.714  0.209  0.077  0.775  0.225  0.775  0.225  True
0  3.5  1.75  0.01  0.01  0.5030494807857646  0.07581662196880576  0.5206652477330441  13.99582169624794  13.99582169624794  1.0  0.708  0.212  0.08  0.775  0.225  0.775  0.225  True
0  3.5  1.75  0.01  0.01  0.4405884659942719  0.2539039455814085  0.45073892462030396  14.028112029447042  14.028112029447042  1.0  0.701  0.215  0.084  0.775  0.225  0.775  0.225  True
0  3.5  1.75  0.01  0.01  0.46663675321083853  0.09499658022905569  0.3207541999220499  14.045223593438253  14.045223593438253  1.0  0.693  0.224  0.084  0.775  0.225  0.775  0.225  True
0  3.5  1.75  0.01  0.01  0.4235766501080124  0.36388215328913076  0.5801773631864658  14.03453870503757  14.03453870503757  1.0  0.707  0.21  0.084  0.775  0.225  0.775  0.225  True
0  3.5  1.75  0.01  0.01  0.5708722533470219  -0.11285436991192262  0.5605959085772214  13.989557729084138  13.989557729084138  1.0  0.715  0.209  0.076  0.775  0.225  0.775  0.225  True
0  3.5  1.75  0.01  0.01  0.5975304037911567  -0.21974223719628191  0.510051272181792  13.981739007508397  13.981739007508397  1.0  0.713  0.212  0.075  0.775  0.225  0.775  0.225  True
0  3.5  1.75  0.01  0.01  0.46473101671356615  0.28987566800871273  0.8033146840077706  13.972388827464012  13.972388827464012  1.0  0.716  0.203  0.081  0.775  0.225  0.775  0.225  True
0  3.5  1.75  0.01  0.01  0.6550680368705928  -0.2600355020882335  0.8125161475984178  13.939015166142605  13.939015166142605  1.0  0.733  0.197  0.07  0.775  0.225  0.775  0.225  True
0  3.5  1.75  0.01  0.01  0.5189328639756949  0.033052911528706284  0.5204975073944571  13.991594605379177  13.991594605379177  1.0  0.709  0.211  0.08  0.775  0.225  0.775  0.225  True
0  3.5  1.75  0.01  0.01  0.5462692291629208  -0.035047458765486116  0.5501105628921695  13.989687827693704  13.989687827693704  1.0  0.713  0.209  0.078  0.775  0.225  0.775  0.225  True
0  3.5  1.75  0.01  0.01  0.5042291342085762  0.39499918616936247  0.8033878280977986  13.995901372099437  13.995901372099437  1.0  0.745  0.179  0.075  0.775  0.225  0.775  0.225  True
1  3.5  1.75  0.01  0.01  0.46820555525074875  0.13670350050414576  0.9929476623058117  13.904175186322314  13.904175186322314  1.0  0.7  0.217  0.083  0.747  0.253  0.747  0.253  True
1  3.5  1.75  0.01  0.01  0.4379907102498378  0.018428769941997103  0.40371902838893203  14.121439732478079  14.121439732478079  1.0  0.67  0.242  0.087  0.747  0.253  0.747  0.253  True
1  3.5  1.75  0.01  0.01  0.51264371527783  -0.034997487627497506  0.8670111623475426  13.925091564260644  13.925091564260644  1.0  0.699  0.22  0.081  0.747  0.253  0.747  0.253  True
1  3.5  1.75  0.01  0.01  0.4631587968747475  -0.07044883772840649  0.39330841694893226  14.128675003432235  14.128675003432235  1.0  0.671  0.243  0.086  0.747  0.253  0.747  0.253  True
1  3.5  1.75  0.01  0.01  0.4391713837812562  0.01846213192649395  0.4135164920754328  14.12080517263601  14.12080517263601  1.0  0.671  0.242  0.087  0.747  0.253  0.747  0.253  True
1  3.5  1.75  0.01  0.01  0.4892774763663563  0.027127744699320187  0.8879660273849841  13.913673791723529  13.913673791723529  1.0  0.696  0.222  0.083  0.747  0.253  0.747  0.253  True
1  3.5  1.75  0.01  0.01  0.45063220608288995  -0.014999796177070434  0.40398550370395514  14.123410475316783  14.123410475316783  1.0  0.672  0.241  0.087  0.747  0.253  0.747  0.253  True
1  3.5  1.75  0.01  0.01  0.3569616451997889  0.31907895716227574  0.46361314300298406  14.110498320451647  14.110498320451647  1.0  0.671  0.239  0.09  0.747  0.253  0.747  0.253  True
1  3.5  1.75  0.01  0.01  0.455683207100287  0.07703097529537008  0.7724653507581233  13.9265469274038  13.9265469274038  1.0  0.686  0.229  0.085  0.747  0.253  0.747  0.253  True
1  3.5  1.75  0.01  0.01  0.45985890335470225  -0.054108349731549335  0.413875039390097  14.126133153233756  14.126133153233756  1.0  0.672  0.242  0.086  0.747  0.253  0.747  0.253  True
1  3.5  1.75  0.01  0.01  0.3652129812774727  0.25163342605194533  0.3431468491335922  14.132069361729098  14.132069361729098  1.0  0.665  0.244  0.091  0.747  0.253  0.747  0.253  True
1  3.5  1.75  0.01  0.01  0.4278726400206516  0.029570226658701605  0.34333786472014965  14.131379840579363  14.131379840579363  1.0  0.667  0.245  0.088  0.747  0.253  0.747  0.253  True
1  3.5  1.75  0.01  0.01  0.46281785874489323  0.12094752478811123  0.9124989925978043  13.898204006434696  13.898204006434696  1.0  0.695  0.222  0.084  0.747  0.253  0.747  0.253  True
1  3.5  1.75  0.01  0.01  0.38327621308128745  0.2259861092664845  0.46369542470569547  14.11154666372896  14.11154666372896  1.0  0.671  0.239  0.089  0.747  0.253  0.747  0.253  True
1  3.5  1.75  0.01  0.01  0.3964717073037509  0.16839608453372307  0.4233375847535958  14.11346022093073  14.11346022093073  1.0  0.67  0.241  0.089  0.747  0.253  0.747  0.253  True
1  3.5  1.75  0.01  0.01  0.46921767427803085  0.003249053258236774  0.6871742968928811  13.960542516323564  13.960542516323564  1.0  0.682  0.233  0.085  0.747  0.253  0.747  0.253  True
1  3.5  1.75  0.01  0.01  0.44806861328644654  -0.007922300250570766  0.41366900437342796  14.12290605954553  14.12290605954553  1.0  0.671  0.242  0.087  0.747  0.253  0.747  0.253  True
1  3.5  1.75  0.01  0.01  0.502193478455301  -0.22797515085544157  0.33325124749499796  14.151166753391779  14.151166753391779  1.0  0.668  0.248  0.084  0.747  0.253  0.747  0.253  True
1  3.5  1.75  0.01  0.01  0.47388640737925325  0.10920315753565246  0.96245275039766  13.903777447849949  13.903777447849949  1.0  0.698  0.219  0.083  0.747  0.253  0.747  0.253  True
1  3.5  1.75  0.01  0.01  0.5676777698634088  -0.28499399402266173  0.7470600528536648  13.983497677510872  13.983497677510872  1.0  0.692  0.229  0.079  0.747  0.253  0.747  0.253  True
1  3.5  1.75  0.01  0.01  0.5526381590012488  -0.39963742670601365  0.3337283293379388  14.173161979669514  14.173161979669514  1.0  0.669  0.25  0.081  0.747  0.253  0.747  0.253  True
1  3.5  1.75  0.01  0.01  0.5115940803280219  -0.024793243154498185  0.9209245594279156  13.925409384290443  13.925409384290443  1.0  0.699  0.22  0.081  0.747  0.253  0.747  0.253  True
1  3.5  1.75  0.01  0.01  0.46254345017280907  0.10857745650670357  0.8875969926190928  13.900602364905243  13.900602364905243  1.0  0.693  0.223  0.084  0.747  0.253  0.747  0.253  True
1  3.5  1.75  0.01  0.01  0.3091352493426661  0.4249871881072542  0.7179899979074653  13.940605702737264  13.940605702737264  1.0  0.661  0.247  0.092  0.747  0.253  0.747  0.253  True
1  3.5  1.75  0.01  0.01  0.43161641556022723  0.05227584167873667  0.4236017161558184  14.118573425384506  14.118573425384506  1.0  0.671  0.241  0.088  0.747  0.253  0.747  0.253  True
1  3.5  1.75  0.01  0.01  0.5094249609040187  -0.24279708180491677  0.36345252618825724  14.1483713224361  14.1483713224361  1.0  0.67  0.246  0.084  0.747  0.253  0.747  0.253  True
1  3.5  1.75  0.01  0.01  0.47327330641368326  -0.11499969736460014  0.41303881714062995  14.131901684489305  14.131901684489305  1.0  0.67  0.244  0.086  0.747  0.253  0.747  0.253  True
1  3.5  1.75  0.01  0.01  0.4456559129969436  0.1207618189375406  0.7925741822827417  13.917213697313393  13.917213697313393  1.0  0.687  0.228  0.085  0.747  0.253  0.747  0.253  True
1  3.5  1.75  0.01  0.01  0.3891403942603261  0.21256217722997073  0.4630295996508835  14.112137978019314  14.112137978019314  1.0  0.672  0.239  0.089  0.747  0.253  0.747  0.253  True
1  3.5  1.75  0.01  0.01  0.4857810320273006  -0.15966143635451224  0.3639689180983573  14.139716026271318  14.139716026271318  1.0  0.67  0.245  0.085  0.747  0.253  0.747  0.253  True
