0.946118316   0.048325461   0.008007959605394353
0.946118316   0.048325461   0.008007959605394353
0.946118316   0.048325461   0.008007959605394353
0.9592588481666666   0.04738579925833336   0.008156255153642399
0.9592588481666666   0.04738579925833336   0.008156255153642399
0.9592588481666666   0.04738579925833336   0.008156255153642399
0.9637850314685186   0.04448478007175932   0.008889494253313288
0.9637850314685186   0.04448478007175932   0.008889494253313288
0.9637850314685186   0.04448478007175932   0.008889494253313288
0.9642446797130315   0.042423435104663995   0.00909790137153019
0.9642446797130315   0.042423435104663995   0.00909790137153019
0.9642446797130315   0.042423435104663995   0.00909790137153019
0.9642446797130315   0.042423435104663995   0.00909790137153019
0.9535590096522459   0.040247146429843755   0.009901647614962795
0.9535590096522459   0.040247146429843755   0.009901647614962795
0.9535590096522459   0.040247146429843755   0.009901647614962795
0.9535595845370834   0.04269067187471664   0.009401174252037462
0.9484720478269573   0.040701229115009174   0.010118205435950982
0.9484720478269573   0.040701229115009174   0.010118205435950982
0.9510155287396016   0.040474187772426465   0.010009926525456889
0.9510155287396016   0.040474187772426465   0.010009926525456889
0.9546350478396926   0.03934435584879234   0.010313273229220911
0.9546350478396926   0.03934435584879234   0.010313273229220911
0.9546350478396926   0.03934435584879234   0.010313273229220911
0.9582058391423356   0.03950205032305838   0.010112387276873806
0.9582058391423356   0.03950205032305838   0.010112387276873806
0.9582058391423356   0.03950205032305838   0.010112387276873806
0.9582058391423356   0.03950205032305838   0.010112387276873806
0.9582058391423356   0.03950205032305838   0.010112387276873806
0.9582058391423356   0.03950205032305838   0.010112387276873806
0.9571870509900711   0.039460378701607915   0.010206085919987895
0.9571870509900711   0.039460378701607915   0.010206085919987895
0.9573687801636617   0.039563925812065234   0.010166495731556865
0.9573687801636617   0.039563925812065234   0.010166495731556865
0.9577673385250142   0.03947437146289594   0.01018371384148559
0.9574282140987496   0.03948581162217685   0.010186489571675297
0.957696728598042   0.039501736326161094   0.010164684905975782
0.9574997702854651   0.039525616141238264   0.010172395918967878
0.9576544547595498   0.03948937974637734   0.010179118653512622
0.9576544547595498   0.03948937974637734   0.010179118653512622
0.9576278350270597   0.039502649896580574   0.010170807887109147
0.9576278350270597   0.039502649896580574   0.010170807887109147
0.9575667979584387   0.03949831254663129   0.010177026559831931
0.9575667979584387   0.03949831254663129   0.010177026559831931
