2.5  1.75  0.01  0.01  0.7803115794433697  -0.8190940820887056  2.0844134157259857  19.855887642311686  17.266670110302943  1.0  0.626  0.374  0.0  0.755  0.245  0.8  0.2
2.0  1.5  0.01  0.01  0.08879532617809548  0.888891660781775  2.141490586147109  19.834595384215163  23.022094679730902  1.0  0.752  0.247  0.0  0.772  0.228  0.725  0.275
----------------------------------------------------------------------------
2.0  1.0  0.01  0.01  0.3635346783142861  -0.4845453576985186  0.5359445395061863  14.834496194704684  14.451098505412602  1.0  0.705  0.29  0.006  0.766  0.234  0.75  0.25
3.0  1.0  0.01  0.01  0.6983217969120643  -0.40753761407775224  2.5119777286726532  30.731983282096024  25.184340381041352  1.0  0.966  0.026  0.008  0.766  0.234  0.75  0.25
2.0  1.5  0.01  0.01  0.06408003439359591  0.8363597188275327  0.8282212166970179  16.719021783975364  16.021382221183213  1.0  0.732  0.268  0.0  0.772  0.228  0.725  0.275
3.0  2.0  0.01  0.01  0.38224160315990985  0.2605914750272229  1.1876874257371737  15.07682913244905  15.034100849078575  1.0  0.68  0.32  0.0  0.766  0.234  0.75  0.25
4.5  2.75  0.01  0.01  0.6908059549001404  -0.08903651959778136  1.0238433229458401  14.82392312621936  15.092798159915997  1.0  0.685  0.314  0.001  0.766  0.234  0.75  0.25
3.5  1.25  0.01  0.01  0.4793209061415409  0.05747971878188052  0.9290905190905974  14.98608121952292  14.811094211586735  1.0  0.86  0.095  0.044  0.766  0.234  0.75  0.25
3.0  1.5  0.01  0.01  0.9441439554475324  -0.9546461367643899  2.089216158195006  20.7079099353257  19.827453183815333  1.0  0.827  0.172  0.001  0.772  0.228  0.725  0.275
2.5  1.75  0.01  0.01  0.49901097437416925  -0.773620842644368  0.5044852493591205  16.26840609091523  15.221659506386695  1.0  0.537  0.462  0.0  0.777  0.223  0.7  0.3
2.5  1.25  0.01  0.01  0.4146781418835251  -0.19559021898461482  0.9566340641385779  14.552134070702085  14.608348921186812  1.0  0.755  0.239  0.006  0.766  0.234  0.75  0.25
5.0  2.0  0.01  0.01  0.8466769014394381  -0.33651424638765715  0.8445886165175616  14.595378983354804  15.123139177878219  1.0  0.856  0.124  0.021  0.783  0.217  0.675  0.325
3.5  2.25  0.01  0.01  0.6454451492892427  -0.6385794799727946  0.8642064542840564  15.207904021064179  15.044939870186315  1.0  0.623  0.377  0.0  0.761  0.239  0.775  0.225
2.0  0.5  0.01  0.01  0.4044339391183393  -0.5873950226302249  0.4324635497133979  16.263570397664065  17.12683997525162  1.0  0.973  0.01  0.017  0.783  0.217  0.675  0.325
3.5  1.75  0.01  0.01  0.6259654731142301  0.07913051675190386  2.5248647014770484  27.742551101616666  21.095027888730193  1.0  0.812  0.183  0.005  0.755  0.245  0.8  0.2
4.5  2.25  0.01  0.01  0.4601663945936637  0.5267238272692987  0.645155228625297  14.828290695132123  14.744154809827682  1.0  0.738  0.253  0.009  0.766  0.234  0.75  0.25
2.5  0.75  0.01  0.01  0.10995211716023597  0.9836577999356229  2.21616812943503  24.501486155110936  23.49410923763289  1.0  0.761  0.095  0.144  0.766  0.234  0.75  0.25
4.0  2.5  0.01  0.01  0.4714364946902012  0.8833268142773667  2.237244926226659  21.407879915554187  20.396596007727055  1.0  0.743  0.256  0.001  0.761  0.239  0.775  0.225
4.5  1.75  0.01  0.01  1.0513320566065532  -0.8680082907838604  1.8623298218423001  18.294760730245883  20.65253432583236  1.0  0.912  0.08  0.008  0.75  0.25  0.825  0.175
4.0  2.0  0.01  0.01  0.6416821636879905  -0.2988269904266585  0.8261397244914506  14.550998381995782  14.902932871792  1.0  0.748  0.245  0.006  0.766  0.234  0.75  0.25
5.0  3.0  0.01  0.01  0.6139974962191372  0.38212227351536665  1.2324176819262693  14.787662412236962  14.510931039535716  1.0  0.698  0.301  0.001  0.75  0.25  0.825  0.175
4.0  1.5  0.01  0.01  0.5595634747037734  -0.08352638572855997  0.49174977862328834  14.73256717371289  15.107951200142825  1.0  0.841  0.121  0.038  0.783  0.217  0.675  0.325
5.5  2.25  0.01  0.01  0.6615328116145459  0.2300191144477144  0.7707932554612138  14.728199102613683  14.489645034186736  1.0  0.798  0.171  0.031  0.761  0.239  0.775  0.225
6.0  3.5  0.01  0.01  1.2302271233038327  0.02857335375635639  2.3503322759107044  24.048967764394988  18.672819474714384  1.0  0.771  0.228  0.001  0.766  0.234  0.75  0.25
5.5  3.25  0.01  0.01  0.8628512268160639  -0.5029923140722863  0.5936129784420116  15.054579574291873  15.364180066052308  1.0  0.669  0.33  0.001  0.772  0.228  0.725  0.275
5.0  2.5  0.01  0.01  0.39289892827137846  0.9062885779582699  0.5268348564095575  14.994502846667734  14.77743267444859  1.0  0.727  0.264  0.01  0.755  0.245  0.8  0.2
6.0  2.5  0.01  0.01  0.9809644088032593  0.0507856389963961  1.651143969554505  17.23604310451087  14.630051643650441  1.0  0.855  0.127  0.018  0.75  0.25  0.825  0.175
5.5  2.75  0.01  0.01  0.7224415194194681  0.9065427835902027  2.328862126212604  22.986813222372792  23.32852255175404  1.0  0.8  0.193  0.007  0.766  0.234  0.75  0.25
6.0  3.0  0.01  0.01  0.7859891107312159  -0.15975573148383782  0.49320467191539713  14.854115049200567  14.588867238769883  1.0  0.724  0.269  0.008  0.766  0.234  0.75  0.25
-------------------------------------------------------------------------------------------------------------------------------------------------------------------------------
2.0  0.5  0.01  0.01  0.4321495400105577  -0.22337042090678638  1.6873064040903352  21.48134570751618  22.110505994306273  1.0  0.992  0.002  0.006  0.772  0.228  0.725  0.275
2.0  0.5  0.01  0.01  0.42173606211003806  -0.06688316333057442  2.3948328982607743  30.535043078207874  34.40170337655367  1.0  0.993  0.001  0.006  0.761  0.239  0.775  0.225
2.0  0.5  0.01  0.01  0.4417421625565926  -0.29755374155642644  1.696029357654114  21.84359677463231  22.122622626872488  1.0  0.992  0.002  0.005  0.755  0.245  0.8  0.2
2.0  0.5  0.01  0.01  0.034717517080252405  0.9380875006279834  0.9299145222367488  17.045113284002245  16.955435632359517  1.0  0.665  0.077  0.258  0.766  0.234  0.75  0.25
2.0  0.5  0.01  0.01  0.31649346327532507  -0.13304363594636137  0.8944325246041466  16.790822815725026  17.049652231386393  1.0  0.95  0.008  0.042  0.761  0.239  0.775  0.225
2.0  0.5  0.01  0.01  0.1341196343925405  0.5849957895343991  0.990913823355542  16.988835576844252  16.435775500126944  1.0  0.792  0.032  0.176  0.766  0.234  0.75  0.25
2.0  0.5  0.01  0.01  0.19370169496720716  0.23891541623266854  0.3887562285229158  16.057535810289036  16.52905505025707  1.0  0.842  0.023  0.135  0.766  0.234  0.75  0.25
2.0  0.5  0.01  0.01  0.20104256997446973  0.21055974386934917  0.4029243015496481  16.12035241213448  16.262620968101654  1.0  0.849  0.022  0.129  0.766  0.234  0.75  0.25
2.0  0.5  0.01  0.01  0.6052961478821967  -0.47746989427776976  2.081761863143617  27.694594238281862  28.284712277226117  1.0  0.999  0.001  0.0  0.772  0.228  0.725  0.275
2.0  0.5  0.01  0.01  0.1161279745339008  0.6755893487844797  1.696271881692997  20.344075549699916  20.10284597260421  1.0  0.777  0.036  0.187  0.755  0.245  0.8  0.2
2.0  1.0  0.01  0.01  0.5162231864797665  -0.2882896029281543  2.688831496613289  32.055257839859024  24.29470256244853  1.0  0.842  0.156  0.002  0.766  0.234  0.75  0.25
2.0  1.0  0.01  0.01  0.31394457067215203  0.14383894792868213  1.6117497172712072  16.34472086375413  14.548522911287114  1.0  0.8  0.193  0.006  0.772  0.228  0.725  0.275
2.0  1.0  0.01  0.01  0.4504620706120219  -0.851095389895586  0.5738407102719045  14.915041396328466  14.766156300279974  1.0  0.663  0.333  0.004  0.745  0.255  0.85  0.15
2.0  1.0  0.01  0.01  0.030818345519497983  0.9853113110521545  0.6164474095400344  15.488306509505412  15.57395371512867  1.0  0.764  0.227  0.009  0.777  0.223  0.7  0.3
2.0  1.0  0.01  0.01  0.1252567816110479  0.6900055023777285  1.5961979009890774  16.433761192357142  14.473675494287164  1.0  0.769  0.222  0.009  0.766  0.234  0.75  0.25
2.0  1.0  0.01  0.01  0.15981840625066482  0.3944734308610236  0.5033238759273435  15.016132016940972  14.819030425692358  1.0  0.734  0.256  0.01  0.766  0.234  0.75  0.25
2.0  1.0  0.01  0.01  0.5727213473116219  -0.45813959365012424  1.9359102185978665  17.46177547629895  21.917825568744355  1.0  0.838  0.161  0.002  0.788  0.212  0.65  0.35
2.0  1.0  0.01  0.01  0.599615648177877  -0.6704974201675942  1.8709480690670646  17.775820542344498  18.226816317393176  1.0  0.805  0.194  0.001  0.761  0.239  0.775  0.225
2.0  1.0  0.01  0.01  0.45135902996820637  -0.22282556597158631  1.743891777952589  16.44401688466511  18.711241202479208  1.0  0.82  0.176  0.003  0.772  0.228  0.725  0.275
2.0  1.0  0.01  0.01  0.6054728605287504  -0.988449425718511  1.3938930317768807  15.491109781003361  15.022481793192622  1.0  0.714  0.285  0.001  0.745  0.255  0.85  0.15
2.0  1.5  0.01  0.01  0.309034473746127  0.05205209887063167  1.3252670194406737  15.48237501226749  15.272736992995618  1.0  0.646  0.354  0.0  0.772  0.228  0.725  0.275
2.0  1.5  0.01  0.01  0.5469745219659556  -0.6035558251497977  1.4910041103768448  15.913771025619697  15.413566290026603  1.0  0.578  0.422  0.0  0.788  0.212  0.65  0.35
2.0  1.5  0.01  0.01  0.6094059171358307  -0.7595941908177373  1.8095326875686917  18.497116954328728  14.1694334946777  1.0  0.555  0.445  0.0  0.783  0.217  0.675  0.325
2.0  1.5  0.01  0.01  0.4186377352931813  -0.7247164273103275  0.38436530101760974  16.979918239973685  15.955860747785227  1.0  0.491  0.509  0.0  0.783  0.217  0.675  0.325
2.0  1.5  0.01  0.01  0.11844379812122063  0.7028547199945838  0.9238068876492619  16.20168120266037  16.792587184189617  1.0  0.719  0.281  0.0  0.783  0.217  0.675  0.325
2.0  1.5  0.01  0.01  0.5287220474768212  -0.3454009635819655  2.45041173453243  25.73567947434195  16.65038311733577  1.0  0.638  0.362  0.0  0.766  0.234  0.75  0.25
2.0  1.5  0.01  0.01  0.05341252618902625  0.8353023794212482  0.6445827811560861  16.690906152493486  17.6104884216514  1.0  0.728  0.272  0.0  0.761  0.239  0.775  0.225
2.0  1.5  0.01  0.01  0.4952956361249717  -0.9379421463270552  0.8142380259219673  16.339637879121717  16.564951033284324  1.0  0.453  0.547  0.0  0.734  0.266  0.9  0.1
2.0  1.5  0.01  0.01  0.5376892930646965  -0.7491258145457234  1.2270482932401363  15.78954032780567  15.456121292640438  1.0  0.53  0.47  0.0  0.783  0.217  0.675  0.325
2.0  1.5  0.01  0.01  0.20282673373625548  0.4324331617965018  2.15886631171945  21.794693075953884  16.237971314127623  1.0  0.69  0.31  0.0  0.75  0.25  0.825  0.175
2.5  0.75  0.01  0.01  0.28368366546435153  0.274916721547545  0.6850439103186965  15.32914368633433  16.00677426836397  1.0  0.868  0.048  0.084  0.783  0.217  0.675  0.325
2.5  0.75  0.01  0.01  0.20578023414514673  0.7396525288341798  1.6235576471400899  18.31469600798477  16.86475192270069  1.0  0.842  0.055  0.103  0.772  0.228  0.725  0.275
2.5  0.75  0.01  0.01  0.5288450156354509  -0.45685360337920944  1.2473385974689444  16.639004708603437  16.234049979467663  1.0  0.965  0.021  0.014  0.761  0.239  0.775  0.225
2.5  0.75  0.01  0.01  0.13490645297240922  0.8281040411468352  0.5431680528533991  15.517295655646535  16.04158439064406  1.0  0.769  0.09  0.141  0.777  0.223  0.7  0.3
2.5  0.75  0.01  0.01  0.44566817572392936  -0.10403334730452163  1.6048618805729025  18.39439996313913  19.264841589349015  1.0  0.952  0.021  0.027  0.755  0.245  0.8  0.2
2.5  0.75  0.01  0.01  0.5419938869954853  -0.7692139757561891  0.8575091355603167  15.846158726389609  15.904985140142788  1.0  0.95  0.035  0.015  0.755  0.245  0.8  0.2
2.5  0.75  0.01  0.01  0.1776239446227064  0.6431509525625283  0.4328477755390074  15.388990550157214  15.951731815079977  1.0  0.794  0.077  0.128  0.777  0.223  0.7  0.3
2.5  0.75  0.01  0.01  0.4834140180830433  -0.6246469800597629  0.5664842882069256  15.43922384435413  15.66330004231049  1.0  0.936  0.038  0.026  0.772  0.228  0.725  0.275
2.5  0.75  0.01  0.01  0.11947726685698437  0.8948414545919925  1.4546711364204632  17.19196272105964  17.013434028893933  1.0  0.758  0.096  0.146  0.755  0.245  0.8  0.2
2.5  0.75  0.01  0.01  0.647487100933595  -0.7586550075657261  1.5556084724503596  18.289255168151026  21.885094554033895  1.0  0.978  0.018  0.004  0.761  0.239  0.775  0.225
2.5  1.25  0.01  0.01  0.5715994855979271  -0.9940724025807612  0.6702339630359486  14.815050168730036  14.817102010861195  1.0  0.686  0.311  0.003  0.761  0.239  0.775  0.225
2.5  1.25  0.01  0.01  0.32278615076766176  0.09708153771223205  0.958795604043889  14.598126506244505  14.578366026267346  1.0  0.749  0.243  0.008  0.761  0.239  0.775  0.225
2.5  1.25  0.01  0.01  0.33010175034414835  0.10371996617721235  1.0046232458244873  14.52849235072204  14.804739554782063  1.0  0.753  0.239  0.008  0.755  0.245  0.8  0.2
2.5  1.25  0.01  0.01  0.6479459861306371  -0.6183338715417901  2.0037216185601716  19.336522508914573  16.098037218454138  1.0  0.802  0.196  0.002  0.745  0.255  0.85  0.15
2.5  1.25  0.01  0.01  0.6338994193066307  -0.6016236658947876  1.679085449524196  17.108278084431543  14.73599028106421  1.0  0.799  0.198  0.002  0.755  0.245  0.8  0.2
2.5  1.25  0.01  0.01  0.1468883406450724  0.6628283589137833  0.5488674242701393  15.007798977733367  15.244591993720272  1.0  0.729  0.261  0.01  0.75  0.25  0.825  0.175
2.5  1.25  0.01  0.01  0.2996414494464365  0.013806575318282555  0.5028290375019596  14.820913728481143  14.777652469339802  1.0  0.719  0.272  0.009  0.75  0.25  0.825  0.175
2.5  1.25  0.01  0.01  0.24349327786587335  0.21573129381600853  0.47290097654207597  14.86824190028743  14.99180350759194  1.0  0.718  0.273  0.01  0.745  0.255  0.85  0.15
2.5  1.25  0.01  0.01  0.4818955203733098  0.10138961306439676  2.6500352578586024  29.56929878512023  32.18850627767987  1.0  0.834  0.161  0.004  0.772  0.228  0.725  0.275
2.5  1.25  0.01  0.01  0.5470981246266152  -0.5700106397091349  1.1670565905260648  14.58553624189879  14.675206828879121  1.0  0.762  0.234  0.004  0.783  0.217  0.675  0.325
2.5  1.75  0.01  0.01  0.2642478879813812  0.3819229426130326  1.2598420515304856  15.137506432242844  15.76218853146248  1.0  0.678  0.322  0.0  0.75  0.25  0.825  0.175
2.5  1.75  0.01  0.01  0.5373719742694538  -0.8413118360467631  0.5675855085847756  16.069834359858937  15.86108624888234  1.0  0.535  0.465  0.0  0.777  0.223  0.7  0.3
2.5  1.75  0.01  0.01  0.14347031274922833  0.6087802828310045  0.40989252435620005  16.421344708597577  16.097498426756225  1.0  0.675  0.324  0.0  0.745  0.255  0.85  0.15
2.5  1.75  0.01  0.01  0.11628936396929321  0.9956473034175186  1.198533467962716  15.814250764439738  15.109174905482192  1.0  0.738  0.262  0.0  0.783  0.217  0.675  0.325
2.5  1.75  0.01  0.01  0.5264999782358585  -0.789174281766686  0.6605400942032317  15.922702541015644  15.800598409087689  1.0  0.543  0.457  0.0  0.766  0.234  0.75  0.25
2.5  1.75  0.01  0.01  0.13317050578637712  0.8343167217216862  0.5691073112318671  16.201412041133608  16.835310303975103  1.0  0.713  0.287  0.0  0.772  0.228  0.725  0.275
2.5  1.75  0.01  0.01  0.2649638790554096  0.4765818234450443  1.5627234600396567  16.083684990707855  16.37614944281416  1.0  0.696  0.304  0.0  0.766  0.234  0.75  0.25
2.5  1.75  0.01  0.01  0.24901269836402937  0.4652152682980515  1.2929468787405627  15.262488098576178  15.22679674376974  1.0  0.688  0.312  0.0  0.761  0.239  0.775  0.225
2.5  1.75  0.01  0.01  0.26662741089463726  0.13353327555180683  0.37777801071408257  16.11868986112816  16.5823005048729  1.0  0.632  0.368  0.0  0.75  0.25  0.825  0.175
2.5  1.75  0.01  0.01  0.46946432132745886  -0.3787948902820355  1.0430272358343253  15.389258918475667  15.26323208076656  1.0  0.61  0.389  0.0  0.766  0.234  0.75  0.25
3.0  1.0  0.01  0.01  0.4816634217078459  -0.05978331749832799  1.2351577947210186  15.47740617547833  16.279620239127933  1.0  0.91  0.054  0.036  0.761  0.239  0.775  0.225
3.0  1.0  0.01  0.01  0.4943348164147987  0.16661486673393733  2.0526099725920037  21.650130041072195  20.840819155769537  1.0  0.931  0.039  0.03  0.75  0.25  0.825  0.175
3.0  1.0  0.01  0.01  0.6622831317208357  -0.26303833966662005  2.1709421309617762  23.99137620182003  23.285965854866202  1.0  0.964  0.026  0.01  0.755  0.245  0.8  0.2
3.0  1.0  0.01  0.01  0.6155614649951089  -0.6068102931390473  1.2337375797774606  15.811319963206264  15.981961803635556  1.0  0.931  0.051  0.018  0.761  0.239  0.775  0.225
3.0  1.0  0.01  0.01  0.49892182753423603  -0.14748129680150068  1.0854607719073293  15.264152287831667  15.819181334885126  1.0  0.912  0.054  0.034  0.772  0.228  0.725  0.275
3.0  1.0  0.01  0.01  0.2516905050799314  0.8545797495384295  2.6702054305125595  32.28174281176126  32.6170043277329  1.0  0.835  0.086  0.079  0.755  0.245  0.8  0.2
3.0  1.0  0.01  0.01  0.48263639399818  -0.2533810620430268  0.7597131995114468  14.999003781225523  15.545676587863522  1.0  0.896  0.065  0.039  0.777  0.223  0.7  0.3
3.0  1.0  0.01  0.01  0.4785887463518082  -0.15379718856110025  1.0675952579481969  15.316113889357377  15.436782469850447  1.0  0.902  0.06  0.039  0.766  0.234  0.75  0.25
3.0  1.0  0.01  0.01  0.33023825667407225  0.46140546982458597  1.6586662334431534  18.32783302004213  15.112127466133632  1.0  0.857  0.076  0.067  0.745  0.255  0.85  0.15
3.0  1.0  0.01  0.01  0.3648770797598239  0.25397777347380535  0.7682124848788343  15.031985608140156  15.46198627540133  1.0  0.863  0.075  0.062  0.777  0.223  0.7  0.3
3.0  1.5  0.01  0.01  0.6426273209356733  -0.7992104200406509  0.8931467306660317  14.561084791877326  14.963124453957366  1.0  0.737  0.259  0.004  0.761  0.239  0.775  0.225
3.0  1.5  0.01  0.01  0.2416847149003557  0.7234994959527503  0.3697519069116641  15.029110847276252  15.619504516138289  1.0  0.754  0.237  0.009  0.788  0.212  0.65  0.35
3.0  1.5  0.01  0.01  0.19181477670023972  0.6542926281371622  0.5051259564818922  15.099126394174144  14.611829683697625  1.0  0.717  0.273  0.01  0.745  0.255  0.85  0.15
3.0  1.5  0.01  0.01  0.3633966581450744  0.28754782238394627  1.0648106388714758  14.616834992473205  14.474630187027554  1.0  0.759  0.233  0.008  0.772  0.228  0.725  0.275
3.0  1.5  0.01  0.01  0.2812187059973346  0.5011428839343226  0.7955484464268027  14.79058374688173  14.695513728417529  1.0  0.745  0.246  0.009  0.766  0.234  0.75  0.25
3.0  1.5  0.01  0.01  0.5821128968643267  -0.8791175817099353  0.476861852014252  14.825811554589325  14.810154326587215  1.0  0.695  0.3  0.005  0.761  0.239  0.775  0.225
3.0  1.5  0.01  0.01  0.6666455833670892  -0.6531127677858568  1.3896985835483096  14.734793414583718  15.575661765264698  1.0  0.772  0.225  0.004  0.766  0.234  0.75  0.25
3.0  1.5  0.01  0.01  0.4363165201911289  -0.25785543054020166  0.4648081748811133  14.82503459833445  14.68827639022723  1.0  0.72  0.272  0.007  0.766  0.234  0.75  0.25
3.0  1.5  0.01  0.01  0.5031760595609794  -0.6242905778238732  0.38365532573936706  14.787386364005322  15.101046636540854  1.0  0.699  0.294  0.006  0.745  0.255  0.85  0.15
3.0  1.5  0.01  0.01  0.1889938306099807  0.8438759645186968  0.4168559242558875  15.218787320684644  14.906599819645061  1.0  0.742  0.248  0.01  0.777  0.223  0.7  0.3
3.0  2.0  0.01  0.01  0.2853422046133229  0.6032641693902141  1.4119775460115922  15.554017965067626  14.507919714902267  1.0  0.698  0.301  0.0  0.761  0.239  0.775  0.225
3.0  2.0  0.01  0.01  0.14646861899133123  0.9717000632416233  0.549145141811478  16.023590852488883  16.18512806656736  1.0  0.709  0.291  0.0  0.761  0.239  0.775  0.225
3.0  2.0  0.01  0.01  0.6052237347367532  -0.8297564914691944  0.7575251918581628  15.554271199672504  15.214155581550092  1.0  0.576  0.424  0.0  0.761  0.239  0.775  0.225
3.0  2.0  0.01  0.01  0.6110631516182575  -0.7223755125608393  0.9362776004846417  15.360204024393644  14.952509082554974  1.0  0.598  0.402  0.0  0.766  0.234  0.75  0.25
3.0  2.0  0.01  0.01  0.4030772745520695  -0.0050297569571611245  0.3679860779318464  15.7957906285781  16.32787924710951  1.0  0.645  0.354  0.0  0.783  0.217  0.675  0.325
3.0  2.0  0.01  0.01  0.4253782519645149  0.16928065375381895  1.08162846537333  15.209802645812802  14.859892586989343  1.0  0.681  0.319  0.0  0.788  0.212  0.65  0.35
3.0  2.0  0.01  0.01  0.972350558128752  -0.8842392620166568  2.54756294308876  26.18748249951276  29.381370198565776  1.0  0.681  0.319  0.0  0.761  0.239  0.775  0.225
3.0  2.0  0.01  0.01  0.264870679800381  0.7892149753992728  1.5464191180746343  15.530552475343775  17.513423659747097  1.0  0.72  0.28  0.0  0.772  0.228  0.725  0.275
3.0  2.0  0.01  0.01  0.5186485393579288  0.3917406049735117  2.033617242644935  18.48367443894943  17.35725938501742  1.0  0.741  0.258  0.0  0.799  0.201  0.6  0.4
3.0  2.0  0.01  0.01  0.7952568413383744  -0.9523070004797072  1.6245901347014837  16.51161368000582  16.428132591002566  1.0  0.615  0.385  0.0  0.745  0.255  0.85  0.15
-------------------------------------------------------------------------------------------------------------------------------------------------------------------------
2.0  1.0  0.01  0.01  0.28011120061729894  0.2898357180719824  1.736936647439611  17.127332737638234  14.627459674863394  1.0  0.804  0.189  0.007  0.783  0.217  0.675  0.325
2.5  1.75  0.01  0.01  0.24859449682120383  0.5815103977276961  2.1093550290577183  19.49337657228845  20.37673324611547  1.0  0.708  0.292  0.0  0.761  0.239  0.775  0.225
2.5  0.75  0.01  0.01  0.5964356599592213  -0.7925621451650724  1.197554566010524  16.725425038853007  16.45274878566224  1.0  0.966  0.026  0.008  0.755  0.245  0.8  0.2
2.5  1.25  0.01  0.01  0.3069847780616354  0.43761439226617993  1.7458522430747696  16.698175835582962  16.73312666118939  1.0  0.792  0.201  0.007  0.772  0.228  0.725  0.275
2.0  1.5  0.01  0.01  0.26010247333569164  0.0026401633440220618  0.5853748188066678  16.417186223433106  16.19631498237437  1.0  0.614  0.386  0.0  0.766  0.234  0.75  0.25
2.0  0.5  0.01  0.01  0.33055295334162493  -0.39872425406523093  0.5971706212962509  16.749364555688636  15.396640951228003  1.0  0.941  0.014  0.045  0.739  0.261  0.875  0.125
3.0  1.0  0.01  0.01  0.5038666444388321  0.06667252729211914  1.6443221685662475  17.871055725141687  17.87730013168897  1.0  0.929  0.041  0.029  0.761  0.239  0.775  0.225
3.5  1.75  0.01  0.01  0.4580277184352011  -0.15894721519515498  0.48979090628092986  14.768678252704653  14.943809326003802  1.0  0.715  0.277  0.008  0.745  0.255  0.85  0.15
4.5  2.75  0.01  0.01  0.5664452624960696  0.5522451636537635  1.9578278520312538  17.252688901359328  20.060004046179653  1.0  0.716  0.283  0.001  0.75  0.25  0.825  0.175
3.0  1.5  0.01  0.01  0.44679589884198323  -0.19085684676991344  0.7545145372630576  14.622175716857585  14.770248982317653  1.0  0.736  0.257  0.007  0.755  0.245  0.8  0.2
3.5  1.25  0.01  0.01  0.6762291925426264  -0.24076163677620532  1.4030879105331167  15.936309537426546  16.094385884724627  1.0  0.925  0.056  0.019  0.783  0.217  0.675  0.325
3.0  2.0  0.01  0.01  0.6393903153004318  -0.7237286729155525  0.9917068574585518  15.219409289668784  15.297679105554575  1.0  0.608  0.392  0.0  0.772  0.228  0.725  0.275
3.5  2.25  0.01  0.01  0.44616517898912095  0.19474712392438231  1.1718446201293913  14.942353081062032  14.92141075070939  1.0  0.675  0.325  0.0  0.75  0.25  0.825  0.175
4.5  1.75  0.01  0.01  0.7121655159108298  0.29709664635362065  2.364556663171478  26.2839244068121  19.09052117737703  1.0  0.886  0.091  0.023  0.761  0.239  0.775  0.225
4.0  2.5  0.01  0.01  0.9020732585662198  -0.05650297899766521  2.1988271538515685  20.64658448256296  22.524462625456312  1.0  0.755  0.245  0.0  0.793  0.207  0.625  0.375
4.0  2.0  0.01  0.01  0.3942442509021842  0.7688214810842562  0.8848010758618656  14.726599950979013  14.892833324440858  1.0  0.762  0.229  0.009  0.783  0.217  0.675  0.325
4.0  1.5  0.01  0.01  0.3235941507543216  0.7530378383222671  0.7112585215903575  14.908376289296593  14.901599489883983  1.0  0.783  0.157  0.06  0.755  0.245  0.8  0.2
5.0  3.0  0.01  0.01  0.8052365625375195  -0.7403904456585577  0.6083249718134903  15.123855083356535  15.246376221576373  1.0  0.64  0.359  0.001  0.75  0.25  0.825  0.175
5.5  3.25  0.01  0.01  0.6559293239777081  0.8433578758429248  1.982852931640318  18.657262654856012  14.133104679472202  1.0  0.731  0.268  0.001  0.75  0.25  0.825  0.175
4.5  2.25  0.01  0.01  0.676580411682701  -0.39213820713836167  0.8002130470482275  14.657969823733344  14.472872224160321  1.0  0.728  0.265  0.007  0.75  0.25  0.825  0.175
6.0  2.5  0.01  0.01  0.8741135194943748  0.4700739329754988  1.4201476584098145  15.331658835273862  15.30392915723174  1.0  0.849  0.13  0.021  0.783  0.217  0.675  0.325
5.5  2.75  0.01  0.01  0.8813816833254315  0.14320969718200316  1.6841578129689445  16.528154338557734  15.862715225927236  1.0  0.788  0.206  0.006  0.766  0.234  0.75  0.25
5.0  2.5  0.01  0.01  0.7748815842064726  -0.6435451438742692  0.41274246821312927  14.778880478321666  15.040324159412577  1.0  0.716  0.277  0.007  0.761  0.239  0.775  0.225
5.0  2.0  0.01  0.01  0.49384004237013485  0.6570357027971159  0.6792635099011805  14.783189760933771  14.77582937348173  1.0  0.792  0.168  0.04  0.766  0.234  0.75  0.25
6.0  3.5  0.01  0.01  1.3603793100745007  -0.48982561055786333  2.5378807390243203  26.738526047062617  24.858260399925353  1.0  0.758  0.241  0.001  0.761  0.239  0.775  0.225
5.5  2.25  0.01  0.01  1.5084918004329948  -0.9458033497693892  2.0680439866678655  21.75819324380253  15.776463289668731  1.0  0.932  0.065  0.003  0.777  0.223  0.7  0.3
6.0  3.0  0.01  0.01  0.8160823321179183  0.31432169746992966  1.198627411996723  14.520410985001327  14.718532885180608  1.0  0.764  0.229  0.007  0.755  0.245  0.8  0.2
2.0  1.0  0.01  0.01  0.3143279082056647  -0.2068359590382831  0.42734691433464517  14.756068365130066  15.096887518288549  1.0  0.731  0.262  0.007  0.777  0.223  0.7  0.3
2.0  0.5  0.01  0.01  0.532257555718388  -0.5540785987923249  1.6830350168177002  22.245144924924542  22.946629516698582  1.0  0.997  0.002  0.001  0.772  0.228  0.725  0.275
2.0  1.5  0.01  0.01  0.2860148017500029  0.1741302196448402  1.5061409625770317  15.756048100985588  15.630236441972102  1.0  0.665  0.335  0.0  0.766  0.234  0.75  0.25
4.0  1.5  0.01  0.01  0.713067863937659  -0.3113203151473274  1.2378138082528514  15.164092365312008  15.026979721466693  1.0  0.889  0.089  0.022  0.766  0.234  0.75  0.25
3.0  1.0  0.01  0.01  0.590125179068815  -0.9650424285964843  0.3924784628565193  15.099100819738284  15.048580341724385  1.0  0.886  0.089  0.025  0.761  0.239  0.775  0.225
3.0  1.5  0.01  0.01  0.7991705181459507  -0.7292199026574724  1.8001257193326252  17.466598030748944  16.775647650590475  1.0  0.811  0.186  0.002  0.772  0.228  0.725  0.275
2.5  1.75  0.01  0.01  0.39030545539116984  -0.1473547672508395  1.159507827640974  15.364406793922992  14.667930456236073  1.0  0.626  0.374  0.0  0.75  0.25  0.825  0.175
2.5  1.25  0.01  0.01  0.40930581678168937  -0.4206191773289947  0.5001408821201853  14.77039870251019  14.780169290058875  1.0  0.712  0.281  0.007  0.755  0.245  0.8  0.2
6.0  3.0  0.01  0.01  1.1248123393356868  -0.13365743570486743  1.6056811288386648  15.974979551682699  16.40054057344413  1.0  0.806  0.189  0.005  0.783  0.217  0.675  0.325
3.5  2.25  0.01  0.01  0.5903569770649938  0.21500515460262037  2.049311569450073  18.21677089091681  20.305260196495187  1.0  0.721  0.279  0.0  0.761  0.239  0.775  0.225
3.5  1.25  0.01  0.01  0.6208767536917502  -0.13244256321895254  1.4680093574205293  16.46167050247004  15.108084893180632  1.0  0.913  0.063  0.024  0.772  0.228  0.725  0.275
3.5  1.75  0.01  0.01  0.37236020316009194  0.5662489805110154  1.769668740664411  16.930338428993224  16.032418221474522  1.0  0.763  0.229  0.008  0.739  0.261  0.875  0.125
4.5  2.25  0.01  0.01  0.5856414194827156  0.8608702071526249  1.6816598629159847  16.226074551270873  16.999894924214686  1.0  0.807  0.186  0.007  0.793  0.207  0.625  0.375
5.0  3.0  0.01  0.01  0.6163363132389765  0.06426098879353925  0.6944232541126047  15.108275337787532  15.101328493128804  1.0  0.67  0.329  0.001  0.75  0.25  0.825  0.175
5.5  2.75  0.01  0.01  0.7277622511504712  0.7579010424339585  2.141575181011406  21.170187995293535  16.266343663915727  1.0  0.791  0.202  0.007  0.755  0.245  0.8  0.2
6.0  2.5  0.01  0.01  0.8202903827133814  0.6300245594255747  1.469221620594127  15.545796685795766  15.147945538102613  1.0  0.843  0.134  0.022  0.777  0.223  0.7  0.3
4.0  2.0  0.01  0.01  0.91017818187898  -0.5400241896764635  1.671431763020081  16.632560228139695  15.919046965916522  1.0  0.812  0.185  0.003  0.772  0.228  0.725  0.275
2.5  0.75  0.01  0.01  0.4337843813082744  -0.30167900670072134  1.0728055246133321  16.040357492204333  15.608572643808174  1.0  0.933  0.032  0.035  0.75  0.25  0.825  0.175
4.5  2.75  0.01  0.01  1.1590363672204995  -0.9513227961545088  2.112045965867984  20.26414759596909  18.66081734644112  1.0  0.709  0.291  0.0  0.766  0.234  0.75  0.25
5.0  2.0  0.01  0.01  0.6156324523435698  0.5139629916793633  1.0669635071120185  14.750182737118806  14.829085728333643  1.0  0.83  0.138  0.032  0.777  0.223  0.7  0.3
3.0  2.0  0.01  0.01  0.7343802734306115  -0.672239049734273  1.6803206286475665  16.892377975121782  15.465911247876909  1.0  0.647  0.352  0.0  0.75  0.25  0.825  0.175
5.0  2.5  0.01  0.01  0.39160108540105687  0.9288440243935197  0.48681706462958796  14.98059434404989  15.009889850164688  1.0  0.728  0.263  0.01  0.755  0.245  0.8  0.2
4.5  1.75  0.01  0.01  0.6036037038527701  0.45244321088434547  1.4871562486911405  15.41080645798904  17.64389600152713  1.0  0.857  0.112  0.031  0.761  0.239  0.775  0.225
5.5  3.25  0.01  0.01  0.9892584302292328  -0.3348147636476164  1.500546526451522  15.11300250850373  15.145605916893937  1.0  0.711  0.288  0.001  0.761  0.239  0.775  0.225
6.0  3.5  0.01  0.01  0.8102950535465295  0.07690403717534022  0.6444199524094933  15.020443678153573  15.254503925007109  1.0  0.694  0.305  0.002  0.777  0.223  0.7  0.3
4.0  2.5  0.01  0.01  0.4225800431643553  0.49876249154689223  0.7436459993000792  15.31965574976748  15.140008405675024  1.0  0.689  0.31  0.001  0.772  0.228  0.725  0.275
5.5  2.25  0.01  0.01  0.6331130326502734  0.9436153613452634  1.712482980383885  17.43015619632588  15.604437940234755  1.0  0.832  0.139  0.029  0.766  0.234  0.75  0.25
2.0  1.5  0.01  0.01  0.13855076439047712  0.5515232722727375  0.5176383532920623  16.62238194010449  17.294346320205467  1.0  0.692  0.307  0.0  0.777  0.223  0.7  0.3
2.0  1.0  0.01  0.01  0.4135837437491978  -0.3673245563961687  1.1504231932211713  14.483815956039457  14.961803621318495  1.0  0.766  0.229  0.004  0.761  0.239  0.775  0.225
2.5  0.75  0.01  0.01  0.6225504164023502  -0.9052184924295277  1.101411335782337  16.583719380195703  16.014199784162674  1.0  0.965  0.029  0.006  0.755  0.245  0.8  0.2
3.5  1.75  0.01  0.01  0.7187935649528733  -0.9524853770472241  0.9654659755693218  14.647590740172207  14.503814707046654  1.0  0.723  0.273  0.004  0.75  0.25  0.825  0.175
3.0  2.0  0.01  0.01  0.48861532862548923  0.08839653104139589  1.5634928188539694  16.19223512671056  14.578976201688898  1.0  0.689  0.31  0.0  0.772  0.228  0.725  0.275
2.0  0.5  0.01  0.01  0.15779750882541346  0.5422666266464287  1.6500488907544355  20.01382480235414  20.2419919868471  1.0  0.829  0.024  0.147  0.755  0.245  0.8  0.2
2.5  1.25  0.01  0.01  0.3461268352023181  0.34682936552700183  2.0735666521665292  19.150564292151646  18.80436366657971  1.0  0.8  0.193  0.007  0.766  0.234  0.75  0.25
3.0  1.5  0.01  0.01  0.3676536448189044  0.6485791283844831  1.9716964467987557  17.748011167431336  19.50638223823295  1.0  0.806  0.187  0.007  0.788  0.212  0.65  0.35
5.0  2.5  0.01  0.01  0.9065991626046697  -0.8202925710617084  0.9961828949956909  14.611722502069533  14.339220516903122  1.0  0.74  0.255  0.005  0.761  0.239  0.775  0.225
4.0  1.5  0.01  0.01  0.5404046351618225  -0.313954534088295  0.39238020344720687  14.842989224210125  14.583290383073248  1.0  0.812  0.146  0.042  0.75  0.25  0.825  0.175
3.0  1.0  0.01  0.01  0.49463843439435845  0.2055345406538016  2.1619891555292687  23.37166983466693  22.9583159244125  1.0  0.933  0.037  0.029  0.761  0.239  0.775  0.225
4.0  2.5  0.01  0.01  0.6495854482961754  -0.5263882495388079  0.6047058789677504  15.27576023024529  15.436247574967203  1.0  0.634  0.365  0.001  0.761  0.239  0.775  0.225
4.0  2.0  0.01  0.01  0.4065450234983399  0.45530151037618904  0.4050172225048008  14.914094907229227  15.164635954399632  1.0  0.736  0.255  0.009  0.772  0.228  0.725  0.275
2.5  1.75  0.01  0.01  0.14667830718268102  0.610521020616273  0.5318124702883321  16.081692187007107  16.81478699042837  1.0  0.677  0.323  0.0  0.739  0.261  0.875  0.125
5.0  3.0  0.01  0.01  0.9640153078339233  -0.02026258608419207  1.8978595412397914  17.16448827937048  17.266333951994188  1.0  0.743  0.256  0.001  0.772  0.228  0.725  0.275
5.5  2.75  0.01  0.01  1.0515910590650352  0.10229422132794874  2.1255068865918973  19.732023508110448  23.014556041612128  1.0  0.825  0.171  0.004  0.772  0.228  0.725  0.275
4.5  2.25  0.01  0.01  0.7002421002856701  -0.41810805671544804  0.7003686172423368  14.747311579839467  14.322015941328294  1.0  0.733  0.26  0.007  0.777  0.223  0.7  0.3
6.0  2.5  0.01  0.01  0.8426894742575208  0.696880109383464  2.4199596492293383  25.63422407383833  22.294700982428672  1.0  0.853  0.126  0.021  0.755  0.245  0.8  0.2
5.0  2.0  0.01  0.01  0.6848064732838413  0.592804990478945  1.5890098509462078  16.751521683353495  15.153394413208678  1.0  0.859  0.114  0.026  0.761  0.239  0.775  0.225
3.5  2.25  0.01  0.01  0.4108193486174923  0.07065184379107348  0.4768328641613459  15.598579516396972  15.590444626373237  1.0  0.648  0.352  0.001  0.755  0.245  0.8  0.2
6.0  3.0  0.01  0.01  1.2967051039414008  -0.38806667377459925  1.9749991359023087  18.285802620582537  17.86665824340369  1.0  0.825  0.172  0.004  0.777  0.223  0.7  0.3
3.5  1.25  0.01  0.01  0.4363702974699614  0.1746503074340633  0.5921338128641201  14.813659851959173  15.284340361289939  1.0  0.845  0.104  0.051  0.783  0.217  0.675  0.325
5.5  2.25  0.01  0.01  0.8032012768650661  0.104031229903772  1.0077019868613608  14.657216362055982  14.8003936464609  1.0  0.837  0.139  0.024  0.777  0.223  0.7  0.3
4.5  1.75  0.01  0.01  0.38886968012292655  0.9320378612619891  0.6493922854934858  14.859104419677495  15.038587927814827  1.0  0.797  0.155  0.047  0.777  0.223  0.7  0.3
5.5  3.25  0.01  0.01  0.9916969480373697  0.15718610899327268  2.513396778273892  26.942605681132108  18.525185406166898  1.0  0.749  0.25  0.001  0.766  0.234  0.75  0.25
4.5  2.75  0.01  0.01  0.6850084211028193  -0.4821599656599951  0.4681816645476409  15.330195865336904  15.392415303318748  1.0  0.643  0.356  0.001  0.766  0.234  0.75  0.25
6.0  3.5  0.01  0.01  0.7482697946712782  0.14917670587080623  0.5152063724466106  15.232779244678156  14.922553806036722  1.0  0.686  0.312  0.002  0.777  0.223  0.7  0.3
2.0  1.5  0.01  0.01  0.13289297486648757  0.5197210969847732  0.5606812820665866  16.699501820582665  16.470581835724357  1.0  0.683  0.317  0.0  0.766  0.234  0.75  0.25
2.5  0.75  0.01  0.01  0.4419089722582689  -0.569584485916167  0.40397560780374675  15.383979483497011  15.301073319115279  1.0  0.916  0.046  0.038  0.761  0.239  0.775  0.225
2.0  0.5  0.01  0.01  0.14542494632754543  0.5354436711944013  1.3083960357750726  17.992581364336335  17.180338336576977  1.0  0.806  0.029  0.165  0.755  0.245  0.8  0.2
2.0  1.0  0.01  0.01  0.07973254046139641  0.7533701015986884  1.126183858440431  14.912727664441874  14.96660513556002  1.0  0.747  0.244  0.01  0.755  0.245  0.8  0.2
2.5  1.25  0.01  0.01  0.1652449951248581  0.6897078760845716  0.44787068441993894  15.10977219924732  15.251364000092224  1.0  0.746  0.245  0.01  0.777  0.223  0.7  0.3
3.5  2.25  0.01  0.01  0.67188444521873  -0.5313770632577419  1.3545053700476253  14.839879425618703  15.16807153041097  1.0  0.647  0.353  0.0  0.745  0.255  0.85  0.15
4.5  1.75  0.01  0.01  0.48865840304991515  0.31714083658991243  0.5695461198304511  14.823989131882481  14.614588102893293  1.0  0.798  0.159  0.044  0.761  0.239  0.775  0.225
3.0  1.5  0.01  0.01  0.7171905327762044  -0.9433857868608209  0.9460753670576286  14.4947387573956  15.414572058832025  1.0  0.746  0.251  0.003  0.772  0.228  0.725  0.275
3.5  1.75  0.01  0.01  0.34452931671842596  0.7667937164826009  1.3567644717488865  14.614025317157543  15.388695014859412  1.0  0.773  0.219  0.008  0.766  0.234  0.75  0.25
3.5  1.25  0.01  0.01  0.5887775857735612  0.19966338947529416  2.1695805677403555  22.683769945180842  23.439614714184888  1.0  0.92  0.055  0.025  0.766  0.234  0.75  0.25
4.0  2.0  0.01  0.01  0.8916640023005153  -0.9592506180068696  1.2589425357473858  14.679098323172102  14.613539968465403  1.0  0.762  0.235  0.004  0.755  0.245  0.8  0.2
3.0  2.0  0.01  0.01  0.15932541494385058  0.9285936921012041  0.43984603367153446  16.138061986335053  16.215956957744233  1.0  0.707  0.293  0.0  0.766  0.234  0.75  0.25
3.0  1.0  0.01  0.01  0.3723328068525208  0.6099369490888911  1.7517227334274565  17.85684438647978  20.347984601828614  1.0  0.898  0.052  0.05  0.783  0.217  0.675  0.325
4.0  1.5  0.01  0.01  0.28686361507081554  0.7811105604514557  0.4113283125330205  14.98485649523122  14.901591623836575  1.0  0.763  0.173  0.064  0.75  0.25  0.825  0.175
4.5  2.75  0.01  0.01  0.7051202556126065  -0.38919683627291546  0.7590683800729333  15.111645296125834  14.928484086737516  1.0  0.658  0.341  0.001  0.766  0.234  0.75  0.25
5.0  2.5  0.01  0.01  0.8314710790819101  0.3110559150813865  2.1418114586505497  19.43141132233726  24.69220891877061  1.0  0.809  0.185  0.006  0.755  0.245  0.8  0.2
4.5  2.25  0.01  0.01  0.7566934385085177  -0.3408583488960959  1.166834849075378  14.51364610994432  14.63951863425371  1.0  0.759  0.235  0.006  0.761  0.239  0.775  0.225
5.0  2.0  0.01  0.01  0.6062709573564318  0.1529269349148732  0.7188815201433733  14.736207769462135  14.591224132180196  1.0  0.802  0.163  0.035  0.755  0.245  0.8  0.2
4.0  2.5  0.01  0.01  0.45541374234638604  0.6207743186724972  1.260741936910687  14.889605879186638  14.813932286518048  1.0  0.711  0.288  0.001  0.772  0.228  0.725  0.275
2.5  1.75  0.01  0.01  0.6345822543713374  -0.5713426927662457  1.9089904200058767  17.804040591867864  17.438130112063174  1.0  0.631  0.369  0.0  0.745  0.255  0.85  0.15
6.0  3.5  0.01  0.01  1.2944962785361314  -0.29617867269773135  1.898815292166708  17.710141306262297  15.07672045001324  1.0  0.76  0.239  0.001  0.772  0.228  0.725  0.275
6.0  2.5  0.01  0.01  0.7847076808348752  0.8966453781243862  2.5156302982631673  25.656344640831158  33.79484070315965  1.0  0.847  0.13  0.023  0.761  0.239  0.775  0.225
5.0  3.0  0.01  0.01  0.6043635570597065  0.7310395432899988  1.252861383723199  14.707722333350748  15.10740297065235  1.0  0.726  0.273  0.001  0.777  0.223  0.7  0.3
5.5  2.25  0.01  0.01  0.7897616986755898  -0.4589155952500117  0.5060271363895209  14.686095739983607  14.743416704022138  1.0  0.797  0.177  0.027  0.75  0.25  0.825  0.175
6.0  3.0  0.01  0.01  1.0861657261908113  -0.40819560773973085  1.2180157503247826  14.514112379655089  14.718314360789094  1.0  0.78  0.215  0.005  0.772  0.228  0.725  0.275
5.5  3.25  0.01  0.01  1.2780867729469014  -0.7209595850965358  1.9817330819406542  17.278881497905967  21.22537601971299  1.0  0.737  0.262  0.001  0.761  0.239  0.775  0.225
5.5  2.75  0.01  0.01  0.7464618271121174  -0.18042408977005864  0.4883998659512712  14.74265493404099  15.099365476913547  1.0  0.728  0.264  0.008  0.761  0.239  0.775  0.225
2.0  1.0  0.01  0.01  0.5800806479127314  -0.4469795167835191  2.240082287385132  22.014973929706457  24.155648597938175  1.0  0.843  0.156  0.001  0.761  0.239  0.775  0.225
2.0  1.5  0.01  0.01  0.30274697459381195  -0.11432162701307402  0.7199600144393312  16.194259919969873  16.094792375057168  1.0  0.605  0.394  0.0  0.772  0.228  0.725  0.275
2.0  0.5  0.01  0.01  0.22588718867213672  0.333063158432374  1.9056389214246452  22.947581642647165  22.073386150716736  1.0  0.902  0.012  0.086  0.75  0.25  0.825  0.175
2.5  1.75  0.01  0.01  0.6920448112647825  -0.4492409433242617  2.383609439755257  24.47677608606114  18.92134722137384  1.0  0.676  0.324  0.0  0.766  0.234  0.75  0.25
3.0  1.0  0.01  0.01  0.8235434531232662  -0.532360959526986  2.3645208122947152  27.294992172170634  25.734732346897154  1.0  0.981  0.017  0.003  0.783  0.217  0.675  0.325
3.0  1.5  0.01  0.01  0.24697127140228586  0.6561947534762012  0.43594099204867637  15.002840118400274  15.330600127960452  1.0  0.748  0.242  0.009  0.783  0.217  0.675  0.325
3.0  2.0  0.01  0.01  0.27155815758491775  0.755530986436399  1.2707736312208862  15.066942237568082  15.64423307120669  1.0  0.717  0.282  0.0  0.777  0.223  0.7  0.3
4.0  1.5  0.01  0.01  0.632127148862186  0.552149949954085  2.4308106975210246  27.23901868670978  20.122579542377576  1.0  0.912  0.065  0.024  0.772  0.228  0.725  0.275
2.5  0.75  0.01  0.01  0.4221244045672743  0.11104760363913835  2.0142894163437326  22.04517068448567  22.372158938138075  1.0  0.953  0.018  0.029  0.761  0.239  0.775  0.225
3.5  1.25  0.01  0.01  1.020284917316501  -0.8924356821260544  2.248154414672409  25.75076187416923  20.987095968616504  1.0  0.965  0.033  0.002  0.772  0.228  0.725  0.275
4.0  2.0  0.01  0.01  0.7408056444480666  -0.9174553978702955  0.4268483919611982  14.745203888306143  15.200058291369592  1.0  0.714  0.281  0.005  0.772  0.228  0.725  0.275
3.5  1.75  0.01  0.01  0.7130627471145876  -0.4595543116551948  1.4328549539457274  14.682820091048795  16.625473988244373  1.0  0.785  0.211  0.004  0.761  0.239  0.775  0.225
5.5  2.75  0.01  0.01  0.9505001711832788  -0.24315871744166007  1.4557831311816625  15.169819151395428  14.455600643882955  1.0  0.779  0.216  0.006  0.755  0.245  0.8  0.2
5.0  2.5  0.01  0.01  0.6925233926598585  -0.4817851798544399  0.39445511626620844  14.884158575980603  14.650732890204495  1.0  0.705  0.287  0.008  0.75  0.25  0.825  0.175
4.5  1.75  0.01  0.01  0.44517580165119786  0.8216789200303216  1.0447550300611708  14.807346219885783  15.105436268540364  1.0  0.815  0.142  0.043  0.766  0.234  0.75  0.25
4.5  2.75  0.01  0.01  0.8903242939262895  -0.9689305704629969  1.1514730820227894  14.872736473614687  14.555143539018047  1.0  0.642  0.358  0.001  0.745  0.255  0.85  0.15
4.0  2.5  0.01  0.01  0.31290693999382124  0.7498289947752743  0.8362686880662255  15.306912385993863  15.069684174053274  1.0  0.686  0.313  0.001  0.745  0.255  0.85  0.15
3.5  2.25  0.01  0.01  0.642654412431567  -0.41439900998255164  1.2904600754095779  14.915075902873864  14.61892219543168  1.0  0.655  0.345  0.0  0.755  0.245  0.8  0.2
2.5  1.25  0.01  0.01  0.12791220072276208  0.9368846547773169  0.6861268413553459  15.114265320480834  15.40739571787338  1.0  0.764  0.226  0.009  0.788  0.212  0.65  0.35
4.5  2.25  0.01  0.01  0.7220214552557993  -0.5525989622908172  0.48061725051118337  14.731285568163646  15.046567415241702  1.0  0.728  0.266  0.007  0.772  0.228  0.725  0.275
5.0  2.0  0.01  0.01  0.8537529510897589  -0.8661898458829147  0.5460665684727738  14.64795396607906  14.964935582779821  1.0  0.821  0.157  0.022  0.766  0.234  0.75  0.25
5.5  2.25  0.01  0.01  0.47752186281905923  0.9305471997896004  0.47703714227922966  14.789200951812962  15.195840959996223  1.0  0.776  0.186  0.038  0.761  0.239  0.775  0.225
5.0  3.0  0.01  0.01  0.5286864160813932  0.9403838841529863  1.6521747995663714  16.73900160059711  14.364346076598235  1.0  0.726  0.273  0.001  0.755  0.245  0.8  0.2
6.0  2.5  0.01  0.01  1.0391156443287368  -0.9546687666241533  0.4922305925210672  14.58416254385799  15.164635099692287  1.0  0.814  0.169  0.018  0.783  0.217  0.675  0.325
6.0  3.5  0.01  0.01  0.8001384659072422  0.7109319635472044  1.1116005491716439  14.687758005291503  15.177164395292937  1.0  0.737  0.262  0.002  0.793  0.207  0.625  0.375
5.5  3.25  0.01  0.01  0.7087467788081626  0.8590117974136817  1.7872322965932712  16.583350371691175  18.454261740780662  1.0  0.743  0.255  0.001  0.772  0.228  0.725  0.275
6.0  3.0  0.01  0.01  0.7395479684810625  0.03872201926264829  0.5832919254997484  14.733246870323592  14.941128818962909  1.0  0.725  0.266  0.008  0.75  0.25  0.825  0.175
2.0  1.5  0.01  0.01  0.0936376543940193  0.8709510470100112  2.343388248387045  24.589903960467012  17.840127988137056  1.0  0.749  0.25  0.0  0.783  0.217  0.675  0.325
2.0  0.5  0.01  0.01  0.17213255971709615  0.4585279650379679  0.7107792713659901  16.229177945356156  17.562222773445402  1.0  0.841  0.022  0.138  0.783  0.217  0.675  0.325
2.5  1.75  0.01  0.01  0.3475742972441669  -0.09202274958240797  0.6553871697439507  15.742256930863169  16.183501488405103  1.0  0.621  0.378  0.0  0.755  0.245  0.8  0.2
2.5  0.75  0.01  0.01  0.3413544848969488  0.042509052087783994  0.8120892978987686  15.464777102676692  15.777826671324823  1.0  0.897  0.04  0.063  0.777  0.223  0.7  0.3
2.5  1.25  0.01  0.01  0.09869876103194537  0.961898344497321  0.3781280015413639  15.417517304097283  15.229550464827458  1.0  0.75  0.24  0.01  0.777  0.223  0.7  0.3
3.0  1.5  0.01  0.01  0.34532535387951613  0.5393053498325164  1.8800076443974765  17.27785636837762  17.104083730699063  1.0  0.782  0.21  0.008  0.761  0.239  0.775  0.225
2.0  1.0  0.01  0.01  0.4276327904438868  -0.6331657111329994  0.6176649463852307  14.709878395746006  15.017470805954696  1.0  0.712  0.284  0.004  0.772  0.228  0.725  0.275
3.5  1.25  0.01  0.01  1.0268627878636252  -0.9297445218790912  2.657982102584484  33.91075629583851  27.82693449412661  1.0  0.964  0.034  0.002  0.75  0.25  0.825  0.175
3.0  2.0  0.01  0.01  0.3866249824566896  -0.15660280668319015  0.39385073943901977  15.886133086435825  15.650810550130021  1.0  0.616  0.384  0.0  0.75  0.25  0.825  0.175
4.0  2.0  0.01  0.01  0.32620598764275566  0.8811939274129443  0.4405223932881535  14.9557544481244  15.538650526704078  1.0  0.747  0.244  0.009  0.777  0.223  0.7  0.3
3.0  1.0  0.01  0.01  0.3523991698539105  0.27601851518315246  0.6546647219706546  14.978171909077515  15.573565668685074  1.0  0.857  0.078  0.065  0.783  0.217  0.675  0.325
4.0  2.5  0.01  0.01  0.44018707411429814  0.14838192418673457  0.3949242142235183  15.49987589592113  15.840898036364768  1.0  0.655  0.345  0.001  0.75  0.25  0.825  0.175
4.0  1.5  0.01  0.01  0.6609335723402389  -0.3773530664886129  1.0716185019224038  15.015150843505348  14.544123678671088  1.0  0.864  0.108  0.028  0.755  0.245  0.8  0.2
4.5  2.75  0.01  0.01  0.5418655203543393  0.1490888531737311  0.457771218477873  15.41924180239762  15.326248608645603  1.0  0.671  0.328  0.001  0.772  0.228  0.725  0.275
3.5  1.75  0.01  0.01  0.4398264561088747  0.016305047320295918  0.46456152832572406  14.820250710996437  14.92161717309113  1.0  0.729  0.263  0.008  0.766  0.234  0.75  0.25
4.5  1.75  0.01  0.01  0.7387157243279743  -0.5032420210723607  0.9849108099887249  14.884943230140804  14.320635444009358  1.0  0.844  0.131  0.026  0.745  0.255  0.85  0.15
5.5  2.25  0.01  0.01  1.085394023481576  -0.9139827976000812  1.0339722373940996  14.704729122502608  14.821345768501825  1.0  0.856  0.13  0.014  0.777  0.223  0.7  0.3
3.5  2.25  0.01  0.01  0.6433441681457585  -0.9654451272000582  0.44582751955078026  15.618036303766326  15.736573046902397  1.0  0.571  0.428  0.0  0.745  0.255  0.85  0.15
5.0  2.5  0.01  0.01  0.7298634412476874  -0.3100359009167952  0.5602114355443536  14.675129833184567  15.118728919231136  1.0  0.732  0.261  0.007  0.761  0.239  0.775  0.225
5.0  3.0  0.01  0.01  0.6096793394721887  0.9219300944742825  1.8615742256016832  16.29808378754694  20.38295402217974  1.0  0.743  0.256  0.001  0.772  0.228  0.725  0.275
6.0  3.5  0.01  0.01  1.0207870660382083  -0.662995477294327  0.9960705764466967  14.800340812035168  14.57633543096469  1.0  0.681  0.318  0.001  0.761  0.239  0.775  0.225
6.0  2.5  0.01  0.01  0.9484424541315258  -0.35999205244345833  1.142465979101256  14.726998652253224  14.627091816124608  1.0  0.825  0.155  0.02  0.745  0.255  0.85  0.15
5.5  3.25  0.01  0.01  0.9410609563665117  -0.7332460137425558  0.8560030591438065  14.84341673527919  15.121025590779723  1.0  0.666  0.333  0.001  0.755  0.245  0.8  0.2
4.5  2.25  0.01  0.01  0.8505287778973268  0.17824259652983154  2.2615161789082516  23.222825191755145  16.823883211243025  1.0  0.83  0.166  0.005  0.761  0.239  0.775  0.225
6.0  3.0  0.01  0.01  0.6811911105818059  0.29315609115609087  0.3755318997509025  14.836009399618261  15.319793449348827  1.0  0.727  0.264  0.009  0.761  0.239  0.775  0.225
5.5  2.75  0.01  0.01  1.1652338681458176  -0.5274022930845124  1.5982038519216064  16.194670349777738  15.684765856238567  1.0  0.808  0.188  0.004  0.788  0.212  0.65  0.35
5.0  2.0  0.01  0.01  0.5054312772981197  0.6426467899324191  1.0138086801737858  14.794611359885568  14.623320692368981  1.0  0.795  0.166  0.039  0.75  0.25  0.825  0.175
2.5  1.25  0.01  0.01  0.5584313733159822  -0.7471739505651522  1.039275434383022  14.651663644590657  14.573524986613018  1.0  0.733  0.263  0.004  0.761  0.239  0.775  0.225
2.0  1.5  0.01  0.01  0.3614004229090437  0.16204685161628318  2.666974579466358  29.06250488490998  34.00729698059904  1.0  0.692  0.308  0.0  0.777  0.223  0.7  0.3
2.5  0.75  0.01  0.01  0.331646051394746  -0.032031170972331324  0.5105713645233673  15.30727653427482  15.53724369708633  1.0  0.882  0.048  0.07  0.766  0.234  0.75  0.25
2.5  1.75  0.01  0.01  0.7399709296488236  -0.6045799884345784  2.592622313481375  26.39511785039653  34.37069609985366  1.0  0.661  0.339  0.0  0.772  0.228  0.725  0.275
2.0  0.5  0.01  0.01  0.4347385232069394  -0.7807323900441461  0.6454003086871068  16.953747025722507  16.727089879939033  1.0  0.974  0.014  0.012  0.75  0.25  0.825  0.175
3.0  1.0  0.01  0.01  0.8379761537353443  -0.6996166494855873  2.3870757645949983  28.035370739892482  25.381868574981734  1.0  0.977  0.021  0.003  0.755  0.245  0.8  0.2
3.5  1.25  0.01  0.01  0.44707928163304944  0.4728233279771832  1.815718510227462  18.493935932840845  17.648496138901407  1.0  0.875  0.081  0.044  0.75  0.25  0.825  0.175
4.0  2.5  0.01  0.01  0.36335902831605316  0.6278210534083799  1.0638160290249135  15.07958155901658  14.746884466114022  1.0  0.687  0.312  0.001  0.745  0.255  0.85  0.15
2.0  1.0  0.01  0.01  0.6446450246174991  -0.8926597064379673  1.6401927692305087  16.967465423922725  17.06085849597465  1.0  0.767  0.232  0.001  0.777  0.223  0.7  0.3
3.0  1.5  0.01  0.01  0.43430414357590597  -0.09906798436196507  0.9370394954297004  14.628045114769746  14.33839217032832  1.0  0.743  0.25  0.007  0.761  0.239  0.775  0.225
3.0  2.0  0.01  0.01  0.2588516673897754  0.7401733396861474  0.939515091854924  15.303774745422194  16.335300264960715  1.0  0.71  0.289  0.0  0.777  0.223  0.7  0.3
4.5  1.75  0.01  0.01  0.3837034370472856  0.8273932064041642  0.6202679899619605  14.853288291413516  14.956407172423479  1.0  0.787  0.164  0.049  0.766  0.234  0.75  0.25
4.0  2.0  0.01  0.01  0.6299176387571395  -0.3704598641867949  0.5688589376866072  14.635209211485542  15.231915374777406  1.0  0.736  0.257  0.007  0.766  0.234  0.75  0.25
3.5  1.75  0.01  0.01  0.30955647592443664  0.7563211369335447  0.7459020736520174  14.774761966553783  15.275111182689352  1.0  0.757  0.234  0.009  0.777  0.223  0.7  0.3
3.5  2.25  0.01  0.01  0.6529324516444797  -0.40144233235056115  1.153229643613536  14.98329557150912  14.637849058352085  1.0  0.659  0.34  0.0  0.777  0.223  0.7  0.3
5.0  2.0  0.01  0.01  0.6825735565728303  0.16905635500534189  1.3348496992342185  15.219121206288822  14.352351260824765  1.0  0.833  0.138  0.029  0.75  0.25  0.825  0.175
5.5  2.75  0.01  0.01  0.781684575697414  0.9616497156926431  2.5934611470221087  28.84909272569079  24.296210539782187  1.0  0.817  0.177  0.006  0.772  0.228  0.725  0.275
5.5  3.25  0.01  0.01  0.7656824023509152  -0.18796599699664096  0.5771395346826748  15.177600752455639  14.954020423710645  1.0  0.673  0.326  0.001  0.772  0.228  0.725  0.275
5.0  3.0  0.01  0.01  0.9422364617858167  0.14962423643947753  2.670766283582749  30.706641677116295  26.216345855556234  1.0  0.752  0.247  0.001  0.75  0.25  0.825  0.175
4.5  2.75  0.01  0.01  0.5083912762415148  0.41983473730548826  0.8473039718475941  15.054462678859611  15.216223555818354  1.0  0.689  0.31  0.001  0.761  0.239  0.775  0.225
6.0  3.0  0.01  0.01  0.9883340554251943  -0.9226307258688022  0.5623618981903102  14.738873951815126  14.746993894083488  1.0  0.72  0.274  0.006  0.761  0.239  0.775  0.225
5.5  2.25  0.01  0.01  0.7364083764321914  -0.14526491939465958  0.5894825628748829  14.711696607277867  14.596926888914657  1.0  0.799  0.172  0.028  0.761  0.239  0.775  0.225
6.0  3.5  0.01  0.01  1.0071130369331192  -0.5588452762476148  0.8534116477928945  14.821234431747534  15.04548766708165  1.0  0.686  0.313  0.001  0.772  0.228  0.725  0.275
6.0  2.5  0.01  0.01  1.0011368597551558  -0.3295384520560276  1.2834922797370525  14.765773844544052  15.35002110622862  1.0  0.84  0.142  0.018  0.755  0.245  0.8  0.2
4.5  2.25  0.01  0.01  0.6997387700950387  -0.5028693486747249  0.6210693176591154  14.733392338931228  14.599559962248193  1.0  0.725  0.268  0.007  0.761  0.239  0.775  0.225
5.0  2.5  0.01  0.01  0.5578364887981564  0.4472362726175212  0.7843148353240259  14.70807958158307  14.72245212574882  1.0  0.742  0.25  0.009  0.761  0.239  0.775  0.225
4.0  1.5  0.01  0.01  0.7791199684974157  -0.2634541166366977  1.7282998918700032  16.996208409478033  21.512547328542425  1.0  0.914  0.07  0.017  0.766  0.234  0.75  0.25
2.0  1.0  0.01  0.01  0.1996301085054046  0.17872381134933968  0.3911847052088564  14.984416121294846  14.734669775767788  1.0  0.723  0.268  0.009  0.761  0.239  0.775  0.225
2.0  0.5  0.01  0.01  0.6693120180484043  -0.8346642027324875  2.2020403777101136  29.983614311224034  32.546601303741575  1.0  0.998  0.002  0.0  0.772  0.228  0.725  0.275
2.5  1.25  0.01  0.01  0.3433685457613709  0.16554632702801597  1.2670606148878105  14.630959712189824  14.368174841906955  1.0  0.772  0.22  0.007  0.777  0.223  0.7  0.3
2.0  1.5  0.01  0.01  0.4506012801742505  -0.6042177540147038  1.102042217538671  15.844101376641936  15.397426857731606  1.0  0.539  0.461  0.0  0.755  0.245  0.8  0.2
3.0  1.0  0.01  0.01  0.8431807994870438  -0.5119141687654458  2.4412166182008925  27.225116386814197  33.118637420408604  1.0  0.983  0.015  0.002  0.783  0.217  0.675  0.325
2.5  1.75  0.01  0.01  0.7190303687704105  -0.641388092188051  2.194734235949958  21.814813881757132  18.581702874942245  1.0  0.645  0.354  0.0  0.755  0.245  0.8  0.2
3.0  1.5  0.01  0.01  0.14772063197236632  0.9700411542842262  1.003228636575833  14.896799763821686  14.806279331028781  1.0  0.739  0.251  0.01  0.75  0.25  0.825  0.175
3.5  1.25  0.01  0.01  0.38595299520797616  0.2148652495470913  0.40761974329912165  14.890508762264846  15.02516953344571  1.0  0.816  0.123  0.061  0.766  0.234  0.75  0.25
3.0  2.0  0.01  0.01  0.19377465766872504  0.8053622402268537  0.6926478035641986  15.549977479136778  16.940185289679356  1.0  0.7  0.3  0.0  0.755  0.245  0.8  0.2
2.5  0.75  0.01  0.01  0.554523834226795  -0.9831228075122362  0.462977125621681  15.523621485391313  15.752080412191834  1.0  0.936  0.049  0.015  0.766  0.234  0.75  0.25
3.5  2.25  0.01  0.01  0.6079988853023761  0.15172988006322585  2.5541905983137645  26.393172417296924  28.25189243128687  1.0  0.718  0.282  0.0  0.745  0.255  0.85  0.15
4.5  2.75  0.01  0.01  0.7424224637252437  -0.4930013047172406  0.931544991085964  15.013992669852492  14.54636223291092  1.0  0.657  0.342  0.001  0.761  0.239  0.775  0.225
4.0  1.5  0.01  0.01  0.5702354532620182  0.5433807690500321  1.8546086455950155  18.468106767394502  17.26351495714616  1.0  0.889  0.08  0.031  0.777  0.223  0.7  0.3
4.0  2.5  0.01  0.01  0.7533154878600131  -0.6787578053505736  0.9839808684030248  14.94995180916076  15.060070541234278  1.0  0.645  0.355  0.001  0.761  0.239  0.775  0.225
4.5  1.75  0.01  0.01  0.5379518878387275  0.7682432759893834  1.56159661839934  16.609742152971865  15.400495379482265  1.0  0.852  0.114  0.035  0.766  0.234  0.75  0.25
3.5  1.75  0.01  0.01  0.24360459571591306  0.9064463595118881  0.5104741395677106  15.007387843219647  15.363875961463208  1.0  0.745  0.246  0.01  0.772  0.228  0.725  0.275
4.0  2.0  0.01  0.01  0.3119358986157566  0.9048147224737029  0.49916305208834433  15.04580236111509  14.944300795551644  1.0  0.743  0.247  0.009  0.777  0.223  0.7  0.3
5.0  2.5  0.01  0.01  0.6240184280305399  0.6492630679693563  1.4765456755817203  15.214455382583605  14.638476242363561  1.0  0.777  0.215  0.008  0.772  0.228  0.725  0.275
5.0  2.0  0.01  0.01  0.7203297318485525  0.10481160982604387  1.1696051594588095  14.828449812388182  14.721782074837208  1.0  0.842  0.132  0.027  0.761  0.239  0.775  0.225
5.5  3.25  0.01  0.01  0.8010518765523231  -0.4170672252589911  0.6534980039254877  15.081419417297822  14.969429455195183  1.0  0.661  0.337  0.001  0.755  0.245  0.8  0.2
6.0  3.0  0.01  0.01  0.8161872172839945  0.8622831298902272  1.8008811900505415  17.1168082046163  16.537184599566224  1.0  0.798  0.195  0.007  0.766  0.234  0.75  0.25
5.5  2.75  0.01  0.01  0.8042398493066097  -0.041188107923316064  0.7810565089670083  14.622109266606993  14.808598233432917  1.0  0.755  0.238  0.007  0.783  0.217  0.675  0.325
5.0  3.0  0.01  0.01  0.4494230024275542  0.6982279266361593  0.7568004408857997  15.245403276379637  14.710668392769469  1.0  0.686  0.312  0.001  0.75  0.25  0.825  0.175
6.0  3.5  0.01  0.01  0.9701448130617947  -0.8101023829871201  0.45564044221920996  15.136146334137488  15.375720953583116  1.0  0.658  0.34  0.001  0.772  0.228  0.725  0.275
6.0  2.5  0.01  0.01  0.7876210440129904  0.9842912736130682  1.9130768546966772  18.469531376410803  17.176160238793578  1.0  0.852  0.126  0.022  0.761  0.239  0.775  0.225
4.5  2.25  0.01  0.01  0.9042491200556504  0.03213944895705456  2.134490839024399  20.452761104830444  20.25270979757865  1.0  0.832  0.164  0.004  0.772  0.228  0.725  0.275
5.5  2.25  0.01  0.01  0.8762236214175934  -0.3204622235511343  0.8122477173615401  14.614661002213987  14.841527184352515  1.0  0.834  0.144  0.022  0.777  0.223  0.7  0.3
5.0  2.5  0.01  0.01  0.8145042373282912  0.43309171858622464  2.615661353843113  28.723518523307614  29.18953112855501  1.0  0.813  0.181  0.006  0.755  0.245  0.8  0.2
2.0  0.5  0.01  0.01  0.13365487370715357  0.47600367376135466  0.5751155671550188  16.394457243148683  16.095509940321694  1.0  0.77  0.037  0.193  0.755  0.245  0.8  0.2
2.5  1.25  0.01  0.01  0.5552804220518089  -0.9477970648707654  0.5243633672348039  14.865021681231308  14.853173025982368  1.0  0.686  0.31  0.004  0.772  0.228  0.725  0.275
3.0  1.0  0.01  0.01  0.3266950328385581  0.5133165892953386  1.3865937027211088  16.20099190913947  15.238892013655098  1.0  0.859  0.074  0.067  0.761  0.239  0.775  0.225
2.0  1.0  0.01  0.01  0.100096651715557  0.6734481719972394  0.44481081789388605  15.173016545656779  15.535670029946383  1.0  0.745  0.245  0.01  0.772  0.228  0.725  0.275
2.0  1.5  0.01  0.01  0.4194617636310724  -0.4251174837954006  0.9965812851565068  15.68911321158651  16.486487705584498  1.0  0.573  0.427  0.0  0.766  0.234  0.75  0.25
3.5  1.75  0.01  0.01  0.6885576959873702  0.013509984818108167  2.0261691531062103  17.61265933530717  23.46132017253297  1.0  0.826  0.169  0.004  0.777  0.223  0.7  0.3
3.0  2.0  0.01  0.01  0.3828256519696269  0.43799886754152006  1.9489035706370292  18.111378099393363  16.418227565899024  1.0  0.706  0.293  0.0  0.766  0.234  0.75  0.25
2.5  0.75  0.01  0.01  0.44219007864677906  -0.6086774930923751  0.5272862764551963  15.559757819282563  14.95616072863432  1.0  0.912  0.049  0.038  0.75  0.25  0.825  0.175
4.0  1.5  0.01  0.01  0.61307982812018  0.18914893690240087  1.4003654566113763  15.116998752174291  17.569227124314516  1.0  0.884  0.087  0.029  0.777  0.223  0.7  0.3
4.0  2.5  0.01  0.01  0.39092257515319373  0.7438340792055214  1.4635134988331049  15.310704011512618  14.76223309598885  1.0  0.707  0.292  0.001  0.755  0.245  0.8  0.2
2.5  1.75  0.01  0.01  0.5926587428715052  -0.973026028010233  0.7843221349437445  15.889244337451146  15.600047938783723  1.0  0.524  0.476  0.0  0.772  0.228  0.725  0.275
3.0  1.5  0.01  0.01  0.507840815551967  -0.2627217745393493  1.1915954369114796  14.622392307331735  14.175828251255501  1.0  0.756  0.237  0.006  0.755  0.245  0.8  0.2
4.5  2.25  0.01  0.01  0.8446881093745279  -0.44956935910183504  1.2459829839307088  14.550256496735845  14.664056087344369  1.0  0.776  0.219  0.005  0.772  0.228  0.725  0.275
3.5  1.25  0.01  0.01  0.5824478872846592  -0.5861208600000132  0.5518344134898203  14.911041541762884  14.70388195289327  1.0  0.86  0.106  0.034  0.761  0.239  0.775  0.225
6.0  2.5  0.01  0.01  0.9894760951081674  -0.16013746255969163  1.4688442115216076  15.700453792979227  14.606560739380381  1.0  0.847  0.135  0.018  0.761  0.239  0.775  0.225
5.0  2.0  0.01  0.01  0.6244795676172067  0.19932311106501333  0.6105198871387515  14.71023568275087  14.842774891019763  1.0  0.813  0.154  0.033  0.777  0.223  0.7  0.3
5.5  3.25  0.01  0.01  1.0082694157980683  -0.7065060664130407  1.027793273080334  14.821897582529681  14.544520592081644  1.0  0.683  0.316  0.001  0.777  0.223  0.7  0.3
4.5  2.75  0.01  0.01  0.5598450870321509  0.19473005615501338  0.7453559592896994  15.15301829285756  15.077779136775229  1.0  0.68  0.319  0.001  0.766  0.234  0.75  0.25
4.0  2.0  0.01  0.01  0.4194199156065642  0.9278404053776506  1.984117636506667  18.52765878960569  16.26035902192644  1.0  0.787  0.205  0.008  0.766  0.234  0.75  0.25
5.5  2.25  0.01  0.01  0.8098373926506115  -0.6507172647854342  0.4861215197064711  14.741265367986475  14.49637778064917  1.0  0.791  0.183  0.026  0.75  0.25  0.825  0.175
3.5  2.25  0.01  0.01  0.17617598352427213  0.9162719255833378  0.8860106080117678  15.534711913469991  14.911718375740787  1.0  0.686  0.313  0.001  0.728  0.272  0.925  0.075
5.5  2.75  0.01  0.01  1.2467448431841335  -0.566227294303417  1.9265065091972915  18.627152167187752  15.18333814637656  1.0  0.823  0.174  0.003  0.783  0.217  0.675  0.325
6.0  3.5  0.01  0.01  0.619995490306487  0.7630033153927458  0.47646194587088514  15.22254282308719  15.617559363919085  1.0  0.704  0.295  0.002  0.777  0.223  0.7  0.3
6.0  3.0  0.01  0.01  1.1530765597545856  0.26474547258989123  2.5581215548346337  27.224975480426625  28.281441278467007  1.0  0.834  0.161  0.004  0.766  0.234  0.75  0.25
5.0  3.0  0.01  0.01  0.5804530622095357  0.2543364518834499  0.6933651191030232  15.130804701803445  15.129273306600268  1.0  0.678  0.32  0.001  0.755  0.245  0.8  0.2
4.5  1.75  0.01  0.01  0.8487247520764162  -0.7888751066843733  1.2047743237532065  15.099567321199212  14.761850431941502  1.0  0.861  0.12  0.019  0.75  0.25  0.825  0.175
---------------------------------------------------------------------------------------
2.5  0.25  0.01  0.01  0.47028223140312936  -0.6866921327648667  0.3962867668472807  35.09854033396298  39.07329458587966  1.0  1.0  0.0  0.0  0.772  0.228  0.725  0.275
2.5  0.25  0.01  0.01  0.3822513705128054  -0.27942169027201325  0.6456571409706389  37.1838145131731  36.836335867559775  1.0  0.999  0.0  0.001  0.766  0.234  0.75  0.25
2.5  0.25  0.01  0.01  0.17987172460363507  0.6251855159867306  1.001849917504858  39.122125311031766  37.29429001339196  1.0  0.857  0.0  0.143  0.761  0.239  0.775  0.225
2.5  0.25  0.01  0.01  0.32478384225210816  -0.1005755532760515  0.3700477832921734  33.05888862483208  38.39716248593709  1.0  0.993  0.0  0.007  0.777  0.223  0.7  0.3
2.5  0.25  0.01  0.01  0.26143077823124183  0.2786111811170504  0.7457863739834643  36.00113942530951  39.60515652444586  1.0  0.973  0.0  0.027  0.766  0.234  0.75  0.25
2.5  0.25  0.01  0.01  0.5670506452343749  -0.4148386916250659  1.9945169917372672  66.9830390258678  60.97242421958191  1.0  1.0  0.0  0.0  0.761  0.239  0.775  0.225
2.5  0.25  0.01  0.01  0.5007848727703293  -0.7651585852630569  0.8257379988018538  41.70802272494998  38.61353528640642  1.0  1.0  0.0  0.0  0.755  0.245  0.8  0.2
2.5  0.25  0.01  0.01  0.4869894044285952  -0.46844649917428294  1.0850751103495277  43.7931099824154  45.95469628632209  1.0  1.0  0.0  0.0  0.772  0.228  0.725  0.275
2.5  0.25  0.01  0.01  0.18421181053435315  0.4828567919884097  0.5764014165628658  36.187653265392626  27.016055858604865  1.0  0.833  0.0  0.167  0.745  0.255  0.85  0.15
2.5  0.25  0.01  0.01  0.24198806429232705  0.4285692850699936  1.2385481659957274  43.944271286540754  40.40718047041148  1.0  0.963  0.0  0.037  0.761  0.239  0.775  0.225
3.0  0.5  0.01  0.01  0.4205301311233842  -0.035354643933315666  0.8324165664349392  21.90552455324126  21.043686911066043  1.0  0.973  0.0  0.027  0.761  0.239  0.775  0.225
3.0  0.5  0.01  0.01  0.3266445536186148  0.5752312530462698  1.758992719920182  29.930999575769025  25.176046351040988  1.0  0.943  0.0  0.057  0.761  0.239  0.775  0.225
3.0  0.5  0.01  0.01  0.5039716866297406  0.11838489606754687  1.526640857965271  27.550617932777037  29.76942723724168  1.0  0.996  0.0  0.004  0.788  0.212  0.65  0.35
3.0  0.5  0.01  0.01  0.8015816313440635  -0.9419258778564101  1.6024301203125493  30.388068921775243  34.57364148852888  1.0  1.0  0.0  0.0  0.777  0.223  0.7  0.3
3.0  0.5  0.01  0.01  0.4728569266140878  -0.24600123117682027  1.1091015385776202  24.12930654435027  22.044001986521955  1.0  0.986  0.0  0.014  0.745  0.255  0.85  0.15
3.0  0.5  0.01  0.01  0.3205274913250271  0.8271716797768502  2.5513319354352495  43.073346693562705  45.481525863411505  1.0  0.954  0.0  0.046  0.777  0.223  0.7  0.3
3.0  0.5  0.01  0.01  0.6192030885544111  -0.8538945959706112  0.82200209642851  23.21895015993579  20.409886467539103  1.0  0.999  0.0  0.001  0.755  0.245  0.8  0.2
3.0  0.5  0.01  0.01  0.5284191316295602  -0.194479356111114  1.4511979999891846  27.558336258988522  25.91562707397196  1.0  0.996  0.0  0.004  0.75  0.25  0.825  0.175
3.0  0.5  0.01  0.01  0.23276092476714466  0.6293682358289177  0.3907009807506419  19.838620956707686  20.274309495531078  1.0  0.819  0.001  0.181  0.766  0.234  0.75  0.25
3.0  0.5  0.01  0.01  0.6136255653539403  -0.10896835709890884  2.034919268049445  36.943273484403086  31.883039922114783  1.0  1.0  0.0  0.0  0.761  0.239  0.775  0.225
3.5  0.75  0.01  0.01  0.7347957041284268  -0.7077440868975937  1.4773810930401388  22.922331954703974  20.84929550981633  1.0  0.995  0.001  0.005  0.745  0.255  0.85  0.15
3.5  0.75  0.01  0.01  0.469256582245097  0.6657541905936115  2.4570376413220663  35.41367662591812  32.709088482715096  1.0  0.964  0.001  0.035  0.766  0.234  0.75  0.25
3.5  0.75  0.01  0.01  0.4580566847125706  -0.11194092422645952  0.44375268179299315  17.31691913065261  17.250354287004765  1.0  0.923  0.004  0.073  0.761  0.239  0.775  0.225
3.5  0.75  0.01  0.01  0.5972918364980181  0.31767984736021493  2.0145432224641437  26.95515532989485  29.180843776490285  1.0  0.989  0.0  0.011  0.788  0.212  0.65  0.35
3.5  0.75  0.01  0.01  0.40573429157383434  0.04981170903606613  0.7053528124144969  17.95175031185627  16.777755400849486  1.0  0.891  0.005  0.104  0.745  0.255  0.85  0.15
3.5  0.75  0.01  0.01  0.4108309118547149  0.36989229858539874  0.899408460282503  17.97412785490421  18.72805341631972  1.0  0.917  0.003  0.08  0.772  0.228  0.725  0.275
3.5  0.75  0.01  0.01  0.5715892147408459  0.16527774435811748  2.1223387323546854  30.147717999253842  25.65730176444236  1.0  0.982  0.001  0.017  0.755  0.245  0.8  0.2
3.5  0.75  0.01  0.01  0.7191899901683165  -0.8516729954677416  1.0814577088179902  19.606983763862296  19.515504757186257  1.0  0.992  0.001  0.007  0.755  0.245  0.8  0.2
3.5  0.75  0.01  0.01  0.40893493683939874  0.4750983119443317  1.3452157415254147  20.42454557703873  18.783612828955132  1.0  0.923  0.003  0.075  0.766  0.234  0.75  0.25
3.5  0.75  0.01  0.01  0.6844743482714939  -0.8040382789165519  1.127942670854283  20.048224167181832  18.681699087916844  1.0  0.988  0.001  0.01  0.75  0.25  0.825  0.175
4.0  1.0  0.01  0.01  0.597014792835374  0.4359003415484404  2.0415201603591813  25.03237486789936  23.785445871623438  1.0  0.96  0.005  0.036  0.761  0.239  0.775  0.225
4.0  1.0  0.01  0.01  0.49075795139199785  0.4297809713342895  1.5672863844939553  19.61983358058666  21.07666357610987  1.0  0.913  0.011  0.076  0.745  0.255  0.85  0.15
4.0  1.0  0.01  0.01  0.5675890130827251  0.5602307582201169  2.566239152503859  34.95101967975406  30.863571858715705  1.0  0.954  0.005  0.041  0.755  0.245  0.8  0.2
4.0  1.0  0.01  0.01  0.82311677549997  -0.8315176495764938  1.2436990683667513  18.4973278435907  17.58478243258979  1.0  0.983  0.005  0.012  0.755  0.245  0.8  0.2
4.0  1.0  0.01  0.01  0.6369786419904924  -0.3492196880533216  0.750239013123935  16.66880589503506  16.16623685173294  1.0  0.949  0.009  0.042  0.761  0.239  0.775  0.225
4.0  1.0  0.01  0.01  0.4139431412971146  0.3124983816227769  0.5769341369649086  16.351083418263528  15.903142696697596  1.0  0.851  0.022  0.126  0.75  0.25  0.825  0.175
4.0  1.0  0.01  0.01  0.40604219323033697  0.5637259435451365  0.9680034720834723  16.778171199913384  16.958299572395752  1.0  0.864  0.019  0.117  0.761  0.239  0.775  0.225
4.0  1.0  0.01  0.01  0.6646812134600306  -0.8087175249924281  0.4255511317632538  16.38323460954756  15.788574953080575  1.0  0.942  0.014  0.044  0.755  0.245  0.8  0.2
4.0  1.0  0.01  0.01  0.4150872160495987  0.2681703921052643  0.49900603152550216  16.32523751958942  15.64177108525163  1.0  0.849  0.023  0.128  0.755  0.245  0.8  0.2
4.0  1.0  0.01  0.01  0.4495498786841739  0.2378244879904179  0.4117297113183421  16.086648451788772  16.343781297340925  1.0  0.875  0.018  0.107  0.772  0.228  0.725  0.275
4.5  1.25  0.01  0.01  0.9459608075996315  -0.6249713416777312  1.9211860415150503  23.35813844993422  18.815110835702022  1.0  0.98  0.009  0.011  0.75  0.25  0.825  0.175
4.5  1.25  0.01  0.01  1.048929281887875  -0.6675206209264941  1.9362147513757724  22.972140466971208  21.75662823783022  1.0  0.989  0.006  0.005  0.777  0.223  0.7  0.3
4.5  1.25  0.01  0.01  1.0931233171719548  -0.35173083907657166  2.3406374550425624  28.080778456158253  31.620979705935802  1.0  0.994  0.003  0.003  0.788  0.212  0.65  0.35
4.5  1.25  0.01  0.01  0.6294035072757249  -0.18572297292934925  0.5967672031923432  15.768743856115847  15.506622864245879  1.0  0.905  0.028  0.067  0.755  0.245  0.8  0.2
4.5  1.25  0.01  0.01  0.6966929173660604  -0.2250110549473574  0.9413920339389277  16.111561525945884  16.174642980777577  1.0  0.931  0.021  0.048  0.766  0.234  0.75  0.25
4.5  1.25  0.01  0.01  0.9191401531092587  -0.09704930631103337  1.9693462226930833  21.873956461994133  26.6027094342301  1.0  0.984  0.006  0.011  0.772  0.228  0.725  0.275
4.5  1.25  0.01  0.01  0.6543839619498465  0.19938520928626047  1.1939264899676048  16.566291755231838  16.793308439995933  1.0  0.932  0.018  0.05  0.777  0.223  0.7  0.3
4.5  1.25  0.01  0.01  0.7652253150773369  -0.4346153580071852  1.1442829556798588  16.556710389129638  17.015980369741992  1.0  0.947  0.018  0.035  0.755  0.245  0.8  0.2
4.5  1.25  0.01  0.01  0.5971026329766025  0.6788284429304827  1.733134136647062  19.54268007240137  20.78373555601298  1.0  0.929  0.016  0.055  0.772  0.228  0.725  0.275
4.5  1.25  0.01  0.01  0.5851139049382148  0.8375936300707789  1.9999672284989716  23.038368752592117  20.01590094313886  1.0  0.93  0.015  0.054  0.777  0.223  0.7  0.3
5.0  1.5  0.01  0.01  0.6774094186718588  -0.262449979991501  0.40861547965873946  15.283432199397135  15.408897359733249  1.0  0.878  0.052  0.07  0.761  0.239  0.775  0.225
5.0  1.5  0.01  0.01  1.3337883379586857  -0.923832877329734  2.1329121485442024  25.460061776070262  22.662297246367352  1.0  0.99  0.008  0.002  0.766  0.234  0.75  0.25
5.0  1.5  0.01  0.01  0.4775799761692317  0.7850399950858384  0.5993840764998613  15.36026788293331  15.755049950659743  1.0  0.835  0.061  0.104  0.772  0.228  0.725  0.275
5.0  1.5  0.01  0.01  0.8678261643384299  0.1780954638585459  2.3991651330613557  29.151099003193682  23.369427718278434  1.0  0.957  0.017  0.026  0.75  0.25  0.825  0.175
5.0  1.5  0.01  0.01  0.826211660924195  -0.12326161185890672  1.636797983805509  19.237191450238022  16.46190870018236  1.0  0.938  0.026  0.036  0.745  0.255  0.85  0.15
5.0  1.5  0.01  0.01  0.913389496217821  0.04600910247001622  2.210458518259964  24.215849783351178  29.865691266036272  1.0  0.963  0.016  0.022  0.761  0.239  0.775  0.225
5.0  1.5  0.01  0.01  0.5880406281464117  0.14526095239115966  0.4522850992514323  15.306030208802994  15.423050411952506  1.0  0.857  0.057  0.086  0.766  0.234  0.75  0.25
5.0  1.5  0.01  0.01  0.8268989333420341  -0.879823389198801  0.5232571561835964  15.438206037109863  15.173322832523406  1.0  0.909  0.046  0.045  0.761  0.239  0.775  0.225
5.0  1.5  0.01  0.01  0.8049982586263873  -0.6505984185807148  0.4435769972693158  15.243104637289813  15.749676482900934  1.0  0.911  0.042  0.046  0.783  0.217  0.675  0.325
5.0  1.5  0.01  0.01  1.1798207665734197  -0.8356284987537588  1.9357166453686308  22.44580622532567  18.9270941602436  1.0  0.981  0.013  0.006  0.766  0.234  0.75  0.25
5.5  1.75  0.01  0.01  0.7600641900234278  -0.3613345696488066  0.3855186722378079  15.118384642455206  15.111041915830373  1.0  0.868  0.07  0.062  0.766  0.234  0.75  0.25
5.5  1.75  0.01  0.01  0.8608887488843195  -0.635888399532492  0.525575302532721  15.120284388705121  15.319450756081599  1.0  0.892  0.061  0.047  0.766  0.234  0.75  0.25
5.5  1.75  0.01  0.01  1.2155895144461053  -0.22783745685368983  2.342276935132649  27.03901428794609  25.627987781741645  1.0  0.976  0.015  0.009  0.777  0.223  0.7  0.3
5.5  1.75  0.01  0.01  0.6953519667088797  0.5525025782487396  1.5147251764962  17.534622654400156  15.179560021045422  1.0  0.886  0.053  0.061  0.755  0.245  0.8  0.2
5.5  1.75  0.01  0.01  0.9438826816648059  -0.8604464618180807  0.5551030542282842  15.117509309667422  15.47645228557459  1.0  0.909  0.055  0.037  0.766  0.234  0.75  0.25
5.5  1.75  0.01  0.01  1.0540384403010943  0.04260713393471116  2.4730622799906676  29.10196590609184  27.996118751702653  1.0  0.961  0.021  0.018  0.761  0.239  0.775  0.225
5.5  1.75  0.01  0.01  0.927374856386798  -0.8461630086390874  0.6550956893290807  15.251900787658967  15.105032567015105  1.0  0.904  0.057  0.039  0.766  0.234  0.75  0.25
5.5  1.75  0.01  0.01  1.2488172934178334  -0.33000651451158936  2.4507616916890638  29.627490077236793  24.059738097735487  1.0  0.978  0.014  0.008  0.766  0.234  0.75  0.25
5.5  1.75  0.01  0.01  0.8246318194537653  -0.45111689100702845  0.46620028594020385  15.050245597849855  15.52230379312481  1.0  0.888  0.061  0.051  0.772  0.228  0.725  0.275
5.5  1.75  0.01  0.01  1.052000794429534  -0.2753639984352607  1.7230673586621315  19.03628207537314  18.229988901585745  1.0  0.953  0.027  0.02  0.761  0.239  0.775  0.225
6.0  2.0  0.01  0.01  0.9411686184430511  -0.13362371583087462  1.2773324211261403  15.860228262028084  15.119783718420436  1.0  0.904  0.057  0.039  0.761  0.239  0.775  0.225
6.0  2.0  0.01  0.01  0.7485743851675505  0.8547445565565905  1.2468679938345677  15.342325332184966  16.624674058250434  1.0  0.885  0.061  0.054  0.783  0.217  0.675  0.325
6.0  2.0  0.01  0.01  0.7723848243120578  0.7727097343863465  1.8096393408762899  18.985431751963397  17.78845036278245  1.0  0.889  0.059  0.052  0.766  0.234  0.75  0.25
6.0  2.0  0.01  0.01  1.0104235619453266  -0.6299521408517901  0.9106894248874776  15.176860541839613  15.285932343420418  1.0  0.903  0.062  0.035  0.761  0.239  0.775  0.225
6.0  2.0  0.01  0.01  0.6985024880520933  0.20054055990223407  0.42386897721260847  15.023351488612736  15.044187262484161  1.0  0.836  0.093  0.07  0.761  0.239  0.775  0.225
6.0  2.0  0.01  0.01  0.6271840594367503  0.6072714213181512  0.5519564141732761  15.04262754458352  15.187137033188133  1.0  0.829  0.095  0.077  0.766  0.234  0.75  0.25
6.0  2.0  0.01  0.01  0.9782350495115874  -0.764477448039613  0.5244832331316528  14.980190863763225  15.216813333904444  1.0  0.888  0.072  0.039  0.766  0.234  0.75  0.25
6.0  2.0  0.01  0.01  0.7269898635697535  0.5982424410433678  1.213783670904277  15.49035764878707  15.563718070827832  1.0  0.867  0.073  0.06  0.761  0.239  0.775  0.225
6.0  2.0  0.01  0.01  0.6260252506402261  0.3204262176674748  0.4942970080964435  15.095524796906583  14.793737148359842  1.0  0.812  0.107  0.081  0.745  0.255  0.85  0.15
6.0  2.0  0.01  0.01  0.6211183105017279  0.7657346446428692  0.8483763164036846  15.18387660073251  14.997539849362855  1.0  0.835  0.09  0.075  0.761  0.239  0.775  0.225
