5.5  2.75  0.01  0.01  1.0190483536722905  0.33028784095397135  15.274779513455263  14.132331657752639  1.0  0.784  0.153  0.063  0.774  0.226  0.718  0.282
5.5  2.75  0.01  0.01  1.263712027381504  -0.31013772945243523  15.255677210210687  14.390322972179707  1.0  0.799  0.147  0.054  0.774  0.226  0.718  0.282
5.5  2.75  0.01  0.01  0.8880236529867696  0.41938198851446495  15.182696039502831  14.444866336738778  1.0  0.757  0.172  0.071  0.752  0.248  0.795  0.205
5.5  2.75  0.01  0.01  1.3680796784020268  -0.3972264250570403  15.25430688073243  14.461549330955103  1.0  0.816  0.136  0.048  0.788  0.212  0.667  0.333
5.5  2.75  0.01  0.01  0.9550695662553008  0.32705742226930234  15.220619099970502  14.31711114884452  1.0  0.768  0.164  0.068  0.759  0.241  0.769  0.231
5.5  2.75  0.01  0.01  1.109572745858991  -0.25324426622967633  15.314357945254812  14.158263553125394  1.0  0.766  0.171  0.063  0.745  0.255  0.821  0.179
5.5  2.75  0.01  0.01  1.0605324643982592  0.06748666974883366  15.272988702938436  14.182006225834604  1.0  0.776  0.16  0.063  0.759  0.241  0.769  0.231
5.5  2.75  0.01  0.01  1.0471616812843978  0.150274630043171  15.281737762610586  14.132573252809689  1.0  0.779  0.158  0.063  0.766  0.234  0.744  0.256
5.5  2.75  0.01  0.01  1.2766963421351574  -0.5119754603434143  15.36202378973865  14.118487028233202  1.0  0.789  0.157  0.054  0.759  0.241  0.769  0.231
5.5  2.75  0.01  0.01  0.9287144196478836  0.5785543753202789  14.660493572262377  16.282263816592423  1.0  0.779  0.155  0.067  0.774  0.226  0.718  0.282
5.5  2.75  0.01  0.01  1.3276911715095776  -0.2021090844123914  15.1715700254431  14.673535408183762  1.0  0.82  0.131  0.049  0.796  0.204  0.641  0.359
5.5  2.75  0.01  0.01  1.1144408157130714  -0.16719747807418295  14.742587064510902  16.127072530100317  1.0  0.773  0.165  0.062  0.745  0.255  0.821  0.179
5.5  2.75  0.01  0.01  0.9474330844019472  0.3570180334946984  15.339289611639494  13.897150203973688  1.0  0.768  0.164  0.068  0.759  0.241  0.769  0.231
5.5  2.75  0.01  0.01  1.4842079887471238  -0.9708989729554389  15.45138777145868  14.138585629337314  1.0  0.803  0.153  0.044  0.766  0.234  0.744  0.256
5.5  2.75  0.01  0.01  0.9612279013129993  0.08749762592727173  14.800719957822903  15.848212720115615  1.0  0.752  0.178  0.07  0.737  0.263  0.846  0.154
5.5  2.75  0.01  0.01  1.453315790427165  -0.9119271652295704  15.335618270875058  14.4944415670327  1.0  0.801  0.154  0.046  0.759  0.241  0.769  0.231
5.5  2.75  0.01  0.01  1.0423580361771814  0.04653642562304672  15.35355867631928  13.905225738148555  1.0  0.77  0.165  0.065  0.752  0.248  0.795  0.205
5.5  2.75  0.01  0.01  1.1577969620064872  0.11191949352012487  15.109579232050024  14.766289805006144  1.0  0.802  0.141  0.057  0.781  0.219  0.692  0.308
5.5  2.75  0.01  0.01  1.054101444890423  0.025026203429981075  15.312914431743799  14.05335606816621  1.0  0.772  0.164  0.064  0.759  0.241  0.769  0.231
5.5  2.75  0.01  0.01  0.8370183584192666  0.7911157042621808  15.198558190833678  14.412551007490102  1.0  0.77  0.16  0.07  0.774  0.226  0.718  0.282
5.5  2.75  0.01  0.01  1.279898545563011  -0.7531284534774796  14.944490280004356  15.756404347129141  1.0  0.772  0.173  0.056  0.745  0.255  0.821  0.179
5.5  2.75  0.01  0.01  0.7028555560374756  0.9444560071710577  15.28812588036914  14.128075182334605  1.0  0.746  0.178  0.076  0.759  0.241  0.769  0.231
5.5  2.75  0.01  0.01  0.8024005733147285  0.6327330612148583  15.318620335315764  13.969649133119596  1.0  0.75  0.176  0.074  0.752  0.248  0.795  0.205
5.5  2.75  0.01  0.01  1.0393483397895318  0.18468703045054413  14.603384833332795  16.50947787100713  1.0  0.779  0.158  0.064  0.759  0.241  0.769  0.231
5.5  2.75  0.01  0.01  1.3206196808767718  -0.6862244725968665  15.435071516051197  13.978917001043836  1.0  0.786  0.161  0.053  0.759  0.241  0.769  0.231
5.5  2.75  0.01  0.01  1.302455115061289  -0.6751271583057332  15.311295034270925  14.408303706510479  1.0  0.783  0.164  0.054  0.752  0.248  0.795  0.205
5.5  2.75  0.01  0.01  0.756470297713679  0.7513475130800318  15.313298563649541  14.00162744305201  1.0  0.746  0.178  0.075  0.752  0.248  0.795  0.205
5.5  2.75  0.01  0.01  1.2279211441570106  -0.4903193173959186  14.880171808287223  15.8022777025372  1.0  0.778  0.165  0.057  0.745  0.255  0.821  0.179
5.5  2.75  0.01  0.01  1.3658783538512722  -0.9572062667656553  15.438467229659373  14.18492335048466  1.0  0.777  0.172  0.051  0.745  0.255  0.821  0.179
5.5  2.75  0.01  0.01  1.049128339567562  0.1655032084625021  15.290843311921524  14.097067204248225  1.0  0.78  0.156  0.063  0.766  0.234  0.744  0.256
