0  5.5  2.75  0.01  0.01  1.2513143303837053  2.446290531136886  22.270217181650715  27.629582872723557  1.0  0.858  0.139  0.003  0.8  0.2  0.8  0.2
0  5.5  2.75  0.01  0.01  1.020608104568557  1.367315624623557  14.678440169412847  14.183640584133352  1.0  0.812  0.183  0.005  0.822  0.178  0.7  0.3
0  5.5  2.75  0.01  0.01  0.7855641509961764  0.3994076260332199  14.742615284394255  15.178836040869555  1.0  0.753  0.24  0.007  0.8  0.2  0.8  0.2
0  5.5  2.75  0.01  0.01  1.1783811542334648  2.1397453170353895  18.44706001519935  21.98619174825264  1.0  0.845  0.152  0.003  0.789  0.211  0.85  0.15
0  5.5  2.75  0.01  0.01  0.9201045151400493  1.3893049364247732  14.387822266184866  15.85259992913691  1.0  0.788  0.206  0.006  0.778  0.222  0.9  0.1
0  5.5  2.75  0.01  0.01  0.784069225409342  0.37314417340284267  14.74652546683936  15.252305997284122  1.0  0.753  0.24  0.007  0.8  0.2  0.8  0.2
0  5.5  2.75  0.01  0.01  0.7350823510902992  0.47541154975997985  14.855429258805454  14.405770667034455  1.0  0.739  0.253  0.008  0.789  0.211  0.85  0.15
0  5.5  2.75  0.01  0.01  0.8726981607438108  0.990154823521508  14.53589031399599  14.259452595534702  1.0  0.776  0.218  0.006  0.8  0.2  0.8  0.2
0  5.5  2.75  0.01  0.01  0.7614155234050808  0.40549082638009754  14.748689086975062  15.125411479960997  1.0  0.746  0.246  0.007  0.789  0.211  0.85  0.15
0  5.5  2.75  0.01  0.01  1.0855598216923488  1.6426684495758952  15.374150642515534  14.355428894981989  1.0  0.826  0.17  0.004  0.811  0.189  0.75  0.25
0  5.5  2.75  0.01  0.01  0.850952406837317  0.9151293088746499  14.435280111361239  14.894488948903938  1.0  0.771  0.223  0.006  0.778  0.222  0.9  0.1
0  5.5  2.75  0.01  0.01  1.3908920671340326  2.661760356752995  30.86470099817351  26.392979184603746  1.0  0.882  0.116  0.002  0.811  0.189  0.75  0.25
0  5.5  2.75  0.01  0.01  0.7477070598825172  0.45854035041065155  14.80191967572843  14.703693576339564  1.0  0.743  0.25  0.008  0.789  0.211  0.85  0.15
0  5.5  2.75  0.01  0.01  0.8281818393154413  0.3941982487981299  14.745222172397337  15.193320483515071  1.0  0.765  0.229  0.007  0.822  0.178  0.7  0.3
0  5.5  2.75  0.01  0.01  1.006771208084242  1.4086440522725898  15.199836418159078  14.291298294026678  1.0  0.809  0.186  0.005  0.811  0.189  0.75  0.25
0  5.5  2.75  0.01  0.01  0.7802083481355921  0.42239884364778457  14.766492987906448  14.985544629078356  1.0  0.752  0.241  0.007  0.8  0.2  0.8  0.2
0  5.5  2.75  0.01  0.01  0.8738589519005048  0.5526801156296831  14.66721048757912  15.000993951388882  1.0  0.776  0.217  0.006  0.833  0.167  0.65  0.35
0  5.5  2.75  0.01  0.01  1.0130624105175725  1.4107177288738053  15.131978356495583  14.595659659901674  1.0  0.81  0.185  0.005  0.8  0.2  0.8  0.2
0  5.5  2.75  0.01  0.01  1.1554485283009943  1.7659824094919871  15.152818123805567  18.62221866347177  1.0  0.84  0.156  0.004  0.811  0.189  0.75  0.25
0  5.5  2.75  0.01  0.01  0.7325727092810128  0.3929179765856948  14.86048889562342  14.670787246009871  1.0  0.738  0.254  0.008  0.789  0.211  0.85  0.15
0  5.5  2.75  0.01  0.01  0.838209746470104  0.4604248765898548  14.714081006317572  15.10562089737557  1.0  0.767  0.226  0.007  0.822  0.178  0.7  0.3
0  5.5  2.75  0.01  0.01  1.3781309442899419  2.314271229767246  22.657237103802245  15.433765168371949  1.0  0.88  0.118  0.002  0.822  0.178  0.7  0.3
0  5.5  2.75  0.01  0.01  1.2859611827815012  2.244385240142536  20.518456351518942  18.74348227785498  1.0  0.865  0.133  0.003  0.789  0.211  0.85  0.15
0  5.5  2.75  0.01  0.01  0.8644896498269037  0.7509585010696936  14.505048463653022  15.067366422497582  1.0  0.774  0.22  0.006  0.8  0.2  0.8  0.2
0  5.5  2.75  0.01  0.01  0.79402024762283  0.7225423063037575  14.736466441716283  14.10854772276185  1.0  0.755  0.238  0.007  0.8  0.2  0.8  0.2
0  5.5  2.75  0.01  0.01  1.3304357702125047  2.3864025949856655  22.875979921729115  22.322839417519212  1.0  0.872  0.125  0.002  0.822  0.178  0.7  0.3
0  5.5  2.75  0.01  0.01  0.8202888192234109  0.5264694604110963  14.781273571970733  14.563061163846394  1.0  0.762  0.231  0.007  0.822  0.178  0.7  0.3
0  5.5  2.75  0.01  0.01  1.2844583295955128  2.1937957592168664  20.17614560598188  16.562691640247117  1.0  0.864  0.133  0.003  0.789  0.211  0.85  0.15
0  5.5  2.75  0.01  0.01  0.7199960761330862  0.5180198103888675  14.828679199950187  14.386270058794675  1.0  0.735  0.257  0.008  0.778  0.222  0.9  0.1
0  5.5  2.75  0.01  0.01  1.0253000635653062  1.2251830407810766  14.323012661352909  15.012210432106267  1.0  0.813  0.182  0.005  0.811  0.189  0.75  0.25
1  5.5  2.75  0.01  0.01  0.803225816759891  1.752215313115361  18.464316345849433  14.309132350757457  1.0  0.758  0.235  0.007  0.713  0.287  0.8  0.2
1  5.5  2.75  0.01  0.01  0.7668393603079318  1.1266093232326888  14.615498637810541  14.64761817901981  1.0  0.748  0.245  0.007  0.745  0.255  0.65  0.35
1  5.5  2.75  0.01  0.01  0.5634625119958313  0.5172014539319761  14.897398266725897  14.649616261899638  1.0  0.688  0.303  0.009  0.713  0.287  0.8  0.2
1  5.5  2.75  0.01  0.01  0.8026970876708773  1.553768911468994  16.154632749255406  15.509164025252222  1.0  0.758  0.235  0.007  0.734  0.266  0.7  0.3
1  5.5  2.75  0.01  0.01  0.9134993029248839  1.8244018233076438  18.27762028029136  18.480818299540108  1.0  0.786  0.208  0.006  0.734  0.266  0.7  0.3
1  5.5  2.75  0.01  0.01  0.7486521227296269  1.3896871910538893  14.86489650289283  14.667690033416477  1.0  0.743  0.25  0.008  0.713  0.287  0.8  0.2
1  5.5  2.75  0.01  0.01  0.896181840009701  1.5387176006863452  15.388792390105833  18.590873240202615  1.0  0.782  0.212  0.006  0.755  0.245  0.6  0.4
1  5.5  2.75  0.01  0.01  0.5986159848688353  0.4718633771328563  14.848905618164775  15.017487302023005  1.0  0.699  0.292  0.009  0.723  0.277  0.75  0.25
1  5.5  2.75  0.01  0.01  0.5729976798290862  0.5210240099385635  14.854178495826464  14.834249310297228  1.0  0.691  0.3  0.009  0.713  0.287  0.8  0.2
1  5.5  2.75  0.01  0.01  0.8456929578897155  1.3733830569803205  14.729819945836292  15.090317854709312  1.0  0.769  0.224  0.007  0.755  0.245  0.6  0.4
1  5.5  2.75  0.01  0.01  0.817219886283761  1.680447950972107  17.879505768783986  15.498990266615834  1.0  0.762  0.232  0.007  0.713  0.287  0.8  0.2
1  5.5  2.75  0.01  0.01  0.6212075516166456  0.39408962414607196  14.949301563521077  14.808750350199002  1.0  0.706  0.285  0.009  0.745  0.255  0.65  0.35
1  5.5  2.75  0.01  0.01  0.5687334389721547  0.5281350172075177  14.871931927582155  14.7298517497203  1.0  0.69  0.301  0.009  0.713  0.287  0.8  0.2
1  5.5  2.75  0.01  0.01  0.6309699123938299  0.4587253452747125  14.804886976515904  15.270293307259767  1.0  0.709  0.283  0.009  0.734  0.266  0.7  0.3
1  5.5  2.75  0.01  0.01  0.5615929360529986  0.7639570789275899  14.83321930581736  14.231867052980576  1.0  0.687  0.303  0.009  0.702  0.298  0.85  0.15
1  5.5  2.75  0.01  0.01  0.6604208727458429  0.854189993890736  14.753161457796798  14.356271689419057  1.0  0.717  0.274  0.008  0.734  0.266  0.7  0.3
1  5.5  2.75  0.01  0.01  0.8149090270067534  1.767639166519934  18.54591302897657  14.393898214005208  1.0  0.761  0.232  0.007  0.713  0.287  0.8  0.2
1  5.5  2.75  0.01  0.01  0.7702145480256399  1.706922565326461  17.289498089674  18.67448693156229  1.0  0.749  0.244  0.007  0.713  0.287  0.8  0.2
1  5.5  2.75  0.01  0.01  0.6160920134533665  0.5450316153705915  14.76955896845386  15.154514340994362  1.0  0.704  0.287  0.009  0.723  0.277  0.75  0.25
1  5.5  2.75  0.01  0.01  0.6331730663628851  0.48005061275390526  14.908595296447812  14.713032447867386  1.0  0.709  0.282  0.009  0.745  0.255  0.65  0.35
1  5.5  2.75  0.01  0.01  0.5014395592463917  0.6398756158529222  14.842552836902941  14.566422924221092  1.0  0.668  0.322  0.01  0.681  0.319  0.95  0.05
1  5.5  2.75  0.01  0.01  0.5944142515242808  0.4099674927881275  14.857977694706285  15.182497335409556  1.0  0.697  0.293  0.009  0.723  0.277  0.75  0.25
1  5.5  2.75  0.01  0.01  0.7758607603949116  1.7316698352739808  18.38824097377188  14.082050121033925  1.0  0.75  0.242  0.007  0.713  0.287  0.8  0.2
1  5.5  2.75  0.01  0.01  0.5831055349138727  0.7143512385190247  14.832833429380491  14.355498551934279  1.0  0.694  0.297  0.009  0.713  0.287  0.8  0.2
1  5.5  2.75  0.01  0.01  0.8330589881126449  1.575002868114742  15.697551900716206  20.017931104410813  1.0  0.766  0.227  0.007  0.734  0.266  0.7  0.3
1  5.5  2.75  0.01  0.01  0.5539440702682783  0.36976226131283063  14.939328681791666  14.938389675485903  1.0  0.685  0.306  0.01  0.713  0.287  0.8  0.2
1  5.5  2.75  0.01  0.01  1.0264320568275063  2.3073323897764104  23.321619460180443  27.274506170574647  1.0  0.813  0.182  0.005  0.755  0.245  0.6  0.4
1  5.5  2.75  0.01  0.01  0.6957530569219031  0.8221432098621778  14.702806282970466  14.673813457696847  1.0  0.728  0.264  0.008  0.745  0.255  0.65  0.35
1  5.5  2.75  0.01  0.01  0.69680602763421  1.1567425672253164  14.688684395897534  14.309952827241839  1.0  0.728  0.264  0.008  0.723  0.277  0.75  0.25
1  5.5  2.75  0.01  0.01  0.726573856005496  1.8569714274467652  18.546108122812317  18.2313143916605  1.0  0.737  0.256  0.008  0.702  0.298  0.85  0.15
-------------------------------------------------------------------------------------------------------------------------------------------------------------
0  5.5  2.75  0.01  0.01  0.9341602039414751  1.1887697404195694  14.43926833349318  14.43926833349318  1.0  0.791  0.203  0.006  0.8  0.2  0.8  0.2
0  5.5  2.75  0.01  0.01  1.0119753879097766  1.5133518098132808  15.050957153372211  15.050957153372211  1.0  0.81  0.185  0.005  0.8  0.2  0.8  0.2
0  5.5  2.75  0.01  0.01  0.9046301359133904  1.0715203419699435  14.455353314035738  14.455353314035738  1.0  0.784  0.21  0.006  0.8  0.2  0.8  0.2
0  5.5  2.75  0.01  0.01  1.1413189523549354  1.9325855106225571  16.172012982746473  16.172012982746473  1.0  0.837  0.159  0.004  0.8  0.2  0.8  0.2
0  5.5  2.75  0.01  0.01  0.7780341071342213  0.47491659318850776  14.773363681251151  14.773363681251151  1.0  0.751  0.242  0.007  0.8  0.2  0.8  0.2
0  5.5  2.75  0.01  0.01  1.0059602553872677  1.4913776709976658  15.043763004609488  15.043763004609488  1.0  0.808  0.187  0.005  0.8  0.2  0.8  0.2
0  5.5  2.75  0.01  0.01  0.7955496013553127  0.5682195298387699  14.714708154007614  14.714708154007614  1.0  0.756  0.237  0.007  0.8  0.2  0.8  0.2
0  5.5  2.75  0.01  0.01  0.8228673902088649  0.7114063578521572  14.628064846114137  14.628064846114137  1.0  0.763  0.23  0.007  0.8  0.2  0.8  0.2
0  5.5  2.75  0.01  0.01  1.2684042004376563  2.448011230210797  23.276516195127815  23.276516195127815  1.0  0.861  0.136  0.003  0.8  0.2  0.8  0.2
0  5.5  2.75  0.01  0.01  0.8316291088767088  0.7508765710703978  14.606719023049571  14.606719023049571  1.0  0.765  0.228  0.007  0.8  0.2  0.8  0.2
0  5.5  2.75  0.01  0.01  1.0566773761627823  1.6516829874548191  15.21089330402584  15.21089330402584  1.0  0.82  0.176  0.004  0.8  0.2  0.8  0.2
0  5.5  2.75  0.01  0.01  0.8422309687739802  0.7981978560604001  14.579294499683831  14.579294499683831  1.0  0.768  0.225  0.007  0.8  0.2  0.8  0.2
0  5.5  2.75  0.01  0.01  0.7845830871890881  0.5109052744749778  14.75148246744218  14.75148246744218  1.0  0.753  0.24  0.007  0.8  0.2  0.8  0.2
0  5.5  2.75  0.01  0.01  0.767686533906734  0.41746058383425916  14.809887734515323  14.809887734515323  1.0  0.748  0.244  0.007  0.8  0.2  0.8  0.2
0  5.5  2.75  0.01  0.01  0.8046467806914155  0.6157156721979518  14.68565469389008  14.68565469389008  1.0  0.758  0.235  0.007  0.8  0.2  0.8  0.2
0  5.5  2.75  0.01  0.01  0.7614256947355671  0.38191501063835875  14.832370307631944  14.832370307631944  1.0  0.746  0.246  0.007  0.8  0.2  0.8  0.2
0  5.5  2.75  0.01  0.01  0.8749015400448222  0.9474088218986568  14.503888875881868  14.503888875881868  1.0  0.777  0.217  0.006  0.8  0.2  0.8  0.2
0  5.5  2.75  0.01  0.01  0.9911638376828601  1.3948908893161698  14.699724307624013  14.699724307624013  1.0  0.805  0.19  0.005  0.8  0.2  0.8  0.2
0  5.5  2.75  0.01  0.01  0.7632287383631086  0.3917124217315871  14.82594741137778  14.82594741137778  1.0  0.747  0.246  0.007  0.8  0.2  0.8  0.2
0  5.5  2.75  0.01  0.01  0.7729905100272899  0.4507265397775288  14.789385678092803  14.789385678092803  1.0  0.75  0.243  0.007  0.8  0.2  0.8  0.2
0  5.5  2.75  0.01  0.01  1.1817605389219408  2.077893773157277  17.709506434771285  17.709506434771285  1.0  0.845  0.151  0.003  0.8  0.2  0.8  0.2
0  5.5  2.75  0.01  0.01  0.826989311286346  0.7271981439719323  14.619454330118748  14.619454330118748  1.0  0.764  0.229  0.007  0.8  0.2  0.8  0.2
0  5.5  2.75  0.01  0.01  1.2626912586233616  2.434514526837376  23.124938023524916  23.124938023524916  1.0  0.86  0.137  0.003  0.8  0.2  0.8  0.2
0  5.5  2.75  0.01  0.01  0.8269496512058108  0.7273943697157815  14.619454330485222  14.619454330485222  1.0  0.764  0.229  0.007  0.8  0.2  0.8  0.2
0  5.5  2.75  0.01  0.01  0.7826758410837239  0.49799559033739094  14.759130161651688  14.759130161651688  1.0  0.752  0.24  0.007  0.8  0.2  0.8  0.2
0  5.5  2.75  0.01  0.01  0.8636765199684114  0.8980606186261734  14.527002800415772  14.527002800415772  1.0  0.774  0.22  0.006  0.8  0.2  0.8  0.2
0  5.5  2.75  0.01  0.01  0.796702430785215  0.5742117166587171  14.710884902520997  14.710884902520997  1.0  0.756  0.237  0.007  0.8  0.2  0.8  0.2
0  5.5  2.75  0.01  0.01  0.8883577105766987  1.004703136503832  14.480002786050804  14.480002786050804  1.0  0.78  0.214  0.006  0.8  0.2  0.8  0.2
0  5.5  2.75  0.01  0.01  0.9779614450962758  1.3485686510404056  14.545019389951133  14.545019389951133  1.0  0.802  0.193  0.005  0.8  0.2  0.8  0.2
0  5.5  2.75  0.01  0.01  1.180398135139631  2.1160921161273105  18.980190993087717  18.980190993087717  1.0  0.845  0.151  0.003  0.8  0.2  0.8  0.2
1  5.5  2.75  0.01  0.01  0.6150888078936146  0.561454435675678  14.827626191544455  14.827626191544455  1.0  0.704  0.287  0.009  0.728  0.272  0.728  0.272
1  5.5  2.75  0.01  0.01  0.8332109605064725  1.6429544031505001  17.381666456550942  17.381666456550942  1.0  0.766  0.227  0.007  0.728  0.272  0.728  0.272
1  5.5  2.75  0.01  0.01  0.8572090729450383  1.7903848117633807  18.194427666980932  18.194427666980932  1.0  0.772  0.221  0.006  0.728  0.272  0.728  0.272
1  5.5  2.75  0.01  0.01  0.6896565018098832  1.0028311383294448  14.634380944459913  14.634380944459913  1.0  0.726  0.266  0.008  0.728  0.272  0.728  0.272
1  5.5  2.75  0.01  0.01  0.9027413633260543  2.5453917425150516  28.589911307677013  28.589911307677013  1.0  0.784  0.21  0.006  0.728  0.272  0.728  0.272
1  5.5  2.75  0.01  0.01  0.6094356643269693  0.5273194405231194  14.847199762312162  14.847199762312162  1.0  0.702  0.289  0.009  0.728  0.272  0.728  0.272
1  5.5  2.75  0.01  0.01  0.5966831482880758  0.43597931488034547  14.899908578009374  14.899908578009374  1.0  0.698  0.293  0.009  0.728  0.272  0.728  0.272
1  5.5  2.75  0.01  0.01  0.6070357378338856  0.5105905692415664  14.856675550554872  14.856675550554872  1.0  0.701  0.29  0.009  0.728  0.272  0.728  0.272
1  5.5  2.75  0.01  0.01  0.6427520744496722  0.7381142824478809  14.735335913051875  14.735335913051875  1.0  0.712  0.279  0.009  0.728  0.272  0.728  0.272
1  5.5  2.75  0.01  0.01  0.6114874965642625  0.5425611131107706  14.838612065221934  14.838612065221934  1.0  0.703  0.288  0.009  0.728  0.272  0.728  0.272
1  5.5  2.75  0.01  0.01  0.5883876042045638  0.3775698776324846  14.933997880950946  14.933997880950946  1.0  0.696  0.295  0.009  0.728  0.272  0.728  0.272
1  5.5  2.75  0.01  0.01  0.6258061949021093  0.62830048103622  14.791322865382392  14.791322865382392  1.0  0.707  0.284  0.009  0.728  0.272  0.728  0.272
1  5.5  2.75  0.01  0.01  0.5873931723069202  0.3683373836944213  14.938763269235057  14.938763269235057  1.0  0.695  0.295  0.009  0.728  0.272  0.728  0.272
1  5.5  2.75  0.01  0.01  0.6827554145187481  0.9705352256552293  14.643167389252673  14.643167389252673  1.0  0.724  0.268  0.008  0.728  0.272  0.728  0.272
1  5.5  2.75  0.01  0.01  0.606627379041673  0.5068461154548703  14.859331372753426  14.859331372753426  1.0  0.701  0.29  0.009  0.728  0.272  0.728  0.272
1  5.5  2.75  0.01  0.01  0.6685193903417149  0.8919360357698397  14.6687133464891  14.6687133464891  1.0  0.72  0.272  0.008  0.728  0.272  0.728  0.272
1  5.5  2.75  0.01  0.01  0.617422212629572  0.5797262824274761  14.818096067212844  14.818096067212844  1.0  0.705  0.287  0.009  0.728  0.272  0.728  0.272
1  5.5  2.75  0.01  0.01  0.6222455447889531  0.6100408382953048  14.801362051187816  14.801362051187816  1.0  0.706  0.285  0.009  0.728  0.272  0.728  0.272
1  5.5  2.75  0.01  0.01  0.8527244914196659  1.7153034694294778  17.563307270327034  17.563307270327034  1.0  0.771  0.223  0.006  0.728  0.272  0.728  0.272
1  5.5  2.75  0.01  0.01  0.8642305297391139  1.7567430767604646  17.747023348818534  17.747023348818534  1.0  0.774  0.22  0.006  0.728  0.272  0.728  0.272
1  5.5  2.75  0.01  0.01  0.6790235528056499  0.9483527117079956  14.649501375397987  14.649501375397987  1.0  0.723  0.269  0.008  0.728  0.272  0.728  0.272
1  5.5  2.75  0.01  0.01  0.6796951778544577  0.9549298195542716  14.647364732188933  14.647364732188933  1.0  0.723  0.269  0.008  0.728  0.272  0.728  0.272
1  5.5  2.75  0.01  0.01  0.6694127046988243  0.9000036749971723  14.66596954739851  14.66596954739851  1.0  0.72  0.271  0.008  0.728  0.272  0.728  0.272
1  5.5  2.75  0.01  0.01  0.679806133066411  0.954823818804136  14.647364748853123  14.647364748853123  1.0  0.723  0.269  0.008  0.728  0.272  0.728  0.272
1  5.5  2.75  0.01  0.01  0.5964467167626931  0.43693498194301755  14.899627903261305  14.899627903261305  1.0  0.698  0.293  0.009  0.728  0.272  0.728  0.272
1  5.5  2.75  0.01  0.01  0.7246656813258291  1.1868950906426616  14.627450503646369  14.627450503646369  1.0  0.736  0.256  0.008  0.728  0.272  0.728  0.272
1  5.5  2.75  0.01  0.01  0.8797614909738182  1.8680626783097798  18.54686396323761  18.54686396323761  1.0  0.778  0.216  0.006  0.728  0.272  0.728  0.272
1  5.5  2.75  0.01  0.01  0.8751081271796223  2.52921098177653  28.077097278909605  28.077097278909605  1.0  0.777  0.217  0.006  0.728  0.272  0.728  0.272
1  5.5  2.75  0.01  0.01  0.9281061121695517  2.083513284507129  20.797524694187253  20.797524694187253  1.0  0.79  0.204  0.006  0.728  0.272  0.728  0.272
1  5.5  2.75  0.01  0.01  0.5948188345290834  0.4289330445489245  14.90342579300777  14.90342579300777  1.0  0.698  0.293  0.009  0.728  0.272  0.728  0.272
