5  2.25  0.01  0.01  0.9028874527928883  -0.07283809864364318  0.6602741350156587  14.28129617743238  14.28129617743238  1.0  0.766  0.133  0.1  0.761  0.239  0.761  0.239  True
5  2.25  0.01  0.01  0.8659995743987452  0.04207444026286883  0.6604220623016709  14.277767800382538  14.277767800382538  1.0  0.763  0.134  0.103  0.761  0.239  0.761  0.239  True
5  2.25  0.01  0.01  0.8357958898693425  0.12605090428445614  0.6605711962119191  14.276157716055593  14.276157716055593  1.0  0.76  0.135  0.105  0.761  0.239  0.761  0.239  True
5  2.25  0.01  0.01  0.7565227959435412  0.19922787266708583  0.39341468713177064  14.292566310892811  14.292566310892811  1.0  0.738  0.148  0.113  0.761  0.239  0.761  0.239  True
5  2.25  0.01  0.01  0.820204318040572  -0.02280727239057633  0.3736187490471504  14.286213677075274  14.286213677075274  1.0  0.742  0.148  0.11  0.761  0.239  0.761  0.239  True
5  2.25  0.01  0.01  0.9738350762438792  -0.02983367096476163  0.9665150436486459  14.361491643160543  14.361491643160543  1.0  0.792  0.117  0.091  0.761  0.239  0.761  0.239  True
5  2.25  0.01  0.01  0.8196299973300494  -0.005491187133370235  0.3837747105649362  14.286499434679818  14.286499434679818  1.0  0.743  0.148  0.109  0.761  0.239  0.761  0.239  True
5  2.25  0.01  0.01  0.8441139471929702  -0.09756470717047087  0.37021731507108685  14.285304758349945  14.285304758349945  1.0  0.744  0.148  0.108  0.761  0.239  0.761  0.239  True
5  2.25  0.01  0.01  0.7880475715433668  0.28075229437129773  0.6703819536523418  14.281291535509043  14.281291535509043  1.0  0.755  0.137  0.108  0.761  0.239  0.761  0.239  True
5  2.25  0.01  0.01  0.8894451957733593  -0.033133392386405336  0.6601957976321743  14.279815685522324  14.279815685522324  1.0  0.765  0.134  0.101  0.761  0.239  0.761  0.239  True
5  2.25  0.01  0.01  0.8357710165448178  0.20773505576430762  0.8025990631996982  14.220961517637079  14.220961517637079  1.0  0.766  0.131  0.103  0.761  0.239  0.761  0.239  True
5  2.25  0.01  0.01  0.8123506319457049  0.11150907957924465  0.5036324048235005  14.314064613757326  14.314064613757326  1.0  0.75  0.142  0.108  0.761  0.239  0.761  0.239  True
5  2.25  0.01  0.01  0.885455581887602  0.20503942180398935  0.9658679747531309  14.338166069476479  14.338166069476479  1.0  0.782  0.121  0.097  0.761  0.239  0.761  0.239  True
5  2.25  0.01  0.01  0.8760768335937974  0.009590093866624128  0.6604376194248474  14.278560610526933  14.278560610526933  1.0  0.764  0.134  0.102  0.761  0.239  0.761  0.239  True
5  2.25  0.01  0.01  0.8342670589673409  -0.05710731600943425  0.3802690784698627  14.285883808354242  14.285883808354242  1.0  0.744  0.147  0.108  0.761  0.239  0.761  0.239  True
5  2.25  0.01  0.01  0.726394383029253  0.2447356145248861  0.3930007933719989  14.294525540229033  14.294525540229033  1.0  0.731  0.153  0.116  0.761  0.239  0.761  0.239  True
5  2.25  0.01  0.01  0.8481926676066907  -0.1327400239993511  0.35021502139504546  14.285185736597981  14.285185736597981  1.0  0.743  0.149  0.108  0.761  0.239  0.761  0.239  True
5  2.25  0.01  0.01  0.7738659099820819  0.3949993466665789  0.8120118018713917  14.226240223962531  14.226240223962531  1.0  0.759  0.133  0.108  0.761  0.239  0.761  0.239  True
5  2.25  0.01  0.01  0.8040020948820168  0.04281579784143841  0.3834356006046611  14.287451982750973  14.287451982750973  1.0  0.742  0.148  0.11  0.761  0.239  0.761  0.239  True
5  2.25  0.01  0.01  0.8450301053212217  -0.09831591156921404  0.37351865437029924  14.285271587731385  14.285271587731385  1.0  0.745  0.148  0.108  0.761  0.239  0.761  0.239  True
5  2.25  0.01  0.01  0.7790562136718666  0.1230822101287029  0.3838580646348041  14.289673629898004  14.289673629898004  1.0  0.74  0.148  0.112  0.761  0.239  0.761  0.239  True
5  2.25  0.01  0.01  0.9166216366246411  -0.37430006112558234  0.33035335526448933  14.286590451329573  14.286590451329573  1.0  0.747  0.15  0.103  0.761  0.239  0.761  0.239  True
5  2.25  0.01  0.01  0.7798236216213008  0.11097726904146407  0.3735218090563383  14.289561244841634  14.289561244841634  1.0  0.739  0.149  0.112  0.761  0.239  0.761  0.239  True
5  2.25  0.01  0.01  0.9567965525456829  -0.16499846797985107  0.8057509883523998  14.233873566909763  14.233873566909763  1.0  0.777  0.128  0.095  0.761  0.239  0.761  0.239  True
5  2.25  0.01  0.01  0.9191081138093535  -0.6834294821783318  8.240799451406475e-11  14.358422265983812  14.358422265983812  1.0  0.722  0.171  0.107  0.761  0.239  0.761  0.239  True
5  2.25  0.01  0.01  0.8202031278118087  -0.018579306162736384  0.37356145261535517  14.28621367702719  14.28621367702719  1.0  0.742  0.148  0.11  0.761  0.239  0.761  0.239  True
5  2.25  0.01  0.01  0.3715199601237351  0.17500032566320528  0.802070803045168  14.34916218143902  14.34916218143902  1.0  0.587  0.257  0.156  0.761  0.239  0.761  0.239  True
5  2.25  0.01  0.01  0.7642076576459358  -0.11600667840446319  0.005639617548913913  14.376325804366603  14.376325804366603  1.0  0.714  0.168  0.118  0.761  0.239  0.761  0.239  True
5  2.25  0.01  0.01  0.8127640874957662  0.02289336916164364  0.39383646173827774  14.287327982459596  14.287327982459596  1.0  0.743  0.147  0.11  0.761  0.239  0.761  0.239  True
5  2.25  0.01  0.01  0.855888490019286  0.07056235534106908  0.6608559784115571  14.277102744838817  14.277102744838817  1.0  0.762  0.135  0.103  0.761  0.239  0.761  0.239  True

----------------------------------------------------------------------------------------------------

5  2.25  0.01  0.01  0.6061051279052179  -0.0073048039925269585  0.35315545384318553  14.023495285451249  14.023495285451249  1.0  0.664  0.201  0.135  0.761  0.239  0.761  0.239  True
5  2.25  0.01  0.01  0.5956515097230957  0.026637509780929103  0.3606681406829101  14.022923071563172  14.022923071563172  1.0  0.663  0.201  0.136  0.761  0.239  0.761  0.239  True
5  2.25  0.01  0.01  0.6489158375659849  -0.000542887048494738  0.6571907709028099  14.031436276213633  14.031436276213633  1.0  0.681  0.189  0.13  0.761  0.239  0.761  0.239  True
5  2.25  0.01  0.01  0.6600590706528386  -0.22364204662288412  0.31319035212333246  14.030443340270084  14.030443340270084  1.0  0.666  0.202  0.132  0.761  0.239  0.761  0.239  True
5  2.25  0.01  0.01  0.5164265108017161  0.4779011192027312  0.8021920408674146  13.962785448582098  13.962785448582098  1.0  0.674  0.19  0.136  0.761  0.239  0.761  0.239  True
5  2.25  0.01  0.01  0.6614755351951458  -0.04211739833146015  0.657687432085372  14.034841865409511  14.034841865409511  1.0  0.683  0.188  0.129  0.761  0.239  0.761  0.239  True
5  2.25  0.01  0.01  0.6833431201445146  -0.3032561228729096  0.31361874537784323  14.034340336825595  14.034340336825595  1.0  0.667  0.202  0.131  0.761  0.239  0.761  0.239  True
5  2.25  0.01  0.01  0.6426458943555976  -0.1492125593826547  0.33041089262798934  14.027499819218047  14.027499819218047  1.0  0.665  0.202  0.133  0.761  0.239  0.761  0.239  True
5  2.25  0.01  0.01  0.633151802789879  0.051197633133647606  0.6572644979571823  14.027554934311258  14.027554934311258  1.0  0.68  0.189  0.131  0.761  0.239  0.761  0.239  True
5  2.25  0.01  0.01  0.6202954432170005  -0.05005496829755543  0.35300445225323707  14.02445479530786  14.02445479530786  1.0  0.666  0.2  0.134  0.761  0.239  0.761  0.239  True
5  2.25  0.01  0.01  0.633186619346422  0.047657636575797524  0.6576202786904343  14.02755493339402  14.02755493339402  1.0  0.68  0.189  0.131  0.761  0.239  0.761  0.239  True
5  2.25  0.01  0.01  0.664764764989642  -0.2290014295552748  0.3234661275189037  14.030797978763463  14.030797978763463  1.0  0.667  0.202  0.132  0.761  0.239  0.761  0.239  True
5  2.25  0.01  0.01  0.582067897591172  0.26856106039143013  0.8024505609992508  13.966575647150732  13.966575647150732  1.0  0.68  0.187  0.133  0.761  0.239  0.761  0.239  True
5  2.25  0.01  0.01  0.590969179524244  -0.14687409988464611  0.002012918641910152  14.099131054878454  14.099131054878454  1.0  0.645  0.216  0.139  0.761  0.239  0.761  0.239  True
5  2.25  0.01  0.01  0.5477735159581667  0.2138899136169604  0.38308104165180856  14.022241063246412  14.022241063246412  1.0  0.661  0.201  0.138  0.761  0.239  0.761  0.239  True
5  2.25  0.01  0.01  0.6525865484929037  0.05171513512158471  0.8023516309084163  13.979221367436681  13.979221367436681  1.0  0.687  0.184  0.129  0.761  0.239  0.761  0.239  True
5  2.25  0.01  0.01  0.5860270507752893  0.06272362477677479  0.35314752280905853  14.022437304599789  14.022437304599789  1.0  0.662  0.201  0.136  0.761  0.239  0.761  0.239  True
5  2.25  0.01  0.01  0.6046375748222128  0.13570899730221847  0.6547689813797223  14.022034957427081  14.022034957427081  1.0  0.677  0.19  0.133  0.761  0.239  0.761  0.239  True
5  2.25  0.01  0.01  0.6402512907966652  -0.1319118759549736  0.35070615065393795  14.027044873506325  14.027044873506325  1.0  0.666  0.201  0.133  0.761  0.239  0.761  0.239  True
5  2.25  0.01  0.01  0.6815073460507908  -0.054997743872945384  0.8020081416796053  13.987806363657372  13.987806363657372  1.0  0.689  0.184  0.127  0.761  0.239  0.761  0.239  True
5  2.25  0.01  0.01  0.4326492659422826  0.5149981480191169  0.3830093978785266  14.032497653567022  14.032497653567022  1.0  0.644  0.212  0.145  0.761  0.239  0.761  0.239  True
5  2.25  0.01  0.01  0.5152755913057918  0.33499265256530353  0.3930029132682395  14.024146922893157  14.024146922893157  1.0  0.659  0.201  0.139  0.761  0.239  0.761  0.239  True
5  2.25  0.01  0.01  0.6090156238940853  -0.022600462695885483  0.3537470939837908  14.023710142743813  14.023710142743813  1.0  0.664  0.201  0.135  0.761  0.239  0.761  0.239  True
5  2.25  0.01  0.01  0.5929800813882391  0.026677168986755023  0.34376804820242074  14.022945347956643  14.022945347956643  1.0  0.662  0.202  0.136  0.761  0.239  0.761  0.239  True
5  2.25  0.01  0.01  0.6036122841864671  0.24935824037169038  0.6600000207598307  14.016716673978273  14.016716673978273  1.0  0.686  0.183  0.131  0.761  0.239  0.761  0.239  True
5  2.25  0.01  0.01  0.5755592945141723  0.09640864223118667  0.36027019716116004  14.022199528589125  14.022199528589125  1.0  0.662  0.201  0.137  0.761  0.239  0.761  0.239  True
5  2.25  0.01  0.01  0.6015946625989801  1.634082533760337e-05  0.3436832262128336  14.023363842305963  14.023363842305963  1.0  0.663  0.202  0.136  0.761  0.239  0.761  0.239  True
5  2.25  0.01  0.01  0.7512806436680137  -0.3216375870720895  0.655616175704611  14.06601160260844  14.06601160260844  1.0  0.692  0.185  0.123  0.761  0.239  0.761  0.239  True
5  2.25  0.01  0.01  0.5838926948849043  0.07500533457526931  0.37078521484647536  14.022428890699542  14.022428890699542  1.0  0.663  0.2  0.136  0.761  0.239  0.761  0.239  True
5  2.25  0.01  0.01  0.6331690121419578  0.04514265061059228  0.6571733545681164  14.027554933651738  14.027554933651738  1.0  0.68  0.189  0.131  0.761  0.239  0.761  0.239  True
3.5  1.75  0.01  0.01  0.503552673612031  -0.060982375488036616  0.46372472672429893  14.061776673056324  14.061776673056324  1.0  0.691  0.227  0.082  0.761  0.239  0.761  0.239  True
3.5  1.75  0.01  0.01  0.5020435129184386  -0.055270581604258726  0.45365225689517785  14.06138303943032  14.06138303943032  1.0  0.69  0.228  0.082  0.761  0.239  0.761  0.239  True
3.5  1.75  0.01  0.01  0.4928506331546615  -0.032411745201559934  0.45336187647897697  14.060907085144134  14.060907085144134  1.0  0.69  0.227  0.083  0.761  0.239  0.761  0.239  True
3.5  1.75  0.01  0.01  0.40294476437262006  0.40490039848705783  0.8822589580284139  13.94692656735458  13.94692656735458  1.0  0.702  0.213  0.085  0.761  0.239  0.761  0.239  True
3.5  1.75  0.01  0.01  0.5206913581946186  -0.044396845269915386  0.6603286628730176  14.01037556640478  14.01037556640478  1.0  0.701  0.218  0.08  0.761  0.239  0.761  0.239  True
3.5  1.75  0.01  0.01  0.4655212395705377  0.15403873129410284  0.7002944078297689  14.020322132934734  14.020322132934734  1.0  0.7  0.217  0.083  0.761  0.239  0.761  0.239  True
3.5  1.75  0.01  0.01  0.43784427527941816  0.16147304022070136  0.47344536940002196  14.063725272957653  14.063725272957653  1.0  0.688  0.226  0.085  0.761  0.239  0.761  0.239  True
3.5  1.75  0.01  0.01  0.4882279372691083  -0.00901201758359555  0.4632536134499529  14.060918492085795  14.060918492085795  1.0  0.69  0.227  0.083  0.761  0.239  0.761  0.239  True
3.5  1.75  0.01  0.01  0.5253727182407184  0.06124068105117192  0.9308424548266592  13.967287207232244  13.967287207232244  1.0  0.716  0.206  0.079  0.761  0.239  0.761  0.239  True
3.5  1.75  0.01  0.01  0.48529578948152396  0.06724897588822562  0.6604173968749771  14.006916072666167  14.006916072666167  1.0  0.699  0.219  0.082  0.761  0.239  0.761  0.239  True
3.5  1.75  0.01  0.01  0.52361989097556  -0.13320657615234432  0.4538943189449867  14.063575293989652  14.063575293989652  1.0  0.691  0.228  0.081  0.761  0.239  0.761  0.239  True
3.5  1.75  0.01  0.01  0.4638290744193797  0.06691680262066933  0.463511665483461  14.06117495933329  14.06117495933329  1.0  0.689  0.227  0.084  0.761  0.239  0.761  0.239  True
3.5  1.75  0.01  0.01  0.4395825707099166  0.14736498866544423  0.4633887170517438  14.063465379952952  14.063465379952952  1.0  0.688  0.227  0.085  0.761  0.239  0.761  0.239  True
3.5  1.75  0.01  0.01  0.537502544822251  0.05960731751942544  0.997723480111713  14.025856807995721  14.025856807995721  1.0  0.721  0.202  0.077  0.761  0.239  0.761  0.239  True
3.5  1.75  0.01  0.01  0.5246537824147208  -0.13002387621803463  0.46035482225962837  14.064332506580069  14.064332506580069  1.0  0.692  0.227  0.081  0.761  0.239  0.761  0.239  True
3.5  1.75  0.01  0.01  0.4386747691304369  0.1614026678603216  0.4803411886862476  14.064362713197509  14.064362713197509  1.0  0.689  0.226  0.085  0.761  0.239  0.761  0.239  True
3.5  1.75  0.01  0.01  0.5207630732424344  -0.033644208510504925  0.6802181317959597  14.016999152099482  14.016999152099482  1.0  0.702  0.217  0.08  0.761  0.239  0.761  0.239  True
3.5  1.75  0.01  0.01  0.4439455595666385  0.13371121066895325  0.45051448628521573  14.063742225336178  14.063742225336178  1.0  0.687  0.227  0.085  0.761  0.239  0.761  0.239  True
3.5  1.75  0.01  0.01  0.39438318287818264  0.3994609145199532  0.8134843649239514  13.947189119763147  13.947189119763147  1.0  0.698  0.216  0.086  0.761  0.239  0.761  0.239  True
3.5  1.75  0.01  0.01  0.48817077734803677  -0.0056132995633871585  0.4639302635439538  14.060918492131604  14.060918492131604  1.0  0.69  0.227  0.083  0.761  0.239  0.761  0.239  True
3.5  1.75  0.01  0.01  0.4846831802267776  -0.003391869105814344  0.46021554926951236  14.061126197851918  14.061126197851918  1.0  0.69  0.227  0.083  0.761  0.239  0.761  0.239  True
3.5  1.75  0.01  0.01  0.5189779429048968  -0.13158880714167315  0.4233994018731873  14.063770236784665  14.063770236784665  1.0  0.689  0.229  0.082  0.761  0.239  0.761  0.239  True
3.5  1.75  0.01  0.01  0.5631775045583265  -0.16841273854550703  0.6604980855704731  14.019420679270326  14.019420679270326  1.0  0.704  0.218  0.078  0.761  0.239  0.761  0.239  True
3.5  1.75  0.01  0.01  0.62632104607436  -0.3625698041634814  0.6602291923022467  14.04208455828663  14.04208455828663  1.0  0.708  0.218  0.074  0.761  0.239  0.761  0.239  True
3.5  1.75  0.01  0.01  0.4400293555751219  0.15425933834678435  0.4639923252927811  14.063465564417255  14.063465564417255  1.0  0.688  0.227  0.085  0.761  0.239  0.761  0.239  True
3.5  1.75  0.01  0.01  0.5403604023128472  -0.04908190268445843  0.802512831558777  13.937971840617884  13.937971840617884  1.0  0.709  0.213  0.079  0.761  0.239  0.761  0.239  True
3.5  1.75  0.01  0.01  0.5497732375090227  -0.2334404612108344  0.42334500451741364  14.068247600245758  14.068247600245758  1.0  0.69  0.23  0.08  0.761  0.239  0.761  0.239  True
3.5  1.75  0.01  0.01  0.5482901446174488  0.02845038523467238  0.9977242233393451  14.030063017494967  14.030063017494967  1.0  0.722  0.201  0.077  0.761  0.239  0.761  0.239  True
3.5  1.75  0.01  0.01  0.5437335737217255  -0.05797516978589659  0.8023242794710388  13.938512620331748  13.938512620331748  1.0  0.709  0.213  0.078  0.761  0.239  0.761  0.239  True
3.5  1.75  0.01  0.01  0.47928254774967805  0.01367355287970309  0.4435624322251963  14.061008758810283  14.061008758810283  1.0  0.688  0.228  0.084  0.761  0.239  0.761  0.239  True
