3.5  1.75  0.01  0.01  0.7365036901080544  0.9797524234018737  0.606629020998762  15.01178069454959  15.01178069454959  1.0  0.795  0.147  0.058  0.802  0.198  0.802  0.198  1.0  0.744  0.185  0.071  0.707  0.293  0.707  0.293
3.5  1.75  0.01  0.01  0.6864321354630597  0.7207095640952256  0.5481502825839946  14.61744517497052  14.61744517497052  1.0  0.776  0.161  0.063  0.802  0.198  0.802  0.198  1.0  0.718  0.204  0.077  0.707  0.293  0.707  0.293
3.5  1.75  0.01  0.01  0.7332516556300964  0.966611906903931  0.6033466007019759  15.000578512910796  15.000578512910796  1.0  0.794  0.148  0.058  0.802  0.198  0.802  0.198  1.0  0.742  0.186  0.072  0.707  0.293  0.707  0.293
3.5  1.75  0.01  0.01  0.656302968152266  0.5266051789078323  0.5109336763938958  14.233568714529063  14.233568714529063  1.0  0.764  0.17  0.066  0.802  0.198  0.802  0.198  1.0  0.702  0.218  0.081  0.707  0.293  0.707  0.293
3.5  1.75  0.01  0.01  0.7332783295451646  0.9660821917353807  0.6033304916553623  15.000578511365832  15.000578511365832  1.0  0.794  0.148  0.058  0.802  0.198  0.802  0.198  1.0  0.742  0.186  0.072  0.707  0.293  0.707  0.293
3.5  1.75  0.01  0.01  0.6924212041845214  0.7475070479719519  0.5537771506424821  14.648626018836707  14.648626018836707  1.0  0.778  0.159  0.062  0.802  0.198  0.802  0.198  1.0  0.721  0.203  0.077  0.707  0.293  0.707  0.293
3.5  1.75  0.01  0.01  0.6559013259482852  0.5243863697074079  0.5107058286183596  14.2344488842562  14.2344488842562  1.0  0.764  0.17  0.066  0.802  0.198  0.802  0.198  1.0  0.702  0.218  0.081  0.707  0.293  0.707  0.293
3.5  1.75  0.01  0.01  0.6954091701974863  0.7604825650589596  0.5565046047566486  14.662167319823244  14.662167319823244  1.0  0.78  0.158  0.062  0.802  0.198  0.802  0.198  1.0  0.722  0.202  0.076  0.707  0.293  0.707  0.293
3.5  1.75  0.01  0.01  0.6466021354835505  0.4774432690035311  0.5024255933098357  14.22180586740145  14.22180586740145  1.0  0.76  0.173  0.067  0.802  0.198  0.802  0.198  1.0  0.698  0.221  0.082  0.707  0.293  0.707  0.293
3.5  1.75  0.01  0.01  0.7232143464566005  0.9261376703613565  0.5936365213609545  14.972097574328778  14.972097574328778  1.0  0.79  0.151  0.059  0.802  0.198  0.802  0.198  1.0  0.738  0.189  0.073  0.707  0.293  0.707  0.293
3.5  1.75  0.01  0.01  0.6275318668238689  0.37703118230086047  0.48565215978650517  14.232936120402991  14.232936120402991  1.0  0.752  0.179  0.069  0.802  0.198  0.802  0.198  1.0  0.69  0.227  0.083  0.707  0.293  0.707  0.293
3.5  1.75  0.01  0.01  0.6827001126566442  0.7039777858466553  0.5448059948796408  14.611606335252615  14.611606335252615  1.0  0.775  0.162  0.063  0.802  0.198  0.802  0.198  1.0  0.717  0.206  0.077  0.707  0.293  0.707  0.293
3.5  1.75  0.01  0.01  0.6714601449084694  0.6005872516872859  0.5246177570990105  14.287810308655605  14.287810308655605  1.0  0.77  0.165  0.065  0.802  0.198  0.802  0.198  1.0  0.708  0.213  0.079  0.707  0.293  0.707  0.293
3.5  1.75  0.01  0.01  0.6876218144045793  0.7253115651470345  0.5490903119768769  14.62730002658659  14.62730002658659  1.0  0.776  0.161  0.063  0.802  0.198  0.802  0.198  1.0  0.719  0.204  0.077  0.707  0.293  0.707  0.293
3.5  1.75  0.01  0.01  0.7022457373554984  0.7906112656466865  0.5628945357225167  14.731035991147984  14.731035991147984  1.0  0.782  0.156  0.061  0.802  0.198  0.802  0.198  1.0  0.725  0.199  0.076  0.707  0.293  0.707  0.293
3.5  1.75  0.01  0.01  0.6619813125917086  0.5540429708000513  0.516045426777245  14.25052981003394  14.25052981003394  1.0  0.766  0.168  0.066  0.802  0.198  0.802  0.198  1.0  0.704  0.216  0.08  0.707  0.293  0.707  0.293
3.5  1.75  0.01  0.01  0.677741128125269  0.6818691995701242  0.5401146488624162  14.601723911735178  14.601723911735178  1.0  0.773  0.163  0.064  0.802  0.198  0.802  0.198  1.0  0.715  0.207  0.078  0.707  0.293  0.707  0.293
3.5  1.75  0.01  0.01  0.6667790471884465  0.5785391115571411  0.5204139936015916  14.265565409347124  14.265565409347124  1.0  0.768  0.167  0.065  0.802  0.198  0.802  0.198  1.0  0.706  0.214  0.08  0.707  0.293  0.707  0.293
3.5  1.75  0.01  0.01  0.6615228941053932  0.5524854725787135  0.5155238275117521  14.242668059756822  14.242668059756822  1.0  0.766  0.168  0.066  0.802  0.198  0.802  0.198  1.0  0.704  0.216  0.08  0.707  0.293  0.707  0.293
3.5  1.75  0.01  0.01  0.6319039305724324  0.40118372309794387  0.48955979130203897  14.227290220953927  14.227290220953927  1.0  0.754  0.177  0.069  0.802  0.198  0.802  0.198  1.0  0.692  0.225  0.083  0.707  0.293  0.707  0.293
3.5  1.75  0.01  0.01  0.7005423437807241  0.8327764459916805  0.5719618385176714  14.941485563925358  14.941485563925358  1.0  0.781  0.157  0.062  0.802  0.198  0.802  0.198  1.0  0.729  0.196  0.075  0.707  0.293  0.707  0.293
3.5  1.75  0.01  0.01  0.6608101223729919  0.5499892095648566  0.5150352322866281  14.242139939470517  14.242139939470517  1.0  0.766  0.168  0.066  0.802  0.198  0.802  0.198  1.0  0.704  0.216  0.08  0.707  0.293  0.707  0.293
3.5  1.75  0.01  0.01  0.6746930500452101  0.6665779438869012  0.5372055482559609  14.593394067020006  14.593394067020006  1.0  0.771  0.164  0.064  0.802  0.198  0.802  0.198  1.0  0.714  0.208  0.078  0.707  0.293  0.707  0.293
3.5  1.75  0.01  0.01  0.6926140902869826  0.7487443394225239  0.553930197617119  14.648740888005223  14.648740888005223  1.0  0.778  0.159  0.062  0.802  0.198  0.802  0.198  1.0  0.721  0.203  0.077  0.707  0.293  0.707  0.293
3.5  1.75  0.01  0.01  0.7048459413125536  0.8516886284938134  0.576261951071846  14.944492846095631  14.944492846095631  1.0  0.783  0.156  0.061  0.802  0.198  0.802  0.198  1.0  0.731  0.195  0.074  0.707  0.293  0.707  0.293
3.5  1.75  0.01  0.01  0.7067260714843755  0.859486146474967  0.5781152113200609  14.947044866775178  14.947044866775178  1.0  0.784  0.155  0.061  0.802  0.198  0.802  0.198  1.0  0.731  0.194  0.074  0.707  0.293  0.707  0.293
3.5  1.75  0.01  0.01  0.6741291050244702  0.663273300931639  0.536872090406169  14.593515620559593  14.593515620559593  1.0  0.771  0.164  0.064  0.802  0.198  0.802  0.198  1.0  0.713  0.208  0.078  0.707  0.293  0.707  0.293
3.5  1.75  0.01  0.01  0.6272024726342308  0.3754901828438487  0.48548783735496653  14.23396620304086  14.23396620304086  1.0  0.752  0.179  0.069  0.802  0.198  0.802  0.198  1.0  0.69  0.227  0.083  0.707  0.293  0.707  0.293
3.5  1.75  0.01  0.01  0.7360822832630196  0.9774401694024716  0.6061833283819796  15.009638080485235  15.009638080485235  1.0  0.795  0.147  0.058  0.802  0.198  0.802  0.198  1.0  0.743  0.185  0.071  0.707  0.293  0.707  0.293
3.5  1.75  0.01  0.01  0.6987556771600187  0.7744903062441183  0.5595771519810755  14.702839955279455  14.702839955279455  1.0  0.781  0.157  0.062  0.802  0.198  0.802  0.198  1.0  0.723  0.201  0.076  0.707  0.293  0.707  0.293
3.5  1.75  0.01  0.01  0.5258818260759133  0.7202329147274134  0.4073033051091107  14.68419107565461  14.68419107565461  1.0  0.764  0.229  0.007  0.8  0.2  0.8  0.2  1.0  0.712  0.28  0.009  0.728  0.272  0.728  0.272
3.5  1.75  0.01  0.01  0.49536805072716755  0.47217542338944646  0.3832951711964724  14.825768861056204  14.825768861056204  1.0  0.751  0.241  0.007  0.8  0.2  0.8  0.2  1.0  0.7  0.291  0.009  0.728  0.272  0.728  0.272
3.5  1.75  0.01  0.01  0.5417444421276996  0.8380840750592872  0.419961215173583  14.624163492920859  14.624163492920859  1.0  0.771  0.223  0.007  0.8  0.2  0.8  0.2  1.0  0.717  0.274  0.009  0.728  0.272  0.728  0.272
3.5  1.75  0.01  0.01  0.5601422192821712  0.9657192627142792  0.4342142425161789  14.570810727632761  14.570810727632761  1.0  0.778  0.216  0.006  0.8  0.2  0.8  0.2  1.0  0.724  0.268  0.008  0.728  0.272  0.728  0.272
3.5  1.75  0.01  0.01  0.5590282120766511  0.9597990586774879  0.43357317717908755  14.573186792487311  14.573186792487311  1.0  0.778  0.216  0.006  0.8  0.2  0.8  0.2  1.0  0.724  0.268  0.008  0.728  0.272  0.728  0.272
3.5  1.75  0.01  0.01  0.4889418703266885  0.4163497463213616  0.3781418492267511  14.860217645621974  14.860217645621974  1.0  0.749  0.244  0.007  0.8  0.2  0.8  0.2  1.0  0.698  0.293  0.009  0.728  0.272  0.728  0.272
3.5  1.75  0.01  0.01  0.48701578904074844  0.40016675400672813  0.376799256590935  14.870022822760415  14.870022822760415  1.0  0.748  0.245  0.007  0.8  0.2  0.8  0.2  1.0  0.697  0.294  0.009  0.728  0.272  0.728  0.272
3.5  1.75  0.01  0.01  0.5081202407400089  0.5806361332191634  0.3934077547153182  14.76240532291305  14.76240532291305  1.0  0.757  0.236  0.007  0.8  0.2  0.8  0.2  1.0  0.705  0.286  0.009  0.728  0.272  0.728  0.272
3.5  1.75  0.01  0.01  0.4949123940194974  0.46977615989052723  0.3830376540460982  14.82790393982131  14.82790393982131  1.0  0.751  0.242  0.007  0.8  0.2  0.8  0.2  1.0  0.7  0.291  0.009  0.728  0.272  0.728  0.272
3.5  1.75  0.01  0.01  0.48729068095704725  0.40143164434844975  0.37689647654961905  14.86862172141212  14.86862172141212  1.0  0.748  0.245  0.007  0.8  0.2  0.8  0.2  1.0  0.697  0.294  0.009  0.728  0.272  0.728  0.272
3.5  1.75  0.01  0.01  0.492731589227177  0.4502181644944406  0.3812743190333556  14.839557040397157  14.839557040397157  1.0  0.75  0.242  0.007  0.8  0.2  0.8  0.2  1.0  0.699  0.292  0.009  0.728  0.272  0.728  0.272
3.5  1.75  0.01  0.01  0.5412997177523124  0.834421512845247  0.4195089440736535  14.62613721833454  14.62613721833454  1.0  0.771  0.223  0.007  0.8  0.2  0.8  0.2  1.0  0.717  0.274  0.009  0.728  0.272  0.728  0.272
3.5  1.75  0.01  0.01  0.5065517699687796  0.5670233182128569  0.392113990100522  14.76977051047817  14.76977051047817  1.0  0.756  0.237  0.007  0.8  0.2  0.8  0.2  1.0  0.704  0.287  0.009  0.728  0.272  0.728  0.272
3.5  1.75  0.01  0.01  0.5104306169304744  0.5996491446074455  0.39524905328041493  14.751272767667501  14.751272767667501  1.0  0.758  0.235  0.007  0.8  0.2  0.8  0.2  1.0  0.706  0.285  0.009  0.728  0.272  0.728  0.272
3.5  1.75  0.01  0.01  0.4950021004758296  0.4705119579209551  0.3831317677250732  14.827478623132858  14.827478623132858  1.0  0.751  0.242  0.007  0.8  0.2  0.8  0.2  1.0  0.7  0.291  0.009  0.728  0.272  0.728  0.272
3.5  1.75  0.01  0.01  0.49389581099187807  0.4600982471650833  0.3823021275885411  14.833509602335898  14.833509602335898  1.0  0.751  0.242  0.007  0.8  0.2  0.8  0.2  1.0  0.7  0.291  0.009  0.728  0.272  0.728  0.272
3.5  1.75  0.01  0.01  0.5257564093092645  0.7205547359339667  0.4074817465025894  14.684191077451604  14.684191077451604  1.0  0.764  0.229  0.007  0.8  0.2  0.8  0.2  1.0  0.712  0.28  0.009  0.728  0.272  0.728  0.272
3.5  1.75  0.01  0.01  0.5196555280995812  0.6712898529073086  0.40242130994282965  14.710011063444849  14.710011063444849  1.0  0.762  0.231  0.007  0.8  0.2  0.8  0.2  1.0  0.709  0.282  0.009  0.728  0.272  0.728  0.272
3.5  1.75  0.01  0.01  0.5198125966083044  0.6727305763064768  0.4023594281522651  14.709708181316644  14.709708181316644  1.0  0.762  0.231  0.007  0.8  0.2  0.8  0.2  1.0  0.709  0.282  0.009  0.728  0.272  0.728  0.272
3.5  1.75  0.01  0.01  0.49595506794104854  0.47713183376640894  0.38384482324804386  14.823069248027513  14.823069248027513  1.0  0.752  0.241  0.007  0.8  0.2  0.8  0.2  1.0  0.7  0.291  0.009  0.728  0.272  0.728  0.272
3.5  1.75  0.01  0.01  0.523155882808537  0.7007631499389547  0.4052766459336309  14.69495309880917  14.69495309880917  1.0  0.763  0.23  0.007  0.8  0.2  0.8  0.2  1.0  0.711  0.281  0.009  0.728  0.272  0.728  0.272
3.5  1.75  0.01  0.01  0.518848566819264  0.666343559308631  0.4017792393603623  14.713536666770128  14.713536666770128  1.0  0.761  0.232  0.007  0.8  0.2  0.8  0.2  1.0  0.709  0.282  0.009  0.728  0.272  0.728  0.272
3.5  1.75  0.01  0.01  0.5231204618476308  0.7002402854175349  0.40530207154679904  14.694953100079454  14.694953100079454  1.0  0.763  0.23  0.007  0.8  0.2  0.8  0.2  1.0  0.711  0.281  0.009  0.728  0.272  0.728  0.272
3.5  1.75  0.01  0.01  0.50009163529114  0.5124960987522581  0.3869757194112643  14.801826817597151  14.801826817597151  1.0  0.753  0.239  0.007  0.8  0.2  0.8  0.2  1.0  0.702  0.289  0.009  0.728  0.272  0.728  0.272
3.5  1.75  0.01  0.01  0.5158913195021656  0.6416800556592472  0.39947453656783466  14.726744944509443  14.726744944509443  1.0  0.76  0.233  0.007  0.8  0.2  0.8  0.2  1.0  0.708  0.283  0.009  0.728  0.272  0.728  0.272
3.5  1.75  0.01  0.01  0.48552517356767405  0.38516710468832793  0.37524000476593494  14.878837912786699  14.878837912786699  1.0  0.747  0.245  0.007  0.8  0.2  0.8  0.2  1.0  0.696  0.295  0.009  0.728  0.272  0.728  0.272
3.5  1.75  0.01  0.01  0.5629001077682518  0.9841357307160816  0.43643538857591674  14.564166581835073  14.564166581835073  1.0  0.779  0.214  0.006  0.8  0.2  0.8  0.2  1.0  0.725  0.267  0.008  0.728  0.272  0.728  0.272
3.5  1.75  0.01  0.01  0.5088927538628248  0.5867357009980043  0.39394604430517755  14.758890331862927  14.758890331862927  1.0  0.757  0.236  0.007  0.8  0.2  0.8  0.2  1.0  0.705  0.286  0.009  0.728  0.272  0.728  0.272
3.5  1.75  0.01  0.01  0.5346499130402408  0.7861839559659317  0.4142250543265185  14.649836842693114  14.649836842693114  1.0  0.768  0.225  0.007  0.8  0.2  0.8  0.2  1.0  0.715  0.277  0.009  0.728  0.272  0.728  0.272
3.5  1.75  0.01  0.01  0.5104988921373125  0.5997996856768839  0.3952785986807647  14.751272766847304  14.751272766847304  1.0  0.758  0.235  0.007  0.8  0.2  0.8  0.2  1.0  0.706  0.285  0.009  0.728  0.272  0.728  0.272
3.5  1.75  0.01  0.01  0.780804090963705  0.9318812652804561  0.6619622129642689  15.16761317025141  14.302342064743229  1.0  0.811  0.135  0.054  0.827  0.173  0.7  0.3  1.0  0.766  0.168  0.066  0.732  0.268  0.632  0.368
3.5  1.75  0.01  0.01  0.7129088153660773  0.9577742051074105  0.6588309432100354  15.230660744875495  14.159416261775172  1.0  0.786  0.153  0.06  0.79  0.21  0.85  0.15  1.0  0.765  0.169  0.066  0.714  0.286  0.684  0.316
3.5  1.75  0.01  0.01  0.5870675610337955  0.42938016473607465  0.5359608010787322  14.241390298263935  14.166656677078867  1.0  0.735  0.191  0.073  0.778  0.222  0.9  0.1  1.0  0.713  0.209  0.078  0.714  0.286  0.684  0.316
3.5  1.75  0.01  0.01  0.6950805323899685  0.6660207169075741  0.6227506830398992  14.08020809894278  16.409603110398038  1.0  0.779  0.158  0.062  0.802  0.198  0.8  0.2  1.0  0.75  0.18  0.07  0.732  0.268  0.632  0.368
3.5  1.75  0.01  0.01  0.6496166251999601  0.3957075044517218  0.4771961958748414  14.22742794207215  14.237172754877298  1.0  0.761  0.172  0.067  0.815  0.185  0.75  0.25  1.0  0.686  0.23  0.084  0.696  0.304  0.737  0.263
3.5  1.75  0.01  0.01  0.6488787757649922  0.45088077250133696  0.5209144140568949  14.215032347048213  14.238139414747325  1.0  0.761  0.172  0.067  0.802  0.198  0.8  0.2  1.0  0.706  0.214  0.08  0.714  0.286  0.684  0.316
3.5  1.75  0.01  0.01  0.7171827985310447  0.9801299663529167  0.6606663383628131  15.308246002675952  13.973006199132492  1.0  0.788  0.152  0.06  0.79  0.21  0.85  0.15  1.0  0.766  0.168  0.066  0.714  0.286  0.684  0.316
3.5  1.75  0.01  0.01  0.7278798003051046  0.5767082433956574  0.5689439444719151  14.217092769784369  14.453561363412868  1.0  0.792  0.149  0.059  0.827  0.173  0.7  0.3  1.0  0.727  0.197  0.075  0.714  0.286  0.684  0.316
3.5  1.75  0.01  0.01  0.5528914268040214  0.3765860690632807  0.4927154183375253  14.266552264114948  14.133675892929395  1.0  0.72  0.203  0.077  0.765  0.235  0.95  0.05  1.0  0.693  0.224  0.083  0.696  0.304  0.737  0.263
3.5  1.75  0.01  0.01  0.7911078189463139  0.9070587131256282  0.5579714005579735  15.18429980676143  14.194396823561773  1.0  0.815  0.133  0.053  0.827  0.173  0.7  0.3  1.0  0.723  0.201  0.076  0.696  0.304  0.737  0.263
3.5  1.75  0.01  0.01  0.7161490696301384  0.41342052181367944  0.4540068950227816  14.150726085350424  14.502179769952162  1.0  0.787  0.153  0.06  0.84  0.16  0.65  0.35  1.0  0.675  0.239  0.086  0.679  0.321  0.789  0.211
3.5  1.75  0.01  0.01  0.6081594209439928  0.4209336276702579  0.5508795047666691  14.17886333038485  14.386412751334042  1.0  0.744  0.185  0.071  0.79  0.21  0.85  0.15  1.0  0.72  0.204  0.077  0.714  0.286  0.684  0.316
3.5  1.75  0.01  0.01  0.6510903001035645  0.5558710833671265  0.5769668821453798  14.221871045030845  14.355427121534149  1.0  0.762  0.171  0.067  0.79  0.21  0.85  0.15  1.0  0.731  0.195  0.074  0.714  0.286  0.684  0.316
3.5  1.75  0.01  0.01  0.6120141102692163  0.39894924123199266  0.4779578256036  14.195946342595896  14.341816042377008  1.0  0.746  0.183  0.071  0.79  0.21  0.85  0.15  1.0  0.686  0.23  0.084  0.696  0.304  0.737  0.263
3.5  1.75  0.01  0.01  0.6830947617213005  0.833444604868164  0.5065610612001828  15.198791203419962  14.047405339390037  1.0  0.775  0.162  0.063  0.79  0.21  0.85  0.15  1.0  0.7  0.219  0.081  0.679  0.321  0.789  0.211
3.5  1.75  0.01  0.01  0.7117486238030551  0.7133121090386749  0.6500259647975343  14.526637313508663  14.961320256098853  1.0  0.786  0.154  0.061  0.815  0.185  0.75  0.25  1.0  0.762  0.172  0.067  0.732  0.268  0.632  0.368
3.5  1.75  0.01  0.01  0.6689322827300618  0.38359856694635014  0.46895384745469704  14.203081559872127  14.330625449263945  1.0  0.769  0.166  0.065  0.815  0.185  0.75  0.25  1.0  0.682  0.233  0.085  0.696  0.304  0.737  0.263
3.5  1.75  0.01  0.01  0.6921792116573031  0.6586233459309557  0.5414589222958512  14.706943029630938  14.180867128801829  1.0  0.778  0.159  0.063  0.815  0.185  0.75  0.25  1.0  0.715  0.207  0.078  0.696  0.304  0.737  0.263
3.5  1.75  0.01  0.01  0.7573421135055673  0.41447071449324  0.47050213830340215  14.133969363956853  14.59405748842371  1.0  0.803  0.141  0.056  0.852  0.148  0.6  0.4  1.0  0.683  0.232  0.085  0.696  0.304  0.737  0.263
3.5  1.75  0.01  0.01  0.6690938649114815  0.5184827883770471  0.5358973378229569  14.201604608796968  14.327792824959475  1.0  0.769  0.166  0.065  0.815  0.185  0.75  0.25  1.0  0.713  0.209  0.078  0.714  0.286  0.684  0.316
3.5  1.75  0.01  0.01  0.7327019083839732  0.9876274349496312  0.5159055486148334  15.310978216371021  14.01051412854541  1.0  0.794  0.148  0.058  0.802  0.198  0.8  0.2  1.0  0.704  0.216  0.08  0.679  0.321  0.789  0.211
3.5  1.75  0.01  0.01  0.6524613858027021  0.6489252811135786  0.5067250551375945  14.200503531119004  15.95177160685777  1.0  0.763  0.171  0.067  0.79  0.21  0.85  0.15  1.0  0.7  0.219  0.081  0.696  0.304  0.737  0.263
3.5  1.75  0.01  0.01  0.6956236060987991  0.4497669003706327  0.46482746864710434  14.215557793928083  14.249607696660783  1.0  0.78  0.158  0.062  0.827  0.173  0.7  0.3  1.0  0.68  0.234  0.085  0.696  0.304  0.737  0.263
3.5  1.75  0.01  0.01  0.7270391492877519  0.9812605225201922  0.535542280710925  15.155230746099878  14.513858567763224  1.0  0.792  0.15  0.059  0.802  0.198  0.8  0.2  1.0  0.713  0.209  0.078  0.679  0.321  0.789  0.211
3.5  1.75  0.01  0.01  0.6322002903923912  0.6113435273015427  0.556669454892881  14.41497204240697  13.931704195981661  1.0  0.754  0.177  0.069  0.79  0.21  0.85  0.15  1.0  0.722  0.202  0.076  0.714  0.286  0.684  0.316
3.5  1.75  0.01  0.01  0.6462749896686119  0.5649973363678393  0.4910172284494674  14.155905947346257  14.619325746082378  1.0  0.76  0.173  0.067  0.79  0.21  0.85  0.15  1.0  0.693  0.225  0.083  0.696  0.304  0.737  0.263
3.5  1.75  0.01  0.01  0.7421792048937459  0.9624151671314096  0.523231219148899  14.70509797675438  16.014295556555044  1.0  0.797  0.145  0.057  0.802  0.198  0.8  0.2  1.0  0.707  0.213  0.08  0.679  0.321  0.789  0.211
3.5  1.75  0.01  0.01  0.7308136737409491  0.7898933353153919  0.6450478862722568  14.847848877031504  14.337255183801854  1.0  0.793  0.148  0.059  0.815  0.185  0.75  0.25  1.0  0.76  0.173  0.067  0.714  0.286  0.684  0.316
3.5  1.75  0.01  0.01  0.6385890332163509  0.4764376117209694  0.489772528953714  14.27067871605286  14.053373171975963  1.0  0.757  0.175  0.068  0.802  0.198  0.8  0.2  1.0  0.692  0.225  0.083  0.696  0.304  0.737  0.263
3.5  1.75  0.01  0.01  0.6544737748138597  0.6764220507047415  0.4819432246283853  14.649359992987796  14.418663776748936  1.0  0.763  0.17  0.066  0.79  0.21  0.85  0.15  1.0  0.688  0.228  0.084  0.679  0.321  0.789  0.211
