4  0  5  2.25  0.01  0.01  0.4338170810014401  -0.17926026558337294  0.6159444010628417  0.4338170810014401  -0.17926026558337294  0.6159444010628417  14.85927998389069  1.0  0.669  0.307  0.024  0.658  0.342
4  0  5  2.25  0.01  0.01  0.20643357845081842  -0.08871766677025548  0.8484086255156352  0.20643357845081842  -0.08871766677025548  0.8484086255156352  14.733230977688413  1.0  0.575  0.396  0.029  0.561  0.439
4  0  5  2.25  0.01  0.01  0.5697066171956121  -0.08974919741487924  0.5326161948859373  0.5697066171956121  -0.08974919741487924  0.5326161948859373  14.794721120773973  1.0  0.733  0.247  0.02  0.728  0.272
4  0  5  2.25  0.01  0.01  0.5238792629170554  0.07542681650763894  1.234901675754044  0.5238792629170554  0.07542681650763894  1.234901675754044  14.986760224695994  1.0  0.73  0.25  0.021  0.684  0.316
4  0  5  2.25  0.01  0.01  0.6007402732085978  -0.11977911213161302  1.2387922095458253  0.6007402732085978  -0.11977911213161302  1.2387922095458253  15.041777689845938  1.0  0.742  0.239  0.019  0.702  0.298
4  0  5  2.25  0.01  0.01  0.3323140716403067  0.19404323358160497  0.6286904893057592  0.3323140716403067  0.19404323358160497  0.6286904893057592  14.984257950452989  1.0  0.659  0.315  0.026  0.658  0.342
4  0  5  2.25  0.01  0.01  0.47248714831217786  -0.01694829043943638  0.8796001473547957  0.47248714831217786  -0.01694829043943638  0.8796001473547957  14.804264233332068  1.0  0.7  0.277  0.023  0.684  0.316
4  0  5  2.25  0.01  0.01  0.47690440339046597  0.03859163505063529  0.5444602372676824  0.47690440339046597  0.03859163505063529  0.5444602372676824  14.849645073529759  1.0  0.707  0.27  0.022  0.702  0.298
4  0  5  2.25  0.01  0.01  0.3705321496141053  0.003385409370887965  0.613212902634783  0.3705321496141053  0.003385409370887965  0.613212902634783  14.753823395199849  1.0  0.658  0.316  0.025  0.64  0.36
4  0  5  2.25  0.01  0.01  0.339718578580314  -0.12084016980637556  0.8460357255399538  0.339718578580314  -0.12084016980637556  0.8460357255399538  14.91138555749497  1.0  0.633  0.34  0.026  0.623  0.377
4  0  5  2.25  0.01  0.01  0.5351450108798086  -0.08331163797153757  1.2016778085505067  0.5351450108798086  -0.08331163797153757  1.2016778085505067  14.823552648574346  1.0  0.72  0.259  0.021  0.693  0.307
4  0  5  2.25  0.01  0.01  0.5835614276819954  0.04205164904150557  1.0641282952381665  0.5835614276819954  0.04205164904150557  1.0641282952381665  14.730746969545987  1.0  0.749  0.232  0.019  0.719  0.281
4  0  5  2.25  0.01  0.01  0.2672659499361696  0.18932888059687192  0.4114525587316241  0.2672659499361696  0.18932888059687192  0.4114525587316241  14.972362284804642  1.0  0.63  0.343  0.027  0.632  0.368
4  0  5  2.25  0.01  0.01  0.34994234627868515  0.07836274579303687  0.9697979756227603  0.34994234627868515  0.07836274579303687  0.9697979756227603  14.805629936864653  1.0  0.657  0.318  0.026  0.632  0.368
4  0  5  2.25  0.01  0.01  0.29066538543965403  -0.04628383616702947  1.1823037139457275  0.29066538543965403  -0.04628383616702947  1.1823037139457275  14.914109830082664  1.0  0.618  0.355  0.027  0.596  0.404
4  0  5  2.25  0.01  0.01  0.471942392698171  -0.1755013478658803  0.9058577111188146  0.471942392698171  -0.1755013478658803  0.9058577111188146  14.660675607929187  1.0  0.686  0.292  0.023  0.649  0.351
4  0  5  2.25  0.01  0.01  0.4699668785472649  -0.09155588256210533  0.83178205180498  0.4699668785472649  -0.09155588256210533  0.83178205180498  14.90956138710752  1.0  0.693  0.284  0.023  0.684  0.316
4  0  5  2.25  0.01  0.01  0.29007479545896  0.14784866984182093  0.4662199535882075  0.29007479545896  0.14784866984182093  0.4662199535882075  15.052520199214637  1.0  0.637  0.337  0.027  0.64  0.36
4  0  5  2.25  0.01  0.01  0.49382202753256355  0.06727909805334792  0.7820273599373235  0.49382202753256355  0.06727909805334792  0.7820273599373235  14.743566811044214  1.0  0.717  0.262  0.022  0.693  0.307
4  0  5  2.25  0.01  0.01  0.7072928807665836  -0.1778549999698966  1.4671602024372465  0.7072928807665836  -0.1778549999698966  1.4671602024372465  15.253755993860212  1.0  0.776  0.208  0.016  0.702  0.298
4  0  5  2.25  0.01  0.01  0.3579840265659973  0.11064509853971288  1.3061420935624877  0.3579840265659973  0.11064509853971288  1.3061420935624877  15.128495902601783  1.0  0.663  0.312  0.025  0.64  0.36
4  0  5  2.25  0.01  0.01  0.355736899502298  -0.1267960430869698  0.550351550154254  0.355736899502298  -0.1267960430869698  0.550351550154254  14.940818778649447  1.0  0.64  0.334  0.026  0.632  0.368
4  0  5  2.25  0.01  0.01  0.2647043656360417  0.11888142432342069  0.48825498982105975  0.2647043656360417  0.11888142432342069  0.48825498982105975  14.977135623328074  1.0  0.622  0.35  0.028  0.623  0.377
4  0  5  2.25  0.01  0.01  0.3911970482914509  -0.06293526567338362  0.40110281660681973  0.3911970482914509  -0.06293526567338362  0.40110281660681973  14.92199083952621  1.0  0.662  0.313  0.025  0.658  0.342
4  0  5  2.25  0.01  0.01  0.5545622840272546  0.07303072193560262  1.4977541702194823  0.5545622840272546  0.07303072193560262  1.4977541702194823  15.332693709023937  1.0  0.741  0.24  0.02  0.702  0.298
4  0  5  2.25  0.01  0.01  0.28500085529994046  0.11495285096918828  0.5044274560354995  0.28500085529994046  0.11495285096918828  0.5044274560354995  14.866014737776045  1.0  0.63  0.342  0.027  0.623  0.377
4  0  5  2.25  0.01  0.01  0.5674175340362368  -0.12029883507158777  0.6341376568051991  0.5674175340362368  -0.12029883507158777  0.6341376568051991  14.710695427649336  1.0  0.73  0.25  0.02  0.711  0.289
4  0  5  2.25  0.01  0.01  0.3810308969211745  -0.1071450018797958  0.6303539473092477  0.3810308969211745  -0.1071450018797958  0.6303539473092477  14.872952112364556  1.0  0.653  0.322  0.025  0.64  0.36
4  0  5  2.25  0.01  0.01  0.5543327662232622  0.15350161726801242  1.5521033332177492  0.5543327662232622  0.15350161726801242  1.5521033332177492  16.515985188996886  1.0  0.747  0.233  0.02  0.702  0.298
4  0  5  2.25  0.01  0.01  0.4605817648420851  0.11741524447051988  0.6438802215892135  0.4605817648420851  0.11741524447051988  0.6438802215892135  14.839165529354533  1.0  0.708  0.27  0.023  0.702  0.298
4  1  5  2.25  0.01  0.01  0.7372044611055787  0.013500312087327215  0.528310198605233  0.7372044611055787  0.013500312087327215  0.528310198605233  14.571202570228573  1.0  0.8  0.185  0.014  0.807  0.193
4  1  5  2.25  0.01  0.01  0.6662786647642442  0.12303519468900315  0.7896284818528234  0.6662786647642442  0.12303519468900315  0.7896284818528234  14.730811971705672  1.0  0.785  0.199  0.016  0.789  0.211
4  1  5  2.25  0.01  0.01  0.6712893891544203  -0.06518589809779216  1.0506726001871736  0.6712893891544203  -0.06518589809779216  1.0506726001871736  14.801165202224032  1.0  0.772  0.211  0.017  0.746  0.254
4  1  5  2.25  0.01  0.01  0.7883256662227844  0.07461917322005207  0.5451829545161438  0.7883256662227844  0.07461917322005207  0.5451829545161438  14.457379218397854  1.0  0.821  0.167  0.013  0.825  0.175
4  1  5  2.25  0.01  0.01  0.7113741442402036  0.18466264122975373  0.6999590628410347  0.7113741442402036  0.18466264122975373  0.6999590628410347  14.463524390682924  1.0  0.804  0.181  0.015  0.781  0.219
4  1  5  2.25  0.01  0.01  0.9210807033265404  0.07059728940365961  1.35039128576606  0.9210807033265404  0.07059728940365961  1.35039128576606  14.132053538720053  1.0  0.857  0.134  0.009  0.807  0.193
4  1  5  2.25  0.01  0.01  0.9512479109109384  -0.01037342513492795  1.3402655336498999  0.9512479109109384  -0.01037342513492795  1.3402655336498999  14.732797457763988  1.0  0.86  0.132  0.009  0.825  0.175
4  1  5  2.25  0.01  0.01  1.0660222965148425  -0.06272103264253004  1.0853391569832587  1.0660222965148425  -0.06272103264253004  1.0853391569832587  14.04732347296907  1.0  0.883  0.111  0.006  0.833  0.167
4  1  5  2.25  0.01  0.01  0.9270213424254726  0.1652182089445688  0.5666689265129046  0.9270213424254726  0.1652182089445688  0.5666689265129046  14.15162238202184  1.0  0.864  0.127  0.009  0.851  0.149
4  1  5  2.25  0.01  0.01  0.7943859261024139  -0.027970118125032084  0.4764994842932966  0.7943859261024139  -0.027970118125032084  0.4764994842932966  14.609669219642715  1.0  0.815  0.172  0.013  0.851  0.149
4  1  5  2.25  0.01  0.01  0.7880094189811806  0.13161701168579376  0.9801127476649877  0.7880094189811806  0.13161701168579376  0.9801127476649877  14.489210758295226  1.0  0.825  0.163  0.013  0.807  0.193
4  1  5  2.25  0.01  0.01  0.6916209714660785  0.1047237016677911  0.650597393017708  0.6916209714660785  0.1047237016677911  0.650597393017708  14.661618397450656  1.0  0.792  0.192  0.016  0.798  0.202
4  1  5  2.25  0.01  0.01  0.8186252114036021  -0.14604920552217948  0.48395548231346963  0.8186252114036021  -0.14604920552217948  0.48395548231346963  14.497305510793513  1.0  0.814  0.173  0.012  0.825  0.175
4  1  5  2.25  0.01  0.01  0.737153140231755  -0.056857762770274295  0.5108278285646071  0.737153140231755  -0.056857762770274295  0.5108278285646071  14.574467194553664  1.0  0.795  0.19  0.015  0.798  0.202
4  1  5  2.25  0.01  0.01  0.7187316869832642  0.08823216398205813  0.5745270531017954  0.7187316869832642  0.08823216398205813  0.5745270531017954  14.585245310116015  1.0  0.8  0.185  0.015  0.807  0.193
4  1  5  2.25  0.01  0.01  0.8374831808478681  0.0013107006003781618  0.6414420143492426  0.8374831808478681  0.0013107006003781618  0.6414420143492426  14.414689765393645  1.0  0.83  0.158  0.012  0.833  0.167
4  1  5  2.25  0.01  0.01  0.8810168607336554  -0.13995362124655086  1.0555602177352064  0.8810168607336554  -0.13995362124655086  1.0555602177352064  14.44339315818349  1.0  0.833  0.156  0.011  0.816  0.184
4  1  5  2.25  0.01  0.01  0.6480163762367941  0.08525557965795283  0.45852130338189323  0.6480163762367941  0.08525557965795283  0.45852130338189323  14.693990512569473  1.0  0.776  0.207  0.017  0.781  0.219
4  1  5  2.25  0.01  0.01  0.8065101416797416  -0.14128762688169094  0.4708209876412359  0.8065101416797416  -0.14128762688169094  0.4708209876412359  14.60469996615901  1.0  0.811  0.176  0.013  0.842  0.158
4  1  5  2.25  0.01  0.01  0.7815683049605033  -0.10620621676511965  0.8881585629636038  0.7815683049605033  -0.10620621676511965  0.8881585629636038  14.486339178473989  1.0  0.806  0.181  0.013  0.789  0.211
4  1  5  2.25  0.01  0.01  0.6418333756016029  0.08397730513686563  0.5767371872009327  0.6418333756016029  0.08397730513686563  0.5767371872009327  14.825272760693867  1.0  0.774  0.209  0.017  0.798  0.202
4  1  5  2.25  0.01  0.01  0.7368232740157694  0.08409753525873964  0.4688600017639549  0.7368232740157694  0.08409753525873964  0.4688600017639549  14.531714644739608  1.0  0.805  0.18  0.014  0.807  0.193
4  1  5  2.25  0.01  0.01  0.7095678259393171  0.17854569144900984  0.6296968703865332  0.7095678259393171  0.17854569144900984  0.6296968703865332  14.465663855232762  1.0  0.804  0.181  0.015  0.789  0.211
4  1  5  2.25  0.01  0.01  0.859214236329993  -0.166558742546258  0.5996606282728493  0.859214236329993  -0.166558742546258  0.5996606282728493  14.477213822686716  1.0  0.825  0.164  0.011  0.842  0.158
4  1  5  2.25  0.01  0.01  1.030943512571206  -0.1458619278636466  1.4679845279401653  1.030943512571206  -0.1458619278636466  1.4679845279401653  16.62958836317426  1.0  0.87  0.123  0.007  0.833  0.167
4  1  5  2.25  0.01  0.01  0.9540356921750417  0.19132317792510767  0.7905501938144092  0.9540356921750417  0.19132317792510767  0.7905501938144092  14.143329473510526  1.0  0.872  0.12  0.008  0.868  0.132
4  1  5  2.25  0.01  0.01  0.8217289387444816  -0.13758773566385193  1.0738214598777422  0.8217289387444816  -0.13758773566385193  1.0738214598777422  14.518202597818693  1.0  0.816  0.172  0.012  0.807  0.193
4  1  5  2.25  0.01  0.01  0.8624713635265762  -0.06415111128429998  0.3786661720923028  0.8624713635265762  -0.06415111128429998  0.3786661720923028  14.409504495246312  1.0  0.833  0.156  0.011  0.851  0.149
4  1  5  2.25  0.01  0.01  0.7942051292691198  0.12732227616396113  1.1429262353285592  0.7942051292691198  0.12732227616396113  1.1429262353285592  14.666046240574484  1.0  0.826  0.161  0.013  0.816  0.184
4  1  5  2.25  0.01  0.01  0.7096172950742644  -0.09478279627821658  0.7983318355765425  0.7096172950742644  -0.09478279627821658  0.7983318355765425  14.634080026480909  1.0  0.784  0.201  0.015  0.781  0.219
3  0  5  2.25  0.01  0.01  0.48131041891763116  -0.1773289581579004  0.7185530556685324  0.48131041891763116  -0.1773289581579004  0.7185530556685324  14.84193087032128  1.0  0.69  0.288  0.023  0.676  0.324
3  0  5  2.25  0.01  0.01  0.40082605627422485  -0.02651957571186289  0.5881813574066639  0.40082605627422485  -0.02651957571186289  0.5881813574066639  14.94371720430635  1.0  0.669  0.307  0.025  0.667  0.333
3  0  5  2.25  0.01  0.01  0.5148257085280961  -0.033342670699388455  1.3387298674753647  0.5148257085280961  -0.033342670699388455  1.3387298674753647  15.055841478104599  1.0  0.717  0.262  0.021  0.676  0.324
3  0  5  2.25  0.01  0.01  0.3356462612235628  0.05648079318874577  0.5912130309215785  0.3356462612235628  0.05648079318874577  0.5912130309215785  15.102499875860724  1.0  0.649  0.325  0.026  0.657  0.343
3  0  5  2.25  0.01  0.01  0.49534000294019737  0.17345242978025865  1.381227185857632  0.49534000294019737  0.17345242978025865  1.381227185857632  15.162180743060752  1.0  0.726  0.253  0.021  0.694  0.306
3  0  5  2.25  0.01  0.01  0.38117289373070123  -0.1615818965208634  0.9483431669936032  0.38117289373070123  -0.1615818965208634  0.9483431669936032  14.985403737168223  1.0  0.648  0.326  0.025  0.639  0.361
3  0  5  2.25  0.01  0.01  0.3587346376602021  -0.1043404241519514  0.5448057568312806  0.3587346376602021  -0.1043404241519514  0.5448057568312806  14.942282916891518  1.0  0.644  0.33  0.026  0.639  0.361
3  0  5  2.25  0.01  0.01  0.5488186998873105  -0.15754543631050338  0.9038361193393738  0.5488186998873105  -0.15754543631050338  0.9038361193393738  14.936559946541879  1.0  0.719  0.261  0.02  0.722  0.278
3  0  5  2.25  0.01  0.01  0.46255561666683515  -0.007169039905371044  0.4921306863426357  0.46255561666683515  -0.007169039905371044  0.4921306863426357  14.979124363415504  1.0  0.697  0.28  0.023  0.704  0.296
3  0  5  2.25  0.01  0.01  0.6426235445237657  0.13946025287042507  1.4538350044157242  0.6426235445237657  0.13946025287042507  1.4538350044157242  14.911583273420694  1.0  0.778  0.205  0.017  0.722  0.278
3  0  5  2.25  0.01  0.01  0.4518379220929124  0.16243594490696117  0.97844989807612  0.4518379220929124  0.16243594490696117  0.97844989807612  14.99721143478417  1.0  0.707  0.27  0.023  0.704  0.296
3  0  5  2.25  0.01  0.01  0.662592390398896  0.026964505568535746  1.299217454672169  0.662592390398896  0.026964505568535746  1.299217454672169  14.773127018681846  1.0  0.777  0.206  0.017  0.741  0.259
3  0  5  2.25  0.01  0.01  0.5115561577114599  -0.04149799210050045  0.7115557670316734  0.5115561577114599  -0.04149799210050045  0.7115557670316734  14.981941491849552  1.0  0.714  0.264  0.021  0.722  0.278
3  0  5  2.25  0.01  0.01  0.2896898738193505  -0.10412760233579764  0.43816417019270887  0.2896898738193505  -0.10412760233579764  0.43816417019270887  15.12482288750657  1.0  0.613  0.36  0.027  0.62  0.38
3  0  5  2.25  0.01  0.01  0.3924103534677432  -0.03716137964137736  0.5465890599152144  0.3924103534677432  -0.03716137964137736  0.5465890599152144  14.899549076893166  1.0  0.664  0.311  0.025  0.657  0.343
3  0  5  2.25  0.01  0.01  0.5027432720395553  0.1119431812100517  1.037263377713793  0.5027432720395553  0.1119431812100517  1.037263377713793  14.803997277875627  1.0  0.724  0.255  0.021  0.704  0.296
3  0  5  2.25  0.01  0.01  0.24831622004614887  -0.0812788999493145  0.3779310429335087  0.24831622004614887  -0.0812788999493145  0.3779310429335087  15.10854396581387  1.0  0.595  0.377  0.028  0.602  0.398
3  0  5  2.25  0.01  0.01  0.5034024110250359  0.1713032178167213  0.5252154490989935  0.5034024110250359  0.1713032178167213  0.5252154490989935  14.948882937660166  1.0  0.729  0.25  0.021  0.741  0.259
3  0  5  2.25  0.01  0.01  0.29521141322725225  0.010351674808860928  0.6584996532544852  0.29521141322725225  0.010351674808860928  0.6584996532544852  15.059015840765912  1.0  0.626  0.347  0.027  0.63  0.37
3  0  5  2.25  0.01  0.01  0.46919880059955354  -0.05984006307346887  0.980797352910558  0.46919880059955354  -0.05984006307346887  0.980797352910558  14.769780460823428  1.0  0.695  0.282  0.023  0.657  0.343
3  0  5  2.25  0.01  0.01  0.3858593583304107  0.12547906787846563  1.0039662782510965  0.3858593583304107  0.12547906787846563  1.0039662782510965  14.894252804516272  1.0  0.677  0.298  0.025  0.657  0.343
3  0  5  2.25  0.01  0.01  0.48133126363147644  0.130717239513423  0.5000763726787332  0.48133126363147644  0.130717239513423  0.5000763726787332  14.913430563399187  1.0  0.717  0.261  0.022  0.722  0.278
3  0  5  2.25  0.01  0.01  0.6189677027476339  0.16174479927573776  1.3478841371018593  0.6189677027476339  0.16174479927573776  1.3478841371018593  14.845117856683196  1.0  0.772  0.211  0.018  0.75  0.25
3  0  5  2.25  0.01  0.01  0.49908491529449445  0.12454625702793987  0.9910687894023846  0.49908491529449445  0.12454625702793987  0.9910687894023846  14.705050052904797  1.0  0.723  0.255  0.021  0.694  0.306
3  0  5  2.25  0.01  0.01  0.4267733650722373  0.15125631515246318  1.345545086088441  0.4267733650722373  0.15125631515246318  1.345545086088441  14.804700680394056  1.0  0.696  0.28  0.023  0.648  0.352
3  0  5  2.25  0.01  0.01  0.3092198466343051  0.17205935533616845  0.5505227915327713  0.3092198466343051  0.17205935533616845  0.5505227915327713  14.982238199743483  1.0  0.647  0.326  0.027  0.648  0.352
3  0  5  2.25  0.01  0.01  0.5577148524349784  -0.07952345630431089  1.4151518456906678  0.5577148524349784  -0.07952345630431089  1.4151518456906678  15.125355256311705  1.0  0.729  0.251  0.02  0.685  0.315
3  0  5  2.25  0.01  0.01  0.5426574911426684  -0.012902356722907321  1.5610557172357906  0.5426574911426684  -0.012902356722907321  1.5610557172357906  16.539987574188544  1.0  0.729  0.25  0.02  0.685  0.315
3  0  5  2.25  0.01  0.01  0.5531729747264014  0.12182114119510795  0.9878413455953416  0.5531729747264014  0.12182114119510795  0.9878413455953416  14.707363006729482  1.0  0.744  0.236  0.02  0.713  0.287
3  0  5  2.25  0.01  0.01  0.44655545992047685  0.1831566883957071  1.3252967452498834  0.44655545992047685  0.1831566883957071  1.3252967452498834  15.054814007178502  1.0  0.707  0.27  0.023  0.676  0.324
3  1  5  2.25  0.01  0.01  0.7845118071399789  0.08268429502100999  0.6744013140836741  0.7845118071399789  0.08268429502100999  0.6744013140836741  14.540663372857416  1.0  0.82  0.167  0.013  0.833  0.167
3  1  5  2.25  0.01  0.01  0.9499454297592216  -0.16567266316356602  1.0914520052362315  0.9499454297592216  -0.16567266316356602  1.0914520052362315  14.338602320329253  1.0  0.849  0.141  0.009  0.796  0.204
3  1  5  2.25  0.01  0.01  0.7334968180765347  -0.1423365603158124  0.6681684565928094  0.7334968180765347  -0.1423365603158124  0.6681684565928094  14.641940325481558  1.0  0.788  0.197  0.015  0.787  0.213
3  1  5  2.25  0.01  0.01  0.8031888260165554  0.08212943595900474  0.7576630991894341  0.8031888260165554  0.08212943595900474  0.7576630991894341  14.467135982057368  1.0  0.826  0.162  0.012  0.833  0.167
3  1  5  2.25  0.01  0.01  0.8145857870645598  -0.13086877472314906  0.8268791841641898  0.8145857870645598  -0.13086877472314906  0.8268791841641898  14.529410544939012  1.0  0.814  0.173  0.012  0.815  0.185
3  1  5  2.25  0.01  0.01  0.9979626932685115  -0.17621622882014087  1.116014604383467  0.9979626932685115  -0.17621622882014087  1.116014604383467  14.295287237079906  1.0  0.861  0.131  0.008  0.824  0.176
3  1  5  2.25  0.01  0.01  1.2223501788374902  -0.10980060507425016  1.5760699201276187  1.2223501788374902  -0.10980060507425016  1.5760699201276187  16.80470864478141  1.0  0.91  0.086  0.004  0.87  0.13
3  1  5  2.25  0.01  0.01  0.906786641010818  -0.1378824738588323  0.8806613528247592  0.906786641010818  -0.1378824738588323  0.8806613528247592  14.37991570794813  1.0  0.84  0.15  0.01  0.833  0.167
3  1  5  2.25  0.01  0.01  1.0882031261025715  0.19654058270954156  1.5751776084654239  1.0882031261025715  0.19654058270954156  1.5751776084654239  15.670237569804733  1.0  0.901  0.094  0.006  0.833  0.167
3  1  5  2.25  0.01  0.01  0.7538636670035319  -0.0432814771600844  0.4049187545784378  0.7538636670035319  -0.0432814771600844  0.4049187545784378  14.474732221938886  1.0  0.802  0.184  0.014  0.787  0.213
3  1  5  2.25  0.01  0.01  0.9812526353133654  -0.15577139378118107  1.3018693424885708  0.9812526353133654  -0.15577139378118107  1.3018693424885708  14.434616316962344  1.0  0.858  0.134  0.008  0.843  0.157
3  1  5  2.25  0.01  0.01  0.7304521687371681  0.004514406050186187  0.7456635517018154  0.7304521687371681  0.004514406050186187  0.7456635517018154  14.614530180908211  1.0  0.798  0.188  0.015  0.796  0.204
3  1  5  2.25  0.01  0.01  0.8697453836354346  0.05522807633332277  1.4525530364689105  0.8697453836354346  0.05522807633332277  1.4525530364689105  14.613916370470674  1.0  0.843  0.146  0.011  0.787  0.213
3  1  5  2.25  0.01  0.01  0.9238484336347863  0.1558707257955761  0.5620052803475221  0.9238484336347863  0.1558707257955761  0.5620052803475221  14.246818398092557  1.0  0.863  0.128  0.009  0.889  0.111
3  1  5  2.25  0.01  0.01  0.7142606277793854  0.17865866406302716  0.6737732538133525  0.7142606277793854  0.17865866406302716  0.6737732538133525  14.50906954085283  1.0  0.805  0.18  0.015  0.796  0.204
3  1  5  2.25  0.01  0.01  0.7555055927568112  0.07828434988059663  0.4803093881292671  0.7555055927568112  0.07828434988059663  0.4803093881292671  14.598123125788716  1.0  0.811  0.175  0.014  0.833  0.167
3  1  5  2.25  0.01  0.01  0.7837414949238928  0.1670103179062425  0.5013288032904617  0.7837414949238928  0.1670103179062425  0.5013288032904617  14.488442003595903  1.0  0.826  0.161  0.013  0.843  0.157
3  1  5  2.25  0.01  0.01  0.7777917209710185  0.14027245361660895  0.518290741254281  0.7777917209710185  0.14027245361660895  0.518290741254281  14.514107183958199  1.0  0.822  0.165  0.013  0.833  0.167
3  1  5  2.25  0.01  0.01  0.8777616724785633  0.1319393949511593  0.5182584564590597  0.8777616724785633  0.1319393949511593  0.5182584564590597  14.347478947826978  1.0  0.85  0.14  0.01  0.87  0.13
3  1  5  2.25  0.01  0.01  0.9118403177019565  0.07936132058328543  1.3416820331990011  0.9118403177019565  0.07936132058328543  1.3416820331990011  14.618465802320522  1.0  0.855  0.135  0.01  0.824  0.176
3  1  5  2.25  0.01  0.01  1.0242349240353024  0.01988994348841641  1.6001884937406339  1.0242349240353024  0.01988994348841641  1.6001884937406339  15.448019561527818  1.0  0.878  0.114  0.007  0.833  0.167
3  1  5  2.25  0.01  0.01  0.8423247678842108  0.060616949697802736  0.5781257964935449  0.8423247678842108  0.060616949697802736  0.5781257964935449  14.35073630906668  1.0  0.836  0.153  0.011  0.833  0.167
3  1  5  2.25  0.01  0.01  1.116321822082897  -0.13141604147533897  1.0362335264305638  1.116321822082897  -0.13141604147533897  1.0362335264305638  14.04070609050583  1.0  0.889  0.105  0.006  0.861  0.139
3  1  5  2.25  0.01  0.01  0.9217567302319405  0.014783045645258952  0.8147546738618754  0.9217567302319405  0.014783045645258952  0.8147546738618754  14.222768077927382  1.0  0.854  0.137  0.009  0.843  0.157
3  1  5  2.25  0.01  0.01  1.0177767527273343  -0.11146953061075027  0.831931425930638  1.0177767527273343  -0.11146953061075027  0.831931425930638  14.127863098862115  1.0  0.87  0.123  0.007  0.87  0.13
3  1  5  2.25  0.01  0.01  0.7752064166403541  -0.18246906416291606  0.37507024669157685  0.7752064166403541  -0.18246906416291606  0.37507024669157685  14.578201662526546  1.0  0.799  0.188  0.014  0.806  0.194
3  1  5  2.25  0.01  0.01  0.9198806250307943  -0.1601974509569497  0.6121728661690674  0.9198806250307943  -0.1601974509569497  0.6121728661690674  14.371165674634037  1.0  0.842  0.148  0.01  0.861  0.139
3  1  5  2.25  0.01  0.01  0.8997078502993249  -0.13108365520342175  0.9508248732987188  0.8997078502993249  -0.13108365520342175  0.9508248732987188  14.396210046510532  1.0  0.839  0.151  0.01  0.815  0.185
3  1  5  2.25  0.01  0.01  1.0492977697329184  -0.06497722033828932  0.6143206363304166  1.0492977697329184  -0.06497722033828932  0.6143206363304166  14.08051089309951  1.0  0.879  0.114  0.007  0.907  0.093
3  1  5  2.25  0.01  0.01  1.1541273978119915  0.16344745488532458  1.4787828184540746  1.1541273978119915  0.16344745488532458  1.4787828184540746  15.45581689077085  1.0  0.911  0.085  0.005  0.843  0.157
2  0  5  2.25  0.01  0.01  0.38912645425370584  0.03789307985165605  0.417240011844845  0.38912645425370584  0.03789307985165605  0.417240011844845  15.013860141801805  1.0  0.67  0.305  0.025  0.676  0.324
2  0  5  2.25  0.01  0.01  0.6476334248629564  -0.14985369846775712  1.3263521765441149  0.6476334248629564  -0.14985369846775712  1.3263521765441149  14.820378994987495  1.0  0.757  0.225  0.017  0.704  0.296
2  0  5  2.25  0.01  0.01  0.563657968873305  -0.10190635478643575  0.4770067181806394  0.563657968873305  -0.10190635478643575  0.4770067181806394  14.707097798199653  1.0  0.73  0.25  0.02  0.713  0.287
2  0  5  2.25  0.01  0.01  0.436333876276069  0.13782343812078995  0.5662152859507608  0.436333876276069  0.13782343812078995  0.5662152859507608  14.78492225614675  1.0  0.699  0.277  0.023  0.685  0.315
2  0  5  2.25  0.01  0.01  0.41473819681278506  0.07755117015561808  0.3806473778398004  0.41473819681278506  0.07755117015561808  0.3806473778398004  14.81774883252573  1.0  0.685  0.291  0.024  0.676  0.324
2  0  5  2.25  0.01  0.01  0.36405853382212033  0.007094091613583459  0.7397195110717261  0.36405853382212033  0.007094091613583459  0.7397195110717261  14.79686885034689  1.0  0.657  0.318  0.025  0.639  0.361
2  0  5  2.25  0.01  0.01  0.45063183554530906  0.11161616594687057  0.43435658084741663  0.45063183554530906  0.11161616594687057  0.43435658084741663  14.914459206053822  1.0  0.703  0.275  0.023  0.704  0.296
2  0  5  2.25  0.01  0.01  0.7060451879941613  -0.15096037795056239  0.7506096803250437  0.7060451879941613  -0.15096037795056239  0.7506096803250437  14.549322703051985  1.0  0.778  0.206  0.016  0.75  0.25
2  0  5  2.25  0.01  0.01  0.367614006568009  -0.03563862055245837  0.566743647089468  0.367614006568009  -0.03563862055245837  0.566743647089468  14.93051232306209  1.0  0.653  0.321  0.025  0.648  0.352
2  0  5  2.25  0.01  0.01  0.3983751581494245  -0.08124223630137123  0.4019667490912482  0.3983751581494245  -0.08124223630137123  0.4019667490912482  15.007350772062354  1.0  0.663  0.312  0.025  0.667  0.333
2  0  5  2.25  0.01  0.01  0.49764191996695956  -0.005332044207236569  1.0003858025427674  0.49764191996695956  -0.005332044207236569  1.0003858025427674  14.748878289702251  1.0  0.711  0.267  0.022  0.676  0.324
2  0  5  2.25  0.01  0.01  0.6698720211213053  0.05581429495592505  1.5989309103528278  0.6698720211213053  0.05581429495592505  1.5989309103528278  14.905668701199058  1.0  0.782  0.202  0.016  0.713  0.287
2  0  5  2.25  0.01  0.01  0.779115063184976  -0.06663912089809343  1.5870088166156182  0.779115063184976  -0.06663912089809343  1.5870088166156182  16.35819030601555  1.0  0.808  0.179  0.013  0.713  0.287
2  0  5  2.25  0.01  0.01  0.5137008159082348  0.027063983929943636  0.9099888387025299  0.5137008159082348  0.027063983929943636  0.9099888387025299  14.728642901261459  1.0  0.721  0.258  0.021  0.694  0.306
2  0  5  2.25  0.01  0.01  0.5352702478245179  0.11126876706838135  1.3124707027971092  0.5352702478245179  0.11126876706838135  1.3124707027971092  14.921580949889707  1.0  0.737  0.243  0.02  0.685  0.315
2  0  5  2.25  0.01  0.01  0.4650725019382923  -0.04600145911801787  0.4037912175092425  0.4650725019382923  -0.04600145911801787  0.4037912175092425  14.836253841308134  1.0  0.694  0.283  0.023  0.685  0.315
2  0  5  2.25  0.01  0.01  0.5493101360917769  -0.001757092259217774  0.8471272719241273  0.5493101360917769  -0.001757092259217774  0.8471272719241273  14.600343362830277  1.0  0.733  0.247  0.02  0.694  0.306
2  0  5  2.25  0.01  0.01  0.567103384351301  -0.16982960462613708  1.3100843352646048  0.567103384351301  -0.16982960462613708  1.3100843352646048  15.434656035109391  1.0  0.725  0.255  0.02  0.676  0.324
2  0  5  2.25  0.01  0.01  0.6439738310846601  -0.1949497010164874  0.6043087883595165  0.6439738310846601  -0.1949497010164874  0.6043087883595165  14.695776186734392  1.0  0.753  0.23  0.018  0.741  0.259
2  0  5  2.25  0.01  0.01  0.2788876018900184  0.19842397785456767  1.5029311640508358  0.2788876018900184  0.19842397785456767  1.5029311640508358  15.989557698449843  1.0  0.636  0.337  0.027  0.602  0.398
2  0  5  2.25  0.01  0.01  0.3646408033706645  -0.017655771236010753  0.7620055166725573  0.3646408033706645  -0.017655771236010753  0.7620055166725573  14.860525303362651  1.0  0.654  0.321  0.026  0.639  0.361
2  0  5  2.25  0.01  0.01  0.6197466726147041  0.052530862012381385  1.1477714745792627  0.6197466726147041  0.052530862012381385  1.1477714745792627  14.72208547286306  1.0  0.763  0.219  0.018  0.722  0.278
2  0  5  2.25  0.01  0.01  0.4499135280275786  0.09689755252697313  0.5727310409112916  0.4499135280275786  0.09689755252697313  0.5727310409112916  14.83623388221843  1.0  0.701  0.276  0.023  0.694  0.306
2  0  5  2.25  0.01  0.01  0.4951229843440989  -0.15522639942713515  0.455560707075087  0.4951229843440989  -0.15522639942713515  0.455560707075087  14.95582834474162  1.0  0.697  0.281  0.022  0.704  0.296
2  0  5  2.25  0.01  0.01  0.3934778801543495  0.13181140649062878  0.9117125228426213  0.3934778801543495  0.13181140649062878  0.9117125228426213  14.665829590621057  1.0  0.68  0.295  0.024  0.648  0.352
2  0  5  2.25  0.01  0.01  0.49535314988043716  0.09496607102425259  1.0820603751339959  0.49535314988043716  0.09496607102425259  1.0820603751339959  14.700736771509442  1.0  0.719  0.259  0.022  0.676  0.324
2  0  5  2.25  0.01  0.01  0.5549817329254885  -0.12296242187772669  1.2772754067403347  0.5549817329254885  -0.12296242187772669  1.2772754067403347  14.752378965028242  1.0  0.725  0.255  0.02  0.667  0.333
2  0  5  2.25  0.01  0.01  0.3839405012246904  0.1053135141312515  0.6521003919122115  0.3839405012246904  0.1053135141312515  0.6521003919122115  14.763935557404418  1.0  0.674  0.301  0.025  0.657  0.343
2  0  5  2.25  0.01  0.01  0.5685371638018972  0.06770799493346652  0.583906690818626  0.5685371638018972  0.06770799493346652  0.583906690818626  14.637290611324472  1.0  0.746  0.235  0.019  0.722  0.278
2  0  5  2.25  0.01  0.01  0.461594634496571  0.10743061371720225  0.6591442625192439  0.461594634496571  0.10743061371720225  0.6591442625192439  14.874929156681135  1.0  0.707  0.27  0.023  0.704  0.296
2  1  5  2.25  0.01  0.01  0.9610051186966144  0.08222092970618294  0.9640355755138728  0.9610051186966144  0.08222092970618294  0.9640355755138728  14.257427590684578  1.0  0.867  0.124  0.008  0.87  0.13
2  1  5  2.25  0.01  0.01  0.8994419940062917  -0.014484906365724193  1.2449348322897182  0.8994419940062917  -0.014484906365724193  1.2449348322897182  14.528041659180147  1.0  0.847  0.143  0.01  0.833  0.167
2  1  5  2.25  0.01  0.01  0.7160044900731258  0.036589145584514204  0.4590100186917298  0.7160044900731258  0.036589145584514204  0.4590100186917298  14.614635196045652  1.0  0.796  0.189  0.015  0.806  0.194
2  1  5  2.25  0.01  0.01  0.6838912606421421  -0.04762669404612302  0.4911183651861892  0.6838912606421421  -0.04762669404612302  0.4911183651861892  14.694697196057747  1.0  0.778  0.206  0.016  0.787  0.213
2  1  5  2.25  0.01  0.01  0.7519401028456352  0.04380744814499776  0.37660425820515864  0.7519401028456352  0.04380744814499776  0.37660425820515864  14.566289666443673  1.0  0.807  0.179  0.014  0.824  0.176
2  1  5  2.25  0.01  0.01  0.9040576678752535  -0.07410764310607001  0.5209571738327741  0.9040576678752535  -0.07410764310607001  0.5209571738327741  14.310338589988225  1.0  0.844  0.146  0.01  0.852  0.148
2  1  5  2.25  0.01  0.01  0.935957186454615  -0.0822724328011602  1.564635022430442  0.935957186454615  -0.0822724328011602  1.564635022430442  17.97255299781784  1.0  0.852  0.139  0.009  0.806  0.194
2  1  5  2.25  0.01  0.01  0.8696918187981297  0.18037524702178281  1.200794655319158  0.8696918187981297  0.18037524702178281  1.200794655319158  14.565963713511756  1.0  0.851  0.139  0.01  0.833  0.167
2  1  5  2.25  0.01  0.01  0.6687045036135341  0.10816604413360958  0.5377951972005873  0.6687045036135341  0.10816604413360958  0.5377951972005873  14.851694945774701  1.0  0.785  0.199  0.016  0.824  0.176
2  1  5  2.25  0.01  0.01  0.9365714545816763  -0.14947390349234133  0.7222029705375239  0.9365714545816763  -0.14947390349234133  0.7222029705375239  14.349692099623795  1.0  0.847  0.143  0.009  0.861  0.139
2  1  5  2.25  0.01  0.01  0.7327179411329047  0.14729895368780815  0.396742976381812  0.7327179411329047  0.14729895368780815  0.396742976381812  14.576490610634073  1.0  0.809  0.177  0.014  0.824  0.176
2  1  5  2.25  0.01  0.01  0.9960372224862304  -0.012929555682642535  1.1025750452137217  0.9960372224862304  -0.012929555682642535  1.1025750452137217  14.123565276651858  1.0  0.87  0.122  0.008  0.843  0.157
2  1  5  2.25  0.01  0.01  0.7924607602217376  -0.10788534485249893  0.4201666982114904  0.7924607602217376  -0.10788534485249893  0.4201666982114904  14.577106140015909  1.0  0.809  0.178  0.013  0.833  0.167
2  1  5  2.25  0.01  0.01  0.6687946835981009  -0.09375360249008674  0.37808702465707855  0.6687946835981009  -0.09375360249008674  0.37808702465707855  14.833524334422815  1.0  0.77  0.214  0.017  0.796  0.204
2  1  5  2.25  0.01  0.01  0.773642029216382  -0.1484039545369379  0.8960559619498039  0.773642029216382  -0.1484039545369379  0.8960559619498039  14.536033926696375  1.0  0.8  0.186  0.014  0.787  0.213
2  1  5  2.25  0.01  0.01  0.7074152473044096  0.11144551812291903  0.9172992719489527  0.7074152473044096  0.11144551812291903  0.9172992719489527  14.648475659465214  1.0  0.798  0.187  0.015  0.796  0.204
2  1  5  2.25  0.01  0.01  0.8316628277478457  -0.11902494812577401  0.7414935482618058  0.8316628277478457  -0.11902494812577401  0.7414935482618058  14.471950183231327  1.0  0.82  0.168  0.012  0.833  0.167
2  1  5  2.25  0.01  0.01  1.0009471532751475  -0.10487610777826206  1.2889990101914495  1.0009471532751475  -0.10487610777826206  1.2889990101914495  14.45187029142764  1.0  0.866  0.126  0.008  0.824  0.176
2  1  5  2.25  0.01  0.01  0.9085651299208258  0.011213871943592135  0.6080787154980245  0.9085651299208258  0.011213871943592135  0.6080787154980245  14.286761719472157  1.0  0.85  0.14  0.01  0.861  0.139
2  1  5  2.25  0.01  0.01  0.78091667416561  -0.027868814627560523  0.6961513361274333  0.78091667416561  -0.027868814627560523  0.6961513361274333  14.592786357190173  1.0  0.811  0.175  0.013  0.824  0.176
2  1  5  2.25  0.01  0.01  0.853813444116631  0.16703641433198563  1.630326943466065  0.853813444116631  0.16703641433198563  1.630326943466065  14.416302960145515  1.0  0.846  0.143  0.011  0.815  0.185
2  1  5  2.25  0.01  0.01  0.989252484698016  0.0842278823055389  1.6300310008302037  0.989252484698016  0.0842278823055389  1.6300310008302037  16.429601195593605  1.0  0.874  0.118  0.008  0.806  0.194
2  1  5  2.25  0.01  0.01  0.9108839495030967  -0.13707351130465217  0.780351345980824  0.9108839495030967  -0.13707351130465217  0.780351345980824  14.292570311329323  1.0  0.841  0.149  0.01  0.833  0.167
2  1  5  2.25  0.01  0.01  0.8000202912382958  -0.15769291225666843  0.8133691682842069  0.8000202912382958  -0.15769291225666843  0.8133691682842069  14.525087425051211  1.0  0.808  0.179  0.013  0.806  0.194
2  1  5  2.25  0.01  0.01  0.7115748532119318  -0.036196824846405684  1.1706723215606287  0.7115748532119318  -0.036196824846405684  1.1706723215606287  14.665236293568187  1.0  0.788  0.196  0.015  0.769  0.231
2  1  5  2.25  0.01  0.01  0.7230540337096822  0.13239736960431764  0.8980641762211643  0.7230540337096822  0.13239736960431764  0.8980641762211643  14.490985985038137  1.0  0.805  0.181  0.015  0.787  0.213
2  1  5  2.25  0.01  0.01  0.9661995554691997  -0.043738129809180626  1.6415170422656478  0.9661995554691997  -0.043738129809180626  1.6415170422656478  15.442923485625531  1.0  0.862  0.13  0.008  0.815  0.185
2  1  5  2.25  0.01  0.01  0.6926580524996607  -0.0415301544095564  0.41148884009389614  0.6926580524996607  -0.0415301544095564  0.41148884009389614  14.794892536191822  1.0  0.782  0.202  0.016  0.815  0.185
2  1  5  2.25  0.01  0.01  0.9002179670189301  0.04657774360279268  1.3240136253450174  0.9002179670189301  0.04657774360279268  1.3240136253450174  14.415861156779956  1.0  0.851  0.14  0.01  0.833  0.167
2  1  5  2.25  0.01  0.01  1.0305536020697499  -0.09359390111054551  0.9916914884707093  1.0305536020697499  -0.09359390111054551  0.9916914884707093  14.237896269928315  1.0  0.874  0.119  0.007  0.889  0.111
1  0  5  2.25  0.01  0.01  0.5868331302268137  -0.07184737176947795  0.5987431757066568  0.5868331302268137  -0.07184737176947795  0.5987431757066568  14.59929238283819  1.0  0.741  0.24  0.019  0.706  0.294
1  0  5  2.25  0.01  0.01  0.4422827308340396  0.07395394664863825  0.7251808508554421  0.4422827308340396  0.07395394664863825  0.7251808508554421  14.686518335261274  1.0  0.696  0.281  0.023  0.667  0.333
1  0  5  2.25  0.01  0.01  0.5963468600347206  -0.08165638299468583  0.5542361131263299  0.5963468600347206  -0.08165638299468583  0.5542361131263299  14.75900795594324  1.0  0.744  0.237  0.019  0.735  0.265
1  0  5  2.25  0.01  0.01  0.708651955372858  -0.19488081512292368  0.4652900510041743  0.708651955372858  -0.19488081512292368  0.4652900510041743  14.591464575500432  1.0  0.776  0.209  0.016  0.765  0.235
1  0  5  2.25  0.01  0.01  0.5340909074657695  -0.07175006253152133  0.4763537284615228  0.5340909074657695  -0.07175006253152133  0.4763537284615228  14.911363215155612  1.0  0.721  0.258  0.021  0.725  0.275
1  0  5  2.25  0.01  0.01  0.6425165963374198  0.10435740401995802  1.308433155199159  0.6425165963374198  0.10435740401995802  1.308433155199159  15.061333944608974  1.0  0.775  0.208  0.017  0.725  0.275
1  0  5  2.25  0.01  0.01  0.593366931043616  0.0892325914552402  0.39908651355999936  0.593366931043616  0.0892325914552402  0.39908651355999936  14.669299041344622  1.0  0.757  0.225  0.019  0.745  0.255
1  0  5  2.25  0.01  0.01  0.6688514230472695  -0.11822392992614672  0.6153779571019249  0.6688514230472695  -0.11822392992614672  0.6153779571019249  14.661069069208478  1.0  0.767  0.216  0.017  0.755  0.245
1  0  5  2.25  0.01  0.01  0.42096458405644355  0.0788905673179644  0.5452857967390674  0.42096458405644355  0.0788905673179644  0.5452857967390674  14.8177381866091  1.0  0.688  0.289  0.024  0.676  0.324
1  0  5  2.25  0.01  0.01  0.6820861423367193  -0.013381937095195584  0.3988520541655305  0.6820861423367193  -0.013381937095195584  0.3988520541655305  14.715697768415303  1.0  0.781  0.203  0.016  0.794  0.206
1  0  5  2.25  0.01  0.01  0.5691793555192128  0.18618035059201682  0.9012501634910906  0.5691793555192128  0.18618035059201682  0.9012501634910906  14.696375551133814  1.0  0.756  0.225  0.019  0.735  0.265
1  0  5  2.25  0.01  0.01  0.6896382023524545  -0.17608974931074106  1.5710915934457628  0.6896382023524545  -0.17608974931074106  1.5710915934457628  14.835635776033214  1.0  0.77  0.214  0.016  0.696  0.304
1  0  5  2.25  0.01  0.01  0.6525899034405853  0.1502241116144129  0.9809472636467452  0.6525899034405853  0.1502241116144129  0.9809472636467452  14.6413961116429  1.0  0.783  0.201  0.017  0.755  0.245
1  0  5  2.25  0.01  0.01  0.5987673521440882  0.06539160465057081  1.0461993276681492  0.5987673521440882  0.06539160465057081  1.0461993276681492  14.608098844003619  1.0  0.757  0.224  0.018  0.706  0.294
1  0  5  2.25  0.01  0.01  0.7949676812746709  -0.031329787064179604  1.4216135468707227  0.7949676812746709  -0.031329787064179604  1.4216135468707227  14.792183048437938  1.0  0.816  0.172  0.013  0.755  0.245
1  0  5  2.25  0.01  0.01  0.6589826614922142  0.1642838495840423  1.2984455476320225  0.6589826614922142  0.1642838495840423  1.2984455476320225  14.776407747259451  1.0  0.786  0.198  0.016  0.745  0.255
1  0  5  2.25  0.01  0.01  0.604733025211158  -0.08962866608375589  0.5114848068251256  0.604733025211158  -0.08962866608375589  0.5114848068251256  14.662967829454837  1.0  0.746  0.235  0.019  0.725  0.275
1  0  5  2.25  0.01  0.01  0.7545244823099793  -0.14774080123460337  1.0939420064174563  0.7545244823099793  -0.14774080123460337  1.0939420064174563  14.629786920208616  1.0  0.794  0.192  0.014  0.735  0.265
1  0  5  2.25  0.01  0.01  0.8180030702273137  -0.15840072958394769  1.0773730131708177  0.8180030702273137  -0.15840072958394769  1.0773730131708177  14.435550768957194  1.0  0.813  0.174  0.012  0.755  0.245
1  0  5  2.25  0.01  0.01  0.5884932473871343  0.0752178167053335  0.5671296895594855  0.5884932473871343  0.0752178167053335  0.5671296895594855  14.71228664024793  1.0  0.754  0.227  0.019  0.745  0.255
1  0  5  2.25  0.01  0.01  0.7080069838510189  0.11962586221296173  1.3350371152891498  0.7080069838510189  0.11962586221296173  1.3350371152891498  14.938986065569312  1.0  0.799  0.186  0.015  0.735  0.265
1  0  5  2.25  0.01  0.01  0.8289563017414925  0.10719667668364569  1.1464654295998675  0.8289563017414925  0.10719667668364569  1.1464654295998675  14.577343802543442  1.0  0.835  0.153  0.012  0.775  0.225
1  0  5  2.25  0.01  0.01  0.5130807474218755  0.14697573059653224  0.4806218043320799  0.5130807474218755  0.14697573059653224  0.4806218043320799  14.620513572733303  1.0  0.731  0.248  0.021  0.706  0.294
1  0  5  2.25  0.01  0.01  0.7702093410130462  -0.08180040604765933  1.1132309330580723  0.7702093410130462  -0.08180040604765933  1.1132309330580723  14.491094044221148  1.0  0.804  0.182  0.014  0.745  0.255
1  0  5  2.25  0.01  0.01  0.5710671510220372  0.15716984335951795  0.47641156197979156  0.5710671510220372  0.15716984335951795  0.47641156197979156  14.699278725353546  1.0  0.754  0.227  0.019  0.745  0.255
1  0  5  2.25  0.01  0.01  0.5236054848361095  -0.1464998027500558  0.43042785127557187  0.5236054848361095  -0.1464998027500558  0.43042785127557187  14.698687708255825  1.0  0.71  0.269  0.021  0.686  0.314
1  0  5  2.25  0.01  0.01  0.6278435367644553  -0.05315703739184738  0.8457268825233134  0.6278435367644553  -0.05315703739184738  0.8457268825233134  14.542139288238696  1.0  0.758  0.224  0.018  0.706  0.294
1  0  5  2.25  0.01  0.01  0.5508100637375704  0.09448837465579024  0.5652223594846102  0.5508100637375704  0.09448837465579024  0.5652223594846102  14.629458852883037  1.0  0.741  0.239  0.02  0.716  0.284
1  0  5  2.25  0.01  0.01  0.6365458411626529  -0.18614362850137214  1.1292316852909103  0.6365458411626529  -0.18614362850137214  1.1292316852909103  14.913870087572484  1.0  0.75  0.232  0.018  0.725  0.275
1  0  5  2.25  0.01  0.01  0.9157092267406103  0.022578321428845444  1.4999447891984683  0.9157092267406103  0.022578321428845444  1.4999447891984683  14.899526298168649  1.0  0.853  0.138  0.01  0.784  0.216
1  1  5  2.25  0.01  0.01  0.9022379233842364  0.17248235766049536  1.4685576176439226  0.9022379233842364  0.17248235766049536  1.4685576176439226  15.0386380596772  1.0  0.858  0.132  0.01  0.816  0.184
1  1  5  2.25  0.01  0.01  0.8305448629796607  0.07791720387271617  0.5201090847913743  0.8305448629796607  0.07791720387271617  0.5201090847913743  14.427394142968573  1.0  0.834  0.155  0.012  0.851  0.149
1  1  5  2.25  0.01  0.01  0.7063381577596862  -0.11845851329040169  0.736031833453738  0.7063381577596862  -0.11845851329040169  0.736031833453738  14.70971941309789  1.0  0.78  0.204  0.016  0.789  0.211
1  1  5  2.25  0.01  0.01  0.9025355504896679  -0.02968237394091716  0.9688611298001769  0.9025355504896679  -0.02968237394091716  0.9688611298001769  14.346798641396548  1.0  0.846  0.144  0.01  0.842  0.158
1  1  5  2.25  0.01  0.01  0.7828563340332122  -0.09111662060007518  1.1288068053104532  0.7828563340332122  -0.09111662060007518  1.1288068053104532  14.63485840073789  1.0  0.808  0.179  0.013  0.772  0.228
1  1  5  2.25  0.01  0.01  0.667583750242408  0.15963910205483212  0.37192342367064596  0.667583750242408  0.15963910205483212  0.37192342367064596  14.725512004013575  1.0  0.789  0.195  0.016  0.807  0.193
1  1  5  2.25  0.01  0.01  1.1791308095299229  -0.10982690193396301  1.5809547697476711  1.1791308095299229  -0.10982690193396301  1.5809547697476711  17.597253535668322  1.0  0.902  0.093  0.005  0.842  0.158
1  1  5  2.25  0.01  0.01  1.1939629845685902  0.1921423043792898  1.5640774722275752  1.1939629845685902  0.1921423043792898  1.5640774722275752  18.129971992743677  1.0  0.918  0.078  0.004  0.851  0.149
1  1  5  2.25  0.01  0.01  0.7974722556654767  0.1976920709243642  0.8896713534793238  0.7974722556654767  0.1976920709243642  0.8896713534793238  14.405435420245544  1.0  0.832  0.156  0.012  0.825  0.175
1  1  5  2.25  0.01  0.01  0.7358462041827545  0.18896336841582106  1.64825338417026  0.7358462041827545  0.18896336841582106  1.64825338417026  18.373236867222502  1.0  0.813  0.173  0.014  0.781  0.219
1  1  5  2.25  0.01  0.01  0.9584850038562885  -0.13847881036520007  0.774508395391836  0.9584850038562885  -0.13847881036520007  0.774508395391836  14.167582063890517  1.0  0.854  0.138  0.009  0.833  0.167
1  1  5  2.25  0.01  0.01  0.9179227287451721  -0.08542011484848136  1.5529341966240329  0.9179227287451721  -0.08542011484848136  1.5529341966240329  14.809082904974343  1.0  0.846  0.144  0.01  0.807  0.193
1  1  5  2.25  0.01  0.01  1.014472475083512  -0.170366019627623  1.3076365025830134  1.014472475083512  -0.170366019627623  1.3076365025830134  14.366866265747387  1.0  0.865  0.127  0.008  0.825  0.175
1  1  5  2.25  0.01  0.01  0.8895613735551618  0.19503401304898782  1.0905336106230084  0.8895613735551618  0.19503401304898782  1.0905336106230084  14.298735288742927  1.0  0.857  0.133  0.01  0.851  0.149
1  1  5  2.25  0.01  0.01  0.9031817760380136  -0.062229489125461696  1.3102108858310373  0.9031817760380136  -0.062229489125461696  1.3102108858310373  14.501678400169725  1.0  0.844  0.146  0.01  0.825  0.175
1  1  5  2.25  0.01  0.01  0.7826695037979734  -0.19503296978439352  0.5070395427171487  0.7826695037979734  -0.19503296978439352  0.5070395427171487  14.59805170400853  1.0  0.799  0.187  0.013  0.816  0.184
1  1  5  2.25  0.01  0.01  0.7399555562926544  0.09865202251261962  0.5137456331060022  0.7399555562926544  0.09865202251261962  0.5137456331060022  14.46256834666679  1.0  0.808  0.178  0.014  0.798  0.202
1  1  5  2.25  0.01  0.01  0.7934768493607257  0.025785616449205184  0.6410330876780018  0.7934768493607257  0.025785616449205184  0.6410330876780018  14.425641019949046  1.0  0.819  0.168  0.013  0.816  0.184
1  1  5  2.25  0.01  0.01  0.7988430575739757  0.11261345194813382  0.89228352130333  0.7988430575739757  0.11261345194813382  0.89228352130333  14.400443676673184  1.0  0.826  0.161  0.012  0.816  0.184
1  1  5  2.25  0.01  0.01  0.6246179062784069  0.14852856626494576  1.0693551125452183  0.6246179062784069  0.14852856626494576  1.0693551125452183  14.836513869268302  1.0  0.773  0.21  0.017  0.781  0.219
1  1  5  2.25  0.01  0.01  0.8162497047436069  -0.12392591735529522  0.4727862275774346  0.8162497047436069  -0.12392591735529522  0.4727862275774346  14.552763869971  1.0  0.816  0.172  0.012  0.842  0.158
1  1  5  2.25  0.01  0.01  0.8408804116099673  0.06213447217617696  0.46971837191680377  0.8408804116099673  0.06213447217617696  0.46971837191680377  14.442564244643593  1.0  0.835  0.153  0.011  0.86  0.14
1  1  5  2.25  0.01  0.01  0.7123715083031372  -0.01738594028341639  0.5658141298369898  0.7123715083031372  -0.01738594028341639  0.5658141298369898  14.620851321922308  1.0  0.79  0.195  0.015  0.798  0.202
1  1  5  2.25  0.01  0.01  0.6876589562659884  0.10079513226072045  0.7466059783358548  0.6876589562659884  0.10079513226072045  0.7466059783358548  14.586381386855258  1.0  0.791  0.194  0.016  0.789  0.211
1  1  5  2.25  0.01  0.01  0.9570961979437939  -0.0005746355836759032  1.1368627449767106  0.9570961979437939  -0.0005746355836759032  1.1368627449767106  14.336812885794314  1.0  0.862  0.13  0.009  0.851  0.149
1  1  5  2.25  0.01  0.01  1.0459546861387332  -0.0883875271959608  1.4777528086527696  1.0459546861387332  -0.0883875271959608  1.4777528086527696  15.556176361915522  1.0  0.877  0.116  0.007  0.816  0.184
1  1  5  2.25  0.01  0.01  0.8833531725916914  0.19423359357122483  1.5641048291915365  0.8833531725916914  0.19423359357122483  1.5641048291915365  16.74356134061047  1.0  0.855  0.135  0.01  0.825  0.175
1  1  5  2.25  0.01  0.01  0.8275205229625541  -0.06695219941270705  0.392043761885379  0.8275205229625541  -0.06695219941270705  0.392043761885379  14.537065226143637  1.0  0.823  0.165  0.012  0.851  0.149
1  1  5  2.25  0.01  0.01  0.9865240356915452  0.03752389797002306  1.5742568674787405  0.9865240356915452  0.03752389797002306  1.5742568674787405  16.587565709831644  1.0  0.871  0.121  0.008  0.807  0.193
1  1  5  2.25  0.01  0.01  0.7065781136846729  -0.016302141462987002  0.3757154709798511  0.7065781136846729  -0.016302141462987002  0.3757154709798511  14.644381368490706  1.0  0.788  0.196  0.015  0.798  0.202
0  0  5  2.25  0.01  0.01  0.3917345495211061  -0.04246590690058666  0.5846618882479032  0.3917345495211061  -0.04246590690058666  0.5846618882479032  14.902337204480549  1.0  0.664  0.311  0.025  0.657  0.343
0  0  5  2.25  0.01  0.01  0.5205593381175077  0.14622798916608382  0.41749055945482155  0.5205593381175077  0.14622798916608382  0.41749055945482155  14.856333493900976  1.0  0.734  0.245  0.021  0.741  0.259
0  0  5  2.25  0.01  0.01  0.34461420939807613  -0.12777181110290137  0.8137143701621526  0.34461420939807613  -0.12777181110290137  0.8137143701621526  15.012975769710211  1.0  0.635  0.339  0.026  0.63  0.37
0  0  5  2.25  0.01  0.01  0.39639886933466323  -0.043419318993195205  0.5050455627424593  0.39639886933466323  -0.043419318993195205  0.5050455627424593  14.86288157980728  1.0  0.666  0.309  0.025  0.657  0.343
0  0  5  2.25  0.01  0.01  0.4458879222798632  0.1118993679780908  1.3364410742040214  0.4458879222798632  0.1118993679780908  1.3364410742040214  14.700018985331747  1.0  0.701  0.276  0.023  0.657  0.343
0  0  5  2.25  0.01  0.01  0.3667199696116767  0.04635150632467347  0.47824435824195183  0.3667199696116767  0.04635150632467347  0.47824435824195183  14.927796047970414  1.0  0.661  0.313  0.025  0.657  0.343
0  0  5  2.25  0.01  0.01  0.3969118666362167  -0.19138028463438383  0.3787131263568998  0.3969118666362167  -0.19138028463438383  0.3787131263568998  14.920843757424844  1.0  0.652  0.323  0.025  0.648  0.352
0  0  5  2.25  0.01  0.01  0.49886907550809273  0.11637650998304622  0.8878231435058267  0.49886907550809273  0.11637650998304622  0.8878231435058267  14.814157544846992  1.0  0.723  0.256  0.021  0.713  0.287
0  0  5  2.25  0.01  0.01  0.5875611236140348  0.12388333053977346  1.0593764856358963  0.5875611236140348  0.12388333053977346  1.0593764856358963  14.784904070983973  1.0  0.757  0.224  0.019  0.741  0.259
0  0  5  2.25  0.01  0.01  0.6965998071815876  -0.019583235223875783  1.408990415838665  0.6965998071815876  -0.019583235223875783  1.408990415838665  15.223999574145365  1.0  0.785  0.2  0.016  0.722  0.278
0  0  5  2.25  0.01  0.01  0.6071335038552037  -0.16594736721042352  0.8341710108582011  0.6071335038552037  -0.16594736721042352  0.8341710108582011  14.757414654238016  1.0  0.741  0.241  0.019  0.722  0.278
0  0  5  2.25  0.01  0.01  0.5136940960673273  -0.11722177659381408  0.39435894232316576  0.5136940960673273  -0.11722177659381408  0.39435894232316576  14.840915324193887  1.0  0.708  0.27  0.021  0.704  0.296
0  0  5  2.25  0.01  0.01  0.5221868604243722  -0.12417153507835882  0.4696632869781894  0.5221868604243722  -0.12417153507835882  0.4696632869781894  14.966882619423536  1.0  0.712  0.267  0.021  0.722  0.278
0  0  5  2.25  0.01  0.01  0.5667056153046935  0.1491939094498108  0.8073043057511717  0.5667056153046935  0.1491939094498108  0.8073043057511717  14.802253029543621  1.0  0.752  0.229  0.019  0.75  0.25
0  0  5  2.25  0.01  0.01  0.6449453214172979  0.14177427108731705  1.280672933479944  0.6449453214172979  0.14177427108731705  1.280672933479944  14.667795634789151  1.0  0.779  0.204  0.017  0.741  0.259
0  0  5  2.25  0.01  0.01  0.3478862222573012  0.19703444788691787  0.3981782797527662  0.3478862222573012  0.19703444788691787  0.3981782797527662  15.049976108788698  1.0  0.667  0.308  0.025  0.676  0.324
0  0  5  2.25  0.01  0.01  0.5459032562430695  0.18690701939250354  0.4282705380491754  0.5459032562430695  0.18690701939250354  0.4282705380491754  14.664773310113944  1.0  0.747  0.233  0.02  0.731  0.269
0  0  5  2.25  0.01  0.01  0.4767676307898175  0.18839466434326474  0.8087887657723026  0.4767676307898175  0.18839466434326474  0.8087887657723026  14.836609024338427  1.0  0.72  0.258  0.022  0.713  0.287
0  0  5  2.25  0.01  0.01  0.32320854237308716  0.06620933044041877  0.9805617476827725  0.32320854237308716  0.06620933044041877  0.9805617476827725  14.90588238578597  1.0  0.644  0.33  0.026  0.63  0.37
0  0  5  2.25  0.01  0.01  0.5735827904978944  0.04980438776692836  1.260276688521684  0.5735827904978944  0.04980438776692836  1.260276688521684  14.979885948524778  1.0  0.746  0.234  0.019  0.731  0.269
0  0  5  2.25  0.01  0.01  0.27903048745319375  0.1307816055763774  0.41637413873734075  0.27903048745319375  0.1307816055763774  0.41637413873734075  14.965623950932244  1.0  0.63  0.343  0.027  0.63  0.37
0  0  5  2.25  0.01  0.01  0.5443787266262992  0.1385535909334083  1.388704134461028  0.5443787266262992  0.1385535909334083  1.388704134461028  15.000083235922842  1.0  0.743  0.237  0.02  0.685  0.315
0  0  5  2.25  0.01  0.01  0.530208535243033  0.028458375739861763  0.4233395363362022  0.530208535243033  0.028458375739861763  0.4233395363362022  14.782322975005101  1.0  0.728  0.251  0.021  0.722  0.278
0  0  5  2.25  0.01  0.01  0.5909071277152436  -0.12534909759478274  0.8258937968433455  0.5909071277152436  -0.12534909759478274  0.8258937968433455  14.711559414450628  1.0  0.738  0.243  0.019  0.713  0.287
0  0  5  2.25  0.01  0.01  0.5897989773497142  -0.015249946856384616  1.1234555343384838  0.5897989773497142  -0.015249946856384616  1.1234555343384838  14.670092918424942  1.0  0.747  0.234  0.019  0.713  0.287
0  0  5  2.25  0.01  0.01  0.6074994387790639  0.04343806862810884  0.9582446178645289  0.6074994387790639  0.04343806862810884  0.9582446178645289  14.680820981256863  1.0  0.758  0.224  0.018  0.731  0.269
0  0  5  2.25  0.01  0.01  0.6140989276816963  0.13297968573498103  1.4101250439449124  0.6140989276816963  0.13297968573498103  1.4101250439449124  14.969707089821739  1.0  0.768  0.215  0.018  0.722  0.278
0  0  5  2.25  0.01  0.01  0.5856283037822893  -0.07385210128906738  1.056001896765177  0.5856283037822893  -0.07385210128906738  1.056001896765177  14.604943776392972  1.0  0.741  0.24  0.019  0.704  0.296
0  0  5  2.25  0.01  0.01  0.531514905381015  -0.010050388506986335  0.907557361545671  0.531514905381015  -0.010050388506986335  0.907557361545671  14.780594041396505  1.0  0.725  0.254  0.021  0.713  0.287
0  0  5  2.25  0.01  0.01  0.464649612782427  0.07927613662092126  0.6612192442770193  0.464649612782427  0.07927613662092126  0.6612192442770193  14.933680122815243  1.0  0.706  0.272  0.023  0.704  0.296
0  1  5  2.25  0.01  0.01  1.0232026028466974  -0.09308675798119777  1.4539600614733532  1.0232026028466974  -0.09308675798119777  1.4539600614733532  14.607275395345699  1.0  0.872  0.121  0.007  0.824  0.176
0  1  5  2.25  0.01  0.01  0.9450678154695992  -0.11782049256331968  1.3913689176538162  0.9450678154695992  -0.11782049256331968  1.3913689176538162  14.611860054169778  1.0  0.851  0.139  0.009  0.806  0.194
0  1  5  2.25  0.01  0.01  0.8028629141076412  -0.02824878336509054  0.41558734735773073  0.8028629141076412  -0.02824878336509054  0.41558734735773073  14.501783036193006  1.0  0.818  0.169  0.013  0.833  0.167
0  1  5  2.25  0.01  0.01  0.8546554435938701  -0.16743096273916522  0.896358732160512  0.8546554435938701  -0.16743096273916522  0.896358732160512  14.347354943720394  1.0  0.824  0.165  0.011  0.806  0.194
0  1  5  2.25  0.01  0.01  0.8150871761440628  0.06406907684089974  0.5496195296859928  0.8150871761440628  0.06406907684089974  0.5496195296859928  14.486614390125082  1.0  0.828  0.16  0.012  0.852  0.148
0  1  5  2.25  0.01  0.01  0.7357193563588516  0.07557531916327442  0.7084319562630621  0.7357193563588516  0.07557531916327442  0.7084319562630621  14.381168081227518  1.0  0.805  0.181  0.014  0.778  0.222
0  1  5  2.25  0.01  0.01  0.6946750469827878  0.11285568636500914  0.7776049756807322  0.6946750469827878  0.11285568636500914  0.7776049756807322  14.647116042859613  1.0  0.794  0.191  0.015  0.796  0.204
0  1  5  2.25  0.01  0.01  0.6933417382106454  0.15389204032774217  0.49270377423365425  0.6933417382106454  0.15389204032774217  0.49270377423365425  14.667672625593601  1.0  0.796  0.188  0.015  0.815  0.185
0  1  5  2.25  0.01  0.01  0.730588632380357  0.08983658657793026  0.45966138930014916  0.730588632380357  0.08983658657793026  0.45966138930014916  14.569670134635437  1.0  0.804  0.181  0.014  0.815  0.185
0  1  5  2.25  0.01  0.01  0.7158140887510057  0.06258096741285418  0.6426199226540198  0.7158140887510057  0.06258096741285418  0.6426199226540198  14.502257986204931  1.0  0.797  0.188  0.015  0.787  0.213
0  1  5  2.25  0.01  0.01  0.6143871088430691  -0.1133607530564194  0.6923301998640935  0.6143871088430691  -0.1133607530564194  0.6923301998640935  14.650062601601435  1.0  0.748  0.233  0.018  0.731  0.269
0  1  5  2.25  0.01  0.01  0.8177210773104511  -0.18208654623657577  1.2488878184893033  0.8177210773104511  -0.18208654623657577  1.2488878184893033  14.507141573473765  1.0  0.812  0.176  0.012  0.787  0.213
0  1  5  2.25  0.01  0.01  0.857883427131585  0.11134353885936804  1.0760288125165478  0.857883427131585  0.11134353885936804  1.0760288125165478  14.274930186253199  1.0  0.843  0.146  0.011  0.815  0.185
0  1  5  2.25  0.01  0.01  0.6633395647988433  0.18947797454280918  1.217200839681144  0.6633395647988433  0.18947797454280918  1.217200839681144  14.621869204642078  1.0  0.789  0.194  0.016  0.759  0.241
0  1  5  2.25  0.01  0.01  0.8165848659257479  0.1289122172339527  0.7601104692473143  0.8165848659257479  0.1289122172339527  0.7601104692473143  14.373836951715655  1.0  0.833  0.155  0.012  0.824  0.176
0  1  5  2.25  0.01  0.01  0.7230377904797447  -0.09814234597306215  0.38235604665473455  0.7230377904797447  -0.09814234597306215  0.38235604665473455  14.670181107962328  1.0  0.788  0.197  0.015  0.806  0.194
0  1  5  2.25  0.01  0.01  0.859510543502583  -0.09718997252214275  1.065417408097192  0.859510543502583  -0.09718997252214275  1.065417408097192  14.421639201122467  1.0  0.83  0.159  0.011  0.806  0.194
0  1  5  2.25  0.01  0.01  0.760074106567906  0.1353633832597772  0.9779550553094501  0.760074106567906  0.1353633832597772  0.9779550553094501  14.484344304091039  1.0  0.817  0.17  0.013  0.796  0.204
0  1  5  2.25  0.01  0.01  0.9295365849161619  0.13438077280377364  1.1028407643025107  0.9295365849161619  0.13438077280377364  1.1028407643025107  14.20230909416573  1.0  0.863  0.128  0.009  0.843  0.157
0  1  5  2.25  0.01  0.01  0.954279569880545  -0.14028209158327748  0.9522696174118619  0.954279569880545  -0.14028209158327748  0.9522696174118619  14.200740736962087  1.0  0.853  0.139  0.009  0.843  0.157
0  1  5  2.25  0.01  0.01  0.9287126388866753  0.1782961827767835  1.1059764956428313  0.9287126388866753  0.1782961827767835  1.1059764956428313  14.181843251513074  1.0  0.865  0.126  0.009  0.852  0.148
0  1  5  2.25  0.01  0.01  0.8498773510797843  -0.18894053734932395  0.6474834432696495  0.8498773510797843  -0.18894053734932395  0.6474834432696495  14.509589820638793  1.0  0.821  0.168  0.012  0.843  0.157
0  1  5  2.25  0.01  0.01  0.5462545916238551  0.19931302284822716  0.3926790354376551  0.5462545916238551  0.19931302284822716  0.3926790354376551  14.914819833442767  1.0  0.748  0.232  0.02  0.769  0.231
0  1  5  2.25  0.01  0.01  0.6797659546969247  -0.03270191909711259  0.63145473848512  0.6797659546969247  -0.03270191909711259  0.63145473848512  14.636221627767801  1.0  0.778  0.206  0.016  0.778  0.222
0  1  5  2.25  0.01  0.01  0.6687421008886569  -0.032926339313835346  0.7315751192151374  0.6687421008886569  -0.032926339313835346  0.7315751192151374  14.656111331659362  1.0  0.774  0.209  0.017  0.769  0.231
0  1  5  2.25  0.01  0.01  0.9156807789060791  0.06385384452421666  0.7850587534945679  0.9156807789060791  0.06385384452421666  0.7850587534945679  14.314997171903949  1.0  0.855  0.135  0.009  0.87  0.13
0  1  5  2.25  0.01  0.01  0.9239713131564202  -0.07276714204238385  1.1866900050816793  0.9239713131564202  -0.07276714204238385  1.1866900050816793  14.361523742002706  1.0  0.849  0.141  0.01  0.815  0.185
0  1  5  2.25  0.01  0.01  0.717769125365079  0.15163330890616145  0.585018280261676  0.717769125365079  0.15163330890616145  0.585018280261676  14.619066480417857  1.0  0.804  0.181  0.015  0.824  0.176
0  1  5  2.25  0.01  0.01  0.8854063937597825  -0.1900540454903078  0.3715841054900286  0.8854063937597825  -0.1900540454903078  0.3715841054900286  14.403584398299207  1.0  0.831  0.158  0.011  0.852  0.148
0  1  5  2.25  0.01  0.01  0.8620844807553952  0.0026733283441861266  0.7786581963654562  0.8620844807553952  0.0026733283441861266  0.7786581963654562  14.347781590341528  1.0  0.837  0.152  0.011  0.833  0.167
-----------------------------------------------------------------------------------------------------------------------------------------------

