0  3.5  1.75  0.01  0.01  [ 1.12451115 -0.02636192]  1.0239528686779378  14.997355411879997  14.997355411879997  1.0  0.904  0.071  0.025  0.885  0.115  0.885  0.115
0  3.5  1.75  0.01  0.01  [0.9088484  0.46102147]  0.9879216014692106  14.857135380554558  14.857135380554558  1.0  0.888  0.077  0.035  0.885  0.115  0.885  0.115
0  3.5  1.75  0.01  0.01  [ 2.31992014 -0.77653098]  2.7105050616279454  38.92166767111164  38.92166767111164  1.0  0.984  0.016  0.0  0.885  0.115  0.885  0.115
0  3.5  1.75  0.01  0.01  [0.86197573 0.32387951]  0.6310348413645109  13.695945921549555  13.695945921549555  1.0  0.865  0.093  0.041  0.885  0.115  0.885  0.115
0  3.5  1.75  0.01  0.01  [1.08349175 0.09511467]  1.0525673194919387  15.052134872896609  15.052134872896609  1.0  0.904  0.069  0.027  0.885  0.115  0.885  0.115
0  3.5  1.75  0.01  0.01  [ 1.60302874 -0.60330897]  1.6778005215208946  23.78760255519108  23.78760255519108  1.0  0.946  0.047  0.007  0.885  0.115  0.885  0.115
0  3.5  1.75  0.01  0.01  [0.75388376 0.95220105]  1.191591851553169  16.051424416343046  16.051424416343046  1.0  0.883  0.076  0.041  0.885  0.115  0.885  0.115
0  3.5  1.75  0.01  0.01  [0.63959643 0.76623915]  0.37019763923100685  13.868080997548939  13.868080997548939  1.0  0.835  0.11  0.054  0.885  0.115  0.885  0.115
0  3.5  1.75  0.01  0.01  [0.89759687 0.35147272]  0.8326294369562027  14.788988229688378  14.788988229688378  1.0  0.877  0.085  0.038  0.885  0.115  0.885  0.115
0  3.5  1.75  0.01  0.01  [ 1.44494386 -0.25482805]  1.7016079613395754  23.834590575436316  23.834590575436316  1.0  0.945  0.044  0.01  0.885  0.115  0.885  0.115
0  3.5  1.75  0.01  0.01  [ 1.23571696 -0.65599656]  0.6763877623458818  13.864977979085062  13.864977979085062  1.0  0.881  0.096  0.023  0.885  0.115  0.885  0.115
0  3.5  1.75  0.01  0.01  [0.96857622 0.12828018]  0.7416398449673806  13.896965229674592  13.896965229674592  1.0  0.879  0.086  0.035  0.885  0.115  0.885  0.115
0  3.5  1.75  0.01  0.01  [ 1.31414359 -0.97596299]  0.5949141906564491  13.814415904523639  13.814415904523639  1.0  0.869  0.111  0.02  0.885  0.115  0.885  0.115
0  3.5  1.75  0.01  0.01  [ 1.59104164 -0.37641118]  1.9938230208134966  27.942553967532824  27.942553967532824  1.0  0.955  0.038  0.007  0.885  0.115  0.885  0.115
0  3.5  1.75  0.01  0.01  [ 1.34540331 -0.44418198]  1.1685113922361174  16.326636025975557  16.326636025975557  1.0  0.92  0.065  0.015  0.885  0.115  0.885  0.115
0  3.5  1.75  0.01  0.01  [ 1.25791645 -0.56133677]  0.8580426179186897  14.876838113408606  14.876838113408606  1.0  0.895  0.085  0.021  0.885  0.115  0.885  0.115
0  3.5  1.75  0.01  0.01  [ 1.10538344 -0.46854266]  0.5251267319515414  13.663502432806991  13.663502432806991  1.0  0.866  0.104  0.03  0.885  0.115  0.885  0.115
0  3.5  1.75  0.01  0.01  [ 1.07270009 -0.49353793]  0.41852123920007966  13.652085776815865  13.652085776815865  1.0  0.856  0.111  0.033  0.885  0.115  0.885  0.115
0  3.5  1.75  0.01  0.01  [ 1.25231635 -0.07747615]  1.2857017905205785  16.597960534803683  16.597960534803683  1.0  0.926  0.057  0.018  0.885  0.115  0.885  0.115
0  3.5  1.75  0.01  0.01  [ 1.09748628 -0.35498008]  0.614784364272772  13.707058690842118  13.707058690842118  1.0  0.875  0.096  0.03  0.885  0.115  0.885  0.115
0  3.5  1.75  0.01  0.01  [ 2.13937001 -0.85266564]  2.298312914533293  30.422872516873674  30.422872516873674  1.0  0.975  0.024  0.001  0.885  0.115  0.885  0.115
0  3.5  1.75  0.01  0.01  [0.65892963 0.96001892]  0.8127619325778918  14.90666271604076  14.90666271604076  1.0  0.858  0.094  0.049  0.885  0.115  0.885  0.115
0  3.5  1.75  0.01  0.01  [ 1.1585024  -0.26381972]  0.8957100055636121  14.851527533656927  14.851527533656927  1.0  0.896  0.079  0.025  0.885  0.115  0.885  0.115
0  3.5  1.75  0.01  0.01  [ 1.04194765 -0.41548088]  0.3970237211912877  13.654103666255116  13.654103666255116  1.0  0.854  0.112  0.035  0.885  0.115  0.885  0.115
0  3.5  1.75  0.01  0.01  [1.19203183 0.20893709]  1.7681338205773764  25.33165205957735  25.33165205957735  1.0  0.931  0.05  0.019  0.885  0.115  0.885  0.115
0  3.5  1.75  0.01  0.01  [ 1.04962144 -0.38689111]  0.4486143267254962  13.647372826181583  13.647372826181583  1.0  0.858  0.108  0.034  0.885  0.115  0.885  0.115
0  3.5  1.75  0.01  0.01  [ 1.17810956 -0.62952614]  0.5674942646753783  13.704684626938114  13.704684626938114  1.0  0.87  0.103  0.026  0.885  0.115  0.885  0.115
0  3.5  1.75  0.01  0.01  [ 1.2428979  -0.93994925]  0.4648113334803437  13.70636846217254  13.70636846217254  1.0  0.856  0.12  0.024  0.885  0.115  0.885  0.115
0  3.5  1.75  0.01  0.01  [0.76652235 0.66353001]  0.7302754127712688  13.811252384239118  13.811252384239118  1.0  0.865  0.091  0.045  0.885  0.115  0.885  0.115
0  3.5  1.75  0.01  0.01  [ 1.18689678 -0.59581968]  0.6136580028340728  13.74552381727971  13.74552381727971  1.0  0.875  0.099  0.025  0.885  0.115  0.885  0.115
1  3.5  1.75  0.01  0.01  [0.54131215 0.1878034 ]  2.0316065808273045  28.252471016482147  28.252471016482147  1.0  0.738  0.187  0.075  0.696  0.304  0.696  0.304
1  3.5  1.75  0.01  0.01  [ 0.55165632 -0.45076544]  0.3864848953130067  14.45858466556292  14.45858466556292  1.0  0.662  0.256  0.082  0.696  0.304  0.696  0.304
1  3.5  1.75  0.01  0.01  [0.23955271 0.57559993]  0.377195811509492  14.522608169733843  14.522608169733843  1.0  0.649  0.256  0.095  0.696  0.304  0.696  0.304
1  3.5  1.75  0.01  0.01  [ 0.88434435 -0.50425366]  2.2809111008794822  33.066931474820976  33.066931474820976  1.0  0.795  0.156  0.049  0.696  0.304  0.696  0.304
1  3.5  1.75  0.01  0.01  [ 0.59297755 -0.51294547]  0.5169354853734441  14.497093758327933  14.497093758327933  1.0  0.673  0.248  0.078  0.696  0.304  0.696  0.304
1  3.5  1.75  0.01  0.01  [ 0.7128257  -0.87024244]  0.545747166381254  14.59961644812391  14.59961644812391  1.0  0.678  0.253  0.068  0.696  0.304  0.696  0.304
1  3.5  1.75  0.01  0.01  [0.6436372  0.00489376]  1.6889587686445868  20.797315995718527  20.797315995718527  1.0  0.759  0.174  0.067  0.696  0.304  0.696  0.304
1  3.5  1.75  0.01  0.01  [0.39795877 0.26222469]  0.9704466059722077  14.97291135245188  14.97291135245188  1.0  0.682  0.23  0.088  0.696  0.304  0.696  0.304
1  3.5  1.75  0.01  0.01  [0.22731382 0.96123841]  1.8431263504576627  23.859073420105037  23.859073420105037  1.0  0.694  0.218  0.088  0.696  0.304  0.696  0.304
1  3.5  1.75  0.01  0.01  [0.17568891 0.80301159]  0.4267976014491498  14.559941207716971  14.559941207716971  1.0  0.648  0.257  0.095  0.696  0.304  0.696  0.304
1  3.5  1.75  0.01  0.01  [ 1.04697529 -0.80182309]  1.788182766273422  23.296937817969695  23.296937817969695  1.0  0.816  0.147  0.037  0.696  0.304  0.696  0.304
1  3.5  1.75  0.01  0.01  [ 0.75588477 -0.7063696 ]  0.9916633063294628  15.072773461531927  15.072773461531927  1.0  0.719  0.217  0.063  0.696  0.304  0.696  0.304
1  3.5  1.75  0.01  0.01  [0.15059386 0.88116723]  0.41650419975991126  14.586079454713788  14.586079454713788  1.0  0.648  0.258  0.095  0.696  0.304  0.696  0.304
1  3.5  1.75  0.01  0.01  [ 0.80796344 -0.39383071]  2.163734979597816  31.31944768151169  31.31944768151169  1.0  0.78  0.165  0.056  0.696  0.304  0.696  0.304
1  3.5  1.75  0.01  0.01  [0.32763732 0.41784148]  0.8679181364040853  14.969941718451908  14.969941718451908  1.0  0.67  0.239  0.091  0.696  0.304  0.696  0.304
1  3.5  1.75  0.01  0.01  [ 0.83440699 -0.3643789 ]  1.76817681049731  22.58355764879409  22.58355764879409  1.0  0.793  0.155  0.053  0.696  0.304  0.696  0.304
1  3.5  1.75  0.01  0.01  [ 0.54104062 -0.13530433]  0.9591172484298536  14.966291664484727  14.966291664484727  1.0  0.698  0.223  0.08  0.696  0.304  0.696  0.304
1  3.5  1.75  0.01  0.01  [ 0.64618597 -0.00984689]  1.6807754868014837  20.718995534678864  20.718995534678864  1.0  0.759  0.174  0.067  0.696  0.304  0.696  0.304
1  3.5  1.75  0.01  0.01  [0.35451993 0.33778714]  0.8580063346814101  14.959826006446356  14.959826006446356  1.0  0.672  0.238  0.09  0.696  0.304  0.696  0.304
1  3.5  1.75  0.01  0.01  [0.24493889 0.72791802]  1.2749816866844392  16.1968504426175  16.1968504426175  1.0  0.672  0.237  0.092  0.696  0.304  0.696  0.304
1  3.5  1.75  0.01  0.01  [0.17006985 0.85038468]  0.614492454067692  14.64139631450408  14.64139631450408  1.0  0.653  0.253  0.094  0.696  0.304  0.696  0.304
1  3.5  1.75  0.01  0.01  [ 0.70272203 -0.87616895]  0.48595975159985555  14.550817616936714  14.550817616936714  1.0  0.672  0.258  0.069  0.696  0.304  0.696  0.304
1  3.5  1.75  0.01  0.01  [0.21772861 0.68125565]  0.5077962112895673  14.520765160739254  14.520765160739254  1.0  0.652  0.253  0.094  0.696  0.304  0.696  0.304
1  3.5  1.75  0.01  0.01  [ 1.00450262 -0.5678564 ]  2.71648860139343  39.104792921941254  39.104792921941254  1.0  0.828  0.133  0.039  0.696  0.304  0.696  0.304
1  3.5  1.75  0.01  0.01  [0.14699407 0.94699101]  0.9689436703580175  15.100617986293837  15.100617986293837  1.0  0.656  0.251  0.093  0.696  0.304  0.696  0.304
1  3.5  1.75  0.01  0.01  [0.33197222 0.50457006]  1.1494414735956087  15.201422291491573  15.201422291491573  1.0  0.682  0.229  0.089  0.696  0.304  0.696  0.304
1  3.5  1.75  0.01  0.01  [ 0.72473551 -0.92963604]  0.5144637303902815  14.585790163278615  14.585790163278615  1.0  0.675  0.258  0.067  0.696  0.304  0.696  0.304
1  3.5  1.75  0.01  0.01  [ 0.61716111 -0.54299879]  0.6490047428594506  14.977832382294554  14.977832382294554  1.0  0.681  0.243  0.076  0.696  0.304  0.696  0.304
1  3.5  1.75  0.01  0.01  [0.37826863 0.19910688]  0.6663657886602438  14.980800708848532  14.980800708848532  1.0  0.665  0.245  0.09  0.696  0.304  0.696  0.304
1  3.5  1.75  0.01  0.01  [0.43959307 0.24752093]  1.2788921143821732  16.160182672360893  16.160182672360893  1.0  0.7  0.216  0.084  0.696  0.304  0.696  0.304
----------------------------------------------------------------------------------------------------------------------------------------------------------------------
0  3.5  1.75  0.01  0.01  1.0442514488455499  0.864780691167555  14.798639334455164  14.798639334455164  1.0  0.888  0.081  0.03  0.885  0.115  0.885  0.115
0  3.5  1.75  0.01  0.01  1.1399257544268144  1.134384414656786  16.103691472015942  16.103691472015942  1.0  0.91  0.067  0.024  0.885  0.115  0.885  0.115
0  3.5  1.75  0.01  0.01  1.642308223740631  2.427887157102789  32.44259760914835  32.44259760914835  1.0  0.973  0.023  0.005  0.885  0.115  0.885  0.115
0  3.5  1.75  0.01  0.01  1.0114527495755108  0.7244725781539445  13.849806476675203  13.849806476675203  1.0  0.88  0.087  0.033  0.885  0.115  0.885  0.115
0  3.5  1.75  0.01  0.01  0.9887231707411664  0.6624044186127427  13.72696927823315  13.72696927823315  1.0  0.875  0.091  0.035  0.885  0.115  0.885  0.115
0  3.5  1.75  0.01  0.01  1.3829322421744683  2.042901555832712  28.70883962927989  28.70883962927989  1.0  0.949  0.04  0.012  0.885  0.115  0.885  0.115
0  3.5  1.75  0.01  0.01  1.1126276032046343  1.0251513693163052  15.014457885512012  15.014457885512012  1.0  0.904  0.071  0.026  0.885  0.115  0.885  0.115
0  3.5  1.75  0.01  0.01  0.9101504159011264  0.42321013662116985  13.667645925106868  13.667645925106868  1.0  0.853  0.106  0.041  0.885  0.115  0.885  0.115
0  3.5  1.75  0.01  0.01  1.542284687081419  2.2348966990922783  29.203370910231623  29.203370910231623  1.0  0.965  0.028  0.007  0.885  0.115  0.885  0.115
0  3.5  1.75  0.01  0.01  0.8984478334923373  0.38500912151697075  13.681850627293315  13.681850627293315  1.0  0.849  0.108  0.042  0.885  0.115  0.885  0.115
0  3.5  1.75  0.01  0.01  1.2124511166551986  1.2782175582942865  16.53439199432126  16.53439199432126  1.0  0.923  0.057  0.019  0.885  0.115  0.885  0.115
0  3.5  1.75  0.01  0.01  1.0546043538343088  0.8906424605598907  14.807984121863871  14.807984121863871  1.0  0.891  0.079  0.03  0.885  0.115  0.885  0.115
0  3.5  1.75  0.01  0.01  1.1936312168642018  1.242352435054465  16.355286342470805  16.355286342470805  1.0  0.92  0.06  0.02  0.885  0.115  0.885  0.115
0  3.5  1.75  0.01  0.01  0.9194993989717968  0.45437776195263757  13.659797419489072  13.659797419489072  1.0  0.855  0.104  0.041  0.885  0.115  0.885  0.115
0  3.5  1.75  0.01  0.01  0.958864669944788  0.5767486796496374  13.659783428593384  13.659783428593384  1.0  0.867  0.096  0.037  0.885  0.115  0.885  0.115
0  3.5  1.75  0.01  0.01  1.3787901956790225  1.987193367618345  27.74443175518859  27.74443175518859  1.0  0.948  0.04  0.012  0.885  0.115  0.885  0.115
0  3.5  1.75  0.01  0.01  1.0420643365171804  0.8598154255015915  14.79457163041011  14.79457163041011  1.0  0.888  0.081  0.031  0.885  0.115  0.885  0.115
0  3.5  1.75  0.01  0.01  1.084894261862279  0.9624407212976106  14.872713240095042  14.872713240095042  1.0  0.898  0.075  0.027  0.885  0.115  0.885  0.115
0  3.5  1.75  0.01  0.01  1.4198582239067776  2.0911303028649653  28.77170605092727  28.77170605092727  1.0  0.953  0.037  0.01  0.885  0.115  0.885  0.115
0  3.5  1.75  0.01  0.01  1.2731460321305024  1.4330441733690036  18.292066973863765  18.292066973863765  1.0  0.933  0.05  0.016  0.885  0.115  0.885  0.115
0  3.5  1.75  0.01  0.01  0.9050313766512211  0.4070688801513323  13.673051598348854  13.673051598348854  1.0  0.851  0.107  0.042  0.885  0.115  0.885  0.115
0  3.5  1.75  0.01  0.01  1.1324897405254424  1.068871269933873  15.169425915412827  15.169425915412827  1.0  0.908  0.068  0.024  0.885  0.115  0.885  0.115
0  3.5  1.75  0.01  0.01  1.4976215530094474  2.1848074956331103  28.997189438966327  28.997189438966327  1.0  0.961  0.031  0.008  0.885  0.115  0.885  0.115
0  3.5  1.75  0.01  0.01  0.9951842865850921  0.6814451542305173  13.758401704099281  13.758401704099281  1.0  0.876  0.09  0.034  0.885  0.115  0.885  0.115
0  3.5  1.75  0.01  0.01  1.2267533693400596  1.3048998225114308  16.67349711495163  16.67349711495163  1.0  0.926  0.056  0.019  0.885  0.115  0.885  0.115
0  3.5  1.75  0.01  0.01  0.9725156721933383  0.6169556887355392  13.679166250668096  13.679166250668096  1.0  0.87  0.094  0.036  0.885  0.115  0.885  0.115
0  3.5  1.75  0.01  0.01  1.0013403607621694  0.6977836632012387  13.77629853595694  13.77629853595694  1.0  0.878  0.088  0.034  0.885  0.115  0.885  0.115
0  3.5  1.75  0.01  0.01  1.2885843222367241  1.4608427728539828  18.612932352685387  18.612932352685387  1.0  0.936  0.049  0.016  0.885  0.115  0.885  0.115
0  3.5  1.75  0.01  0.01  0.9554983206502055  0.5662060033596199  13.656902598576604  13.656902598576604  1.0  0.866  0.097  0.037  0.885  0.115  0.885  0.115
0  3.5  1.75  0.01  0.01  1.0116593456400071  0.7259929010382988  13.84985552592785  13.84985552592785  1.0  0.88  0.087  0.033  0.885  0.115  0.885  0.115
1  3.5  1.75  0.01  0.01  0.41802158732464784  0.4059614882968609  14.445894030708574  14.445894030708574  1.0  0.658  0.252  0.089  0.696  0.304  0.696  0.304
1  3.5  1.75  0.01  0.01  0.45221366836407684  0.7237697077965349  14.949283146191059  14.949283146191059  1.0  0.674  0.239  0.086  0.696  0.304  0.696  0.304
1  3.5  1.75  0.01  0.01  0.44389609143976194  0.6660680082224588  14.963717807091536  14.963717807091536  1.0  0.67  0.242  0.087  0.696  0.304  0.696  0.304
1  3.5  1.75  0.01  0.01  0.4765498452569873  0.878983805275019  14.938112737805989  14.938112737805989  1.0  0.686  0.23  0.084  0.696  0.304  0.696  0.304
1  3.5  1.75  0.01  0.01  0.6778876312010362  1.8509347720371006  24.65159975917806  24.65159975917806  1.0  0.773  0.163  0.064  0.696  0.304  0.696  0.304
1  3.5  1.75  0.01  0.01  0.6261534004120464  1.6231814815960723  20.308436165608544  20.308436165608544  1.0  0.752  0.179  0.069  0.696  0.304  0.696  0.304
1  3.5  1.75  0.01  0.01  0.6584098182030232  1.7368559741226632  21.988919277279198  21.988919277279198  1.0  0.765  0.169  0.066  0.696  0.304  0.696  0.304
1  3.5  1.75  0.01  0.01  0.49479488616708756  0.9836484979008915  14.974628967460296  14.974628967460296  1.0  0.694  0.223  0.082  0.696  0.304  0.696  0.304
1  3.5  1.75  0.01  0.01  0.5108169561582822  1.0714855199318114  15.054117234780488  15.054117234780488  1.0  0.702  0.218  0.081  0.696  0.304  0.696  0.304
1  3.5  1.75  0.01  0.01  0.4478099716998214  0.6948439508549378  14.956401868396332  14.956401868396332  1.0  0.672  0.241  0.087  0.696  0.304  0.696  0.304
1  3.5  1.75  0.01  0.01  0.4462952381012311  0.6831122407631552  14.959217557612947  14.959217557612947  1.0  0.672  0.241  0.087  0.696  0.304  0.696  0.304
1  3.5  1.75  0.01  0.01  0.5117801475125205  1.075474751879156  15.059964595708244  15.059964595708244  1.0  0.702  0.217  0.081  0.696  0.304  0.696  0.304
1  3.5  1.75  0.01  0.01  0.6764119884385446  2.4668667197892917  34.2105010341202  34.2105010341202  1.0  0.772  0.164  0.064  0.696  0.304  0.696  0.304
1  3.5  1.75  0.01  0.01  0.5793888871925347  1.446723685807399  17.496237628825178  17.496237628825178  1.0  0.732  0.194  0.074  0.696  0.304  0.696  0.304
1  3.5  1.75  0.01  0.01  0.5710421449517947  1.411965775445452  17.34879857768923  17.34879857768923  1.0  0.728  0.197  0.075  0.696  0.304  0.696  0.304
1  3.5  1.75  0.01  0.01  0.6324276528177848  2.0301209526357864  28.32455593700065  28.32455593700065  1.0  0.754  0.177  0.069  0.696  0.304  0.696  0.304
1  3.5  1.75  0.01  0.01  0.5271054646092057  1.153404491552239  15.219302889295973  15.219302889295973  1.0  0.709  0.212  0.079  0.696  0.304  0.696  0.304
1  3.5  1.75  0.01  0.01  0.41867183792717805  0.41002881372942696  14.443473450084108  14.443473450084108  1.0  0.658  0.252  0.089  0.696  0.304  0.696  0.304
1  3.5  1.75  0.01  0.01  0.6904805950806927  2.68965703200724  37.9733113556619  37.9733113556619  1.0  0.778  0.16  0.063  0.696  0.304  0.696  0.304
1  3.5  1.75  0.01  0.01  0.5467938600280184  1.3053721246527556  16.356932485020316  16.356932485020316  1.0  0.718  0.205  0.077  0.696  0.304  0.696  0.304
1  3.5  1.75  0.01  0.01  0.43222783857066227  0.5142836612581332  14.45951316902845  14.45951316902845  1.0  0.665  0.247  0.088  0.696  0.304  0.696  0.304
1  3.5  1.75  0.01  0.01  0.6401709121480144  2.357839135699284  33.49544106749432  33.49544106749432  1.0  0.758  0.175  0.068  0.696  0.304  0.696  0.304
1  3.5  1.75  0.01  0.01  0.5788015708558141  1.4434601325574445  17.48648757362295  17.48648757362295  1.0  0.732  0.194  0.074  0.696  0.304  0.696  0.304
1  3.5  1.75  0.01  0.01  0.4645326858236936  0.8034827856348363  14.937231429700557  14.937231429700557  1.0  0.68  0.235  0.085  0.696  0.304  0.696  0.304
1  3.5  1.75  0.01  0.01  0.4346516095680584  0.5327266137523475  14.460996759184969  14.460996759184969  1.0  0.666  0.246  0.088  0.696  0.304  0.696  0.304
1  3.5  1.75  0.01  0.01  0.4630228946681546  0.7948358566720347  14.938027006061906  14.938027006061906  1.0  0.68  0.235  0.085  0.696  0.304  0.696  0.304
1  3.5  1.75  0.01  0.01  0.4290344016197947  0.490222366423644  14.446307857712009  14.446307857712009  1.0  0.663  0.248  0.088  0.696  0.304  0.696  0.304
1  3.5  1.75  0.01  0.01  0.42103847867184263  0.4298280721340663  14.442620865519732  14.442620865519732  1.0  0.66  0.251  0.089  0.696  0.304  0.696  0.304
1  3.5  1.75  0.01  0.01  0.5487598947882782  1.258345357476178  15.741486801897924  15.741486801897924  1.0  0.719  0.204  0.077  0.696  0.304  0.696  0.304
1  3.5  1.75  0.01  0.01  0.4157999250614783  0.38825737820394224  14.447776841763385  14.447776841763385  1.0  0.657  0.253  0.09  0.696  0.304  0.696  0.304
-------------------------------------------------------------------------------------------------------------------------------------------------------------------
0  3.5  1.75  0.01  0.01  1.0123852472312211  0.3976892005318283  13.471286900029579  14.35488802740996  1.0  0.881  0.086  0.033  0.913  0.087  0.8  0.2
0  3.5  1.75  0.01  0.01  1.5333022746213167  2.1181473168066685  28.56917505784099  29.631579874995463  1.0  0.964  0.029  0.007  0.891  0.109  0.867  0.133
0  3.5  1.75  0.01  0.01  0.8422699186873442  0.3969300936346443  13.828756067394831  13.227822764081814  1.0  0.832  0.121  0.048  0.87  0.13  0.933  0.067
0  3.5  1.75  0.01  0.01  2.17672581908726  2.5404129923581715  37.64036763593637  31.25972393759674  1.0  0.993  0.007  0.0  0.935  0.065  0.733  0.267
0  3.5  1.75  0.01  0.01  1.0330001414108057  0.7824521446362791  14.41208522408981  13.39701253830279  1.0  0.886  0.083  0.031  0.891  0.109  0.867  0.133
0  3.5  1.75  0.01  0.01  1.0379737298335967  0.40330185059649365  13.40769958392143  14.563136967830173  1.0  0.887  0.082  0.031  0.913  0.087  0.8  0.2
0  3.5  1.75  0.01  0.01  0.8850886420456245  0.3692236517820139  13.610985617679622  13.921990984358724  1.0  0.845  0.111  0.044  0.87  0.13  0.933  0.067
0  3.5  1.75  0.01  0.01  1.0483036622465332  0.5642098149235442  13.514197682771824  14.128395241570148  1.0  0.889  0.08  0.03  0.891  0.109  0.867  0.133
0  3.5  1.75  0.01  0.01  1.4792259411554178  1.4825486281612767  18.982155236208275  20.80429649424649  1.0  0.959  0.032  0.008  0.913  0.087  0.8  0.2
0  3.5  1.75  0.01  0.01  1.1115447783599983  0.5930313157238686  13.450078615313872  14.411275448512333  1.0  0.904  0.071  0.026  0.935  0.065  0.733  0.267
0  3.5  1.75  0.01  0.01  1.2295699919607144  1.038486347003981  15.39102953312369  14.039874076164683  1.0  0.926  0.055  0.018  0.913  0.087  0.8  0.2
0  3.5  1.75  0.01  0.01  1.7348676932665754  2.373664456996077  35.03498780259804  20.061001365485758  1.0  0.979  0.018  0.003  0.913  0.087  0.8  0.2
0  3.5  1.75  0.01  0.01  1.092878707034938  0.7079293427385897  13.732705541587581  14.023633183818845  1.0  0.9  0.073  0.027  0.891  0.109  0.867  0.133
0  3.5  1.75  0.01  0.01  1.515871331626358  1.5811538286890512  21.97715344709596  21.0718579101498  1.0  0.963  0.03  0.007  0.891  0.109  0.867  0.133
0  3.5  1.75  0.01  0.01  1.0495512545074726  0.6559769483979498  13.680137707799412  13.837368768290197  1.0  0.89  0.08  0.03  0.913  0.087  0.8  0.2
0  3.5  1.75  0.01  0.01  1.5389904824348204  1.623390129147005  19.538771620204926  29.983078859025053  1.0  0.965  0.028  0.007  0.935  0.065  0.733  0.267
0  3.5  1.75  0.01  0.01  1.2997547568259733  1.3554730998154627  16.91704551159361  20.282227499265108  1.0  0.937  0.048  0.015  0.891  0.109  0.867  0.133
0  3.5  1.75  0.01  0.01  1.015749345919028  0.614049557814993  13.65277090104662  13.767588694677226  1.0  0.882  0.086  0.033  0.913  0.087  0.8  0.2
0  3.5  1.75  0.01  0.01  1.1027604221028466  0.5294183285915202  13.354376030279026  14.650425519173238  1.0  0.902  0.072  0.026  0.913  0.087  0.8  0.2
0  3.5  1.75  0.01  0.01  1.9272449414297328  2.2885253079562453  29.171359881998637  30.927819092953918  1.0  0.987  0.012  0.001  0.935  0.065  0.733  0.267
0  3.5  1.75  0.01  0.01  0.9824086088878139  0.5109495299624592  13.584530873287253  13.853307883107329  1.0  0.873  0.092  0.035  0.891  0.109  0.867  0.133
0  3.5  1.75  0.01  0.01  1.0733826579352692  0.7616284500410976  13.275834483386138  16.2809033895909  1.0  0.895  0.076  0.028  0.913  0.087  0.8  0.2
0  3.5  1.75  0.01  0.01  1.0890190548683314  0.7642642671260305  14.084268476322865  13.813266028874919  1.0  0.899  0.074  0.027  0.891  0.109  0.867  0.133
0  3.5  1.75  0.01  0.01  1.6462290288270236  2.172770523866226  30.631916042971294  23.86981575572779  1.0  0.973  0.022  0.004  0.891  0.109  0.867  0.133
0  3.5  1.75  0.01  0.01  1.3886137307718418  1.299034351843705  16.793532780621025  16.31221590097202  1.0  0.949  0.039  0.011  0.935  0.065  0.733  0.267
0  3.5  1.75  0.01  0.01  1.2025239341584835  1.1905531548653385  16.778016832874933  14.459026765858576  1.0  0.921  0.059  0.02  0.913  0.087  0.8  0.2
0  3.5  1.75  0.01  0.01  1.3366924466696528  1.761798823842025  27.15100648321725  19.927210749241116  1.0  0.943  0.044  0.013  0.891  0.109  0.867  0.133
0  3.5  1.75  0.01  0.01  2.126317938626118  2.442376578916859  28.205956564106263  46.31890247713918  1.0  0.992  0.008  0.001  0.913  0.087  0.8  0.2
0  3.5  1.75  0.01  0.01  0.9006825933552901  0.4825384191593983  13.723309435671853  13.447646833367076  1.0  0.85  0.108  0.042  0.87  0.13  0.933  0.067
0  3.5  1.75  0.01  0.01  1.0835764539712203  0.7630721262555368  14.113647747815929  13.707840230889873  1.0  0.898  0.075  0.028  0.891  0.109  0.867  0.133
0  3.5  1.75  0.01  0.01  1.2449415222451283  1.2485174059967383  15.301135043793378  19.748443751402736  1.0  0.929  0.054  0.018  0.87  0.13  0.933  0.067
0  3.5  1.75  0.01  0.01  1.0705111644558067  0.7630920508420576  13.408759647144544  15.86487780847846  1.0  0.895  0.077  0.028  0.891  0.109  0.867  0.133
0  3.5  1.75  0.01  0.01  1.0843967212882986  0.7779014993622422  14.202310861862378  13.710108121622936  1.0  0.898  0.075  0.027  0.87  0.13  0.933  0.067
0  3.5  1.75  0.01  0.01  1.0732857940223932  0.6134346532245716  13.289087083212275  14.908608741140231  1.0  0.895  0.076  0.028  0.891  0.109  0.867  0.133
0  3.5  1.75  0.01  0.01  1.1709257884134288  1.0263748445162768  13.359242015353997  20.119766363738677  1.0  0.916  0.063  0.022  0.891  0.109  0.867  0.133
0  3.5  1.75  0.01  0.01  1.2714351602969798  1.1749632453136423  13.497032399083762  24.40449728812706  1.0  0.933  0.051  0.016  0.891  0.109  0.867  0.133
0  3.5  1.75  0.01  0.01  1.3783979080460513  1.3650589153107713  17.265963569719553  19.45287909660812  1.0  0.948  0.04  0.012  0.913  0.087  0.8  0.2
0  3.5  1.75  0.01  0.01  1.1866170943847705  1.1636683162433321  17.099346851228677  13.241761702228072  1.0  0.919  0.061  0.021  0.891  0.109  0.867  0.133
0  3.5  1.75  0.01  0.01  0.8688029133151158  0.407772406546695  13.659638963266218  13.719376315978396  1.0  0.84  0.115  0.045  0.87  0.13  0.933  0.067
0  3.5  1.75  0.01  0.01  1.7319821917487415  2.1200325442980668  28.424197454688876  30.212049206902996  1.0  0.978  0.018  0.003  0.913  0.087  0.8  0.2
0  3.5  1.75  0.01  0.01  1.8888213300199401  2.599010938713536  37.98761834807023  34.45346688969609  1.0  0.985  0.013  0.002  0.87  0.13  0.933  0.067
0  3.5  1.75  0.01  0.01  1.061986625583014  0.5622446461412834  13.522364341847052  14.114761357842719  1.0  0.893  0.078  0.029  0.935  0.065  0.733  0.267
0  3.5  1.75  0.01  0.01  1.3967575037651803  1.7007040755091587  24.25622896221033  21.792941209811993  1.0  0.95  0.039  0.011  0.891  0.109  0.867  0.133
0  3.5  1.75  0.01  0.01  1.1091544576244832  0.4897883048402232  13.33730738428429  14.738297080411963  1.0  0.903  0.071  0.026  0.935  0.065  0.733  0.267
0  3.5  1.75  0.01  0.01  1.547357069900593  2.2820807612561405  31.304554334849588  23.983526610390566  1.0  0.966  0.028  0.007  0.891  0.109  0.867  0.133
0  3.5  1.75  0.01  0.01  1.7658931051017381  2.1927617193264615  28.646006420805882  30.304028928273055  1.0  0.98  0.017  0.003  0.913  0.087  0.8  0.2
0  3.5  1.75  0.01  0.01  1.2523114303757648  0.9626528414273665  13.381984485961242  19.534666461173945  1.0  0.93  0.053  0.017  0.913  0.087  0.8  0.2
0  3.5  1.75  0.01  0.01  1.1016424856489202  0.5382361033199867  13.391060412560641  14.537931111528403  1.0  0.902  0.072  0.026  0.935  0.065  0.733  0.267
0  3.5  1.75  0.01  0.01  1.8513080923266616  2.0007371717669056  25.081292962121612  36.69870716958239  1.0  0.984  0.014  0.002  0.957  0.043  0.667  0.333
0  3.5  1.75  0.01  0.01  1.2890929588069504  1.1343630275778607  16.629083722073347  14.55932543544496  1.0  0.936  0.049  0.015  0.913  0.087  0.8  0.2
0  3.5  1.75  0.01  0.01  1.2799636514211938  1.9880623993695223  30.469363708175795  19.567388050553447  1.0  0.934  0.05  0.016  0.87  0.13  0.933  0.067
0  3.5  1.75  0.01  0.01  1.2152750034979156  1.1890318768434798  16.98076624952835  13.841923046292868  1.0  0.924  0.057  0.019  0.913  0.087  0.8  0.2
0  3.5  1.75  0.01  0.01  1.0429683134060188  0.5489298151654252  13.526837684234062  14.067396594186448  1.0  0.888  0.081  0.03  0.913  0.087  0.8  0.2
0  3.5  1.75  0.01  0.01  1.3515008826471862  1.9823592763149742  27.394361326353874  28.79835127895161  1.0  0.945  0.043  0.013  0.891  0.109  0.867  0.133
0  3.5  1.75  0.01  0.01  0.9491885840141228  0.3983196509616081  13.595767690887952  13.931203224515539  1.0  0.864  0.098  0.038  0.891  0.109  0.867  0.133
1  3.5  1.75  0.01  0.01  0.39341868154064596  0.7334719109164328  15.175387003941442  14.098657808482033  1.0  0.646  0.262  0.092  0.67  0.33  0.792  0.208
1  3.5  1.75  0.01  0.01  0.7741914070824114  2.4042130592138133  33.49270135160954  34.52876084457972  1.0  0.809  0.137  0.054  0.714  0.286  0.625  0.375
1  3.5  1.75  0.01  0.01  0.4529197867078604  0.7453652821175838  15.101921113830915  14.347125452218469  1.0  0.675  0.239  0.086  0.692  0.308  0.708  0.292
1  3.5  1.75  0.01  0.01  0.4687949170071931  1.1799971441043193  14.802910552523471  17.193945994374964  1.0  0.682  0.233  0.085  0.67  0.33  0.792  0.208
1  3.5  1.75  0.01  0.01  0.5868627140087742  2.0856896478526785  30.48880064002656  27.45633664204972  1.0  0.735  0.192  0.073  0.67  0.33  0.792  0.208
1  3.5  1.75  0.01  0.01  0.44288119634531453  1.1236510699428526  15.510813307730544  13.788012234693525  1.0  0.67  0.243  0.087  0.67  0.33  0.792  0.208
1  3.5  1.75  0.01  0.01  0.4830760190623448  1.0399935176906585  14.29997051644709  17.74652248065576  1.0  0.689  0.228  0.083  0.681  0.319  0.75  0.25
1  3.5  1.75  0.01  0.01  0.39969847392261487  0.7670123901761323  15.172297139430686  14.076901062949887  1.0  0.649  0.26  0.091  0.67  0.33  0.792  0.208
1  3.5  1.75  0.01  0.01  0.3988621316860694  0.7115943129752315  15.219410038371015  13.950051685087425  1.0  0.649  0.26  0.091  0.681  0.319  0.75  0.25
1  3.5  1.75  0.01  0.01  0.6355016865134807  1.8871655785488142  26.71701158733777  22.387660247148897  1.0  0.756  0.176  0.068  0.692  0.308  0.708  0.292
1  3.5  1.75  0.01  0.01  0.40879645290877126  0.4581963144782424  14.526987007201908  14.126105750923827  1.0  0.654  0.256  0.09  0.692  0.308  0.708  0.292
1  3.5  1.75  0.01  0.01  0.6503113875994716  1.7828724271259002  22.111122563567935  24.027090518000495  1.0  0.762  0.172  0.067  0.692  0.308  0.708  0.292
1  3.5  1.75  0.01  0.01  0.4866582862798571  2.1790630726245057  32.50496897881882  26.775506543076634  1.0  0.691  0.226  0.083  0.67  0.33  0.792  0.208
1  3.5  1.75  0.01  0.01  0.4741414993856221  0.7197522063707369  14.260936879095064  17.567069340216445  1.0  0.685  0.231  0.084  0.703  0.297  0.667  0.333
1  3.5  1.75  0.01  0.01  0.5474200744224571  1.94596691622264  29.3737167351161  20.887554624172257  1.0  0.718  0.205  0.077  0.681  0.319  0.75  0.25
1  3.5  1.75  0.01  0.01  0.5589852788676001  1.3203617280765416  15.688783066333512  20.730706443443385  1.0  0.723  0.201  0.076  0.692  0.308  0.708  0.292
1  3.5  1.75  0.01  0.01  0.5088237434288023  1.3223749588003857  16.56457070900366  17.436409298674256  1.0  0.701  0.218  0.081  0.67  0.33  0.792  0.208
1  3.5  1.75  0.01  0.01  0.5208066312188707  1.0581395531271414  15.180938194901161  14.495376887809954  1.0  0.706  0.214  0.08  0.703  0.297  0.667  0.333
1  3.5  1.75  0.01  0.01  0.40257649478106855  0.49244358451458914  14.480802722088319  14.315546872817094  1.0  0.651  0.259  0.091  0.681  0.319  0.75  0.25
1  3.5  1.75  0.01  0.01  0.5373317300275297  1.2328781364059531  15.494799801509796  15.672323157954855  1.0  0.714  0.208  0.078  0.692  0.308  0.708  0.292
1  3.5  1.75  0.01  0.01  0.39974444879222154  0.6911624959289165  14.300631529669046  17.456344413017618  1.0  0.649  0.26  0.091  0.67  0.33  0.792  0.208
1  3.5  1.75  0.01  0.01  0.4052557184305708  0.396474542264214  14.492407165511233  14.275034063850505  1.0  0.652  0.257  0.091  0.692  0.308  0.708  0.292
1  3.5  1.75  0.01  0.01  0.613733660592255  1.3677014435269779  17.742120361965316  15.21473817220847  1.0  0.747  0.183  0.071  0.714  0.286  0.625  0.375
1  3.5  1.75  0.01  0.01  0.4291493600273984  0.5790746629709462  14.586389336605636  14.205004586567533  1.0  0.663  0.248  0.088  0.692  0.308  0.708  0.292
1  3.5  1.75  0.01  0.01  0.49054408827307106  1.2113492440039768  15.779190775254191  14.084147038605915  1.0  0.692  0.225  0.083  0.681  0.319  0.75  0.25
1  3.5  1.75  0.01  0.01  0.6514806190244076  2.2951267727610722  35.247360831809424  24.140448872630344  1.0  0.762  0.171  0.067  0.714  0.286  0.625  0.375
1  3.5  1.75  0.01  0.01  0.42921374486452896  0.9579061110055643  14.381211562641205  17.163355689633054  1.0  0.663  0.248  0.088  0.67  0.33  0.792  0.208
1  3.5  1.75  0.01  0.01  0.6758006881619013  1.8566916620869183  24.736155043244704  24.87371663279934  1.0  0.772  0.164  0.064  0.692  0.308  0.708  0.292
1  3.5  1.75  0.01  0.01  0.7260015339580056  1.5993754655268353  19.74523258261204  18.229650166670012  1.0  0.791  0.15  0.059  0.714  0.286  0.625  0.375
1  3.5  1.75  0.01  0.01  0.4119354808442798  0.38436313274872996  14.457968865762503  14.418671769667492  1.0  0.655  0.255  0.09  0.692  0.308  0.708  0.292
0  3.5  1.75  0.01  0.01  0.9203647707187061  0.5157080370653625  13.674210139593868  13.583781542123992  1.0  0.856  0.104  0.041  0.87  0.13  0.933  0.067
0  3.5  1.75  0.01  0.01  1.27863739147462  0.9981142352240441  13.095321285111343  20.711302335087513  1.0  0.934  0.05  0.016  0.913  0.087  0.8  0.2
0  3.5  1.75  0.01  0.01  1.1274730100436585  0.7144766906359274  13.734122170701621  14.143015926101231  1.0  0.907  0.068  0.025  0.891  0.109  0.867  0.133
0  3.5  1.75  0.01  0.01  1.0312526740451955  0.8644511180360911  15.129403780610623  13.784864409885996  1.0  0.885  0.083  0.031  0.87  0.13  0.933  0.067
0  3.5  1.75  0.01  0.01  1.054872710048368  0.5624396212043403  13.478131052609514  14.244847097596208  1.0  0.891  0.079  0.03  0.913  0.087  0.8  0.2
0  3.5  1.75  0.01  0.01  0.9754485906438256  0.5327731542456003  13.595809747203818  13.830876471690893  1.0  0.871  0.093  0.036  0.87  0.13  0.933  0.067
0  3.5  1.75  0.01  0.01  1.2000547470447764  0.9302521582099103  15.129294966163089  14.001906800789794  1.0  0.921  0.059  0.02  0.891  0.109  0.867  0.133
0  3.5  1.75  0.01  0.01  1.1653141051775697  0.6358154693479046  13.429960285927171  14.633154517817642  1.0  0.915  0.063  0.022  0.957  0.043  0.667  0.333
0  3.5  1.75  0.01  0.01  1.060033609344398  0.6459097926076197  13.596032939549943  14.05789879497842  1.0  0.892  0.079  0.029  0.891  0.109  0.867  0.133
0  3.5  1.75  0.01  0.01  0.9657842576072634  0.558106269522256  13.642028263411436  13.688401504536948  1.0  0.868  0.095  0.037  0.87  0.13  0.933  0.067
0  3.5  1.75  0.01  0.01  1.0781351755326336  0.86140914393157  15.21744971591587  13.497439951067117  1.0  0.896  0.076  0.028  0.891  0.109  0.867  0.133
0  3.5  1.75  0.01  0.01  1.1533280900524858  0.9264826532838798  14.949522661581124  14.532775935410887  1.0  0.912  0.065  0.023  0.913  0.087  0.8  0.2
0  3.5  1.75  0.01  0.01  0.9858875796021235  0.40141886243483205  13.500876588662937  14.243720800124608  1.0  0.874  0.091  0.035  0.913  0.087  0.8  0.2
0  3.5  1.75  0.01  0.01  1.0784031359083053  0.8373793613827449  15.160312590883184  13.659277393611527  1.0  0.896  0.076  0.028  0.891  0.109  0.867  0.133
0  3.5  1.75  0.01  0.01  1.1720882383544153  0.9115369057937228  15.132906101787908  13.90416479697081  1.0  0.916  0.062  0.022  0.913  0.087  0.8  0.2
0  3.5  1.75  0.01  0.01  1.2296663451459589  0.9709495224181818  15.163038016112246  14.108378789451345  1.0  0.926  0.055  0.018  0.913  0.087  0.8  0.2
0  3.5  1.75  0.01  0.01  1.1115098312975713  0.8142970831145846  15.07533138863284  13.921474139368163  1.0  0.904  0.071  0.026  0.891  0.109  0.867  0.133
0  3.5  1.75  0.01  0.01  1.0483737773397337  0.5225167462385235  13.44164947954529  14.341935981854814  1.0  0.889  0.08  0.03  0.891  0.109  0.867  0.133
0  3.5  1.75  0.01  0.01  0.9018301458612492  0.39965544567738953  13.58704420317276  13.94630670275621  1.0  0.85  0.108  0.042  0.87  0.13  0.933  0.067
0  3.5  1.75  0.01  0.01  0.9592280931233818  0.4356844906362338  13.557150845270947  14.002983811959144  1.0  0.867  0.096  0.037  0.891  0.109  0.867  0.133
0  3.5  1.75  0.01  0.01  1.1239420743319346  0.8965844594134543  14.983619255361038  14.320809672124922  1.0  0.906  0.069  0.025  0.913  0.087  0.8  0.2
0  3.5  1.75  0.01  0.01  1.0603624719697513  0.809017838466456  15.046258333752053  13.981983852488046  1.0  0.892  0.079  0.029  0.891  0.109  0.867  0.133
0  3.5  1.75  0.01  0.01  0.9536593209329631  0.3680054714105903  13.55817510450416  14.101113571801688  1.0  0.865  0.097  0.038  0.891  0.109  0.867  0.133
0  3.5  1.75  0.01  0.01  1.1444560989382087  0.9362932406134155  13.214100534322275  19.88987164775837  1.0  0.91  0.066  0.023  0.891  0.109  0.867  0.133
0  3.5  1.75  0.01  0.01  0.9516488357393373  0.5087021148624452  13.53047602049519  14.01878984367763  1.0  0.865  0.098  0.038  0.891  0.109  0.867  0.133
0  3.5  1.75  0.01  0.01  1.0573664362668442  0.5025645498701314  13.462170067283386  14.294820196723327  1.0  0.892  0.079  0.029  0.935  0.065  0.733  0.267
0  3.5  1.75  0.01  0.01  1.167140849163854  0.6343101513440143  13.41482077167072  14.682617207661304  1.0  0.915  0.063  0.022  0.935  0.065  0.733  0.267
0  3.5  1.75  0.01  0.01  1.1577057692655046  0.982991077268356  14.957787954274337  14.749235702844006  1.0  0.913  0.064  0.023  0.913  0.087  0.8  0.2
0  3.5  1.75  0.01  0.01  0.928388195811405  0.5053652668587824  13.549411232219173  13.96699947350015  1.0  0.858  0.102  0.04  0.87  0.13  0.933  0.067
0  3.5  1.75  0.01  0.01  1.1673866700408324  0.8146706248165203  13.100718262876438  20.020806211798014  1.0  0.915  0.063  0.022  0.913  0.087  0.8  0.2
1  3.5  1.75  0.01  0.01  0.5343306478544568  0.8580053100572406  14.179665837132143  17.82157379961947  1.0  0.712  0.209  0.079  0.714  0.286  0.625  0.375
1  3.5  1.75  0.01  0.01  0.47112803961454686  0.8651471960546733  15.136145155157108  14.180338323190421  1.0  0.683  0.232  0.085  0.692  0.308  0.708  0.292
1  3.5  1.75  0.01  0.01  0.42511346692667157  0.949429358640167  15.228974465930575  13.944726196676152  1.0  0.662  0.25  0.089  0.67  0.33  0.792  0.208
1  3.5  1.75  0.01  0.01  0.37520362222368586  0.5130827123184627  14.54783794999869  14.100791019894187  1.0  0.637  0.27  0.093  0.67  0.33  0.792  0.208
1  3.5  1.75  0.01  0.01  0.3906148829118829  0.6147266934780363  14.70848021810498  14.126735048746406  1.0  0.645  0.263  0.092  0.67  0.33  0.792  0.208
1  3.5  1.75  0.01  0.01  0.4161330948152744  0.6701425925334494  14.304432916820227  17.462178068215483  1.0  0.657  0.253  0.09  0.681  0.319  0.75  0.25
1  3.5  1.75  0.01  0.01  0.4540943723265484  0.6849315523998902  15.171045848131076  14.155678762995166  1.0  0.675  0.238  0.086  0.703  0.297  0.667  0.333
1  3.5  1.75  0.01  0.01  0.3995358877677929  0.7625731551793015  15.152325524134602  14.15734107101809  1.0  0.649  0.26  0.091  0.67  0.33  0.792  0.208
1  3.5  1.75  0.01  0.01  0.42286237465767856  0.5174495425598288  14.520271069813267  14.221568434325151  1.0  0.66  0.251  0.089  0.692  0.308  0.708  0.292
1  3.5  1.75  0.01  0.01  0.558913077081159  0.9178606040103082  15.067004008967173  14.505614080746177  1.0  0.723  0.201  0.076  0.725  0.275  0.583  0.417
1  3.5  1.75  0.01  0.01  0.4403179029842226  0.5325950238176606  14.452148346803147  14.49470794833112  1.0  0.669  0.244  0.087  0.692  0.308  0.708  0.292
1  3.5  1.75  0.01  0.01  0.4259562883965197  0.7000772966914572  14.281121762791972  17.50981384288931  1.0  0.662  0.249  0.089  0.681  0.319  0.75  0.25
1  3.5  1.75  0.01  0.01  0.43637482830090074  0.9658415166098119  15.115627297782392  14.39920853762483  1.0  0.667  0.245  0.088  0.67  0.33  0.792  0.208
1  3.5  1.75  0.01  0.01  0.4157369816862631  0.9123632351248758  15.145924666048751  14.196424665323368  1.0  0.657  0.253  0.09  0.67  0.33  0.792  0.208
1  3.5  1.75  0.01  0.01  0.4175611342272797  0.4469676979517562  14.463204775966004  14.368075840477445  1.0  0.658  0.253  0.09  0.692  0.308  0.708  0.292
1  3.5  1.75  0.01  0.01  0.34621351458429694  0.7727576434432145  15.199519132283434  14.01426059967374  1.0  0.623  0.282  0.095  0.648  0.352  0.875  0.125
1  3.5  1.75  0.01  0.01  0.3668740095126844  0.3762429641097405  14.482412037435141  14.341139072867819  1.0  0.633  0.273  0.094  0.67  0.33  0.792  0.208
1  3.5  1.75  0.01  0.01  0.4244517727611986  0.7339434963239249  14.293114969289098  17.43106971568142  1.0  0.661  0.25  0.089  0.681  0.319  0.75  0.25
1  3.5  1.75  0.01  0.01  0.3928674655363666  0.7203352486469883  15.144474505646867  14.226908641743941  1.0  0.646  0.262  0.092  0.67  0.33  0.792  0.208
1  3.5  1.75  0.01  0.01  0.4206811462130308  0.5234220613126258  14.516315781412183  14.225283693129049  1.0  0.659  0.251  0.089  0.692  0.308  0.708  0.292
1  3.5  1.75  0.01  0.01  0.4145920532739041  0.6568676356476879  15.233805248101799  13.957895530312783  1.0  0.656  0.254  0.09  0.692  0.308  0.708  0.292
1  3.5  1.75  0.01  0.01  0.4752725529491577  0.7801542615777529  15.05076353643558  14.51623551789937  1.0  0.685  0.231  0.084  0.692  0.308  0.708  0.292
1  3.5  1.75  0.01  0.01  0.4241574723485536  0.484854148170083  14.465218552045462  14.389102729292858  1.0  0.661  0.25  0.089  0.692  0.308  0.708  0.292
1  3.5  1.75  0.01  0.01  0.49655981164427615  0.8279911048379124  15.02233016032082  14.607371275245633  1.0  0.695  0.223  0.082  0.703  0.297  0.667  0.333
1  3.5  1.75  0.01  0.01  0.5028143824842893  0.6414262088609711  14.660682303746901  14.648494455175097  1.0  0.698  0.22  0.082  0.714  0.286  0.625  0.375
1  3.5  1.75  0.01  0.01  0.4071963372697104  0.4202090592838319  14.490226943099234  14.261967124748992  1.0  0.653  0.257  0.09  0.692  0.308  0.708  0.292
1  3.5  1.75  0.01  0.01  0.4242103839114998  0.5782965688195318  14.621133888838598  14.074614333621943  1.0  0.661  0.25  0.089  0.692  0.308  0.708  0.292
1  3.5  1.75  0.01  0.01  0.4714011032101906  0.8468782086784987  15.102351965168017  14.301525382683394  1.0  0.683  0.232  0.085  0.692  0.308  0.708  0.292
1  3.5  1.75  0.01  0.01  0.4051016591401201  0.8899445734831424  15.196133045035488  13.994801573349484  1.0  0.652  0.258  0.091  0.67  0.33  0.792  0.208
1  3.5  1.75  0.01  0.01  0.40456722636984277  0.9688920400265149  15.190151536464969  14.143134743780683  1.0  0.652  0.258  0.091  0.659  0.341  0.833  0.167
0  3.5  1.75  0.01  0.01  1.1414744057377726  -0.12765055423955532  0.628481602581926  13.5210221880701  14.270334331066618  1.0  0.901  0.074  0.025  0.913  0.087  0.8  0.2
0  3.5  1.75  0.01  0.01  0.9648668310189029  0.16320474958380504  0.4345782177543257  13.465794274411133  14.3944144055429  1.0  0.881  0.085  0.035  0.913  0.087  0.8  0.2
0  3.5  1.75  0.01  0.01  0.9387625505166776  -0.09853903874462216  0.5460163894332003  13.781915904038637  13.26099034747821  1.0  0.852  0.107  0.04  0.87  0.13  0.933  0.067
0  3.5  1.75  0.01  0.01  1.1611304079843088  0.0005333922677565606  0.8599077491254852  16.03174235534111  14.118363199939107  1.0  0.914  0.064  0.022  0.913  0.087  0.8  0.2
0  3.5  1.75  0.01  0.01  1.1220807809549487  -0.19195704994770235  0.41239225409511665  13.376044660633152  14.610910045917098  1.0  0.893  0.081  0.027  0.913  0.087  0.8  0.2
0  3.5  1.75  0.01  0.01  0.9162551592878516  0.024911983068879595  0.40445186235803915  13.668743940769144  13.702930260420013  1.0  0.856  0.103  0.041  0.891  0.109  0.867  0.133
0  3.5  1.75  0.01  0.01  1.0392304956141794  -0.16720223877345033  0.37354683103706143  13.48457307979786  14.26671198226468  1.0  0.874  0.093  0.033  0.891  0.109  0.867  0.133
0  3.5  1.75  0.01  0.01  0.9669078884879613  -0.16564975425125983  0.3913339368683397  13.667934610949148  13.65737350938707  1.0  0.855  0.107  0.038  0.891  0.109  0.867  0.133
0  3.5  1.75  0.01  0.01  1.0421744453903095  -0.18227710146309956  0.3824074365098452  13.516433531347829  14.155061496093682  1.0  0.874  0.093  0.032  0.913  0.087  0.8  0.2
0  3.5  1.75  0.01  0.01  0.925675811690468  0.1432294911402866  0.5077008901357474  13.488521438564318  14.195525625251781  1.0  0.869  0.093  0.038  0.891  0.109  0.867  0.133
0  3.5  1.75  0.01  0.01  1.0568814027574962  -0.12732151316567408  0.9434400009048327  16.4275674110673  13.183560829393596  1.0  0.882  0.087  0.031  0.87  0.13  0.933  0.067
0  3.5  1.75  0.01  0.01  1.0187529147612258  0.1886847333884149  0.5193052367107631  13.413852201440143  14.507535767372355  1.0  0.896  0.074  0.03  0.935  0.065  0.733  0.267
0  3.5  1.75  0.01  0.01  0.9596762645884472  0.07647970609713484  0.5250559695760028  13.507196320102777  14.119604341541368  1.0  0.873  0.091  0.036  0.87  0.13  0.933  0.067
0  3.5  1.75  0.01  0.01  1.0456775418678976  0.18385573318507992  0.6499642921507125  13.497922182073221  14.362496486136788  1.0  0.901  0.07  0.028  0.913  0.087  0.8  0.2
0  3.5  1.75  0.01  0.01  0.8191539802913604  0.17239669077729863  0.4819378415475465  13.768243195186674  13.385382866039064  1.0  0.84  0.113  0.047  0.87  0.13  0.933  0.067
0  3.5  1.75  0.01  0.01  1.1657826064803973  -0.05101489826204411  0.7012878985924691  13.681597373286023  14.25529129576641  1.0  0.912  0.066  0.023  0.935  0.065  0.733  0.267
0  3.5  1.75  0.01  0.01  0.9032202246429799  0.18332168050202557  0.5207640110155303  13.4717661437095  14.24473553058159  1.0  0.866  0.095  0.04  0.87  0.13  0.933  0.067
0  3.5  1.75  0.01  0.01  1.0630585478181298  0.007057265828108006  0.8004697976713998  13.412406483993466  22.05857609515124  1.0  0.894  0.077  0.029  0.87  0.13  0.933  0.067
0  3.5  1.75  0.01  0.01  1.0464301556075308  0.13535427320385612  0.966762590004453  16.29846147287958  13.548079483903502  1.0  0.899  0.073  0.029  0.87  0.13  0.933  0.067
---------------------------------------------------------------------------------------------------------------------------------------------------------------------------------
0  3.5  1.75  0.01  0.01  0.9699408487079336  -0.07477629924563672  0.3711093366925111  13.548267366833725  14.097553141041777  1.0  0.864  0.099  0.037  0.891  0.109  0.867  0.133
0  3.5  1.75  0.01  0.01  1.029795284782453  0.19552782246367179  0.9728601949056257  13.341595153872136  22.568153879994952  1.0  0.899  0.072  0.029  0.87  0.13  0.933  0.067
0  3.5  1.75  0.01  0.01  1.0108094470830729  0.03803377533592389  0.5444225646212707  13.576309035390574  13.917299447388311  1.0  0.883  0.084  0.033  0.913  0.087  0.8  0.2
0  3.5  1.75  0.01  0.01  0.9992741140829593  0.09465612045732985  0.39158729966332756  13.393657842111754  14.672601189088954  1.0  0.884  0.083  0.033  0.935  0.065  0.733  0.267
0  3.5  1.75  0.01  0.01  1.0985471970992713  0.1865218912225553  0.8641492924862063  16.028249185845873  14.120137051147577  1.0  0.913  0.062  0.025  0.935  0.065  0.733  0.267
0  3.5  1.75  0.01  0.01  1.117599211075569  -0.163801999392455  0.4811099943875578  13.42820433100435  14.395922900851012  1.0  0.894  0.079  0.027  0.935  0.065  0.733  0.267
0  3.5  1.75  0.01  0.01  1.019751961554016  -0.1062644434022178  0.6592760606417084  13.827176411949948  13.402802107425048  1.0  0.874  0.093  0.033  0.87  0.13  0.933  0.067
0  3.5  1.75  0.01  0.01  1.1102597463985122  0.14775671205462731  0.8637313832715907  15.890460868991727  14.519532407094498  1.0  0.913  0.063  0.024  0.913  0.087  0.8  0.2
0  3.5  1.75  0.01  0.01  1.037502555463194  0.10326006433762286  0.6992596727136823  13.737151658201096  13.868688690887167  1.0  0.894  0.076  0.03  0.913  0.087  0.8  0.2
0  3.5  1.75  0.01  0.01  0.9963804137975187  -0.0751340329956364  0.3914024739215459  13.528522154273542  14.132781972337373  1.0  0.87  0.095  0.035  0.891  0.109  0.867  0.133
0  3.5  1.75  0.01  0.01  1.0901314549136645  -0.18854654479030258  0.5952450467762439  13.66412486909196  13.721965694267825  1.0  0.885  0.086  0.029  0.891  0.109  0.867  0.133
0  3.5  1.75  0.01  0.01  1.106839519369553  -0.11554049253256032  0.813950629014746  16.1640377492276  13.633521251845865  1.0  0.894  0.079  0.027  0.891  0.109  0.867  0.133
0  3.5  1.75  0.01  0.01  0.9166708287119643  0.1401945293076795  0.4979988412834338  13.480691702604608  14.224608736401212  1.0  0.866  0.095  0.039  0.891  0.109  0.867  0.133
0  3.5  1.75  0.01  0.01  1.1225649297230706  0.06830652515568475  0.9878452816812857  16.376872859799633  13.48715369867334  1.0  0.91  0.065  0.024  0.891  0.109  0.867  0.133
0  3.5  1.75  0.01  0.01  0.9529255566262556  0.05140508386214704  0.5612139586792076  13.631832051263194  13.745993289601648  1.0  0.869  0.094  0.037  0.87  0.13  0.933  0.067
0  3.5  1.75  0.01  0.01  1.003535614104836  0.1531633248348559  0.8154481692312991  16.06256837013811  13.940158047226287  1.0  0.889  0.079  0.032  0.891  0.109  0.867  0.133
0  3.5  1.75  0.01  0.01  0.8876985578854365  0.017592505276216475  0.4332299168194078  13.624729704860773  13.796222964279403  1.0  0.848  0.109  0.043  0.87  0.13  0.933  0.067
0  3.5  1.75  0.01  0.01  0.8273165535679897  0.07021296061351101  0.38439156051973006  13.801296059217828  13.361356937658064  1.0  0.833  0.119  0.048  0.87  0.13  0.933  0.067
0  3.5  1.75  0.01  0.01  0.9434816486492213  0.01802612109366225  0.4895135761962695  13.629416052447299  13.726408975644892  1.0  0.864  0.098  0.038  0.891  0.109  0.867  0.133
0  3.5  1.75  0.01  0.01  1.2456592829226558  -0.1949076855686248  0.6113434756233198  13.321766988001654  14.979102456979037  1.0  0.918  0.063  0.019  0.957  0.043  0.667  0.333
0  3.5  1.75  0.01  0.01  1.0899313852256607  0.017335074201203116  0.5902947644875746  13.449973154059869  14.371468560798805  1.0  0.9  0.073  0.027  0.913  0.087  0.8  0.2
0  3.5  1.75  0.01  0.01  1.0458326375076017  -0.04162056970652889  0.8857566775701332  16.06731709497449  14.037437798299385  1.0  0.886  0.083  0.031  0.87  0.13  0.933  0.067
0  3.5  1.75  0.01  0.01  1.0116448552557757  -0.06377523198613547  0.5457604992244585  13.571452632243608  13.906509965004803  1.0  0.876  0.091  0.034  0.891  0.109  0.867  0.133
0  3.5  1.75  0.01  0.01  0.9433834768686412  0.11860140542009018  0.4763380854817656  13.451109579027502  14.33671444360217  1.0  0.872  0.091  0.037  0.891  0.109  0.867  0.133
0  3.5  1.75  0.01  0.01  0.8997976897701683  -0.03740303293105143  0.3857241181118508  13.661992078165921  13.725406699647642  1.0  0.846  0.111  0.043  0.891  0.109  0.867  0.133
0  3.5  1.75  0.01  0.01  1.1822975664743574  -0.06133992119418741  0.8466741792583428  15.96680904990784  14.330333581550937  1.0  0.914  0.064  0.022  0.913  0.087  0.8  0.2
0  3.5  1.75  0.01  0.01  0.986879521274668  0.16236391137984346  0.6149335565858176  13.616186593915938  13.887847311734157  1.0  0.886  0.081  0.033  0.913  0.087  0.8  0.2
0  3.5  1.75  0.01  0.01  1.2837198855929914  -0.09735786120025605  0.9391627790341313  15.965054207639772  14.660030426396464  1.0  0.93  0.054  0.016  0.913  0.087  0.8  0.2
0  3.5  1.75  0.01  0.01  0.9901165765880168  -0.06354350777081091  0.3784180619992223  13.503401993625744  14.23232142620604  1.0  0.87  0.095  0.035  0.891  0.109  0.867  0.133
0  3.5  1.75  0.01  0.01  0.8806016712760067  0.1334028273674825  0.5641626743105707  13.752634596709287  13.383896052958097  1.0  0.855  0.103  0.042  0.87  0.13  0.933  0.067
0  3.5  1.75  0.01  0.01  1.1541393909333553  -0.09698914150786382  0.64997612162125  13.487696616396232  14.455658460987314  1.0  0.906  0.07  0.024  0.913  0.087  0.8  0.2
0  3.5  1.75  0.01  0.01  1.0658284855132791  0.02355523114686875  0.795185892699078  16.037046521202424  14.0204016215995  1.0  0.895  0.076  0.029  0.891  0.109  0.867  0.133
0  3.5  1.75  0.01  0.01  1.1493271538567988  -0.04670114720266896  0.7179229940214917  13.69906632873411  14.28079986539367  1.0  0.908  0.068  0.024  0.913  0.087  0.8  0.2
0  3.5  1.75  0.01  0.01  1.117701065914078  -0.1721199660816128  0.6041202940561464  13.332837702599418  14.776760898702815  1.0  0.893  0.08  0.027  0.891  0.109  0.867  0.133
0  3.5  1.75  0.01  0.01  0.9551087616065198  0.05144357587916565  0.7167314467028987  13.956170547287309  13.389776837159646  1.0  0.87  0.094  0.037  0.891  0.109  0.867  0.133
0  3.5  1.75  0.01  0.01  1.0722832272703204  -0.10870747723901633  0.7105658103028628  13.905739367621278  13.52424496463131  1.0  0.887  0.083  0.029  0.913  0.087  0.8  0.2
0  3.5  1.75  0.01  0.01  1.077908633275187  -0.028749184483081835  0.6250971013372915  13.582951228458835  14.039521301233037  1.0  0.894  0.078  0.028  0.913  0.087  0.8  0.2
0  3.5  1.75  0.01  0.01  1.158628809310758  -0.06870436998505203  0.73143985259799  13.734198252213918  14.4296703236416  1.0  0.909  0.068  0.023  0.913  0.087  0.8  0.2
0  3.5  1.75  0.01  0.01  0.9085095307630844  0.16594780744144616  0.5893516943204765  13.714639795458014  13.511064030726184  1.0  0.866  0.094  0.039  0.891  0.109  0.867  0.133
0  3.5  1.75  0.01  0.01  0.9188480427244917  0.15637039983854273  0.6735996247007603  13.830736856111553  13.420746651839359  1.0  0.868  0.093  0.039  0.87  0.13  0.933  0.067
0  3.5  1.75  0.01  0.01  1.148522030863335  -0.1308841548673932  0.6659808600425573  13.612513357908028  14.178370389224462  1.0  0.903  0.073  0.024  0.935  0.065  0.733  0.267
0  3.5  1.75  0.01  0.01  1.143901762356728  -0.135546658242714  0.5862579471627034  13.465780712275995  14.348451755256669  1.0  0.901  0.074  0.025  0.935  0.065  0.733  0.267
0  3.5  1.75  0.01  0.01  1.0060153865728312  -0.15878790199138135  0.6837424279998598  13.567929230838134  14.423528161188946  1.0  0.866  0.099  0.035  0.87  0.13  0.933  0.067
0  3.5  1.75  0.01  0.01  1.0600254789820176  -0.055808748079505754  0.4113437629193118  13.384649305840892  14.606286071316438  1.0  0.888  0.082  0.03  0.935  0.065  0.733  0.267
0  3.5  1.75  0.01  0.01  0.9605329691069132  0.15002677336356207  0.40214069977770917  13.495386353898686  14.352112931891936  1.0  0.879  0.086  0.035  0.913  0.087  0.8  0.2
0  3.5  1.75  0.01  0.01  1.040159974710767  0.19051712899176287  0.6317456255884931  13.499643790415247  14.345046802858771  1.0  0.901  0.071  0.029  0.913  0.087  0.8  0.2
0  3.5  1.75  0.01  0.01  1.091572366050734  -0.13331056647224965  0.5679383674864824  13.520220018803002  14.106778156180988  1.0  0.89  0.082  0.028  0.891  0.109  0.867  0.133
0  3.5  1.75  0.01  0.01  0.9587212211585668  -0.020675477614477467  0.4659109972357106  13.599330262146328  13.83284889897001  1.0  0.865  0.098  0.037  0.87  0.13  0.933  0.067
0  3.5  1.75  0.01  0.01  0.9202542529634881  0.14537072641033322  0.8192912786150754  16.18905850859725  13.55095254532723  1.0  0.868  0.093  0.039  0.87  0.13  0.933  0.067
0  3.5  1.75  0.01  0.01  1.0022918499219762  -0.15855359537889316  0.3874795324470384  13.581734100773007  13.932739520217812  1.0  0.865  0.099  0.035  0.891  0.109  0.867  0.133
0  3.5  1.75  0.01  0.01  1.0732168172658094  -0.015964173380186603  0.4777760557467362  13.358405057297576  14.63183542008529  1.0  0.894  0.078  0.028  0.913  0.087  0.8  0.2
0  3.5  1.75  0.01  0.01  0.9556714134451244  0.18838858107376577  0.5789970722130736  13.55531451768959  14.012969443833919  1.0  0.88  0.084  0.035  0.891  0.109  0.867  0.133
0  3.5  1.75  0.01  0.01  0.9854301360840537  -0.15939298094235746  0.6003564769136316  13.811555219646545  13.243763982544314  1.0  0.861  0.103  0.037  0.87  0.13  0.933  0.067
0  3.5  1.75  0.01  0.01  0.9539238984564223  0.0072028360524400425  0.4753824082942266  13.52501358206212  14.06266635495576  1.0  0.866  0.096  0.037  0.913  0.087  0.8  0.2
1  3.5  1.75  0.01  0.01  0.46837353718885666  -0.04126932231669067  0.7431411600196549  15.607065309509975  14.347396887123317  1.0  0.677  0.238  0.085  0.692  0.308  0.708  0.292
1  3.5  1.75  0.01  0.01  0.34067547404505144  0.13444304423511583  0.5281971495156313  14.524691495024374  14.24717774996032  1.0  0.638  0.268  0.094  0.67  0.33  0.792  0.208
1  3.5  1.75  0.01  0.01  0.4041261858150478  0.14571454336617456  0.9787219433288428  15.654704670194112  14.302358408981611  1.0  0.671  0.24  0.089  0.681  0.319  0.75  0.25
1  3.5  1.75  0.01  0.01  0.4527733747609897  -0.05893527645009772  0.6465068043484364  15.66732045922764  14.229833911002421  1.0  0.667  0.246  0.087  0.692  0.308  0.708  0.292
1  3.5  1.75  0.01  0.01  0.522920325858111  -0.19946839247787543  0.3866148256332148  14.396847525814097  14.64436352496111  1.0  0.682  0.236  0.082  0.714  0.286  0.625  0.375
1  3.5  1.75  0.01  0.01  0.43076190197690784  0.07990121417345691  0.8007079654701789  15.646141614666904  14.183669320137119  1.0  0.675  0.238  0.087  0.692  0.308  0.708  0.292
1  3.5  1.75  0.01  0.01  0.45004440591904316  -0.19428193111779027  0.7105127034551221  15.709135602368994  13.997759557448106  1.0  0.648  0.263  0.089  0.67  0.33  0.792  0.208
1  3.5  1.75  0.01  0.01  0.3604237608956092  0.1918719365964795  0.71703014229885  15.655148587650137  14.26783237351983  1.0  0.655  0.253  0.092  0.681  0.319  0.75  0.25
1  3.5  1.75  0.01  0.01  0.46354781011732094  -0.17958435942251594  0.8389625083895216  15.681611792581114  14.050309122471482  1.0  0.656  0.256  0.087  0.67  0.33  0.792  0.208
1  3.5  1.75  0.01  0.01  0.41113399577003107  0.07333399932258555  0.37210997828736836  14.444377273109566  14.490074174241167  1.0  0.664  0.247  0.089  0.703  0.297  0.667  0.333
1  3.5  1.75  0.01  0.01  0.49325084153291354  -0.1895432326482266  0.5520317557362066  14.535141269613595  14.285613587428003  1.0  0.669  0.246  0.085  0.692  0.308  0.708  0.292
1  3.5  1.75  0.01  0.01  0.3233092979386438  0.19664748036331808  0.4014997227496945  14.510717093639979  14.261704745493526  1.0  0.639  0.267  0.095  0.681  0.319  0.75  0.25
1  3.5  1.75  0.01  0.01  0.43917446412409894  0.006032945563243519  0.6388195416956512  14.76770519030672  14.23097053814528  1.0  0.67  0.243  0.087  0.692  0.308  0.708  0.292
1  3.5  1.75  0.01  0.01  0.3934845168899539  0.08109079221265769  0.5363410904314109  14.378903240570626  14.813246134932475  1.0  0.657  0.253  0.091  0.692  0.308  0.708  0.292
1  3.5  1.75  0.01  0.01  0.49113639440373075  -0.17020373335370778  0.3764439804696158  14.412332194824652  14.583131717566717  1.0  0.671  0.244  0.085  0.703  0.297  0.667  0.333
1  3.5  1.75  0.01  0.01  0.5239398785393311  -0.1601124050068072  0.9117689993860142  15.658302413503232  14.17166193153534  1.0  0.687  0.231  0.082  0.692  0.308  0.708  0.292
1  3.5  1.75  0.01  0.01  0.4659014518238273  -0.11079786518552237  0.423012831411296  14.467225148878008  14.334370812955742  1.0  0.667  0.247  0.086  0.703  0.297  0.667  0.333
1  3.5  1.75  0.01  0.01  0.4293579986903711  0.16897037969056222  0.39814451841732873  14.415802222268576  14.63147809481203  1.0  0.685  0.228  0.086  0.725  0.275  0.583  0.417
1  3.5  1.75  0.01  0.01  0.449886070239596  -0.042019558663322965  0.46685656895795424  14.486243779751765  14.286021652357482  1.0  0.668  0.245  0.087  0.703  0.297  0.667  0.333
1  3.5  1.75  0.01  0.01  0.5371636534632803  -0.19666701762794747  0.806047243485347  15.622462901107925  14.25198033302621  1.0  0.688  0.231  0.081  0.692  0.308  0.708  0.292
1  3.5  1.75  0.01  0.01  0.3866815920116855  0.15358583256402158  0.8562824642031059  15.626576120178193  14.269023524872907  1.0  0.663  0.247  0.09  0.681  0.319  0.75  0.25
1  3.5  1.75  0.01  0.01  0.3629429046562269  0.13045621138624613  0.6514585342040893  15.691994778124327  14.199810547766484  1.0  0.649  0.259  0.093  0.681  0.319  0.75  0.25
1  3.5  1.75  0.01  0.01  0.41885268950355564  -0.11478014119623743  0.5612155120803977  14.575230011913968  14.171402922131676  1.0  0.644  0.265  0.091  0.67  0.33  0.792  0.208
1  3.5  1.75  0.01  0.01  0.5314031223195057  -0.12928224338534794  0.7975237484140614  15.57803519038315  14.417760412557854  1.0  0.695  0.225  0.08  0.703  0.297  0.667  0.333
1  3.5  1.75  0.01  0.01  0.4308762681369626  -0.124828447727963  0.7934037217738925  15.733576470534345  13.856304315446144  1.0  0.648  0.262  0.09  0.67  0.33  0.792  0.208
1  3.5  1.75  0.01  0.01  0.42258078280348016  0.17036741098391284  0.4850789187099225  14.418295981101116  14.599708336515112  1.0  0.682  0.231  0.087  0.714  0.286  0.625  0.375
1  3.5  1.75  0.01  0.01  0.38690391189953494  0.18750760876282074  0.6962249800634915  15.616867833656386  14.43771931525527  1.0  0.668  0.242  0.09  0.692  0.308  0.708  0.292
1  3.5  1.75  0.01  0.01  0.4115581168080882  -0.0036304226226529512  0.439552184238234  14.489904741106237  14.262184259898737  1.0  0.655  0.255  0.09  0.692  0.308  0.708  0.292
1  3.5  1.75  0.01  0.01  0.3877992133602837  0.115222396661257  0.5936043468555428  14.631391744091541  14.0800015941076  1.0  0.659  0.25  0.091  0.692  0.308  0.708  0.292
1  3.5  1.75  0.01  0.01  0.3884460459932567  0.07814308430868389  0.7018727357074429  14.329082088617472  19.2736405974934  1.0  0.654  0.255  0.091  0.681  0.319  0.75  0.25
0  3.5  1.75  0.01  0.01  1.0037742435990762  -0.05996879386230888  0.5311471540012275  13.453334417026422  14.268319637382765  1.0  0.874  0.092  0.034  0.891  0.109  0.867  0.133
0  3.5  1.75  0.01  0.01  0.9730648203935869  -0.08810618679480756  0.5194380610280153  13.63556091045642  13.679013517811844  1.0  0.863  0.1  0.037  0.891  0.109  0.867  0.133
0  3.5  1.75  0.01  0.01  1.14185677837157  -0.1493921986893142  0.6718219986122328  13.696133467018084  13.983214583194476  1.0  0.9  0.075  0.025  0.913  0.087  0.8  0.2
0  3.5  1.75  0.01  0.01  0.8680151195241451  0.18051582882514045  0.5395777187771069  13.712702385907788  13.500839868263776  1.0  0.856  0.102  0.043  0.87  0.13  0.933  0.067
0  3.5  1.75  0.01  0.01  1.0098997608251135  -0.02683755829995657  0.5363956014851026  13.537508012009779  14.010636894894423  1.0  0.878  0.089  0.033  0.891  0.109  0.867  0.133
0  3.5  1.75  0.01  0.01  1.1035304780231343  -0.00395104805653107  0.8513683058052577  15.955404730913486  14.300729882231275  1.0  0.902  0.072  0.026  0.891  0.109  0.867  0.133
0  3.5  1.75  0.01  0.01  0.8953411318561276  -0.1674521750171777  0.3848931879894557  13.741982215475305  13.448380599806663  1.0  0.833  0.122  0.045  0.87  0.13  0.933  0.067
0  3.5  1.75  0.01  0.01  1.1445596298704956  -0.1650751226353298  0.41588634364441013  13.314663456602057  14.837150612399766  1.0  0.899  0.076  0.025  0.935  0.065  0.733  0.267
0  3.5  1.75  0.01  0.01  1.0795174133058631  0.18471727004908817  0.8877011235099146  13.355074191490738  22.3233709752658  1.0  0.908  0.066  0.026  0.891  0.109  0.867  0.133
0  3.5  1.75  0.01  0.01  1.0804516525125183  -0.18653885539596612  0.6569942224771386  13.805493180136528  13.516945633028374  1.0  0.883  0.087  0.03  0.891  0.109  0.867  0.133
0  3.5  1.75  0.01  0.01  0.9136991884990676  -0.041726693200193676  0.4191566879981459  13.667427849978676  13.655844834631928  1.0  0.85  0.108  0.042  0.87  0.13  0.933  0.067
0  3.5  1.75  0.01  0.01  0.9668813403679518  0.09174829757240738  0.5563483997720247  13.611057094640007  13.807944503144869  1.0  0.876  0.089  0.035  0.891  0.109  0.867  0.133
0  3.5  1.75  0.01  0.01  1.000754584248945  -0.03220858489341971  0.3755793907404809  13.43227300700029  14.485816336005167  1.0  0.875  0.091  0.034  0.913  0.087  0.8  0.2
0  3.5  1.75  0.01  0.01  1.158004905893313  0.05952905869812941  0.9355565612831371  13.426375680192988  22.28706529203608  1.0  0.917  0.061  0.022  0.891  0.109  0.867  0.133
0  3.5  1.75  0.01  0.01  1.1560014203049929  -0.19606389217371128  0.7933572560948181  16.14470850053744  13.707382239963978  1.0  0.9  0.076  0.024  0.891  0.109  0.867  0.133
0  3.5  1.75  0.01  0.01  1.031031911999849  -0.12148510148565528  0.38133427079771254  13.403382896477932  14.532256202841783  1.0  0.876  0.091  0.033  0.935  0.065  0.733  0.267
0  3.5  1.75  0.01  0.01  1.076623283181246  -0.15065596670601009  0.5937304474447952  13.598370065449071  13.908890454011903  1.0  0.885  0.085  0.029  0.891  0.109  0.867  0.133
0  3.5  1.75  0.01  0.01  1.0428771466844096  0.09668857188668117  0.7853189953986034  14.215060427352002  13.927728406257954  1.0  0.895  0.075  0.029  0.913  0.087  0.8  0.2
0  3.5  1.75  0.01  0.01  0.9227781852344792  0.04693496653698109  0.39919113356089475  13.625840362573532  13.856616618380484  1.0  0.861  0.1  0.04  0.891  0.109  0.867  0.133
0  3.5  1.75  0.01  0.01  1.0618290093826666  -0.1141781304997299  0.5775758465358556  13.61108789521483  13.826342699618767  1.0  0.885  0.085  0.03  0.891  0.109  0.867  0.133
0  3.5  1.75  0.01  0.01  0.8745453608675137  0.08697687569391677  0.4528850739629963  13.697589729027932  13.582835603266382  1.0  0.85  0.107  0.043  0.87  0.13  0.933  0.067
0  3.5  1.75  0.01  0.01  1.1190790199199772  0.07776217173494204  0.5882219283317814  13.34572868416012  14.76058756323578  1.0  0.91  0.065  0.024  0.935  0.065  0.733  0.267
0  3.5  1.75  0.01  0.01  1.2097667248800439  0.023154129224448816  0.9895867553536757  13.550707885499074  22.229185951355785  1.0  0.924  0.057  0.019  0.913  0.087  0.8  0.2
0  3.5  1.75  0.01  0.01  0.9741912377166456  -0.03433946553146733  0.6181823355314778  13.732633429902682  13.514290035861666  1.0  0.868  0.095  0.036  0.87  0.13  0.933  0.067
0  3.5  1.75  0.01  0.01  1.0175090189546236  -0.15605113159437886  0.8120012119312044  16.225455824206076  13.467867171649607  1.0  0.869  0.096  0.034  0.87  0.13  0.933  0.067
0  3.5  1.75  0.01  0.01  1.051104769084701  0.043344927229023084  0.6303252828215246  13.569683630415842  14.054694543708077  1.0  0.893  0.078  0.029  0.913  0.087  0.8  0.2
0  3.5  1.75  0.01  0.01  1.1594168479474622  -0.11709020325813446  0.5297549726925136  13.326377798121674  14.744164362435056  1.0  0.906  0.071  0.024  0.935  0.065  0.733  0.267
0  3.5  1.75  0.01  0.01  1.051699602108711  -0.1685630374398607  0.4352632984882153  13.517804984260732  14.093405613640472  1.0  0.877  0.091  0.032  0.891  0.109  0.867  0.133
0  3.5  1.75  0.01  0.01  0.9260987381806665  0.15598584826533274  0.38953804767570466  13.551972641028469  14.183923831888134  1.0  0.87  0.092  0.038  0.913  0.087  0.8  0.2
0  3.5  1.75  0.01  0.01  0.9735363541179801  0.1417660102598643  0.49531885551543947  13.530480098637529  14.104015346520827  1.0  0.881  0.084  0.034  0.913  0.087  0.8  0.2
1  3.5  1.75  0.01  0.01  0.3042835864518163  0.18201357044554584  0.8382887450215489  14.329242205929086  19.243845257197897  1.0  0.626  0.277  0.097  0.648  0.352  0.875  0.125
1  3.5  1.75  0.01  0.01  0.4139886348363673  -0.11023279044023276  0.5706381952662732  14.35818177528015  15.04981394943004  1.0  0.642  0.267  0.091  0.67  0.33  0.792  0.208
1  3.5  1.75  0.01  0.01  0.331820876485143  0.1584039670554273  0.7771409555748151  15.736074760301577  13.906751958262218  1.0  0.637  0.268  0.095  0.67  0.33  0.792  0.208
1  3.5  1.75  0.01  0.01  0.5074109310264164  -0.0797782467033834  0.6002181586272002  14.513410095547835  14.65341794612833  1.0  0.69  0.228  0.082  0.703  0.297  0.667  0.333
1  3.5  1.75  0.01  0.01  0.45180821031428553  0.011779543557987437  0.6568179311576665  15.652059174937198  14.29083454003029  1.0  0.676  0.238  0.086  0.703  0.297  0.667  0.333
1  3.5  1.75  0.01  0.01  0.49730212496548715  -0.0900959108992284  0.594507030487013  14.566943243563276  14.462159993984228  1.0  0.684  0.233  0.083  0.703  0.297  0.667  0.333
1  3.5  1.75  0.01  0.01  0.46816721059720345  -0.007925668895360116  0.8506926932625986  15.619215630065812  14.262766766168866  1.0  0.681  0.234  0.085  0.692  0.308  0.708  0.292
1  3.5  1.75  0.01  0.01  0.4037304569514818  0.034145037077089435  0.44204827069070696  14.48981392642454  14.258494925636981  1.0  0.655  0.254  0.09  0.692  0.308  0.708  0.292
1  3.5  1.75  0.01  0.01  0.5723890665684573  -0.06964631117879214  0.9422707253801434  14.25538067431305  19.53684086229161  1.0  0.721  0.204  0.076  0.714  0.286  0.625  0.375
1  3.5  1.75  0.01  0.01  0.4441532298739389  0.06314147059900871  0.3713797751485911  14.381593997301822  14.738331556695272  1.0  0.678  0.235  0.086  0.714  0.286  0.625  0.375
1  3.5  1.75  0.01  0.01  0.39821081857443813  0.07036748431559275  0.4305377134730517  14.439615898701696  14.462215494398706  1.0  0.658  0.252  0.09  0.692  0.308  0.708  0.292
1  3.5  1.75  0.01  0.01  0.5246342890516249  -0.16474544627264276  0.9653220337533566  15.697705000714388  14.130624857754945  1.0  0.688  0.231  0.081  0.692  0.308  0.708  0.292
1  3.5  1.75  0.01  0.01  0.506477837043999  -0.18108106138399688  0.8446399516728804  15.639297887044977  14.197554796445482  1.0  0.677  0.24  0.083  0.681  0.319  0.75  0.25
1  3.5  1.75  0.01  0.01  0.5212337253043511  -0.18741265096799575  0.9337048096101764  15.65342369136782  14.243905477396035  1.0  0.682  0.236  0.082  0.681  0.319  0.75  0.25
1  3.5  1.75  0.01  0.01  0.3948970279127714  -0.057837522832181465  0.5615444877105968  14.625305025530379  13.97470222980794  1.0  0.639  0.269  0.092  0.67  0.33  0.792  0.208
1  3.5  1.75  0.01  0.01  0.5287165232209712  0.049505101475902036  0.9354307371615015  15.499818797070008  14.80532508121118  1.0  0.716  0.206  0.078  0.714  0.286  0.625  0.375
1  3.5  1.75  0.01  0.01  0.6096188123094908  -0.1349634892949535  0.8649186423181587  14.125373096759711  19.97276683014245  1.0  0.73  0.198  0.073  0.725  0.275  0.583  0.417
1  3.5  1.75  0.01  0.01  0.41519183322538367  0.19732822236487352  0.5404811118465136  14.471955366955397  14.47454876535724  1.0  0.683  0.23  0.087  0.714  0.286  0.625  0.375
1  3.5  1.75  0.01  0.01  0.42126181515895483  -0.030883302521599154  0.3927066045401883  14.443827409376551  14.447765709732721  1.0  0.656  0.255  0.09  0.692  0.308  0.708  0.292
1  3.5  1.75  0.01  0.01  0.5001832127437761  -0.13513743431954342  0.9136947560355656  15.667466984612359  14.144687730356116  1.0  0.679  0.238  0.084  0.681  0.319  0.75  0.25
1  3.5  1.75  0.01  0.01  0.5322453506505613  -0.1876097493350355  0.9524966643423922  14.313538992525794  19.351381363279287  1.0  0.687  0.232  0.081  0.692  0.308  0.708  0.292
1  3.5  1.75  0.01  0.01  0.4222065276059189  0.13411608903239097  0.7340969601021603  14.20613640632056  19.715520900270764  1.0  0.677  0.236  0.087  0.692  0.308  0.708  0.292
1  3.5  1.75  0.01  0.01  0.4163499981738147  -0.051898290044347734  0.3693806811489033  14.496381902951471  14.27289518360684  1.0  0.651  0.259  0.09  0.692  0.308  0.708  0.292
1  3.5  1.75  0.01  0.01  0.4612649579686457  0.053346160242218776  0.7491371477402208  15.61451730383309  14.336136894367991  1.0  0.685  0.23  0.085  0.703  0.297  0.667  0.333
1  3.5  1.75  0.01  0.01  0.4958006485265398  -0.12695647624918355  0.8192926516864733  15.646068103189963  14.160662450060007  1.0  0.678  0.238  0.084  0.692  0.308  0.708  0.292
1  3.5  1.75  0.01  0.01  0.33252626210409647  0.04799493263590077  0.5200068932260729  14.59450205631981  13.969789479143465  1.0  0.623  0.281  0.096  0.659  0.341  0.833  0.167
1  3.5  1.75  0.01  0.01  0.4329379442222503  0.14373543123357674  0.8310573766007767  15.639166103287748  14.218339120349293  1.0  0.683  0.23  0.086  0.703  0.297  0.667  0.333
1  3.5  1.75  0.01  0.01  0.37403234204009517  -0.019480651874361765  0.3868154706053764  14.589183321835732  13.923555909809304  1.0  0.634  0.273  0.093  0.681  0.319  0.75  0.25
1  3.5  1.75  0.01  0.01  0.3932972940536351  0.11603680574042918  0.8818415724631591  15.690137036484176  14.032807851194326  1.0  0.662  0.248  0.09  0.681  0.319  0.75  0.25
1  3.5  1.75  0.01  0.01  0.5175315411897093  -0.05118847082637909  0.49012422793259763  14.387656681334365  14.695288130868647  1.0  0.698  0.221  0.081  0.725  0.275  0.583  0.417
0  3.5  1.75  0.01  0.01  0.9092338360884527  -0.03190157937411775  0.3603426931798417  13.661634895329588  13.76553698289088  1.0  0.85  0.108  0.042  0.87  0.13  0.933  0.067  True
0  3.5  1.75  0.01  0.01  0.870555149604232  0.12205927646301121  0.5005682435680061  13.70050236768727  13.531642329375227  1.0  0.851  0.105  0.043  0.87  0.13  0.933  0.067  True
0  3.5  1.75  0.01  0.01  0.9970408081755396  0.07948346120677571  0.5106463491949366  13.532469925724921  14.055182381769704  1.0  0.883  0.084  0.033  0.913  0.087  0.8  0.2  True
0  3.5  1.75  0.01  0.01  0.9264053428384266  0.13874979813121435  0.4702825228395136  13.588651839821114  13.9183754023059  1.0  0.869  0.093  0.038  0.891  0.109  0.867  0.133  True
0  3.5  1.75  0.01  0.01  1.225469495331332  -0.11177414374064132  0.8034822502335143  13.153482057241854  22.943634979662914  1.0  0.919  0.061  0.02  0.935  0.065  0.733  0.267  True
0  3.5  1.75  0.01  0.01  1.1497168656318895  -0.06937841995406593  0.7330977577898394  13.272135502407863  15.831333521126972  1.0  0.907  0.069  0.024  0.913  0.087  0.8  0.2  True
0  3.5  1.75  0.01  0.01  1.0410253540819046  -0.0430896019029241  0.520185509249167  13.493056363169433  14.146646969955402  1.0  0.885  0.084  0.031  0.913  0.087  0.8  0.2  True
0  3.5  1.75  0.01  0.01  1.0947704036714456  -0.10943947436332846  0.500497656173617  13.404196529304942  14.440379781652473  1.0  0.892  0.08  0.028  0.913  0.087  0.8  0.2  True
0  3.5  1.75  0.01  0.01  1.074242369907132  -0.024995601613729088  0.7636427878631405  13.400613936358965  15.905981268718278  1.0  0.894  0.078  0.028  0.891  0.109  0.867  0.133  True
0  3.5  1.75  0.01  0.01  0.9935943391260053  -0.18746575655804848  0.45044433411432583  13.617881238516091  13.737272449036556  1.0  0.86  0.103  0.036  0.87  0.13  0.933  0.067  True
0  3.5  1.75  0.01  0.01  1.0282057865702736  0.15051702731000322  0.7833554752302162  13.367933284446437  16.471158113788448  1.0  0.895  0.075  0.03  0.891  0.109  0.867  0.133  True
0  3.5  1.75  0.01  0.01  0.9749387867690842  0.022068311365520857  0.5203053988691024  13.550290833221824  13.959504464096906  1.0  0.873  0.092  0.036  0.891  0.109  0.867  0.133  True
0  3.5  1.75  0.01  0.01  0.962751144637364  0.00410749183247632  0.47011419879778155  13.615593395725169  13.777418913097964  1.0  0.868  0.095  0.037  0.891  0.109  0.867  0.133  True
0  3.5  1.75  0.01  0.01  1.103269896601533  0.019871439834237888  0.5001263507048719  13.3242000357758  14.77111879655549  1.0  0.903  0.071  0.026  0.935  0.065  0.733  0.267  True
0  3.5  1.75  0.01  0.01  0.98109161792114  0.043980654502813146  0.5203147706350101  13.514514898579268  14.078448105114914  1.0  0.876  0.089  0.035  0.891  0.109  0.867  0.133  True
0  3.5  1.75  0.01  0.01  0.8967824616666874  -0.2153249993281436  0.0003021952880117095  13.831758400610662  13.973494218278116  1.0  0.829  0.126  0.045  0.913  0.087  0.8  0.2  True
0  3.5  1.75  0.01  0.01  0.9164554960702609  -0.005458567748902272  0.4703674606274256  13.683340663530904  13.561407603179283  1.0  0.854  0.105  0.041  0.87  0.13  0.933  0.067  True
0  3.5  1.75  0.01  0.01  1.1494197594042397  -0.2850533490886173  0.5006971414155921  13.411454655242299  14.409212160338353  1.0  0.892  0.083  0.026  0.935  0.065  0.733  0.267  True
0  3.5  1.75  0.01  0.01  1.0650047093883104  -0.2952526948679277  0.2930117421053982  13.474225143118248  14.391620255034917  1.0  0.87  0.098  0.032  0.913  0.087  0.8  0.2  True
0  3.5  1.75  0.01  0.01  0.816014486709377  0.24744756937947576  0.5202226970477444  13.759663752112846  13.395556880360349  1.0  0.846  0.108  0.047  0.87  0.13  0.933  0.067  True
0  3.5  1.75  0.01  0.01  0.9773676498931076  -0.0777797792288609  0.4505105766200002  13.623267513031326  13.746332682058014  1.0  0.865  0.098  0.037  0.891  0.109  0.867  0.133  True
0  3.5  1.75  0.01  0.01  1.1127618895512432  -0.44498796241849004  0.4100915644226411  13.52050479766431  14.063125173405945  1.0  0.871  0.1  0.029  0.891  0.109  0.867  0.133  True
0  3.5  1.75  0.01  0.01  1.2700474414242566  -1.0828413538683628  5.953987714367768e-05  13.452400200028157  15.058079452309698  1.0  0.848  0.13  0.023  0.957  0.043  0.667  0.333  True
0  3.5  1.75  0.01  0.01  1.0638222710862588  -0.14545423376463484  0.4904402135938616  13.483162580395211  14.16329387004015  1.0  0.882  0.087  0.03  0.913  0.087  0.8  0.2  True
0  3.5  1.75  0.01  0.01  0.9722883760942473  -0.4093816968869477  9.066283838915571e-07  13.686196094158202  14.319194434638225  1.0  0.834  0.126  0.04  0.891  0.109  0.867  0.133  True
0  3.5  1.75  0.01  0.01  1.3782941020635382  -1.1047747464884812  0.5134941176601041  13.438304264220601  14.783601445363084  1.0  0.871  0.112  0.017  0.891  0.109  0.867  0.133  True
0  3.5  1.75  0.01  0.01  0.5024379219394419  0.6649946750988358  0.3870002683910869  13.776752718355688  14.076470598732502  1.0  0.775  0.155  0.07  0.87  0.13  0.933  0.067  True
0  3.5  1.75  0.01  0.01  1.0867212937231647  -0.5149991081459174  0.3900035586934011  13.495486040147485  14.144483524033076  1.0  0.858  0.11  0.032  0.87  0.13  0.933  0.067  True
0  3.5  1.75  0.01  0.01  0.9045550511457896  0.45494438705660956  0.5402048867158037  13.486101608103391  14.3794968146348  1.0  0.886  0.078  0.036  0.913  0.087  0.8  0.2  True
0  3.5  1.75  0.01  0.01  0.9013654279813357  0.16499822298156952  0.3330010750089136  13.472561914698975  14.535829247253332  1.0  0.864  0.096  0.04  0.891  0.109  0.867  0.133  True
1  3.5  1.75  0.01  0.01  0.42723919094720286  -0.12001052116485914  0.4235600958990792  14.488134718401565  14.258979344260064  1.0  0.647  0.263  0.09  0.681  0.319  0.75  0.25  True
1  3.5  1.75  0.01  0.01  0.3314115074195887  0.09670399893443771  0.42331047911342706  14.53811628719725  14.111228486295637  1.0  0.629  0.275  0.095  0.67  0.33  0.792  0.208  True
1  3.5  1.75  0.01  0.01  0.4352116415424533  -0.09008645001912605  0.4233430847981533  14.491251196032158  14.243595546610527  1.0  0.655  0.256  0.089  0.692  0.308  0.708  0.292  True
1  3.5  1.75  0.01  0.01  0.4771336393681995  -0.00860141298748954  0.7221996455507907  15.60175159710845  14.393310493118548  1.0  0.685  0.231  0.084  0.703  0.297  0.667  0.333  True
1  3.5  1.75  0.01  0.01  0.4136581563817625  0.15356492477017997  0.4134983841688707  14.431986857754879  14.527310746114486  1.0  0.676  0.237  0.088  0.714  0.286  0.625  0.375  True
1  3.5  1.75  0.01  0.01  0.40632815274658945  0.048557894369670396  0.4235486736662923  14.426745059035087  14.503891289181974  1.0  0.659  0.251  0.09  0.692  0.308  0.708  0.292  True
1  3.5  1.75  0.01  0.01  0.5121347105713429  -0.1542843597864231  0.39348300682061915  14.383364917754172  14.67867761407256  1.0  0.683  0.234  0.083  0.714  0.286  0.625  0.375  True
1  3.5  1.75  0.01  0.01  0.40303887027574165  0.05975947234901055  0.41346882501917537  14.423782762228086  14.523137726831388  1.0  0.659  0.251  0.09  0.692  0.308  0.708  0.292  True
1  3.5  1.75  0.01  0.01  0.4348576247722835  0.03301531971677035  0.7473067107951437  15.655773358065344  14.16997809651889  1.0  0.67  0.242  0.088  0.692  0.308  0.708  0.292  True
1  3.5  1.75  0.01  0.01  0.5154662379721336  -0.15878577948158817  0.45335130821275144  14.35381165168701  14.776948269145626  1.0  0.683  0.234  0.082  0.703  0.297  0.667  0.333  True
1  3.5  1.75  0.01  0.01  0.35604274772278083  0.14178916342419462  0.3935250571102143  14.417780731031753  14.588935637439453  1.0  0.647  0.26  0.093  0.681  0.319  0.75  0.25  True
1  3.5  1.75  0.01  0.01  0.381732183307643  0.12037283601667804  0.4234631284036302  14.438880208638588  14.475982438592126  1.0  0.656  0.253  0.091  0.692  0.308  0.708  0.292  True
1  3.5  1.75  0.01  0.01  0.48225879214931505  -0.03345490947773752  0.423630234563395  14.363773459023678  14.744238019865284  1.0  0.685  0.231  0.084  0.714  0.286  0.625  0.375  True
1  3.5  1.75  0.01  0.01  0.4506562985646232  -0.20986774289696594  0.39358022163630807  14.48420182653804  14.291006087818175  1.0  0.646  0.265  0.089  0.681  0.319  0.75  0.25  True
1  3.5  1.75  0.01  0.01  0.3437998281538649  0.2535723985793943  0.43324046196633564  14.444299201253989  14.499697298446463  1.0  0.655  0.252  0.092  0.692  0.308  0.708  0.292  True
1  3.5  1.75  0.01  0.01  0.5341838500798951  -0.200154186988084  0.7777104082698585  15.59699895531584  14.355077890940132  1.0  0.687  0.232  0.081  0.692  0.308  0.708  0.292  True
1  3.5  1.75  0.01  0.01  0.49540080966806  -0.046799598151372745  0.4139160286964556  14.334939945194149  14.860905745322933  1.0  0.688  0.229  0.083  0.714  0.286  0.625  0.375  True
1  3.5  1.75  0.01  0.01  0.3625875961421622  0.10997796364774623  0.44326697816082006  14.459094237547744  14.391615837829946  1.0  0.646  0.261  0.093  0.681  0.319  0.75  0.25  True
1  3.5  1.75  0.01  0.01  0.3606488790509226  0.184999516321513  0.4230062569584378  14.521443685644918  14.183806695152967  1.0  0.654  0.254  0.092  0.681  0.319  0.75  0.25  True
1  3.5  1.75  0.01  0.01  0.4651588799436983  0.2006350458587275  0.8866266560311948  14.18670647189612  19.7622675280745  1.0  0.706  0.212  0.082  0.714  0.286  0.625  0.375  True
1  3.5  1.75  0.01  0.01  0.47671817347670276  -0.2577724806285816  0.38336944642404  14.506317330333822  14.21608367158092  1.0  0.652  0.261  0.087  0.692  0.308  0.708  0.292  True
1  3.5  1.75  0.01  0.01  0.49370963439463667  -0.02874053535941038  0.4134282445886175  14.305807144433494  14.97633960387938  1.0  0.69  0.227  0.083  0.714  0.286  0.625  0.375  True
1  3.5  1.75  0.01  0.01  0.4573148313529246  -0.10500871793328954  0.007000293510303658  14.477852353513372  15.08518211605994  1.0  0.663  0.25  0.087  0.725  0.275  0.583  0.417  True
1  3.5  1.75  0.01  0.01  0.43525688374612315  0.02172918816898367  0.8372884074847533  15.609438296157899  14.3019778769057  1.0  0.669  0.243  0.088  0.681  0.319  0.75  0.25  True
1  3.5  1.75  0.01  0.01  0.4142981156052846  0.1749986083957929  0.41300424558113413  14.444313166546111  14.491074666588778  1.0  0.678  0.234  0.088  0.714  0.286  0.625  0.375  True
1  3.5  1.75  0.01  0.01  0.36013316108122284  0.005612589439281671  0.42327620546622785  14.513406815069402  14.184582106057961  1.0  0.631  0.275  0.094  0.67  0.33  0.792  0.208  True
1  3.5  1.75  0.01  0.01  0.01714907452475569  0.10500023348571771  0.4039999557070712  14.604361702669596  14.553362932919422  1.0  0.47  0.421  0.11  0.703  0.297  0.667  0.333  True
1  3.5  1.75  0.01  0.01  0.46520576575078965  -0.11452571770993458  0.4132399567636111  14.461168442247322  14.36081953140429  1.0  0.666  0.247  0.087  0.703  0.297  0.667  0.333  True
1  3.5  1.75  0.01  0.01  0.4925626460058561  -0.09499671465503093  0.7770670453606622  15.63525829700889  14.20725092569821  1.0  0.682  0.234  0.084  0.703  0.297  0.667  0.333  True
1  3.5  1.75  0.01  0.01  0.30589905287959535  0.37273634817663515  0.7770006126429698  15.685888908950458  14.191963023854134  1.0  0.653  0.254  0.094  0.692  0.308  0.708  0.292  True
