0  3.5  1.75  0.01  0.01  0.37447816912959386  -0.16354109827736135  0.5804649562697659  14.381773556961972  14.381773556961972  1.0  0.615  0.29  0.095  0.684  0.316  0.684  0.316  True
0  3.5  1.75  0.01  0.01  0.2854944479770281  0.025175908961158754  0.570542545751845  14.287166864699904  14.287166864699904  1.0  0.596  0.304  0.1  0.667  0.333  0.667  0.333  True
0  3.5  1.75  0.01  0.01  0.29926965548986484  0.06054723343767586  0.42068349455978227  14.307502576916555  14.307502576916555  1.0  0.608  0.294  0.098  0.684  0.316  0.684  0.316  True
0  3.5  1.75  0.01  0.01  0.29446317288945223  0.07814875779606692  0.4104638365764605  14.304272743721429  14.304272743721429  1.0  0.608  0.294  0.098  0.684  0.316  0.684  0.316  True
0  3.5  1.75  0.01  0.01  0.35898440294153133  -0.08198104173403442  0.9275633429425435  14.30517390058987  14.30517390058987  1.0  0.618  0.286  0.095  0.675  0.325  0.675  0.325  True
0  3.5  1.75  0.01  0.01  0.30578980090758917  -0.05973253394403502  0.5004939078382004  14.306506580651593  14.306506580651593  1.0  0.594  0.307  0.099  0.667  0.333  0.667  0.333  True
0  3.5  1.75  0.01  0.01  0.4268858375254472  -0.17237876279131192  0.8223276332286488  14.21268408713767  14.21268408713767  1.0  0.64  0.27  0.091  0.702  0.298  0.702  0.298  True
0  3.5  1.75  0.01  0.01  0.28521928919794826  0.06594238620731392  0.46090068102317927  14.299854256391432  14.299854256391432  1.0  0.602  0.299  0.099  0.675  0.325  0.675  0.325  True
0  3.5  1.75  0.01  0.01  0.31976372882589976  -0.00028439704644807914  0.4402029977342645  14.289730488292925  14.289730488292925  1.0  0.61  0.293  0.097  0.684  0.316  0.684  0.316  True
0  3.5  1.75  0.01  0.01  0.35610766407588457  -0.17454346488857897  0.5207736235485332  14.268635604086853  14.268635604086853  1.0  0.605  0.299  0.096  0.675  0.325  0.675  0.325  True
0  3.5  1.75  0.01  0.01  0.30739117180457587  0.02823522488065532  0.4505119763160705  14.321834764173605  14.321834764173605  1.0  0.608  0.294  0.098  0.684  0.316  0.684  0.316  True
0  3.5  1.75  0.01  0.01  0.3364905208804072  -0.06499857795847858  0.43004811701159695  14.306907190193078  14.306907190193078  1.0  0.61  0.293  0.097  0.684  0.316  0.684  0.316  True
0  3.5  1.75  0.01  0.01  0.28065432519822187  0.08875544573213484  0.8085704851791912  14.239686146340508  14.239686146340508  1.0  0.602  0.298  0.099  0.667  0.333  0.667  0.333  True
0  3.5  1.75  0.01  0.01  0.2619340486520261  0.2732842369342401  0.8329480990377496  14.224839740813815  14.224839740813815  1.0  0.618  0.284  0.098  0.684  0.316  0.684  0.316  True
0  3.5  1.75  0.01  0.01  0.23544421024592477  0.17166621365829304  0.4001680230256496  14.323852850903547  14.323852850903547  1.0  0.59  0.308  0.101  0.667  0.333  0.667  0.333  True
0  3.5  1.75  0.01  0.01  0.3359723426185208  -0.08977337467007895  0.5201335326197939  14.244090309043903  14.244090309043903  1.0  0.605  0.297  0.097  0.675  0.325  0.675  0.325  True
0  3.5  1.75  0.01  0.01  0.33089768848102075  0.06145817896740698  0.6192419763150828  14.351627050076669  14.351627050076669  1.0  0.623  0.281  0.096  0.693  0.307  0.693  0.307  True
0  3.5  1.75  0.01  0.01  0.36172498048145596  0.05570479168510193  0.8028135899591389  14.172432137463566  14.172432137463566  1.0  0.639  0.268  0.094  0.702  0.298  0.702  0.298  True
0  3.5  1.75  0.01  0.01  0.3244296345570137  0.011089923298346236  0.4180008568087105  14.25214046857241  14.25214046857241  1.0  0.613  0.29  0.097  0.702  0.298  0.702  0.298  True
0  3.5  1.75  0.01  0.01  0.28032756647190327  0.344419244540824  0.8827850286973218  14.220741735336732  14.220741735336732  1.0  0.636  0.268  0.096  0.702  0.298  0.702  0.298  True
0  3.5  1.75  0.01  0.01  0.2472526310395452  0.1250033968365048  0.5701943814021411  14.298842108579985  14.298842108579985  1.0  0.591  0.308  0.101  0.658  0.342  0.658  0.342  True
0  3.5  1.75  0.01  0.01  0.3234929339237218  0.02897891344828525  0.9026675512254684  14.267391737118835  14.267391737118835  1.0  0.616  0.288  0.097  0.675  0.325  0.675  0.325  True
0  3.5  1.75  0.01  0.01  0.32001924207418214  0.1381279663305845  0.5509646532094  14.22248604543752  14.22248604543752  1.0  0.629  0.275  0.096  0.702  0.298  0.702  0.298  True
0  3.5  1.75  0.01  0.01  0.32533309155905266  -0.033455722961726976  0.4502034276570757  14.326674768384116  14.326674768384116  1.0  0.608  0.294  0.097  0.684  0.316  0.684  0.316  True
0  3.5  1.75  0.01  0.01  0.2880180870261568  -6.72009371555857e-05  0.5505620298475985  14.31633816812051  14.31633816812051  1.0  0.594  0.307  0.1  0.667  0.333  0.667  0.333  True
0  3.5  1.75  0.01  0.01  0.1714003708248537  0.3149976093514337  0.570995583468228  14.332528533932603  14.332528533932603  1.0  0.578  0.319  0.103  0.675  0.325  0.675  0.325  True
0  3.5  1.75  0.01  0.01  0.24468021177179283  -0.016163371689029593  0.520911456669557  14.36122421095515  14.36122421095515  1.0  0.569  0.329  0.103  0.64  0.36  0.64  0.36  True
0  3.5  1.75  0.01  0.01  0.15768652817478512  0.3649979574780613  0.5209846664233309  14.28920364034217  14.28920364034217  1.0  0.578  0.319  0.103  0.693  0.307  0.693  0.307  True
0  3.5  1.75  0.01  0.01  0.32871113986007616  0.1848891777711963  0.5502992124323024  14.182956933307716  14.182956933307716  1.0  0.639  0.267  0.095  0.711  0.289  0.711  0.289  True
0  3.5  1.75  0.01  0.01  0.2565762039478846  0.1966421599126642  0.6103697507737834  14.274872107454176  14.274872107454176  1.0  0.605  0.295  0.1  0.675  0.325  0.675  0.325  True
1  3.5  1.75  0.01  0.01  0.6983266092477115  -0.03790133435171145  0.7540738554160737  13.67168532388241  13.67168532388241  1.0  0.776  0.161  0.062  0.833  0.167  0.833  0.167  True
1  3.5  1.75  0.01  0.01  0.6751331051108841  -0.12058370802189719  0.453633957576929  13.894411774337652  13.894411774337652  1.0  0.758  0.176  0.066  0.842  0.158  0.842  0.158  True
1  3.5  1.75  0.01  0.01  0.7028677438988093  -0.0020866179764103855  0.9325017755907257  13.718234859738718  13.718234859738718  1.0  0.782  0.156  0.061  0.833  0.167  0.833  0.167  True
1  3.5  1.75  0.01  0.01  0.5627732985960193  0.1735133898118118  0.4836831276400823  13.917051381801416  13.917051381801416  1.0  0.745  0.182  0.073  0.825  0.175  0.825  0.175  True
1  3.5  1.75  0.01  0.01  0.7605299902126914  -0.04638779024849179  0.9426364882089846  13.634306345756062  13.634306345756062  1.0  0.799  0.145  0.056  0.842  0.158  0.842  0.158  True
1  3.5  1.75  0.01  0.01  0.6279342766013472  0.12347530757647227  0.4633244084667614  13.852289412284495  13.852289412284495  1.0  0.766  0.167  0.067  0.85  0.15  0.85  0.15  True
1  3.5  1.75  0.01  0.01  0.7874046761020764  -0.01929114064792002  0.9626091214510645  13.609957319223962  13.609957319223962  1.0  0.811  0.135  0.053  0.858  0.142  0.858  0.142  True
1  3.5  1.75  0.01  0.01  0.9172120421720253  -0.5049962991946417  0.8670090815448186  13.631027992361918  13.631027992361918  1.0  0.807  0.147  0.046  0.858  0.142  0.858  0.142  True
1  3.5  1.75  0.01  0.01  0.7210874880618157  -0.2742621596021807  0.36308146095093663  13.851062679197035  13.851062679197035  1.0  0.759  0.178  0.063  0.842  0.158  0.842  0.158  True
1  3.5  1.75  0.01  0.01  0.6790507988013925  -0.16305609947517274  0.4635216348175473  13.926654610993005  13.926654610993005  1.0  0.755  0.179  0.066  0.842  0.158  0.842  0.158  True
1  3.5  1.75  0.01  0.01  0.733891684748682  0.04816857021339052  0.9624980053626623  13.606464453823127  13.606464453823127  1.0  0.799  0.143  0.058  0.833  0.167  0.833  0.167  True
1  3.5  1.75  0.01  0.01  0.7428458359180441  -0.2781139943909643  0.4336235755943009  13.822848641967441  13.822848641967441  1.0  0.767  0.172  0.061  0.842  0.158  0.842  0.158  True
1  3.5  1.75  0.01  0.01  0.6696445367730887  0.28075292901506477  1.0022483141357874  13.58247989272835  13.58247989272835  1.0  0.799  0.141  0.06  0.842  0.158  0.842  0.158  True
1  3.5  1.75  0.01  0.01  0.7330253364200103  -0.06371572725820274  0.9229573155326375  13.687557923726631  13.687557923726631  1.0  0.787  0.153  0.059  0.833  0.167  0.833  0.167  True
1  3.5  1.75  0.01  0.01  0.949562746022135  -0.5940820624130021  0.7927327262400904  13.652086426241162  13.652086426241162  1.0  0.808  0.148  0.044  0.85  0.15  0.85  0.15  True
1  3.5  1.75  0.01  0.01  0.6137295309701344  0.038169868171585034  0.4832689073029038  13.874707137424389  13.874707137424389  1.0  0.751  0.179  0.07  0.825  0.175  0.825  0.175  True
1  3.5  1.75  0.01  0.01  0.7323444533792862  -0.05683485568531052  0.8003986197428756  13.644685071791693  13.644685071791693  1.0  0.787  0.154  0.059  0.842  0.158  0.842  0.158  True
1  3.5  1.75  0.01  0.01  0.6788770839612602  -0.0203958375058773  0.5136586896459117  13.89492935931434  13.89492935931434  1.0  0.771  0.165  0.064  0.858  0.142  0.858  0.142  True
1  3.5  1.75  0.01  0.01  0.8147888203246172  -0.31499873900101705  0.8820013794595998  13.722027641747138  13.722027641747138  1.0  0.791  0.155  0.054  0.842  0.158  0.842  0.158  True
1  3.5  1.75  0.01  0.01  0.6688261668674289  -0.1375397840531721  0.47379278064948493  13.908047016011775  13.908047016011775  1.0  0.753  0.18  0.067  0.833  0.167  0.833  0.167  True
1  3.5  1.75  0.01  0.01  0.5540130281146056  0.22207625937834452  0.4739856862810889  13.940854745756997  13.940854745756997  1.0  0.747  0.18  0.073  0.833  0.167  0.833  0.167  True
1  3.5  1.75  0.01  0.01  0.6922284930227254  -0.09969512557094924  0.782695704068933  13.737871515309802  13.737871515309802  1.0  0.767  0.169  0.064  0.825  0.175  0.825  0.175  True
1  3.5  1.75  0.01  0.01  0.676363932274983  -0.03568870211406912  0.46322659355364815  13.847961749076871  13.847961749076871  1.0  0.768  0.168  0.065  0.85  0.15  0.85  0.15  True
1  3.5  1.75  0.01  0.01  0.14174914594156152  1.3349979075980527  1.420006769019947  13.63371400816299  13.63371400816299  1.0  0.707  0.209  0.084  0.85  0.15  0.85  0.15  True
1  3.5  1.75  0.01  0.01  0.48198041478929887  0.6949999820908955  1.0720100191317536  13.626874354502307  13.626874354502307  1.0  0.77  0.158  0.071  0.833  0.167  0.833  0.167  True
1  3.5  1.75  0.01  0.01  0.8836724265282173  -0.31435563359707575  0.8161843574624248  13.564352277885849  13.564352277885849  1.0  0.815  0.137  0.047  0.858  0.142  0.858  0.142  True
1  3.5  1.75  0.01  0.01  0.6395629874892671  0.0347031398021211  0.4937615534083486  13.881660019691587  13.881660019691587  1.0  0.761  0.172  0.067  0.842  0.158  0.842  0.158  True
1  3.5  1.75  0.01  0.01  0.7922701596360677  -0.4933152968871871  0.35388334074143746  13.860833741522102  13.860833741522102  1.0  0.762  0.18  0.058  0.85  0.15  0.85  0.15  True
1  3.5  1.75  0.01  0.01  0.6996300096901309  0.026235655473224925  0.9723392611900168  13.696159830806758  13.696159830806758  1.0  0.784  0.154  0.061  0.833  0.167  0.833  0.167  True
1  3.5  1.75  0.01  0.01  0.03599391318377105  0.8349930438716735  0.4902536578263231  14.136960087522857  14.136960087522857  1.0  0.585  0.314  0.101  0.842  0.158  0.842  0.158  True
