0  5  2.25  0.01  0.01  0.8235343644265936  -0.08591642486814732  2.12221275158052  14.282733065605518  15.414918757227635  1.0  0.82  0.168  0.012  0.754  0.246  0.85  0.15  True
0  5  2.25  0.01  0.01  0.6442955284557067  0.1819750832866644  1.7694681940353068  14.491820820666483  14.092567478457989  1.0  0.782  0.201  0.017  0.739  0.261  0.9  0.1  True
0  5  2.25  0.01  0.01  0.7709806956399907  0.14024776552261742  1.8096636642391701  14.402069669893427  14.311253540126653  1.0  0.82  0.167  0.013  0.783  0.217  0.75  0.25  True
0  5  2.25  0.01  0.01  0.797473771857369  0.23193643348609239  2.305816842984458  14.217898352760551  20.60506387584544  1.0  0.834  0.154  0.012  0.768  0.232  0.8  0.2  True
0  5  2.25  0.01  0.01  0.7109836149962483  0.08499931016557169  1.8599187728745792  14.484521842362907  13.969273929515865  1.0  0.797  0.188  0.015  0.754  0.246  0.85  0.15  True
0  5  2.25  0.01  0.01  0.7313646664449782  0.20480245774766265  1.8294643424858599  14.421998191829553  14.287392774425504  1.0  0.812  0.174  0.014  0.768  0.232  0.8  0.2  True
0  5  2.25  0.01  0.01  0.8067196189413918  -0.07519995731445486  1.849827393017247  14.357890503312268  14.26025587750541  1.0  0.816  0.172  0.013  0.768  0.232  0.8  0.2  True
0  5  2.25  0.01  0.01  0.811663013728704  -0.08644021967200874  1.8192791037655858  14.373712873169904  14.209595587867337  1.0  0.816  0.171  0.012  0.768  0.232  0.8  0.2  True
0  5  2.25  0.01  0.01  0.7938391827009359  0.03128873154566664  1.7994613576233558  14.340928935245266  14.4321705815134  1.0  0.819  0.168  0.013  0.768  0.232  0.8  0.2  True
0  5  2.25  0.01  0.01  0.9182182658674063  -0.4085566348018604  1.839628398671641  14.301537392207182  14.228456422976384  1.0  0.825  0.165  0.01  0.768  0.232  0.8  0.2  True
0  5  2.25  0.01  0.01  0.7208449712150875  0.05170534539979174  1.8094018222244028  14.445617125208646  14.091905384054328  1.0  0.798  0.187  0.015  0.754  0.246  0.85  0.15  True
0  5  2.25  0.01  0.01  0.9743743343550944  -0.4650007597790877  1.8290190425723305  14.267733131603176  14.319699123877422  1.0  0.836  0.155  0.009  0.783  0.217  0.75  0.25  True
0  5  2.25  0.01  0.01  0.6939649405638245  0.12156518197591734  1.8097029871723562  14.489340791290012  14.004797420239347  1.0  0.794  0.19  0.015  0.754  0.246  0.85  0.15  True
0  5  2.25  0.01  0.01  1.0822889741938275  -1.4849924308763849  1.9194867242814804  14.34860758179982  13.84189776880569  1.0  0.783  0.209  0.007  0.725  0.275  0.95  0.05  True
0  5  2.25  0.01  0.01  0.7716074235243338  0.05481213699689638  2.102184152542394  14.332144575778438  15.17785187485742  1.0  0.814  0.173  0.013  0.754  0.246  0.85  0.15  True
0  5  2.25  0.01  0.01  -0.09843631745274428  0.2050008422464587  1.7699887715495748  14.860411545923576  14.920631743398896  1.0  0.459  0.511  0.03  0.768  0.232  0.8  0.2  True
0  5  2.25  0.01  0.01  0.6900855726162447  0.04347709004692653  1.7893626610303681  14.450706177502445  14.093170831180066  1.0  0.787  0.197  0.016  0.739  0.261  0.9  0.1  True
0  5  2.25  0.01  0.01  0.6927606568796174  0.01870993990017142  1.809443520357836  14.477399988974193  13.974378402288783  1.0  0.787  0.198  0.016  0.739  0.261  0.9  0.1  True
0  5  2.25  0.01  0.01  1.199914564704657  -1.2052425846090533  1.8793693889302576  14.187189055714573  14.318852607900997  1.0  0.837  0.157  0.005  0.783  0.217  0.75  0.25  True
0  5  2.25  0.01  0.01  0.8205874261292188  -0.006255101016448874  1.8094341571203014  14.354328900512225  14.347377089477552  1.0  0.825  0.163  0.012  0.783  0.217  0.75  0.25  True
0  5  2.25  0.01  0.01  1.0035473509653479  -0.6004842862241281  1.8594852162708548  14.265790414389693  14.242282636419281  1.0  0.834  0.157  0.008  0.783  0.217  0.75  0.25  True
0  5  2.25  0.01  0.01  0.803820843097715  -0.08711951129667153  1.8291040185907217  14.386555765526927  14.16116187880074  1.0  0.814  0.173  0.013  0.768  0.232  0.8  0.2  True
0  5  2.25  0.01  0.01  1.1237496532410338  -0.9280450486970393  2.0220841341796816  14.186586469960767  14.548052107738283  1.0  0.841  0.153  0.006  0.768  0.232  0.8  0.2  True
0  5  2.25  0.01  0.01  0.9053383954989811  -0.29062478994717394  2.052655632749517  14.27227719075614  14.734525294485966  1.0  0.83  0.16  0.01  0.768  0.232  0.8  0.2  True
0  5  2.25  0.01  0.01  1.1438774109769247  -1.3393801332966064  1.8390416402479604  14.302118981926153  13.930536332192338  1.0  0.813  0.181  0.006  0.754  0.246  0.85  0.15  True
0  5  2.25  0.01  0.01  0.6717426514801439  -0.21500083280248358  1.8060911600578462  14.40791071333127  14.11306888328921  1.0  0.76  0.223  0.017  0.754  0.246  0.85  0.15  True
0  5  2.25  0.01  0.01  0.43655353631520266  -1.2049991932350186  1.922204215185331  14.569854482725582  14.632332303056899  1.0  0.569  0.407  0.024  0.783  0.217  0.75  0.25  True
0  5  2.25  0.01  0.01  1.0294595370352928  -0.6850011928351227  1.8595980171511293  14.30572036244171  14.062462209511077  1.0  0.835  0.157  0.008  0.768  0.232  0.8  0.2  True
0  5  2.25  0.01  0.01  0.1330057439807973  0.5649944481766751  1.7999987139595517  14.701920544556101  14.474351005179718  1.0  0.603  0.368  0.029  0.768  0.232  0.8  0.2  True
0  5  2.25  0.01  0.01  0.7915364382425965  -0.23008348924330602  1.8499300409831425  14.43932622940619  13.885405821073551  1.0  0.8  0.187  0.013  0.754  0.246  0.85  0.15  True
1  5  2.25  0.01  0.01  0.504211484129313  0.2437457468679985  0.8310377461686673  14.910360114501517  14.936379544378296  1.0  0.735  0.244  0.021  0.75  0.25  0.737  0.263  True
1  5  2.25  0.01  0.01  0.6867000565624678  -0.201100448759491  0.8676247996444091  14.735051422830102  15.3377527146988  1.0  0.767  0.216  0.016  0.779  0.221  0.632  0.368  True
1  5  2.25  0.01  0.01  0.6537149827622941  0.18667511083191834  1.8284413004038582  14.523915264186718  14.75512649036749  1.0  0.786  0.197  0.016  0.75  0.25  0.737  0.263  True
1  5  2.25  0.01  0.01  0.7485006076459433  -0.03347750722037282  1.82853422967775  14.496917362420932  14.939514101285283  1.0  0.801  0.185  0.014  0.765  0.235  0.684  0.316  True
1  5  2.25  0.01  0.01  0.8107700533489206  -0.2098478013855219  1.7484041318411367  14.47380941506205  15.010466623093937  1.0  0.808  0.18  0.013  0.765  0.235  0.684  0.316  True
1  5  2.25  0.01  0.01  0.5311020666869222  0.2512513258132111  0.9760030095081004  14.780486043810734  15.068063411416386  1.0  0.746  0.233  0.02  0.75  0.25  0.737  0.263  True
1  5  2.25  0.01  0.01  0.7267534268690448  0.20258021855846942  1.718192804709214  14.467417256679406  14.936222390632315  1.0  0.811  0.175  0.014  0.779  0.221  0.632  0.368  True
1  5  2.25  0.01  0.01  0.7235772123027203  -0.05911277948830246  1.7385015267316106  14.51072488314338  14.80736680845833  1.0  0.791  0.194  0.015  0.75  0.25  0.737  0.263  True
1  5  2.25  0.01  0.01  0.7870168666959467  -0.00420165830564267  1.6586419089154223  14.456766370449929  15.031243465082621  1.0  0.815  0.172  0.013  0.779  0.221  0.632  0.368  True
1  5  2.25  0.01  0.01  0.8411124042798439  -0.2746990686376297  1.6287170760289331  14.491846398600966  14.964908735736104  1.0  0.812  0.176  0.012  0.779  0.221  0.632  0.368  True
1  5  2.25  0.01  0.01  0.6096397329738776  0.16502607437506286  1.7485735924980987  14.586032666715154  14.48836794619436  1.0  0.769  0.213  0.018  0.735  0.265  0.789  0.211  True
1  5  2.25  0.01  0.01  0.8443736453725548  -0.2449984372884178  1.6180443805259577  14.472455232846945  15.039748961841632  1.0  0.816  0.173  0.012  0.779  0.221  0.632  0.368  True
1  5  2.25  0.01  0.01  0.8941227835218075  -0.6325185747697053  1.6381183523321083  14.517357657393811  14.990283232825911  1.0  0.801  0.188  0.011  0.765  0.235  0.684  0.316  True
1  5  2.25  0.01  0.01  0.7747074956479834  -0.20449399787377004  1.6683237337929842  14.474727940144012  14.972084999901902  1.0  0.797  0.189  0.014  0.75  0.25  0.737  0.263  True
1  5  2.25  0.01  0.01  0.6715921142017323  0.2661833945075168  1.6988818095924807  14.500767198367534  14.802270059545496  1.0  0.798  0.186  0.016  0.765  0.235  0.684  0.316  True
1  5  2.25  0.01  0.01  0.7264307178449121  0.2090876942698086  1.698537492484039  14.46799608619089  14.94350829753012  1.0  0.811  0.174  0.014  0.779  0.221  0.632  0.368  True
1  5  2.25  0.01  0.01  0.7281907421259851  -0.10883183531009263  1.638568641908492  14.56088068051385  14.646668094147048  1.0  0.789  0.197  0.015  0.75  0.25  0.737  0.263  True
1  5  2.25  0.01  0.01  0.7798749229430726  -0.4076646670202485  1.7085487725967283  14.558087061263407  14.758460965556472  1.0  0.782  0.204  0.014  0.735  0.265  0.789  0.211  True
1  5  2.25  0.01  0.01  0.7888262761650933  -0.1847989429527337  1.6782100991229358  14.486257053612459  14.930634295764225  1.0  0.803  0.184  0.013  0.765  0.235  0.684  0.316  True
1  5  2.25  0.01  0.01  0.751465455531173  0.029235393206566637  1.658673022538276  14.515579960365985  14.798681732901471  1.0  0.806  0.18  0.014  0.779  0.221  0.632  0.368  True
1  5  2.25  0.01  0.01  0.731521851848017  -0.1245460671276377  1.7783390879128378  14.536215916767027  14.765540327596556  1.0  0.789  0.196  0.015  0.75  0.25  0.737  0.263  True
1  5  2.25  0.01  0.01  0.657766475543073  0.16224911410823806  1.7681665266274704  14.529419069604764  14.694753649311835  1.0  0.785  0.198  0.016  0.75  0.25  0.737  0.263  True
1  5  2.25  0.01  0.01  0.7759901775202124  -0.6249472549248212  1.648043689539773  14.646705906627481  14.529997901451823  1.0  0.764  0.222  0.014  0.721  0.279  0.842  0.158  True
1  5  2.25  0.01  0.01  0.8262253701895073  -0.13481843991702328  1.648457494312065  14.444016215723304  15.108879584229692  1.0  0.818  0.17  0.012  0.779  0.221  0.632  0.368  True
1  5  2.25  0.01  0.01  0.17136691994839337  0.18500030688660415  1.7989939339594945  14.65388108696665  14.983340986585999  1.0  0.585  0.385  0.029  0.75  0.25  0.737  0.263  True
1  5  2.25  0.01  0.01  0.826494688120974  -0.3449978294030147  1.6175022259108753  14.557289448637704  14.736884684597346  1.0  0.803  0.185  0.012  0.765  0.235  0.684  0.316  True
1  5  2.25  0.01  0.01  0.4788534870452196  0.48249807013367874  1.7183917128032502  14.637219790760708  14.31193580395343  1.0  0.745  0.234  0.021  0.721  0.279  0.842  0.158  True
1  5  2.25  0.01  0.01  0.7363446022749741  0.25412410147157394  1.8682900989654834  14.406667702125414  15.24591560117876  1.0  0.817  0.169  0.014  0.779  0.221  0.632  0.368  True
1  5  2.25  0.01  0.01  0.6724546925200912  0.19570667335511027  1.7782524281637488  14.54513304223593  14.637427649260871  1.0  0.793  0.191  0.016  0.765  0.235  0.684  0.316  True
1  5  2.25  0.01  0.01  0.42433990367801355  0.9849943224923237  1.8289298603392061  14.529803912466743  14.70614715301466  1.0  0.764  0.215  0.021  0.765  0.235  0.684  0.316  True
