0  3.5  1.75  0.01  0.01  0.5121416914889279  -0.3921943835316877  15.792425897682548  15.792425897682548  1.0  0.651  0.264  0.085  0.645  0.355  0.645  0.355
0  3.5  1.75  0.01  0.01  0.15766854146330128  0.5630491975434755  15.69342051158316  15.69342051158316  1.0  0.606  0.294  0.1  0.645  0.355  0.645  0.355
0  3.5  1.75  0.01  0.01  0.21384028894011842  0.4101437318637935  15.687566621401333  15.687566621401333  1.0  0.613  0.288  0.1  0.645  0.355  0.645  0.355
0  3.5  1.75  0.01  0.01  0.6947872432425937  -0.8834606286168356  15.967324289091012  15.967324289091012  1.0  0.669  0.261  0.07  0.645  0.355  0.645  0.355
0  3.5  1.75  0.01  0.01  0.3816780873138633  -0.042335942331907184  15.719038617241441  15.719038617241441  1.0  0.635  0.272  0.093  0.645  0.355  0.645  0.355
0  3.5  1.75  0.01  0.01  0.631562495035021  -0.7132238870804974  15.896857970648888  15.896857970648888  1.0  0.664  0.261  0.076  0.645  0.355  0.645  0.355
0  3.5  1.75  0.01  0.01  0.3741621696089102  -0.024453096161160426  15.716124408284747  15.716124408284747  1.0  0.634  0.273  0.093  0.645  0.355  0.645  0.355
0  3.5  1.75  0.01  0.01  0.6128211363534417  -0.65854709972088  15.87814384509448  15.87814384509448  1.0  0.662  0.261  0.077  0.645  0.355  0.645  0.355
0  3.5  1.75  0.01  0.01  0.5159261179275879  -0.40105471494269973  15.795145200666035  15.795145200666035  1.0  0.652  0.264  0.085  0.645  0.355  0.645  0.355
0  3.5  1.75  0.01  0.01  0.48978263048274684  -0.33044791934198936  15.77683851156235  15.77683851156235  1.0  0.649  0.265  0.086  0.645  0.355  0.645  0.355
0  3.5  1.75  0.01  0.01  0.004781156659028465  0.9676140052662214  15.754706167881253  15.754706167881253  1.0  0.591  0.31  0.1  0.645  0.355  0.645  0.355
0  3.5  1.75  0.01  0.01  0.23245497967991893  0.3584946086489602  15.687477222710365  15.687477222710365  1.0  0.615  0.286  0.099  0.645  0.355  0.645  0.355
0  3.5  1.75  0.01  0.01  0.612715694471961  -0.6563136392875533  15.878143849595547  15.878143849595547  1.0  0.662  0.261  0.077  0.645  0.355  0.645  0.355
0  3.5  1.75  0.01  0.01  0.35185602987421577  0.044471541494203626  15.708216225052169  15.708216225052169  1.0  0.631  0.274  0.095  0.645  0.355  0.645  0.355
0  3.5  1.75  0.01  0.01  0.004719599509607529  0.9715725555510715  15.754706170770628  15.754706170770628  1.0  0.591  0.31  0.1  0.645  0.355  0.645  0.355
0  3.5  1.75  0.01  0.01  0.46740358835402634  -0.2720743428664196  15.76249701748912  15.76249701748912  1.0  0.646  0.266  0.088  0.645  0.355  0.645  0.355
0  3.5  1.75  0.01  0.01  0.6724452918161078  -0.8212174683377234  15.941232256097994  15.941232256097994  1.0  0.667  0.261  0.072  0.645  0.355  0.645  0.355
0  3.5  1.75  0.01  0.01  0.5494336708240037  -0.4916660370914956  15.821185902726612  15.821185902726612  1.0  0.656  0.262  0.082  0.645  0.355  0.645  0.355
0  3.5  1.75  0.01  0.01  0.6389093940556985  -0.7276092658025075  15.904596788645835  15.904596788645835  1.0  0.664  0.261  0.075  0.645  0.355  0.645  0.355
0  3.5  1.75  0.01  0.01  0.2025722519856411  0.44465602721354647  15.68806297698329  15.68806297698329  1.0  0.612  0.289  0.1  0.645  0.355  0.645  0.355
0  3.5  1.75  0.01  0.01  0.5121467119135409  -0.39406588983034196  15.79242589775157  15.79242589775157  1.0  0.651  0.264  0.085  0.645  0.355  0.645  0.355
0  3.5  1.75  0.01  0.01  0.11300314657670375  0.676860587408814  15.704301515830997  15.704301515830997  1.0  0.601  0.298  0.101  0.645  0.355  0.645  0.355
0  3.5  1.75  0.01  0.01  0.26217118713176735  0.28322794712927135  15.689231720647387  15.689231720647387  1.0  0.619  0.283  0.098  0.645  0.355  0.645  0.355
0  3.5  1.75  0.01  0.01  0.650065759094463  -0.7636657324123217  15.91647816516035  15.91647816516035  1.0  0.665  0.261  0.074  0.645  0.355  0.645  0.355
0  3.5  1.75  0.01  0.01  0.060761336829916565  0.8160345363001507  15.724246516674034  15.724246516674034  1.0  0.596  0.304  0.101  0.645  0.355  0.645  0.355
0  3.5  1.75  0.01  0.01  0.43011212522980824  -0.17208158753711866  15.741357038483653  15.741357038483653  1.0  0.641  0.268  0.09  0.645  0.355  0.645  0.355
0  3.5  1.75  0.01  0.01  0.38161163665211834  -0.035480375130496844  15.71903861430509  15.71903861430509  1.0  0.635  0.272  0.093  0.645  0.355  0.645  0.355
0  3.5  1.75  0.01  0.01  0.13908044617780635  0.6056213808183786  15.697272360751164  15.697272360751164  1.0  0.604  0.295  0.101  0.645  0.355  0.645  0.355
0  3.5  1.75  0.01  0.01  0.3555945767999712  0.030819379021435278  15.709447183619886  15.709447183619886  1.0  0.632  0.274  0.094  0.645  0.355  0.645  0.355
0  3.5  1.75  0.01  0.01  0.6463435745203935  -0.750273204447218  15.912481184681925  15.912481184681925  1.0  0.665  0.261  0.074  0.645  0.355  0.645  0.355
1  3.5  1.75  0.01  0.01  1.3124445871938122  -0.9543986061101264  14.602237267926693  14.602237267926693  1.0  0.872  0.108  0.02  0.85  0.15  0.85  0.15
1  3.5  1.75  0.01  0.01  0.7992440570883336  0.38144958040197796  14.391823700692603  14.391823700692603  1.0  0.852  0.102  0.046  0.85  0.15  0.85  0.15
1  3.5  1.75  0.01  0.01  0.8262708717663623  0.30820242602920245  14.390084880628999  14.390084880628999  1.0  0.854  0.101  0.045  0.85  0.15  0.85  0.15
1  3.5  1.75  0.01  0.01  0.5712884155568922  0.9680366332889825  14.473408473768036  14.473408473768036  1.0  0.831  0.112  0.057  0.85  0.15  0.85  0.15
1  3.5  1.75  0.01  0.01  0.6949596247679598  0.6460059563915774  14.413613424788826  14.413613424788826  1.0  0.842  0.106  0.051  0.85  0.15  0.85  0.15
1  3.5  1.75  0.01  0.01  0.6756191631457207  0.7028490817910267  14.42041196411167  14.42041196411167  1.0  0.841  0.107  0.052  0.85  0.15  0.85  0.15
1  3.5  1.75  0.01  0.01  0.63320690233877  0.814441622610296  14.438600140730712  14.438600140730712  1.0  0.837  0.109  0.054  0.85  0.15  0.85  0.15
1  3.5  1.75  0.01  0.01  1.003840105290333  -0.1507513728393668  14.415554544510801  14.415554544510801  1.0  0.867  0.098  0.035  0.85  0.15  0.85  0.15
1  3.5  1.75  0.01  0.01  1.0191624380974327  -0.19339718461997024  14.420664773059482  14.420664773059482  1.0  0.867  0.098  0.034  0.85  0.15  0.85  0.15
1  3.5  1.75  0.01  0.01  1.0231501259606715  -0.19561267917383351  14.422012525779937  14.422012525779937  1.0  0.868  0.098  0.034  0.85  0.15  0.85  0.15
1  3.5  1.75  0.01  0.01  0.6563051316847575  0.750939001108788  14.428119996999033  14.428119996999033  1.0  0.839  0.108  0.053  0.85  0.15  0.85  0.15
1  3.5  1.75  0.01  0.01  0.6408591188980106  0.7940123593663537  14.434955469386164  14.434955469386164  1.0  0.838  0.109  0.054  0.85  0.15  0.85  0.15
1  3.5  1.75  0.01  0.01  0.8030806741218344  0.3664300211754066  14.391479961289043  14.391479961289043  1.0  0.852  0.102  0.046  0.85  0.15  0.85  0.15
1  3.5  1.75  0.01  0.01  1.0540182670730052  -0.28302320439948137  14.433800512767677  14.433800512767677  1.0  0.869  0.098  0.032  0.85  0.15  0.85  0.15
1  3.5  1.75  0.01  0.01  0.6910828877887076  0.657559779584582  14.414901347137354  14.414901347137354  1.0  0.842  0.106  0.052  0.85  0.15  0.85  0.15
1  3.5  1.75  0.01  0.01  1.2121079636726126  -0.6869621717890038  14.522003344099955  14.522003344099955  1.0  0.873  0.102  0.024  0.85  0.15  0.85  0.15
1  3.5  1.75  0.01  0.01  1.312430438419192  -0.9474007885110818  14.602237267354164  14.602237267354164  1.0  0.872  0.108  0.02  0.85  0.15  0.85  0.15
1  3.5  1.75  0.01  0.01  0.6020896905245402  0.8920136384404351  14.454726924133006  14.454726924133006  1.0  0.834  0.111  0.055  0.85  0.15  0.85  0.15
1  3.5  1.75  0.01  0.01  0.706540754046269  0.6178313898163357  14.409962520552076  14.409962520552076  1.0  0.844  0.106  0.051  0.85  0.15  0.85  0.15
1  3.5  1.75  0.01  0.01  1.3201225753910286  -0.9726734966281454  14.609215550216964  14.609215550216964  1.0  0.872  0.109  0.019  0.85  0.15  0.85  0.15
1  3.5  1.75  0.01  0.01  1.0849360212504062  -0.3568060765602159  14.447366913228326  14.447366913228326  1.0  0.87  0.099  0.031  0.85  0.15  0.85  0.15
1  3.5  1.75  0.01  0.01  1.2854021172423882  -0.8766351453197387  14.578733654301208  14.578733654301208  1.0  0.873  0.106  0.021  0.85  0.15  0.85  0.15
1  3.5  1.75  0.01  0.01  1.0655055168294316  -0.31386891903147474  14.438680151193346  14.438680151193346  1.0  0.87  0.099  0.032  0.85  0.15  0.85  0.15
1  3.5  1.75  0.01  0.01  0.5596822766206573  0.999228045036155  14.481095344078945  14.481095344078945  1.0  0.83  0.113  0.057  0.85  0.15  0.85  0.15
1  3.5  1.75  0.01  0.01  0.9691098234568805  -0.06416833222523932  14.405710440073785  14.405710440073785  1.0  0.865  0.098  0.037  0.85  0.15  0.85  0.15
1  3.5  1.75  0.01  0.01  1.1697300176779266  -0.5822337151744532  14.493782666533312  14.493782666533312  1.0  0.873  0.101  0.026  0.85  0.15  0.85  0.15
1  3.5  1.75  0.01  0.01  0.7992474246979041  0.3813684548137819  14.391823700700092  14.391823700700092  1.0  0.852  0.102  0.046  0.85  0.15  0.85  0.15
1  3.5  1.75  0.01  0.01  0.6949574124892741  0.6537193697305075  14.413613424744687  14.413613424744687  1.0  0.842  0.106  0.051  0.85  0.15  0.85  0.15
1  3.5  1.75  0.01  0.01  1.1312353215296287  -0.4756707173457979  14.471030890797579  14.471030890797579  1.0  0.872  0.1  0.028  0.85  0.15  0.85  0.15
1  3.5  1.75  0.01  0.01  0.6833733733444669  0.6822457566284648  14.417584552955915  14.417584552955915  1.0  0.841  0.107  0.052  0.85  0.15  0.85  0.15
---------------------------------------------------------------------------------------------------------------------------------------------------------
0  3.5  1.75  0.01  0.01  0.13369213324888488  0.5326350409451786  14.73415623664024  14.73415623664024  1.0  0.59  0.308  0.102  0.645  0.355  0.645  0.355
0  3.5  1.75  0.01  0.01  0.020929777206307253  0.9396758682696797  14.84570904152102  14.84570904152102  1.0  0.594  0.306  0.1  0.645  0.355  0.645  0.355
0  3.5  1.75  0.01  0.01  0.04846738857390088  0.8405553074268688  14.81336985399905  14.81336985399905  1.0  0.592  0.307  0.101  0.645  0.355  0.645  0.355
0  3.5  1.75  0.01  0.01  0.20803702034678417  0.2555767008097918  14.689009565156276  14.689009565156276  1.0  0.589  0.309  0.102  0.645  0.355  0.645  0.355
0  3.5  1.75  0.01  0.01  0.5353398858776188  -0.9289277733862362  14.734030827091102  14.734030827091102  1.0  0.585  0.331  0.084  0.645  0.355  0.645  0.355
0  3.5  1.75  0.01  0.01  0.21069279082697667  0.25372962554092426  14.687740510858069  14.687740510858069  1.0  0.589  0.309  0.102  0.645  0.355  0.645  0.355
0  3.5  1.75  0.01  0.01  0.4061036992861029  -0.45583311581737984  14.668288865894601  14.668288865894601  1.0  0.589  0.317  0.094  0.645  0.355  0.645  0.355
0  3.5  1.75  0.01  0.01  0.2685617480884704  0.04493736487599054  14.667541997081912  14.667541997081912  1.0  0.589  0.31  0.101  0.645  0.355  0.645  0.355
0  3.5  1.75  0.01  0.01  0.29621394887095565  -0.06455930322926617  14.662201204370286  14.662201204370286  1.0  0.589  0.311  0.1  0.645  0.355  0.645  0.355
0  3.5  1.75  0.01  0.01  0.01269523782836518  0.9671531560789934  14.856100770632452  14.856100770632452  1.0  0.594  0.306  0.099  0.645  0.355  0.645  0.355
0  3.5  1.75  0.01  0.01  0.12002486981479771  0.5779668471944752  14.744884409793734  14.744884409793734  1.0  0.59  0.308  0.102  0.645  0.355  0.645  0.355
0  3.5  1.75  0.01  0.01  0.41706972868392367  -0.49950313771555255  14.671345546367368  14.671345546367368  1.0  0.589  0.318  0.093  0.645  0.355  0.645  0.355
0  3.5  1.75  0.01  0.01  0.2327593864882167  0.1675600096756502  14.678599619044677  14.678599619044677  1.0  0.589  0.309  0.102  0.645  0.355  0.645  0.355
0  3.5  1.75  0.01  0.01  0.35659008963788447  -0.2763654259483308  14.660088033211743  14.660088033211743  1.0  0.589  0.314  0.097  0.645  0.355  0.645  0.355
0  3.5  1.75  0.01  0.01  0.28227871552179734  -0.005104030115054892  14.66452898511554  14.66452898511554  1.0  0.589  0.311  0.1  0.645  0.355  0.645  0.355
0  3.5  1.75  0.01  0.01  0.004413218124907914  0.9992142153643431  14.866819855546186  14.866819855546186  1.0  0.595  0.306  0.099  0.645  0.355  0.645  0.355
0  3.5  1.75  0.01  0.01  0.3072179925903789  -0.0994210787951777  14.660831488108368  14.660831488108368  1.0  0.589  0.311  0.099  0.645  0.355  0.645  0.355
0  3.5  1.75  0.01  0.01  0.09802927694862251  0.6620312668227604  14.763651329453252  14.763651329453252  1.0  0.591  0.308  0.102  0.645  0.355  0.645  0.355
0  3.5  1.75  0.01  0.01  0.44731823438906587  -0.6124666592000763  14.68211408274149  14.68211408274149  1.0  0.588  0.32  0.091  0.645  0.355  0.645  0.355
0  3.5  1.75  0.01  0.01  0.2657788462495727  0.04552127830377395  14.668226987143901  14.668226987143901  1.0  0.589  0.31  0.101  0.645  0.355  0.645  0.355
0  3.5  1.75  0.01  0.01  0.04837595328086941  0.8447059910145307  14.813369858333955  14.813369858333955  1.0  0.592  0.307  0.101  0.645  0.355  0.645  0.355
0  3.5  1.75  0.01  0.01  0.2217740492177125  0.205611976818169  14.682945865604767  14.682945865604767  1.0  0.589  0.309  0.102  0.645  0.355  0.645  0.355
0  3.5  1.75  0.01  0.01  0.15294120890831783  0.45529656837685994  14.720402776292827  14.720402776292827  1.0  0.589  0.308  0.102  0.645  0.355  0.645  0.355
0  3.5  1.75  0.01  0.01  0.34010144978866563  -0.22037380053236233  14.659348664943115  14.659348664943115  1.0  0.589  0.313  0.098  0.645  0.355  0.645  0.355
0  3.5  1.75  0.01  0.01  0.33457134477346656  -0.20020686871893578  14.65932194354164  14.65932194354164  1.0  0.589  0.312  0.098  0.645  0.355  0.645  0.355
0  3.5  1.75  0.01  0.01  0.05669264493153912  0.8057749740006346  14.804340128903481  14.804340128903481  1.0  0.592  0.307  0.101  0.645  0.355  0.645  0.355
0  3.5  1.75  0.01  0.01  0.13649102613894176  0.5213051913004516  14.732101584997679  14.732101584997679  1.0  0.59  0.308  0.102  0.645  0.355  0.645  0.355
0  3.5  1.75  0.01  0.01  0.1337465594971368  0.5252798968288077  14.73415623461295  14.73415623461295  1.0  0.59  0.308  0.102  0.645  0.355  0.645  0.355
0  3.5  1.75  0.01  0.01  0.23552801234819107  0.161831216581535  14.677582804561858  14.677582804561858  1.0  0.589  0.309  0.101  0.645  0.355  0.645  0.355
0  3.5  1.75  0.01  0.01  0.29055470495696084  -0.03908101389226881  14.663050168484189  14.663050168484189  1.0  0.589  0.311  0.1  0.645  0.355  0.645  0.355
1  3.5  1.75  0.01  0.01  0.9028937271131557  -0.7521536953228405  14.061943923158374  14.061943923158374  1.0  0.773  0.178  0.05  0.85  0.15  0.85  0.15
1  3.5  1.75  0.01  0.01  0.7648400241002532  -0.25841250105601743  14.097868286248351  14.097868286248351  1.0  0.778  0.164  0.058  0.85  0.15  0.85  0.15
1  3.5  1.75  0.01  0.01  0.5874188989859462  0.365479804232792  14.234455927001484  14.234455927001484  1.0  0.777  0.156  0.067  0.85  0.15  0.85  0.15
1  3.5  1.75  0.01  0.01  0.6691161657117815  0.08323605838801673  14.15877594236781  14.15877594236781  1.0  0.778  0.158  0.064  0.85  0.15  0.85  0.15
1  3.5  1.75  0.01  0.01  0.9506221779962661  -0.9201936463266034  14.064492230848836  14.064492230848836  1.0  0.769  0.185  0.046  0.85  0.15  0.85  0.15
1  3.5  1.75  0.01  0.01  0.6128787596131428  0.2762282124154918  14.208549823422493  14.208549823422493  1.0  0.777  0.156  0.066  0.85  0.15  0.85  0.15
1  3.5  1.75  0.01  0.01  0.7113643486097418  -0.07224223680608466  14.128281808474615  14.128281808474615  1.0  0.778  0.16  0.062  0.85  0.15  0.85  0.15
1  3.5  1.75  0.01  0.01  0.7367403822613797  -0.1594960021721068  14.11273797596898  14.11273797596898  1.0  0.778  0.162  0.06  0.85  0.15  0.85  0.15
1  3.5  1.75  0.01  0.01  0.7281703615814473  -0.13265371773126233  14.117691339038464  14.117691339038464  1.0  0.778  0.161  0.061  0.85  0.15  0.85  0.15
1  3.5  1.75  0.01  0.01  0.4355424928801768  0.9095410983008296  14.440150083493045  14.440150083493045  1.0  0.776  0.153  0.071  0.85  0.15  0.85  0.15
1  3.5  1.75  0.01  0.01  0.8211263912400241  -0.46471940665365374  14.075715417892557  14.075715417892557  1.0  0.777  0.168  0.055  0.85  0.15  0.85  0.15
1  3.5  1.75  0.01  0.01  0.5396453937941353  0.5386060721273225  14.289602298180672  14.289602298180672  1.0  0.777  0.155  0.069  0.85  0.15  0.85  0.15
1  3.5  1.75  0.01  0.01  0.9590182886766919  -0.9508981340211111  14.065803869332559  14.065803869332559  1.0  0.768  0.187  0.046  0.85  0.15  0.85  0.15
1  3.5  1.75  0.01  0.01  0.8745861694692859  -0.6456851798464005  14.064179967572091  14.064179967572091  1.0  0.774  0.174  0.051  0.85  0.15  0.85  0.15
1  3.5  1.75  0.01  0.01  0.5424986577261726  0.5288575549204453  14.286126923689505  14.286126923689505  1.0  0.777  0.155  0.069  0.85  0.15  0.85  0.15
1  3.5  1.75  0.01  0.01  0.9337484749653291  -0.8562683777020166  14.062656485134173  14.062656485134173  1.0  0.77  0.182  0.047  0.85  0.15  0.85  0.15
1  3.5  1.75  0.01  0.01  0.7760924502570405  -0.2987836926467067  14.092627073255125  14.092627073255125  1.0  0.778  0.165  0.058  0.85  0.15  0.85  0.15
1  3.5  1.75  0.01  0.01  0.7226140755306389  -0.11000711799284502  14.12112008221056  14.12112008221056  1.0  0.778  0.161  0.061  0.85  0.15  0.85  0.15
1  3.5  1.75  0.01  0.01  0.9421480760549997  -0.8883796986009775  14.063444257288506  14.063444257288506  1.0  0.769  0.184  0.047  0.85  0.15  0.85  0.15
1  3.5  1.75  0.01  0.01  0.5453163282882338  0.5192688214424976  14.282681029349435  14.282681029349435  1.0  0.777  0.155  0.069  0.85  0.15  0.85  0.15
1  3.5  1.75  0.01  0.01  0.46933332179855464  0.7939013543067472  14.386444091115296  14.386444091115296  1.0  0.776  0.153  0.07  0.85  0.15  0.85  0.15
1  3.5  1.75  0.01  0.01  0.9027353934853425  -0.7522873807542103  14.061943905500165  14.061943905500165  1.0  0.773  0.178  0.05  0.85  0.15  0.85  0.15
1  3.5  1.75  0.01  0.01  0.5030991854603376  0.672041261619831  14.337520596647142  14.337520596647142  1.0  0.776  0.154  0.07  0.85  0.15  0.85  0.15
1  3.5  1.75  0.01  0.01  0.9448363930165959  -0.8956698333951447  14.06376453237085  14.06376453237085  1.0  0.769  0.184  0.047  0.85  0.15  0.85  0.15
1  3.5  1.75  0.01  0.01  0.5931562113932883  0.3466125861556404  14.228506259486235  14.228506259486235  1.0  0.777  0.156  0.067  0.85  0.15  0.85  0.15
1  3.5  1.75  0.01  0.01  0.7873851980357908  -0.3447214869476327  14.08779013914497  14.08779013914497  1.0  0.777  0.165  0.057  0.85  0.15  0.85  0.15
1  3.5  1.75  0.01  0.01  0.5706410411108869  0.4263957342563218  14.25297609002853  14.25297609002853  1.0  0.777  0.155  0.068  0.85  0.15  0.85  0.15
1  3.5  1.75  0.01  0.01  0.4270972556455603  0.9392661784121801  14.45436049496683  14.45436049496683  1.0  0.776  0.153  0.071  0.85  0.15  0.85  0.15
1  3.5  1.75  0.01  0.01  0.6466757101578421  0.15776180818085384  14.177417275784606  14.177417275784606  1.0  0.778  0.157  0.065  0.85  0.15  0.85  0.15
1  3.5  1.75  0.01  0.01  0.7028009472522887  -0.04357425373839008  14.133919971834962  14.133919971834962  1.0  0.778  0.16  0.062  0.85  0.15  0.85  0.15
-------------------------------------------------------------------------------------------------------------------------------------------------------------

0  3.5  1.75  0.01  0.01  0.09145951653660622  0.7310449257467406  1.5335609720573624  21.757356756131752  21.757356756131752  1.0  0.598  0.302  0.101  0.645  0.355  0.645  0.355
0  3.5  1.75  0.01  0.01  0.5578366415333982  -0.3261066428304791  2.0680344426066983  34.047089427495955  34.047089427495955  1.0  0.681  0.239  0.08  0.645  0.355  0.645  0.355
0  3.5  1.75  0.01  0.01  0.049828896362702185  0.8646692408437755  0.5054468705556219  14.590322724653127  14.590322724653127  1.0  0.596  0.304  0.1  0.645  0.355  0.645  0.355
0  3.5  1.75  0.01  0.01  0.12478276734490532  0.6833255589072658  1.4220952472947253  19.59357990315375  19.59357990315375  1.0  0.607  0.293  0.1  0.645  0.355  0.645  0.355
0  3.5  1.75  0.01  0.01  0.4540463356140247  -0.30558357995874474  0.8303942974946272  15.518007384762974  15.518007384762974  1.0  0.634  0.277  0.089  0.645  0.355  0.645  0.355
0  3.5  1.75  0.01  0.01  0.31942684667780896  0.10479704192975059  0.7723451983639196  14.896254920312796  14.896254920312796  1.0  0.623  0.281  0.096  0.645  0.355  0.645  0.355
0  3.5  1.75  0.01  0.01  0.305607540914236  0.07568474314692408  0.5746127629683686  14.523618521979305  14.523618521979305  1.0  0.613  0.289  0.098  0.645  0.355  0.645  0.355
0  3.5  1.75  0.01  0.01  0.685059878532011  -0.5882890421415248  2.107544861446693  34.234668800148405  34.234668800148405  1.0  0.705  0.226  0.07  0.645  0.355  0.645  0.355
0  3.5  1.75  0.01  0.01  0.2336483212845406  0.445804741802017  1.619988638518259  24.3365180019455  24.3365180019455  1.0  0.628  0.274  0.098  0.645  0.355  0.645  0.355
0  3.5  1.75  0.01  0.01  0.13528720785010628  0.6169198910267488  1.2900354451346594  17.672684112521797  17.672684112521797  1.0  0.603  0.296  0.101  0.645  0.355  0.645  0.355
0  3.5  1.75  0.01  0.01  0.4174830487517853  -0.023845567827136094  1.5257485532481654  21.632699945462353  21.632699945462353  1.0  0.655  0.255  0.09  0.645  0.355  0.645  0.355
0  3.5  1.75  0.01  0.01  0.21286324645774893  0.39871484682096847  0.7453581329353519  14.729887607261027  14.729887607261027  1.0  0.611  0.289  0.1  0.645  0.355  0.645  0.355
0  3.5  1.75  0.01  0.01  0.6601968950699308  -0.9386910568764602  0.6777449959810797  14.881791709855182  14.881791709855182  1.0  0.644  0.283  0.074  0.645  0.355  0.645  0.355
0  3.5  1.75  0.01  0.01  0.3578418152314025  0.1448208047726225  1.3213148980970622  18.373222979414635  18.373222979414635  1.0  0.647  0.26  0.093  0.645  0.355  0.645  0.355
0  3.5  1.75  0.01  0.01  0.2399017961803258  0.39619320301050953  1.3899533711585998  19.350980099756242  19.350980099756242  1.0  0.625  0.278  0.098  0.645  0.355  0.645  0.355
0  3.5  1.75  0.01  0.01  0.3499744593878424  0.2523057903654271  1.8093457886555655  27.66136948727361  27.66136948727361  1.0  0.658  0.25  0.092  0.645  0.355  0.645  0.355
0  3.5  1.75  0.01  0.01  0.6705525634623901  -0.3190025460844954  2.5117567148850246  38.933704322278665  38.933704322278665  1.0  0.733  0.199  0.069  0.645  0.355  0.645  0.355
0  3.5  1.75  0.01  0.01  0.48831840245475866  -0.5056565770804449  0.5120460572317042  14.571791410767625  14.571791410767625  1.0  0.623  0.289  0.088  0.645  0.355  0.645  0.355
0  3.5  1.75  0.01  0.01  0.03832426644934581  0.8977304169391573  0.5941239374297187  14.598205690102953  14.598205690102953  1.0  0.596  0.304  0.1  0.645  0.355  0.645  0.355
0  3.5  1.75  0.01  0.01  0.19394029214742647  0.4671238988741204  1.2512918959468575  17.299656100064407  17.299656100064407  1.0  0.611  0.289  0.1  0.645  0.355  0.645  0.355
0  3.5  1.75  0.01  0.01  0.3510029971692099  0.11490390529211036  2.012281860025587  32.67482608788107  32.67482608788107  1.0  0.64  0.266  0.094  0.645  0.355  0.645  0.355
0  3.5  1.75  0.01  0.01  0.36792641019894684  -0.10769126851231303  0.5776912698307626  14.537430351708323  14.537430351708323  1.0  0.619  0.286  0.095  0.645  0.355  0.645  0.355
0  3.5  1.75  0.01  0.01  0.3208525797230543  -0.024340596377103507  0.4076290303807947  14.510554709020282  14.510554709020282  1.0  0.607  0.295  0.098  0.645  0.355  0.645  0.355
0  3.5  1.75  0.01  0.01  0.5307278457168461  -0.44869959867344433  0.9801627931554566  15.756685982366989  15.756685982366989  1.0  0.652  0.264  0.084  0.645  0.355  0.645  0.355
0  3.5  1.75  0.01  0.01  0.04184516948100301  0.8943477474190908  0.6246067591452742  14.603538831504622  14.603538831504622  1.0  0.597  0.303  0.1  0.645  0.355  0.645  0.355
0  3.5  1.75  0.01  0.01  0.30864943173215836  0.022946874187168342  0.4099589118932041  14.509294637640131  14.509294637640131  1.0  0.607  0.295  0.098  0.645  0.355  0.645  0.355
0  3.5  1.75  0.01  0.01  0.6406375396007399  -0.5953830144257064  1.3039938985676984  17.957533962955203  17.957533962955203  1.0  0.683  0.243  0.074  0.645  0.355  0.645  0.355
0  3.5  1.75  0.01  0.01  0.06180801229346082  0.81208365177948  0.8823675476839584  15.584785203472432  15.584785203472432  1.0  0.595  0.305  0.101  0.645  0.355  0.645  0.355
0  3.5  1.75  0.01  0.01  0.358599781267258  0.05276113090827206  1.0807343333244825  16.00486015155459  16.00486015155459  1.0  0.636  0.27  0.094  0.645  0.355  0.645  0.355
0  3.5  1.75  0.01  0.01  0.5435014797115171  -0.6570466913688178  0.554224606445679  14.62796327532809  14.62796327532809  1.0  0.629  0.288  0.083  0.645  0.355  0.645  0.355
1  3.5  1.75  0.01  0.01  1.2492703819430058  0.09083654765212845  2.2528013656691734  28.124003802609224  28.124003802609224  1.0  0.934  0.049  0.017  0.85  0.15  0.85  0.15
1  3.5  1.75  0.01  0.01  0.7475797970337744  0.6125250622399567  1.1298794162748833  14.417765117137193  14.417765117137193  1.0  0.855  0.098  0.047  0.85  0.15  0.85  0.15
1  3.5  1.75  0.01  0.01  1.0475900020452453  -0.22595527509680435  1.031398577774318  14.440253869580745  14.440253869580745  1.0  0.872  0.096  0.032  0.85  0.15  0.85  0.15
1  3.5  1.75  0.01  0.01  0.92609245716958  -0.2639359983779923  0.6608608527312176  14.47648917950609  14.47648917950609  1.0  0.834  0.123  0.043  0.85  0.15  0.85  0.15
1  3.5  1.75  0.01  0.01  1.7646996986557357  -0.8674772362499725  2.1819096257597415  27.97216506894181  27.97216506894181  1.0  0.948  0.047  0.004  0.85  0.15  0.85  0.15
1  3.5  1.75  0.01  0.01  0.9744651907887159  -0.21254183883733613  0.8581581911074293  14.413082584379374  14.413082584379374  1.0  0.853  0.109  0.038  0.85  0.15  0.85  0.15
1  3.5  1.75  0.01  0.01  1.0928456919159504  0.33824042665989906  2.2343078632055184  27.90155777886829  27.90155777886829  1.0  0.92  0.056  0.024  0.85  0.15  0.85  0.15
1  3.5  1.75  0.01  0.01  0.9387762299559019  0.6724644395780379  2.3414435900116266  28.831518491280526  28.831518491280526  1.0  0.908  0.061  0.03  0.85  0.15  0.85  0.15
1  3.5  1.75  0.01  0.01  0.7217837606951523  0.3526926662940577  0.67908659699352  14.534102401183823  14.534102401183823  1.0  0.824  0.122  0.054  0.85  0.15  0.85  0.15
1  3.5  1.75  0.01  0.01  1.7365936191653801  -0.9985004363563781  1.8156661687693116  22.052859589764306  22.052859589764306  1.0  0.937  0.058  0.005  0.85  0.15  0.85  0.15
1  3.5  1.75  0.01  0.01  1.0351219026966993  -0.8402225439391489  0.36898928137347403  13.92536900667823  13.92536900667823  1.0  0.808  0.154  0.038  0.85  0.15  0.85  0.15
1  3.5  1.75  0.01  0.01  0.7409782269426461  0.13615551915047042  0.42583136189778764  13.93468397386894  13.93468397386894  1.0  0.811  0.134  0.056  0.85  0.15  0.85  0.15
1  3.5  1.75  0.01  0.01  0.7593641010720945  0.12697177056568654  0.48932057324884354  13.92600611228515  13.92600611228515  1.0  0.816  0.13  0.054  0.85  0.15  0.85  0.15
1  3.5  1.75  0.01  0.01  0.7464318020134191  0.25566342772039863  0.6107771516668181  14.028668366668079  14.028668366668079  1.0  0.824  0.123  0.053  0.85  0.15  0.85  0.15
1  3.5  1.75  0.01  0.01  1.549668649682085  -0.30488805078221093  2.3675964156212834  29.953040899736962  29.953040899736962  1.0  0.955  0.038  0.007  0.85  0.15  0.85  0.15
1  3.5  1.75  0.01  0.01  0.4823140439765884  0.9374120730379243  0.4061076718914251  14.146854495084845  14.146854495084845  1.0  0.797  0.137  0.066  0.85  0.15  0.85  0.15
1  3.5  1.75  0.01  0.01  1.1708538792407233  -0.608283048773572  0.9752693599539892  14.485982864813552  14.485982864813552  1.0  0.87  0.103  0.027  0.85  0.15  0.85  0.15
1  3.5  1.75  0.01  0.01  0.8117235033968563  0.32194250022924287  0.9640984649585591  14.3949837357987  14.3949837357987  1.0  0.85  0.104  0.046  0.85  0.15  0.85  0.15
1  3.5  1.75  0.01  0.01  0.6904529615310304  0.4346524036916084  0.6197622642770096  14.066352360269466  14.066352360269466  1.0  0.821  0.123  0.056  0.85  0.15  0.85  0.15
1  3.5  1.75  0.01  0.01  1.014636197431732  0.5707504405704722  2.3660648269988815  29.191087386400927  29.191087386400927  1.0  0.918  0.056  0.026  0.85  0.15  0.85  0.15
1  3.5  1.75  0.01  0.01  0.6823343244053827  0.9208595065854768  1.4296267102870992  15.87328008337876  15.87328008337876  1.0  0.861  0.091  0.047  0.85  0.15  0.85  0.15
1  3.5  1.75  0.01  0.01  0.533239616005562  0.9806601221564801  0.8322090082918998  14.591025360689605  14.591025360689605  1.0  0.819  0.121  0.06  0.85  0.15  0.85  0.15
1  3.5  1.75  0.01  0.01  0.6484058516217465  0.7308700296790567  0.9362095745140383  14.453213146007233  14.453213146007233  1.0  0.835  0.111  0.054  0.85  0.15  0.85  0.15
1  3.5  1.75  0.01  0.01  0.7213767493294396  0.5970947424199187  1.0246981417787928  14.40248092898531  14.40248092898531  1.0  0.846  0.104  0.05  0.85  0.15  0.85  0.15
1  3.5  1.75  0.01  0.01  0.6348184640368412  0.8651363287972267  1.1011976887574508  14.421396251151991  14.421396251151991  1.0  0.843  0.104  0.053  0.85  0.15  0.85  0.15
1  3.5  1.75  0.01  0.01  1.1100047339373356  -0.8615986135214824  0.5667041456872359  14.042242351221788  14.042242351221788  1.0  0.829  0.139  0.033  0.85  0.15  0.85  0.15
1  3.5  1.75  0.01  0.01  1.1375445020261572  -0.7822817460856151  0.7483375415556739  14.477533447594794  14.477533447594794  1.0  0.845  0.125  0.03  0.85  0.15  0.85  0.15
1  3.5  1.75  0.01  0.01  0.9262207661001356  0.1045436594439666  1.052407212060241  14.405670631591146  14.405670631591146  1.0  0.866  0.096  0.039  0.85  0.15  0.85  0.15
1  3.5  1.75  0.01  0.01  1.1376524322340258  0.16673871543499863  1.982897808094472  24.143041547560223  24.143041547560223  1.0  0.919  0.058  0.022  0.85  0.15  0.85  0.15
1  3.5  1.75  0.01  0.01  0.6403566608629454  0.6651385801016358  0.8096550597677737  14.518012542767835  14.518012542767835  1.0  0.826  0.117  0.056  0.85  0.15  0.85  0.15
------------------------------------------------------------------
The first part is wrongly setting, log_ndt = 0
The second part is right, ndt = 0
The thrid part is also right, ndt  is free.
All these three blocks used the full dataset.
-------------------------------------------------------------------
ndt is free, resample

0  3.5  1.75  0.01  0.01  0.5969903352137116  -0.6412962840677467  1.302816575304854  18.903368404145468  15.127789132355387  1.0  0.657  0.264  0.078  0.632  0.368  0.684  0.316
0  3.5  1.75  0.01  0.01  0.449656052729961  -0.4428451878868138  1.0460431508579222  16.500031069827802  14.438591080088647  1.0  0.614  0.295  0.091  0.614  0.386  0.737  0.263
0  3.5  1.75  0.01  0.01  -0.012602740971814574  0.7618648461857869  2.159383889894901  33.61091570187612  37.07861501007859  1.0  0.55  0.346  0.104  0.614  0.386  0.737  0.263
0  3.5  1.75  0.01  0.01  0.15597485079682516  0.45090696898899574  0.8698195742907746  15.92413299293024  14.32297404642459  1.0  0.59  0.308  0.102  0.632  0.368  0.684  0.316
0  3.5  1.75  0.01  0.01  0.6688365456620027  -0.7353070194307143  0.8584142405309865  15.909989517110212  14.845559519156579  1.0  0.677  0.251  0.072  0.649  0.351  0.632  0.368
0  3.5  1.75  0.01  0.01  0.1495161179544711  0.47078341840800664  0.6077567004597618  14.629432001944584  14.270657200390064  1.0  0.589  0.308  0.102  0.632  0.368  0.684  0.316
0  3.5  1.75  0.01  0.01  0.010200112064066973  0.403826926705952  0.48844580036950674  14.549086550101583  14.559444673284716  1.0  0.508  0.384  0.108  0.561  0.439  0.895  0.105
0  3.5  1.75  0.01  0.01  -0.000889027346424988  0.6809386473088976  0.8981631460656698  14.520827390071593  18.76535766459643  1.0  0.544  0.351  0.105  0.596  0.404  0.789  0.211
0  3.5  1.75  0.01  0.01  0.7860833943584771  -0.9107908788597621  1.9805143268651573  36.023250591737586  22.092626859809634  1.0  0.705  0.234  0.062  0.649  0.351  0.632  0.368
0  3.5  1.75  0.01  0.01  0.2922187939348988  0.19564079432895043  1.417647112328843  20.077795957497322  18.276369998822652  1.0  0.623  0.28  0.097  0.649  0.351  0.632  0.368
0  3.5  1.75  0.01  0.01  0.20061969861811765  0.20009417208641977  0.4720375688395941  14.452348770431477  14.683733831973326  1.0  0.577  0.32  0.103  0.614  0.386  0.737  0.263
0  3.5  1.75  0.01  0.01  0.22957981801476426  0.4854664346423898  0.800249299623964  15.745467732814923  14.758720622452673  1.0  0.632  0.271  0.097  0.667  0.333  0.579  0.421
0  3.5  1.75  0.01  0.01  0.5897660104862322  -0.6698465177706519  0.5602330084896326  14.622337826368279  14.657108490809252  1.0  0.65  0.271  0.079  0.649  0.351  0.632  0.368
0  3.5  1.75  0.01  0.01  -0.07858591229331308  0.842862845859329  1.0122296958792303  16.28561710783964  14.19677675035945  1.0  0.529  0.367  0.104  0.596  0.404  0.789  0.211
0  3.5  1.75  0.01  0.01  0.5037581618469062  -0.35242024979956255  1.6347434626098352  26.57460966247108  18.93467737301889  1.0  0.653  0.262  0.085  0.632  0.368  0.684  0.316
0  3.5  1.75  0.01  0.01  0.006694753963201438  0.7774942265561073  0.494353194316784  14.5866692654058  14.556646432234405  1.0  0.563  0.334  0.103  0.614  0.386  0.737  0.263
0  3.5  1.75  0.01  0.01  0.38151960323165907  -0.3187541119963766  0.43835965035769164  14.504611807679325  14.601318878170144  1.0  0.596  0.308  0.095  0.632  0.368  0.684  0.316
0  3.5  1.75  0.01  0.01  0.3730781990807642  0.363678650934101  1.4121294507056013  18.112996802394992  23.788469673387198  1.0  0.683  0.228  0.088  0.667  0.333  0.579  0.421
0  3.5  1.75  0.01  0.01  0.6544490812782048  -0.9585461804998647  0.42378864428969265  14.608140488042753  14.82489296787835  1.0  0.638  0.288  0.074  0.667  0.333  0.579  0.421
0  3.5  1.75  0.01  0.01  0.025243015876745024  0.7177053777812166  0.4645234392339949  14.63094831026262  14.39680437888762  1.0  0.563  0.333  0.104  0.614  0.386  0.737  0.263
0  3.5  1.75  0.01  0.01  0.232526239369938  0.15617273483408578  1.0069859662765888  15.844038231743239  15.353232857336266  1.0  0.588  0.311  0.102  0.614  0.386  0.737  0.263
0  3.5  1.75  0.01  0.01  -0.10439363793207292  0.8435710120142117  1.4594794103028284  21.54089770011051  15.723648160024496  1.0  0.517  0.379  0.104  0.596  0.404  0.789  0.211
0  3.5  1.75  0.01  0.01  0.5526556370274673  -0.3184591727282493  2.0733638965394965  33.85961743377505  34.70935990040914  1.0  0.68  0.24  0.08  0.649  0.351  0.632  0.368
0  3.5  1.75  0.01  0.01  0.5576744188738741  -0.751275808162402  0.7845321944649113  15.430588123950374  14.734306123537802  1.0  0.623  0.295  0.082  0.614  0.386  0.737  0.263
0  3.5  1.75  0.01  0.01  0.22423363235203234  0.5683816257027297  0.42096523490857257  14.51819568695633  14.676038442242417  1.0  0.64  0.264  0.096  0.684  0.316  0.526  0.474
0  3.5  1.75  0.01  0.01  0.6934015148145456  -0.8026490414064831  1.0262618912102732  16.40573423003533  14.922514155347773  1.0  0.679  0.251  0.07  0.667  0.333  0.579  0.421
0  3.5  1.75  0.01  0.01  0.2912221957706924  -0.07431760210447269  0.8995848557106366  15.955534026566973  14.365597114297385  1.0  0.585  0.314  0.1  0.614  0.386  0.737  0.263
0  3.5  1.75  0.01  0.01  0.19546733791939636  0.2442019988529287  1.1009889389109717  16.524698142080872  14.87697920595348  1.0  0.58  0.317  0.103  0.614  0.386  0.737  0.263
0  3.5  1.75  0.01  0.01  0.21608911148900553  0.2789341122723912  0.9000478600202296  15.836419610324262  14.643459135252469  1.0  0.596  0.303  0.101  0.632  0.368  0.684  0.316
0  3.5  1.75  0.01  0.01  0.10572995462168676  0.5929926223355493  0.42167876522724485  14.535764750730765  14.61473468059226  1.0  0.584  0.313  0.103  0.632  0.368  0.684  0.316
1  3.5  1.75  0.01  0.01  1.3570075366989898  -0.049905296516699504  2.2102252690540047  25.925003611214226  34.18933081270389  1.0  0.943  0.044  0.013  0.862  0.138  0.8  0.2
1  3.5  1.75  0.01  0.01  1.1008344333967266  -0.17628018592601125  1.125113298198858  14.741503978862283  13.678179652024365  1.0  0.889  0.083  0.028  0.85  0.15  0.85  0.15
1  3.5  1.75  0.01  0.01  0.6928930143415827  0.9192324212923293  1.5132056106775333  15.496641889859774  18.02902535952869  1.0  0.864  0.089  0.046  0.838  0.162  0.9  0.1
1  3.5  1.75  0.01  0.01  0.5057863058919686  0.9559069436153962  0.5576958383024444  14.098367670009475  14.129074737420723  1.0  0.808  0.129  0.063  0.85  0.15  0.85  0.15
1  3.5  1.75  0.01  0.01  0.655428276574716  0.5880952962460557  0.5469487038895354  13.89000258697477  14.481993584788896  1.0  0.824  0.12  0.056  0.875  0.125  0.75  0.25
1  3.5  1.75  0.01  0.01  1.0028232458494362  -0.5838800264790664  0.4492742438387631  13.895226074070774  13.965438198082836  1.0  0.826  0.135  0.039  0.85  0.15  0.85  0.15
1  3.5  1.75  0.01  0.01  0.7051746915673607  0.4871011722745695  0.5600597591832926  13.92999886572905  14.24624575439922  1.0  0.832  0.115  0.053  0.862  0.138  0.8  0.2
1  3.5  1.75  0.01  0.01  0.7301147189784166  0.887987759648502  2.1746257867050818  28.384402868363974  20.922302095441296  1.0  0.872  0.084  0.044  0.85  0.15  0.85  0.15
1  3.5  1.75  0.01  0.01  1.7434797212048125  -0.47456037595602196  2.6310894047001994  36.961369667909864  29.18425619242462  1.0  0.965  0.031  0.004  0.85  0.15  0.85  0.15
1  3.5  1.75  0.01  0.01  1.221157928597143  -0.8094867429101904  0.6706923400156328  14.47393510816595  14.62542993026894  1.0  0.864  0.111  0.024  0.888  0.112  0.7  0.3
1  3.5  1.75  0.01  0.01  1.4258109184625543  -0.24537374763033948  1.694473909937761  19.268148400765988  20.185588130960458  1.0  0.943  0.046  0.011  0.85  0.15  0.85  0.15
1  3.5  1.75  0.01  0.01  1.1608684626542427  0.031082847499828592  1.564785766205225  16.48866981279206  17.789340027262803  1.0  0.916  0.062  0.022  0.85  0.15  0.85  0.15
1  3.5  1.75  0.01  0.01  0.9602838056452974  0.5174096303765545  2.268329079930342  27.5870135475702  29.474008759130925  1.0  0.904  0.065  0.031  0.838  0.162  0.9  0.1
1  3.5  1.75  0.01  0.01  0.8616872749525883  0.10439380553933653  0.6183950184696376  14.045164826571924  14.09254081934175  1.0  0.847  0.109  0.045  0.875  0.125  0.75  0.25
1  3.5  1.75  0.01  0.01  1.5537654200770952  -0.15317019482300553  2.2717320403261074  25.083778929622433  41.78299309129018  1.0  0.961  0.032  0.007  0.862  0.138  0.8  0.2
1  3.5  1.75  0.01  0.01  1.135321537226309  0.1634050468129693  1.8524119283554126  22.295400336849543  21.359893247091588  1.0  0.918  0.059  0.023  0.85  0.15  0.85  0.15
1  3.5  1.75  0.01  0.01  0.805605495411564  0.055539359378716346  0.81059430090077  14.705889560387229  13.327987412980795  1.0  0.825  0.124  0.05  0.825  0.175  0.95  0.05
1  3.5  1.75  0.01  0.01  1.0958961977296087  0.3209408469531436  2.706007973790717  36.03303764889135  36.008002799618545  1.0  0.92  0.057  0.024  0.825  0.175  0.95  0.05
1  3.5  1.75  0.01  0.01  0.6790478888295727  0.4346977713054183  0.5209806237358078  13.959529056698335  14.000625512086893  1.0  0.817  0.126  0.057  0.85  0.15  0.85  0.15
1  3.5  1.75  0.01  0.01  0.5759750347178347  0.785253349053169  0.55229549137835  13.996668399246186  14.259596173321333  1.0  0.816  0.124  0.06  0.85  0.15  0.85  0.15
1  3.5  1.75  0.01  0.01  1.9183806594948447  -0.8796895254482675  1.8623303747191207  23.078744523296287  23.299609210650154  1.0  0.961  0.037  0.002  0.875  0.125  0.75  0.25
1  3.5  1.75  0.01  0.01  0.9004850905613864  0.5040968316508014  1.2775520114966543  15.516773335287837  14.030662456455559  1.0  0.889  0.076  0.036  0.875  0.125  0.75  0.25
1  3.5  1.75  0.01  0.01  0.47806789184774234  0.9846572186178006  0.5686718804258605  14.107800465395254  14.137837065351158  1.0  0.8  0.135  0.065  0.838  0.162  0.9  0.1
1  3.5  1.75  0.01  0.01  0.6971841404671567  0.5807724623092954  0.5313091449246047  13.879881015177176  14.49266000595146  1.0  0.837  0.11  0.053  0.875  0.125  0.75  0.25
1  3.5  1.75  0.01  0.01  1.7026070174595258  -0.9557145962323861  1.8597841952957601  23.95210459696406  19.848367159274012  1.0  0.936  0.058  0.006  0.838  0.162  0.9  0.1
1  3.5  1.75  0.01  0.01  0.7568584266206678  0.4507186283663793  0.5383040998683838  13.65501820560965  15.30902938189313  1.0  0.845  0.106  0.049  0.875  0.125  0.75  0.25
1  3.5  1.75  0.01  0.01  0.9157360782298878  0.3414506676576925  1.2456286515458193  15.022188605321816  13.505108936732668  1.0  0.881  0.082  0.037  0.862  0.138  0.8  0.2
1  3.5  1.75  0.01  0.01  1.4041703185664562  -0.6929152889934198  1.2789801199023745  16.09116796580196  13.848811900596155  1.0  0.913  0.073  0.014  0.862  0.138  0.8  0.2
1  3.5  1.75  0.01  0.01  1.0659451226682346  -0.9002881287233699  0.37343332372163585  13.955117747066538  13.825911341150212  1.0  0.811  0.153  0.036  0.85  0.15  0.85  0.15
1  3.5  1.75  0.01  0.01  0.7493541675403994  0.9136711059028024  2.2456323705467893  27.430046213188053  28.763035998353036  1.0  0.879  0.079  0.042  0.85  0.15  0.85  0.15
--------------------------------------------------------------------------------------------------------------------------------------------------------------------------------

0  3.5  1.75  0.01  0.01  [0.25701451]  0.6097826802642979  14.690625172945362  14.129635793301505  1.0  0.578  0.321  0.102  0.614  0.386  0.737  0.263
0  3.5  1.75  0.01  0.01  [0.3366177]  0.942320652656625  15.982239420284769  14.439307020593395  1.0  0.618  0.286  0.096  0.632  0.368  0.684  0.316
0  3.5  1.75  0.01  0.01  [0.33397986]  1.2898103290059784  18.600614532650653  14.884087250584798  1.0  0.617  0.287  0.096  0.632  0.368  0.684  0.316
0  3.5  1.75  0.01  0.01  [0.27778477]  0.8850348752473858  15.889800790743974  14.476518382699632  1.0  0.588  0.311  0.1  0.614  0.386  0.737  0.263
0  3.5  1.75  0.01  0.01  [0.60311854]  2.4129911196001976  35.858735331741634  38.90055590158199  1.0  0.742  0.186  0.072  0.667  0.333  0.579  0.421
0  3.5  1.75  0.01  0.01  [0.33072234]  1.5856528477642053  26.115399823541626  18.562990652184478  1.0  0.615  0.288  0.097  0.614  0.386  0.737  0.263
0  3.5  1.75  0.01  0.01  [0.31894457]  1.1246357578055932  17.35441326905934  14.929454165598578  1.0  0.609  0.293  0.098  0.632  0.368  0.684  0.316
0  3.5  1.75  0.01  0.01  [0.18799699]  0.657031938768025  14.690658365265072  14.382051891061101  1.0  0.542  0.352  0.105  0.579  0.421  0.842  0.158
0  3.5  1.75  0.01  0.01  [0.38893337]  1.8442523632805525  32.38660351452762  20.000957933195433  1.0  0.644  0.264  0.092  0.632  0.368  0.684  0.316
0  3.5  1.75  0.01  0.01  [0.67304804]  2.6998769209437943  40.201549908546944  43.14781429125043  1.0  0.771  0.165  0.064  0.667  0.333  0.579  0.421
0  3.5  1.75  0.01  0.01  [0.5578923]  2.3508031888059326  36.75799758683647  34.77263069901992  1.0  0.723  0.201  0.076  0.649  0.351  0.632  0.368
0  3.5  1.75  0.01  0.01  [0.48090466]  2.7133859848912527  40.55592917525003  42.8281432915116  1.0  0.688  0.228  0.084  0.632  0.368  0.684  0.316
0  3.5  1.75  0.01  0.01  [0.32617404]  1.5498061606316822  22.810249657330825  23.792279187301464  1.0  0.613  0.29  0.097  0.614  0.386  0.737  0.263
0  3.5  1.75  0.01  0.01  [0.59007979]  2.42227423156671  39.80103473032142  27.388408479651755  1.0  0.737  0.19  0.073  0.649  0.351  0.632  0.368
0  3.5  1.75  0.01  0.01  [0.35650534]  2.3961241330560146  38.56418975659288  30.440319012141867  1.0  0.628  0.277  0.095  0.614  0.386  0.737  0.263
0  3.5  1.75  0.01  0.01  [0.42809885]  1.7403244011256487  24.928629089904874  32.244100973184224  1.0  0.663  0.248  0.089  0.632  0.368  0.684  0.316
0  3.5  1.75  0.01  0.01  [0.32690374]  0.7127959109272549  14.715714016184982  14.620659373018569  1.0  0.613  0.29  0.097  0.632  0.368  0.684  0.316
0  3.5  1.75  0.01  0.01  [0.43629868]  0.8340700003874268  15.72483984309268  14.826302700421174  1.0  0.667  0.245  0.088  0.684  0.316  0.526  0.474
0  3.5  1.75  0.01  0.01  [0.38236465]  2.3222181302540825  36.44509050696057  35.24115749208073  1.0  0.641  0.267  0.093  0.632  0.368  0.684  0.316
0  3.5  1.75  0.01  0.01  [0.44274007]  2.3028057405619164  40.471221866929746  22.889004650554426  1.0  0.67  0.243  0.087  0.632  0.368  0.684  0.316
0  3.5  1.75  0.01  0.01  [0.37440115]  1.3201183635790326  19.476265136885115  15.241570172805472  1.0  0.637  0.27  0.093  0.632  0.368  0.684  0.316
0  3.5  1.75  0.01  0.01  [0.37257432]  0.6755671459594323  14.608402817289653  14.648163827090972  1.0  0.636  0.271  0.093  0.649  0.351  0.632  0.368
0  3.5  1.75  0.01  0.01  [0.33509038]  0.47303904419093745  14.48692259890687  14.563649825142774  1.0  0.617  0.286  0.096  0.649  0.351  0.632  0.368
0  3.5  1.75  0.01  0.01  [0.29319229]  0.9908189732933728  14.52903236214557  19.18757837605434  1.0  0.596  0.304  0.099  0.614  0.386  0.737  0.263
0  3.5  1.75  0.01  0.01  [0.20736301]  0.4074968809251866  14.55866436147929  14.413770430155974  1.0  0.552  0.343  0.104  0.596  0.404  0.789  0.211
0  3.5  1.75  0.01  0.01  [0.344396]  0.5077106988124271  14.497040006354313  14.54204865273723  1.0  0.622  0.282  0.096  0.649  0.351  0.632  0.368
0  3.5  1.75  0.01  0.01  [0.3363701]  0.3767514332503417  14.385369006672146  14.91115580785436  1.0  0.618  0.286  0.096  0.649  0.351  0.632  0.368
0  3.5  1.75  0.01  0.01  [0.42702065]  2.0189838041544035  34.91645450960754  26.35612600603674  1.0  0.662  0.249  0.089  0.649  0.351  0.632  0.368
0  3.5  1.75  0.01  0.01  [0.22202427]  0.4767009895410799  14.555176800049182  14.39994377672519  1.0  0.56  0.337  0.104  0.596  0.404  0.789  0.211
0  3.5  1.75  0.01  0.01  [0.3780847]  0.8502719157770592  14.45803697641459  18.63363719340112  1.0  0.639  0.268  0.093  0.649  0.351  0.632  0.368
1  3.5  1.75  0.01  0.01  [0.84691919]  0.5574255667507036  13.917850341631524  14.07940821142607  1.0  0.833  0.12  0.047  0.85  0.15  0.85  0.15
1  3.5  1.75  0.01  0.01  [1.01473722]  1.1805893548581998  14.897348389247227  13.313324735599366  1.0  0.881  0.086  0.033  0.85  0.15  0.85  0.15
1  3.5  1.75  0.01  0.01  [0.90651292]  0.6613181025693239  14.53772325008535  14.339952914624268  1.0  0.852  0.107  0.042  0.862  0.138  0.8  0.2
1  3.5  1.75  0.01  0.01  [0.77102984]  0.4242214608899399  13.988043930771738  13.646527270446782  1.0  0.808  0.138  0.055  0.85  0.15  0.85  0.15
1  3.5  1.75  0.01  0.01  [0.86387193]  0.5412269994940357  13.912930246799686  14.019070787472364  1.0  0.839  0.116  0.046  0.875  0.125  0.75  0.25
1  3.5  1.75  0.01  0.01  [1.23444863]  1.7540871049441444  19.465041336768156  24.379502446766583  1.0  0.927  0.055  0.018  0.862  0.138  0.8  0.2
1  3.5  1.75  0.01  0.01  [1.04897565]  1.262303134922847  14.258266578107008  17.602224244210806  1.0  0.89  0.08  0.03  0.85  0.15  0.85  0.15
1  3.5  1.75  0.01  0.01  [0.92968069]  0.8884439975147915  14.569636530247243  13.740010083417777  1.0  0.858  0.102  0.04  0.85  0.15  0.85  0.15
1  3.5  1.75  0.01  0.01  [0.96213768]  1.0091764771970047  13.578956754347086  17.698663879256365  1.0  0.867  0.096  0.037  0.838  0.162  0.9  0.1
1  3.5  1.75  0.01  0.01  [1.0766676]  1.0025705921114325  13.443224605141046  18.292351813253756  1.0  0.896  0.076  0.028  0.888  0.112  0.7  0.3
1  3.5  1.75  0.01  0.01  [0.97797502]  1.0819282504705605  14.685180363404928  13.440757968639636  1.0  0.872  0.093  0.036  0.838  0.162  0.9  0.1
1  3.5  1.75  0.01  0.01  [0.85853251]  0.47468319253228847  13.80578379200785  14.379418170721019  1.0  0.837  0.117  0.046  0.862  0.138  0.8  0.2
1  3.5  1.75  0.01  0.01  [1.12821299]  1.7963010958634722  20.859327862123973  20.5550679854414  1.0  0.907  0.068  0.025  0.825  0.175  0.95  0.05
1  3.5  1.75  0.01  0.01  [1.05821738]  1.0359110550222146  14.411345924986694  14.453339540555252  1.0  0.892  0.079  0.029  0.875  0.125  0.75  0.25
1  3.5  1.75  0.01  0.01  [1.00465089]  1.2015958648027303  14.807769011099628  13.946292389687049  1.0  0.879  0.088  0.033  0.85  0.15  0.85  0.15
1  3.5  1.75  0.01  0.01  [0.9697859]  1.022723764978416  14.592730971409935  13.651629265163061  1.0  0.87  0.094  0.036  0.85  0.15  0.85  0.15
1  3.5  1.75  0.01  0.01  [0.83409499]  0.6335192187593293  14.199850138969378  13.617468565320928  1.0  0.829  0.123  0.048  0.85  0.15  0.85  0.15
1  3.5  1.75  0.01  0.01  [0.86209279]  0.6670906928669569  14.66450586524817  13.79532516075571  1.0  0.838  0.116  0.046  0.862  0.138  0.8  0.2
1  3.5  1.75  0.01  0.01  [0.80441672]  0.5188462383672957  13.98163431450323  13.692842415000845  1.0  0.819  0.13  0.051  0.85  0.15  0.85  0.15
1  3.5  1.75  0.01  0.01  [0.88211594]  0.7192727948767003  14.605591026824664  13.903878562937948  1.0  0.844  0.112  0.044  0.85  0.15  0.85  0.15
1  3.5  1.75  0.01  0.01  [0.90898571]  0.7931954447955983  14.557916514498743  13.93237863439272  1.0  0.852  0.106  0.042  0.862  0.138  0.8  0.2
1  3.5  1.75  0.01  0.01  [0.81178449]  0.7577015658783683  14.757292184626852  13.21431610074085  1.0  0.822  0.128  0.051  0.838  0.162  0.9  0.1
1  3.5  1.75  0.01  0.01  [1.03174074]  1.407914375116559  16.61993823651279  13.824669031205081  1.0  0.885  0.083  0.031  0.838  0.162  0.9  0.1
1  3.5  1.75  0.01  0.01  [0.83410546]  0.7351236783844436  14.682271680249693  13.556139128189693  1.0  0.829  0.123  0.048  0.838  0.162  0.9  0.1
1  3.5  1.75  0.01  0.01  [1.27214932]  1.6437066393903301  17.320001616537002  22.492704787932933  1.0  0.933  0.051  0.016  0.862  0.138  0.8  0.2
1  3.5  1.75  0.01  0.01  [0.89461229]  0.7256866896982109  14.622437985497157  13.822950878956854  1.0  0.848  0.109  0.043  0.875  0.125  0.75  0.25
1  3.5  1.75  0.01  0.01  [1.55496266]  2.4619120123182197  28.419515357810173  42.00248180050131  1.0  0.966  0.027  0.006  0.85  0.15  0.85  0.15
1  3.5  1.75  0.01  0.01  [1.35111127]  2.421884540763597  32.09491984488914  25.36558772811684  1.0  0.945  0.043  0.013  0.85  0.15  0.85  0.15
1  3.5  1.75  0.01  0.01  [0.96765043]  1.0335002647225302  14.615918155972906  13.598005697204119  1.0  0.869  0.095  0.036  0.85  0.15  0.85  0.15
---------------------------------------------------------------------------------------------------------------------------------------------------------------------

0  3.5  1.75  0.01  0.01  [0.4332256]  1.5399811440994935  22.41237751194409  22.41237751194409  1.0  0.665  0.246  0.088  0.645  0.355  0.645  0.355
0  3.5  1.75  0.01  0.01  [0.47034011]  2.4994721744947315  38.212511659883354  38.212511659883354  1.0  0.683  0.232  0.085  0.645  0.355  0.645  0.355
0  3.5  1.75  0.01  0.01  [0.35118369]  0.8790148827030367  15.525261674021726  15.525261674021726  1.0  0.625  0.28  0.095  0.645  0.355  0.645  0.355
0  3.5  1.75  0.01  0.01  [0.31631179]  0.42434416285654747  14.50889991787596  14.50889991787596  1.0  0.608  0.294  0.098  0.645  0.355  0.645  0.355
0  3.5  1.75  0.01  0.01  [0.34701478]  0.8457584834032973  15.499012528262506  15.499012528262506  1.0  0.623  0.281  0.095  0.645  0.355  0.645  0.355
0  3.5  1.75  0.01  0.01  [0.40353802]  1.494386549847665  21.068703683407733  21.068703683407733  1.0  0.651  0.258  0.091  0.645  0.355  0.645  0.355
0  3.5  1.75  0.01  0.01  [0.34226697]  0.6712884036294697  14.617016802505033  14.617016802505033  1.0  0.621  0.283  0.096  0.645  0.355  0.645  0.355
0  3.5  1.75  0.01  0.01  [0.41883457]  1.3420303624997674  18.63539076353909  18.63539076353909  1.0  0.658  0.252  0.089  0.645  0.355  0.645  0.355
0  3.5  1.75  0.01  0.01  [0.3713876]  1.0341462593901658  15.823345740848586  15.823345740848586  1.0  0.635  0.271  0.093  0.645  0.355  0.645  0.355
0  3.5  1.75  0.01  0.01  [0.35239682]  0.7564280365339768  14.819336576112509  14.819336576112509  1.0  0.626  0.279  0.095  0.645  0.355  0.645  0.355
0  3.5  1.75  0.01  0.01  [0.39999295]  1.472489699359421  20.7966733717077  20.7966733717077  1.0  0.649  0.26  0.091  0.645  0.355  0.645  0.355
0  3.5  1.75  0.01  0.01  [0.4230586]  1.601295503692934  24.30808423130624  24.30808423130624  1.0  0.661  0.25  0.089  0.645  0.355  0.645  0.355
0  3.5  1.75  0.01  0.01  [0.38746018]  1.9354945649314854  32.15249250495129  32.15249250495129  1.0  0.643  0.265  0.092  0.645  0.355  0.645  0.355
0  3.5  1.75  0.01  0.01  [0.43615587]  1.6730185986560766  24.94194324442724  24.94194324442724  1.0  0.667  0.245  0.088  0.645  0.355  0.645  0.355
0  3.5  1.75  0.01  0.01  [0.44294698]  1.7101354521050334  25.431220215078746  25.431220215078746  1.0  0.67  0.243  0.087  0.645  0.355  0.645  0.355
0  3.5  1.75  0.01  0.01  [0.41055258]  2.0666312821472297  34.018505177937584  34.018505177937584  1.0  0.654  0.255  0.09  0.645  0.355  0.645  0.355
0  3.5  1.75  0.01  0.01  [0.46421765]  2.194434819142511  35.16839065842184  35.16839065842184  1.0  0.68  0.235  0.085  0.645  0.355  0.645  0.355
0  3.5  1.75  0.01  0.01  [0.43078985]  2.1746983386705705  34.63183884741784  34.63183884741784  1.0  0.664  0.247  0.088  0.645  0.355  0.645  0.355
0  3.5  1.75  0.01  0.01  [0.31485289]  0.40918693291019065  14.509426838053622  14.509426838053622  1.0  0.607  0.295  0.098  0.645  0.355  0.645  0.355
0  3.5  1.75  0.01  0.01  [0.35090975]  0.7448886560593387  14.780464700598538  14.780464700598538  1.0  0.625  0.28  0.095  0.645  0.355  0.645  0.355
0  3.5  1.75  0.01  0.01  [0.39999505]  2.01039669903294  32.67073194678402  32.67073194678402  1.0  0.649  0.26  0.091  0.645  0.355  0.645  0.355
0  3.5  1.75  0.01  0.01  [0.37969642]  1.2190192188073348  17.109400528946775  17.109400528946775  1.0  0.639  0.268  0.093  0.645  0.355  0.645  0.355
0  3.5  1.75  0.01  0.01  [0.36860366]  1.142850181225422  16.794674420937465  16.794674420937465  1.0  0.634  0.272  0.094  0.645  0.355  0.645  0.355
0  3.5  1.75  0.01  0.01  [0.48209575]  2.5446290969488987  39.41599561161351  39.41599561161351  1.0  0.688  0.228  0.084  0.645  0.355  0.645  0.355
0  3.5  1.75  0.01  0.01  [0.34429592]  0.8229430900461268  15.482503517399882  15.482503517399882  1.0  0.622  0.282  0.096  0.645  0.355  0.645  0.355
0  3.5  1.75  0.01  0.01  [0.35764332]  0.9314730661341342  15.581756960164688  15.581756960164688  1.0  0.629  0.277  0.095  0.645  0.355  0.645  0.355
0  3.5  1.75  0.01  0.01  [0.32797126]  0.5395335650180986  14.512865090476584  14.512865090476584  1.0  0.614  0.289  0.097  0.645  0.355  0.645  0.355
0  3.5  1.75  0.01  0.01  [0.38040139]  1.224268200659254  17.12104411610821  17.12104411610821  1.0  0.64  0.268  0.093  0.645  0.355  0.645  0.355
0  3.5  1.75  0.01  0.01  [0.3513275]  0.8819670021191854  15.525170724533846  15.525170724533846  1.0  0.625  0.28  0.095  0.645  0.355  0.645  0.355
0  3.5  1.75  0.01  0.01  [0.32381472]  0.499971329601425  14.506070327460678  14.506070327460678  1.0  0.612  0.291  0.097  0.645  0.355  0.645  0.355
1  3.5  1.75  0.01  0.01  [0.9635662]  1.0460743273912467  14.415672821133228  14.415672821133228  1.0  0.868  0.095  0.037  0.85  0.15  0.85  0.15
1  3.5  1.75  0.01  0.01  [1.27399894]  2.1819684848737526  27.335177573032187  27.335177573032187  1.0  0.933  0.05  0.016  0.85  0.15  0.85  0.15
1  3.5  1.75  0.01  0.01  [1.43062635]  2.6718942855426415  35.412996414822224  35.412996414822224  1.0  0.954  0.036  0.01  0.85  0.15  0.85  0.15
1  3.5  1.75  0.01  0.01  [1.40102674]  2.604925829903549  34.35300239169937  34.35300239169937  1.0  0.951  0.038  0.011  0.85  0.15  0.85  0.15
1  3.5  1.75  0.01  0.01  [1.05886083]  1.3127069947138508  15.459242111981212  15.459242111981212  1.0  0.892  0.079  0.029  0.85  0.15  0.85  0.15
1  3.5  1.75  0.01  0.01  [1.21717305]  1.8367826007825339  21.71503492573986  21.71503492573986  1.0  0.924  0.057  0.019  0.85  0.15  0.85  0.15
1  3.5  1.75  0.01  0.01  [0.8979166]  0.8591530845278041  14.409989330308262  14.409989330308262  1.0  0.849  0.108  0.043  0.85  0.15  0.85  0.15
1  3.5  1.75  0.01  0.01  [0.78333599]  0.4161680178563525  13.920052844533913  13.920052844533913  1.0  0.812  0.135  0.053  0.85  0.15  0.85  0.15
1  3.5  1.75  0.01  0.01  [0.99134409]  1.1196604766471416  14.476395516724955  14.476395516724955  1.0  0.875  0.09  0.035  0.85  0.15  0.85  0.15
1  3.5  1.75  0.01  0.01  [0.84172876]  0.6350280705716485  14.135141420046493  14.135141420046493  1.0  0.832  0.121  0.048  0.85  0.15  0.85  0.15
1  3.5  1.75  0.01  0.01  [0.79277169]  0.45311529383436483  13.911021255228533  13.911021255228533  1.0  0.815  0.132  0.052  0.85  0.15  0.85  0.15
1  3.5  1.75  0.01  0.01  [0.78073457]  0.40519811742758394  13.922904695006055  13.922904695006055  1.0  0.811  0.135  0.054  0.85  0.15  0.85  0.15
1  3.5  1.75  0.01  0.01  [0.94506294]  0.9960103511622667  14.399191022582283  14.399191022582283  1.0  0.863  0.099  0.038  0.85  0.15  0.85  0.15
1  3.5  1.75  0.01  0.01  [1.40063511]  2.5384772943570932  32.833352483384104  32.833352483384104  1.0  0.951  0.038  0.011  0.85  0.15  0.85  0.15
1  3.5  1.75  0.01  0.01  [1.21473971]  1.9610383577560053  24.13807894863814  24.13807894863814  1.0  0.924  0.057  0.019  0.85  0.15  0.85  0.15
1  3.5  1.75  0.01  0.01  [0.77692188]  0.39049986573071216  13.924853945648927  13.924853945648927  1.0  0.81  0.136  0.054  0.85  0.15  0.85  0.15
1  3.5  1.75  0.01  0.01  [1.16906698]  1.6288294695070205  18.209121464913224  18.209121464913224  1.0  0.915  0.063  0.022  0.85  0.15  0.85  0.15
1  3.5  1.75  0.01  0.01  [0.7928691]  0.4537927644725982  13.911021264987662  13.911021264987662  1.0  0.815  0.132  0.052  0.85  0.15  0.85  0.15
1  3.5  1.75  0.01  0.01  [0.83322464]  0.6057473083361169  14.027029906085575  14.027029906085575  1.0  0.829  0.123  0.049  0.85  0.15  0.85  0.15
1  3.5  1.75  0.01  0.01  [1.19189954]  1.6074197577518186  17.255002700923754  17.255002700923754  1.0  0.92  0.06  0.021  0.85  0.15  0.85  0.15
1  3.5  1.75  0.01  0.01  [0.84361333]  0.642276519538014  14.131134706085003  14.131134706085003  1.0  0.832  0.12  0.048  0.85  0.15  0.85  0.15
1  3.5  1.75  0.01  0.01  [1.12660208]  1.4852407570938981  16.29123922970185  16.29123922970185  1.0  0.907  0.069  0.025  0.85  0.15  0.85  0.15
1  3.5  1.75  0.01  0.01  [0.96431072]  1.0497669143283226  14.417908776734478  14.417908776734478  1.0  0.868  0.095  0.037  0.85  0.15  0.85  0.15
1  3.5  1.75  0.01  0.01  [0.94794492]  1.0040094047308534  14.402399456171112  14.402399456171112  1.0  0.864  0.098  0.038  0.85  0.15  0.85  0.15
1  3.5  1.75  0.01  0.01  [0.93243228]  0.9611408104311674  14.395006331641909  14.395006331641909  1.0  0.859  0.101  0.039  0.85  0.15  0.85  0.15
1  3.5  1.75  0.01  0.01  [1.17000551]  1.568591974063562  16.79661703219887  16.79661703219887  1.0  0.915  0.063  0.022  0.85  0.15  0.85  0.15
1  3.5  1.75  0.01  0.01  [1.1702683]  1.7249738058973914  20.274279983529663  20.274279983529663  1.0  0.916  0.063  0.022  0.85  0.15  0.85  0.15
1  3.5  1.75  0.01  0.01  [0.9787323]  1.086234989461632  14.44186695274974  14.44186695274974  1.0  0.872  0.093  0.036  0.85  0.15  0.85  0.15
1  3.5  1.75  0.01  0.01  [0.83467549]  0.6109833580913451  14.02387418561095  14.02387418561095  1.0  0.829  0.122  0.048  0.85  0.15  0.85  0.15
1  3.5  1.75  0.01  0.01  [0.84991393]  0.7047030735847473  14.471568778413323  14.471568778413323  1.0  0.834  0.119  0.047  0.85  0.15  0.85  0.15
