3.5  1.75  0.01  0.01  0.2561168826617709  0.06933740551291737  1.879181304673147  14.689766398490695  14.689766398490695  1.0  0.645  0.344  0.011  0.645  0.355  0.645  0.355  True
3.5  1.75  0.01  0.01  0.2582408131838917  0.07418671849721523  1.8990299844313496  14.68901494954583  14.68901494954583  1.0  0.646  0.343  0.011  0.645  0.355  0.645  0.355  True
3.5  1.75  0.01  0.01  0.3586423828242124  -0.20942886596394167  2.524621447627969  14.705771047500898  14.705771047500898  1.0  0.66  0.33  0.01  0.645  0.355  0.645  0.355  True
3.5  1.75  0.01  0.01  0.27708153451111417  -0.001272739410807181  1.8993436444563523  14.67797410803321  14.67797410803321  1.0  0.647  0.343  0.011  0.645  0.355  0.645  0.355  True
3.5  1.75  0.01  0.01  0.24297945830442927  0.15074902808208285  2.212757213049926  14.644730178866185  14.644730178866185  1.0  0.649  0.34  0.011  0.645  0.355  0.645  0.355  True
3.5  1.75  0.01  0.01  0.2889901948064718  -0.010371020195500655  2.2123973064480422  14.640395196414016  14.640395196414016  1.0  0.651  0.338  0.011  0.645  0.355  0.645  0.355  True
3.5  1.75  0.01  0.01  0.26298943065404656  -0.2188917077022834  0.8584825615873848  15.16437995840199  15.16437995840199  1.0  0.609  0.38  0.011  0.645  0.355  0.645  0.355  True
3.5  1.75  0.01  0.01  0.3029763700517507  -0.08774915654272117  1.9097127112431915  14.665768741579777  14.665768741579777  1.0  0.648  0.341  0.011  0.645  0.355  0.645  0.355  True
3.5  1.75  0.01  0.01  0.27781575700518374  0.0011167620687187615  1.90945735346035  14.677981485825109  14.677981485825109  1.0  0.647  0.342  0.011  0.645  0.355  0.645  0.355  True
3.5  1.75  0.01  0.01  0.3611012281995417  -0.295224527005142  1.8997082311024158  14.646913077368753  14.646913077368753  1.0  0.649  0.341  0.01  0.645  0.355  0.645  0.355  True
3.5  1.75  0.01  0.01  0.2717006947435002  0.04961254336526662  2.212408204737636  14.641095886411318  14.641095886411318  1.0  0.65  0.339  0.011  0.645  0.355  0.645  0.355  True
3.5  1.75  0.01  0.01  0.2874160651542983  -0.012645438900746247  2.1922646444206464  14.63942912375604  14.63942912375604  1.0  0.651  0.339  0.011  0.645  0.355  0.645  0.355  True
3.5  1.75  0.01  0.01  0.31794058959420024  -0.10502694605731103  1.8899957860197605  14.66413912220408  14.66413912220408  1.0  0.653  0.337  0.01  0.645  0.355  0.645  0.355  True
3.5  1.75  0.01  0.01  0.1943247055421481  0.3219366760902267  2.2123255340763506  14.658096679721663  14.658096679721663  1.0  0.646  0.343  0.011  0.645  0.355  0.645  0.355  True
3.5  1.75  0.01  0.01  0.2806399741537823  -0.007880830985917964  1.9096719967172393  14.676507207814254  14.676507207814254  1.0  0.647  0.342  0.011  0.645  0.355  0.645  0.355  True
3.5  1.75  0.01  0.01  0.5479476674958668  -0.9397270705588208  1.9292457644991459  14.668706266232206  14.668706266232206  1.0  0.649  0.344  0.007  0.645  0.355  0.645  0.355  True
3.5  1.75  0.01  0.01  0.1965543837285778  0.2945360805134265  1.8998579616962024  14.733169707397314  14.733169707397314  1.0  0.643  0.346  0.011  0.645  0.355  0.645  0.355  True
3.5  1.75  0.01  0.01  0.21500293726004038  0.4349999234785581  2.2020070849640696  14.675207282974833  14.675207282974833  1.0  0.671  0.318  0.011  0.645  0.355  0.645  0.355  True
3.5  1.75  0.01  0.01  -0.10565086885217728  0.10502293716151645  2.2020423780166904  14.792724854828554  14.792724854828554  1.0  0.45  0.538  0.013  0.645  0.355  0.645  0.355  True
3.5  1.75  0.01  0.01  0.12958821202314802  0.5527636032273364  2.2322733244732165  14.690827006155162  14.690827006155162  1.0  0.642  0.346  0.012  0.645  0.355  0.645  0.355  True
3.5  1.75  0.01  0.01  0.2561956032509204  0.08490790600657683  1.9198105530567853  14.69131822596225  14.69131822596225  1.0  0.646  0.343  0.011  0.645  0.355  0.645  0.355  True
3.5  1.75  0.01  0.01  0.29162139865261416  -0.1650023257504304  1.8995879455089728  14.658414122416975  14.658414122416975  1.0  0.631  0.358  0.011  0.645  0.355  0.645  0.355  True
3.5  1.75  0.01  0.01  0.32641076506627864  -0.17196664483816446  1.919575296337848  14.657008178349354  14.657008178349354  1.0  0.649  0.34  0.01  0.645  0.355  0.645  0.355  True
3.5  1.75  0.01  0.01  -0.07972818790904328  0.3850007218039152  2.1929452718370688  14.741990903105988  14.741990903105988  1.0  0.505  0.483  0.013  0.645  0.355  0.645  0.355  True
3.5  1.75  0.01  0.01  0.22979581697599089  0.17449041721859976  1.899526522068888  14.707294535388778  14.707294535388778  1.0  0.645  0.344  0.011  0.645  0.355  0.645  0.355  True
3.5  1.75  0.01  0.01  0.350967224358801  -0.14500142978387892  1.91823621032764  14.66081920904116  14.66081920904116  1.0  0.665  0.326  0.01  0.645  0.355  0.645  0.355  True
3.5  1.75  0.01  0.01  0.232220766420965  0.024997707137331605  1.9382995267564025  14.686104949813005  14.686104949813005  1.0  0.626  0.363  0.011  0.645  0.355  0.645  0.355  True
3.5  1.75  0.01  0.01  0.39892238833966254  -0.45500099985206033  1.9099925304522856  14.64063970854752  14.64063970854752  1.0  0.647  0.344  0.009  0.645  0.355  0.645  0.355  True
3.5  1.75  0.01  0.01  0.2695399112266739  -0.004959571963839861  2.1900289127636214  14.64076119572701  14.64076119572701  1.0  0.643  0.346  0.011  0.645  0.355  0.645  0.355  True
3.5  1.75  0.01  0.01  0.08880540071186804  0.6926568702902914  2.2021285292768313  14.72079473702023  14.72079473702023  1.0  0.64  0.348  0.012  0.645  0.355  0.645  0.355  True
3.5  1.75  0.01  0.01  0.057792502567505816  0.1369804956606427  1.8489934923584213  14.568854127079279  14.568854127079279  1.0  0.546  0.441  0.013  0.85  0.15  0.85  0.15  True
3.5  1.75  0.01  0.01  0.7103582944587504  0.031341204246850385  1.858489994170089  14.14108368843635  14.14108368843635  1.0  0.835  0.161  0.004  0.85  0.15  0.85  0.15  True
3.5  1.75  0.01  0.01  0.7610732843499608  -0.16141940137927097  1.8287383698376265  14.137023331759936  14.137023331759936  1.0  0.833  0.163  0.003  0.85  0.15  0.85  0.15  True
3.5  1.75  0.01  0.01  0.6691898300254727  0.22257831378212123  2.2396052100601866  14.14739738416069  14.14739738416069  1.0  0.84  0.156  0.004  0.85  0.15  0.85  0.15  True
3.5  1.75  0.01  0.01  0.7923548969767321  -0.2761597048286234  1.8088864796374275  14.138312333522453  14.138312333522453  1.0  0.831  0.165  0.003  0.85  0.15  0.85  0.15  True
3.5  1.75  0.01  0.01  0.6720774104510359  0.17010951965412147  1.8784750406707276  14.14896783155088  14.14896783155088  1.0  0.836  0.16  0.004  0.85  0.15  0.85  0.15  True
3.5  1.75  0.01  0.01  0.7299179387626515  -0.017465645373855084  1.878227834294689  14.139133249513948  14.139133249513948  1.0  0.837  0.159  0.004  0.85  0.15  0.85  0.15  True
3.5  1.75  0.01  0.01  0.7177967852338769  0.020548064151294995  1.8783224157846652  14.140338230242216  14.140338230242216  1.0  0.837  0.159  0.004  0.85  0.15  0.85  0.15  True
3.5  1.75  0.01  0.01  -0.011118110615939047  -0.13499979640634674  1.8086850633310985  14.780567435362771  14.780567435362771  1.0  0.469  0.518  0.013  0.85  0.15  0.85  0.15  True
3.5  1.75  0.01  0.01  0.7414502986162055  -0.07766286540750082  1.8482398910608755  14.137477915686572  14.137477915686572  1.0  0.835  0.161  0.004  0.85  0.15  0.85  0.15  True
3.5  1.75  0.01  0.01  0.7623386068792418  -0.797474389391766  0.9923042330576298  14.520044526545801  14.520044526545801  1.0  0.76  0.236  0.004  0.85  0.15  0.85  0.15  True
3.5  1.75  0.01  0.01  0.544247163051842  -0.265358520493309  0.294254147345835  15.031210666246832  15.031210666246832  1.0  0.74  0.253  0.007  0.85  0.15  0.85  0.15  True
3.5  1.75  0.01  0.01  0.8258456119823308  -0.4010839121936097  1.7983943002933085  14.141958670028936  14.141958670028936  1.0  0.829  0.168  0.003  0.85  0.15  0.85  0.15  True
3.5  1.75  0.01  0.01  0.7033904938950029  0.055633256954537025  1.8686630272234876  14.142159803997863  14.142159803997863  1.0  0.836  0.16  0.004  0.85  0.15  0.85  0.15  True
3.5  1.75  0.01  0.01  0.7116346558787028  0.0382236864677771  1.878507316727145  14.14111241903693  14.14111241903693  1.0  0.837  0.159  0.004  0.85  0.15  0.85  0.15  True
3.5  1.75  0.01  0.01  0.7073141541876966  0.09499931919555328  1.8981624551887646  14.14422739267932  14.14422739267932  1.0  0.84  0.156  0.004  0.85  0.15  0.85  0.15  True
3.5  1.75  0.01  0.01  0.8535413880939826  -0.5110270042389999  1.7785914154003228  14.148500252919257  14.148500252919257  1.0  0.826  0.171  0.003  0.85  0.15  0.85  0.15  True
3.5  1.75  0.01  0.01  0.6995174852786804  0.08315670829476321  1.8781918814520864  14.143006205957711  14.143006205957711  1.0  0.837  0.159  0.004  0.85  0.15  0.85  0.15  True
3.5  1.75  0.01  0.01  0.8565620942448083  -0.5247179234081476  1.7782390095240492  14.149129646994027  14.149129646994027  1.0  0.826  0.171  0.003  0.85  0.15  0.85  0.15  True
3.5  1.75  0.01  0.01  0.6741422067798764  0.1713239863628162  1.8885122749620356  14.148587246689738  14.148587246689738  1.0  0.837  0.159  0.004  0.85  0.15  0.85  0.15  True
3.5  1.75  0.01  0.01  0.8843386921274585  -0.6406284065466767  1.7486328605596555  14.160041267133911  14.160041267133911  1.0  0.822  0.176  0.002  0.85  0.15  0.85  0.15  True
3.5  1.75  0.01  0.01  0.683741131160693  0.1774511534637621  2.249558941764835  14.148307313236296  14.148307313236296  1.0  0.841  0.155  0.004  0.85  0.15  0.85  0.15  True
3.5  1.75  0.01  0.01  0.8014634254484173  -0.20499947041338945  2.249948952188099  14.170745721259184  14.170745721259184  1.0  0.842  0.155  0.003  0.85  0.15  0.85  0.15  True
3.5  1.75  0.01  0.01  0.8092122006919416  -0.32391824069772984  1.8283369280291022  14.13864970631608  14.13864970631608  1.0  0.833  0.164  0.003  0.85  0.15  0.85  0.15  True
3.5  1.75  0.01  0.01  0.7125793279283958  0.03368835447662735  1.8684130727116028  14.140698066611467  14.140698066611467  1.0  0.836  0.16  0.004  0.85  0.15  0.85  0.15  True
3.5  1.75  0.01  0.01  0.7308093878264899  -0.03223087494393175  1.8680683924912185  14.138546925191616  14.138546925191616  1.0  0.836  0.16  0.004  0.85  0.15  0.85  0.15  True
3.5  1.75  0.01  0.01  0.04461492052085819  0.8049984961679271  1.8021535491680165  14.505474139597627  14.505474139597627  1.0  0.632  0.356  0.012  0.85  0.15  0.85  0.15  True
3.5  1.75  0.01  0.01  0.8073084388348828  -0.3269630174631616  1.8086038655176617  14.139232627365677  14.139232627365677  1.0  0.831  0.166  0.003  0.85  0.15  0.85  0.15  True
3.5  1.75  0.01  0.01  0.7807609468264768  -0.22501220341261619  1.8080296935302225  14.138094201129245  14.138094201129245  1.0  0.833  0.164  0.003  0.85  0.15  0.85  0.15  True
3.5  1.75  0.01  0.01  0.6203748937718592  0.27499903448506485  1.8989398170202987  14.15756812241327  14.15756812241327  1.0  0.828  0.167  0.005  0.85  0.15  0.85  0.15  True
3.5  1.75  0.01  0.01  0.16869953861770037  0.22984380810974936  0.9342521437959139  15.171216580179992  15.171216580179992  1.0  0.62  0.368  0.012  0.645  0.355  0.645  0.355  True
3.5  1.75  0.01  0.01  0.4223521875037094  -0.4987796051744817  1.9396864140503203  14.640226427314316  14.640226427314316  1.0  0.653  0.338  0.009  0.645  0.355  0.645  0.355  True
3.5  1.75  0.01  0.01  0.4142693252876085  -0.483945846149919  1.9193507463760275  14.640020140124136  14.640020140124136  1.0  0.651  0.34  0.009  0.645  0.355  0.645  0.355  True
3.5  1.75  0.01  0.01  0.3179492734165794  -0.13742820146959367  1.9195765784259067  14.660156865203056  14.660156865203056  1.0  0.649  0.341  0.01  0.645  0.355  0.645  0.355  True
3.5  1.75  0.01  0.01  -0.040912664612821524  -0.24483905958125773  1.8790199887167167  14.828244581019254  14.828244581019254  1.0  0.436  0.551  0.013  0.645  0.355  0.645  0.355  True
3.5  1.75  0.01  0.01  0.33674903532245093  -0.21148394927874614  1.9094623696691095  14.653175460047981  14.653175460047981  1.0  0.649  0.341  0.01  0.645  0.355  0.645  0.355  True
3.5  1.75  0.01  0.01  0.38475371796085067  -0.37858997436033304  1.9097174506431356  14.64257687163647  14.64257687163647  1.0  0.65  0.34  0.009  0.645  0.355  0.645  0.355  True
3.5  1.75  0.01  0.01  0.2824683102923055  0.005358918195902466  2.2024359135028346  14.639908295348272  14.639908295348272  1.0  0.651  0.339  0.011  0.645  0.355  0.645  0.355  True
3.5  1.75  0.01  0.01  0.24217075616090217  0.1263366593256689  1.9195178681306229  14.700390089023411  14.700390089023411  1.0  0.646  0.343  0.011  0.645  0.355  0.645  0.355  True
3.5  1.75  0.01  0.01  0.42727520450168704  -0.5286937653113026  1.909433198531336  14.640368770239526  14.640368770239526  1.0  0.651  0.34  0.009  0.645  0.355  0.645  0.355  True
3.5  1.75  0.01  0.01  0.10012851082865594  0.6249708549596231  2.2220038187785596  14.704323056880796  14.704323056880796  1.0  0.636  0.352  0.012  0.645  0.355  0.645  0.355  True
3.5  1.75  0.01  0.01  0.2939762502859977  -0.03078001708869612  2.2025799000382786  14.639712405576246  14.639712405576246  1.0  0.651  0.338  0.011  0.645  0.355  0.645  0.355  True
3.5  1.75  0.01  0.01  0.285444913725187  -0.029628556610041823  1.899617394218954  14.673682868408006  14.673682868408006  1.0  0.647  0.342  0.011  0.645  0.355  0.645  0.355  True
3.5  1.75  0.01  0.01  0.29601049143930747  -0.0426064251437498  2.1929010168253287  14.639349322330357  14.639349322330357  1.0  0.651  0.338  0.011  0.645  0.355  0.645  0.355  True
3.5  1.75  0.01  0.01  0.27707247705186755  0.0022397953452439226  1.8995194413954084  14.67797410735551  14.67797410735551  1.0  0.647  0.343  0.011  0.645  0.355  0.645  0.355  True
3.5  1.75  0.01  0.01  0.39150654094209814  -0.39678408612590627  1.9194258870319674  14.641669468205512  14.641669468205512  1.0  0.651  0.34  0.009  0.645  0.355  0.645  0.355  True
3.5  1.75  0.01  0.01  0.2415265448241744  0.15654792335394624  2.23249360310773  14.64677928945413  14.64677928945413  1.0  0.649  0.34  0.011  0.645  0.355  0.645  0.355  True
3.5  1.75  0.01  0.01  0.23663379309153065  0.17332004491501196  2.20230188917698  14.645606297605115  14.645606297605115  1.0  0.648  0.341  0.011  0.645  0.355  0.645  0.355  True
3.5  1.75  0.01  0.01  0.21211978622432537  0.25725517516435426  2.2226391734569506  14.65267889897064  14.65267889897064  1.0  0.647  0.341  0.011  0.645  0.355  0.645  0.355  True
3.5  1.75  0.01  0.01  0.29217252907552593  -0.05765145720526002  1.8797664459130665  14.670757584880858  14.670757584880858  1.0  0.646  0.343  0.011  0.645  0.355  0.645  0.355  True
3.5  1.75  0.01  0.01  0.4382895058176188  -0.5648468181686073  1.9293617470749744  14.640200530089286  14.640200530089286  1.0  0.652  0.339  0.009  0.645  0.355  0.645  0.355  True
3.5  1.75  0.01  0.01  0.28013429128629463  -0.005006731887150406  1.8988901660519202  14.67717850194652  14.67717850194652  1.0  0.647  0.342  0.011  0.645  0.355  0.645  0.355  True
3.5  1.75  0.01  0.01  0.2958511592725778  -0.0445495188674625  2.1906808465301038  14.640338017059833  14.640338017059833  1.0  0.651  0.338  0.011  0.645  0.355  0.645  0.355  True
3.5  1.75  0.01  0.01  0.15489619256703724  0.45847661681096197  2.222663682136936  14.675983568784183  14.675983568784183  1.0  0.644  0.345  0.012  0.645  0.355  0.645  0.355  True
3.5  1.75  0.01  0.01  0.36294004863312623  -0.3086587132219295  1.8892758189389824  14.647058782182556  14.647058782182556  1.0  0.649  0.341  0.01  0.645  0.355  0.645  0.355  True
3.5  1.75  0.01  0.01  0.3259887297607941  -0.17499214879055813  2.192377657096951  14.64221889827539  14.64221889827539  1.0  0.649  0.341  0.01  0.645  0.355  0.645  0.355  True
3.5  1.75  0.01  0.01  0.29176897073258545  -0.04505265961304328  1.909285689582777  14.670903508370818  14.670903508370818  1.0  0.648  0.342  0.011  0.645  0.355  0.645  0.355  True
3.5  1.75  0.01  0.01  0.07365796345813158  0.33498919098619373  2.1983140982211573  14.677010458880016  14.677010458880016  1.0  0.582  0.406  0.012  0.645  0.355  0.645  0.355  True
3.5  1.75  0.01  0.01  0.22768484273783102  0.19498944876246305  2.192984664496909  14.647014797677334  14.647014797677334  1.0  0.646  0.343  0.011  0.645  0.355  0.645  0.355  True
3.5  1.75  0.01  0.01  0.31905423747310196  -0.12499951842618914  2.1901652392446187  14.641453423947587  14.641453423947587  1.0  0.652  0.337  0.01  0.645  0.355  0.645  0.355  True
3.5  1.75  0.01  0.01  0.7125122742516505  0.027636317470586553  1.8686248354240291  14.14069806631775  14.14069806631775  1.0  0.836  0.16  0.004  0.85  0.15  0.85  0.15  True
3.5  1.75  0.01  0.01  0.7700519985770522  -0.18847353413712947  1.8286863635756523  14.136787708420297  14.136787708420297  1.0  0.833  0.163  0.003  0.85  0.15  0.85  0.15  True
3.5  1.75  0.01  0.01  0.7155495666147975  0.017221410302565326  1.86839065532603  14.140268191536736  14.140268191536736  1.0  0.836  0.16  0.004  0.85  0.15  0.85  0.15  True
3.5  1.75  0.01  0.01  0.7648996081113693  -0.153480412639671  1.8585940020423382  14.136687745631383  14.136687745631383  1.0  0.836  0.161  0.003  0.85  0.15  0.85  0.15  True
3.5  1.75  0.01  0.01  0.7911481453122691  -0.25727032524515037  1.8282521806197878  14.137208843975621  14.137208843975621  1.0  0.833  0.164  0.003  0.85  0.15  0.85  0.15  True
3.5  1.75  0.01  0.01  0.8084682560700767  -0.3510449580728896  1.7885021787960365  14.14111467076403  14.14111467076403  1.0  0.829  0.168  0.003  0.85  0.15  0.85  0.15  True
3.5  1.75  0.01  0.01  0.7797276840929039  -0.23144623142661896  1.818379281884151  14.1373125423979  14.1373125423979  1.0  0.832  0.164  0.003  0.85  0.15  0.85  0.15  True
3.5  1.75  0.01  0.01  0.7315531685184489  -0.043577151342886915  1.8582871495334512  14.138286368595754  14.138286368595754  1.0  0.836  0.161  0.004  0.85  0.15  0.85  0.15  True
3.5  1.75  0.01  0.01  0.7272778377246243  0.03655175490511811  2.249342054437715  14.151473294387342  14.151473294387342  1.0  0.842  0.155  0.004  0.85  0.15  0.85  0.15  True
3.5  1.75  0.01  0.01  0.7299145021726638  -0.01519793626727783  1.8785091546461008  14.13913324972837  14.13913324972837  1.0  0.837  0.159  0.004  0.85  0.15  0.85  0.15  True
3.5  1.75  0.01  0.01  0.7589030868828248  -0.1319945812525514  1.8585077040610738  14.13672576790813  14.13672576790813  1.0  0.836  0.161  0.003  0.85  0.15  0.85  0.15  True
3.5  1.75  0.01  0.01  0.6933702476101986  0.09929660480079176  1.8784062668505563  14.144126678204692  14.144126678204692  1.0  0.837  0.159  0.004  0.85  0.15  0.85  0.15  True
3.5  1.75  0.01  0.01  0.8192800586926694  -0.3735632527346624  1.8082107759925687  14.140465933729434  14.140465933729434  1.0  0.831  0.166  0.003  0.85  0.15  0.85  0.15  True
3.5  1.75  0.01  0.01  0.7545432196175551  -0.08219227416188302  1.84899682328263  14.137661321917728  14.137661321917728  1.0  0.839  0.157  0.004  0.85  0.15  0.85  0.15  True
3.5  1.75  0.01  0.01  0.6425880134076324  0.2819416666439094  1.8988488395000918  14.157880496571025  14.157880496571025  1.0  0.837  0.159  0.005  0.85  0.15  0.85  0.15  True
3.5  1.75  0.01  0.01  0.733833745670216  -0.03506650804610685  1.8685152213519172  14.13828797936124  14.13828797936124  1.0  0.836  0.16  0.004  0.85  0.15  0.85  0.15  True
3.5  1.75  0.01  0.01  0.7988288131801979  -0.22499792408015945  2.2496638824866717  14.173217474697633  14.173217474697633  1.0  0.839  0.158  0.003  0.85  0.15  0.85  0.15  True
3.5  1.75  0.01  0.01  0.7001573791364211  0.12009616604419684  2.239678467633062  14.14704435502798  14.14704435502798  1.0  0.841  0.155  0.004  0.85  0.15  0.85  0.15  True
3.5  1.75  0.01  0.01  0.6754286234464357  0.2044270169625071  2.2397024508055736  14.147075783824427  14.147075783824427  1.0  0.84  0.156  0.004  0.85  0.15  0.85  0.15  True
3.5  1.75  0.01  0.01  0.9642925000554676  -0.9618700893595467  1.6987052458411682  14.203314430487266  14.203314430487266  1.0  0.807  0.191  0.002  0.85  0.15  0.85  0.15  True
3.5  1.75  0.01  0.01  0.721623228984692  0.0042864984283357225  1.8685274314814655  14.13949420182327  14.13949420182327  1.0  0.836  0.16  0.004  0.85  0.15  0.85  0.15  True
3.5  1.75  0.01  0.01  0.6833453727433854  0.13930158890361055  1.888396585539689  14.146512203790182  14.146512203790182  1.0  0.837  0.159  0.004  0.85  0.15  0.85  0.15  True
3.5  1.75  0.01  0.01  0.5744808989974024  0.29498604447140353  1.88825270007961  14.163818194010451  14.163818194010451  1.0  0.814  0.18  0.006  0.85  0.15  0.85  0.15  True
3.5  1.75  0.01  0.01  0.6810896186229793  0.12348646494221147  1.8483594665296146  14.147976070183024  14.147976070183024  1.0  0.834  0.161  0.004  0.85  0.15  0.85  0.15  True
3.5  1.75  0.01  0.01  0.7719055574009803  -0.1549550862524821  1.8883666448882965  14.139864067934628  14.139864067934628  1.0  0.838  0.159  0.003  0.85  0.15  0.85  0.15  True
3.5  1.75  0.01  0.01  0.6377519241149354  0.3649553858167117  2.2995406171909787  14.16200558448495  14.16200558448495  1.0  0.842  0.153  0.005  0.85  0.15  0.85  0.15  True
3.5  1.75  0.01  0.01  0.5337597167881658  0.5749990855788043  2.2723263080171336  14.17458802068548  14.17458802068548  1.0  0.826  0.168  0.006  0.85  0.15  0.85  0.15  True
3.5  1.75  0.01  0.01  0.6473257022091544  0.25496286072299024  1.8789984737699834  14.156275388447828  14.156275388447828  1.0  0.835  0.16  0.005  0.85  0.15  0.85  0.15  True
3.5  1.75  0.01  0.01  0.5920192197468965  0.4449908530014721  1.9180384024786095  14.176124819011605  14.176124819011605  1.0  0.834  0.161  0.005  0.85  0.15  0.85  0.15  True
3.5  1.75  0.01  0.01  0.6517513483437372  0.25384444692405006  1.8984159136595096  14.154999046547246  14.154999046547246  1.0  0.837  0.159  0.005  0.85  0.15  0.85  0.15  True
