0.5374999999999999   0.44999999999999996
0.59375   0.4249999999999998
0.6468749999999999   0.31249999999999956
0.7859375000000002   0.20624999999999916
0.8390625   0.09374999999999889
0.8390625   0.09374999999999889
0.8265625000000002   0.143749999999999
0.8265625000000002   0.143749999999999
0.8265625000000002   0.143749999999999
0.8265625000000002   0.143749999999999
0.8265625000000002   0.143749999999999
0.8265625000000002   0.143749999999999
0.8265625000000002   0.143749999999999
0.8246948242187502   0.13676757812499898
0.8246948242187502   0.13676757812499898
0.8202758789062501   0.14116210937499898
0.8202758789062501   0.14116210937499898
0.8202758789062501   0.14116210937499898
0.8211784362792969   0.14192199707031145
0.8211784362792969   0.14192199707031145
0.8211784362792969   0.14192199707031145
0.8203361988067628   0.14155101776122944
0.8203361988067628   0.14155101776122944
0.8207197576761246   0.14181054830551043
0.8206989876925945   0.14159758388996024
0.8205227857455611   0.1416275419294824
0.8206653221976012   0.1417115556076159
0.8206465208320879   0.1416335663292547
0.8205893536302029   0.14165005144895884
0.8205893536302029   0.14165005144895884
