0  3.5  1.75  0.01  0.01  1.1026995297166944  -0.7801845841226982  1.197616262580468  16.262114097885775  16.262114097885775  1.0  0.835  0.132  0.033  0.775  0.225  0.775  0.225
0  3.5  1.75  0.01  0.01  0.4514518868424852  0.550315051696942  0.49341262020407545  14.25476363435272  14.25476363435272  1.0  0.742  0.181  0.077  0.775  0.225  0.775  0.225
0  3.5  1.75  0.01  0.01  0.8021065989153803  -0.3044035404660459  0.7761363413834057  14.479715120070372  14.479715120070372  1.0  0.787  0.157  0.055  0.775  0.225  0.775  0.225
0  3.5  1.75  0.01  0.01  0.9941042047437482  -0.41422424470317454  1.307605453930402  16.98592508968177  16.98592508968177  1.0  0.841  0.121  0.039  0.775  0.225  0.775  0.225
0  3.5  1.75  0.01  0.01  0.8162927372184913  0.0515214045630874  1.3125897695851614  17.318719116556547  17.318719116556547  1.0  0.828  0.123  0.049  0.775  0.225  0.775  0.225
0  3.5  1.75  0.01  0.01  0.8737730396725313  -0.6811609690774489  0.5671994129080367  14.155897908814348  14.155897908814348  1.0  0.77  0.178  0.052  0.775  0.225  0.775  0.225
0  3.5  1.75  0.01  0.01  0.6960060756275693  -0.059795888010356624  0.6954008166832739  14.234722929997508  14.234722929997508  1.0  0.773  0.164  0.063  0.775  0.225  0.775  0.225
0  3.5  1.75  0.01  0.01  0.9429624760918268  -0.8551339507330831  0.5968162210711854  14.201902719391498  14.201902719391498  1.0  0.774  0.18  0.047  0.775  0.225  0.775  0.225
0  3.5  1.75  0.01  0.01  1.635116136367231  -0.8387260041224509  2.4934729738329513  37.74694327432921  37.74694327432921  1.0  0.936  0.057  0.007  0.775  0.225  0.775  0.225
0  3.5  1.75  0.01  0.01  0.7720980349450683  -0.06088985268197278  1.0353625403904647  15.197053307887005  15.197053307887005  1.0  0.802  0.143  0.055  0.775  0.225  0.775  0.225
0  3.5  1.75  0.01  0.01  0.5791011613915272  0.2972321363821584  0.7408204823646961  14.320707777416363  14.320707777416363  1.0  0.766  0.164  0.069  0.775  0.225  0.775  0.225
0  3.5  1.75  0.01  0.01  0.6388625964279503  0.07548286937367288  0.6589439956545241  14.194321915145235  14.194321915145235  1.0  0.766  0.167  0.067  0.775  0.225  0.775  0.225
0  3.5  1.75  0.01  0.01  1.2548300217582864  -0.9295164176981525  1.3935709245472006  18.584696849933074  18.584696849933074  1.0  0.86  0.117  0.023  0.775  0.225  0.775  0.225
0  3.5  1.75  0.01  0.01  0.8825542933406164  -0.7044329505971416  0.5743121041322169  14.163767771186833  14.163767771186833  1.0  0.771  0.178  0.051  0.775  0.225  0.775  0.225
0  3.5  1.75  0.01  0.01  1.2846360758492688  -0.843838880743716  1.5916824574939104  22.89617872654765  22.89617872654765  1.0  0.876  0.103  0.021  0.775  0.225  0.775  0.225
0  3.5  1.75  0.01  0.01  0.36403415857434024  0.9252322485737248  0.8850943539187581  15.182108449996955  15.182108449996955  1.0  0.75  0.173  0.077  0.775  0.225  0.775  0.225
0  3.5  1.75  0.01  0.01  0.9631595110036505  -0.007527636426807316  1.758748078356643  25.595824254834987  25.595824254834987  1.0  0.867  0.096  0.037  0.775  0.225  0.775  0.225
0  3.5  1.75  0.01  0.01  1.103724429682869  -0.7606317692904274  1.2187849953044232  16.348358750860637  16.348358750860637  1.0  0.838  0.13  0.032  0.775  0.225  0.775  0.225
0  3.5  1.75  0.01  0.01  0.6543656250508245  0.6001026518761114  1.704642160642251  24.13643805176946  24.13643805176946  1.0  0.825  0.119  0.056  0.775  0.225  0.775  0.225
0  3.5  1.75  0.01  0.01  0.45741258111245087  0.6658930754502204  0.8693767840497449  15.08512457605701  15.08512457605701  1.0  0.758  0.168  0.074  0.775  0.225  0.775  0.225
0  3.5  1.75  0.01  0.01  0.6225102208763191  0.19424975414658507  0.760256421777584  14.368267847383969  14.368267847383969  1.0  0.772  0.162  0.067  0.775  0.225  0.775  0.225
0  3.5  1.75  0.01  0.01  0.8803948571649897  -0.648654399201112  0.6247093065715534  14.19327645736903  14.19327645736903  1.0  0.776  0.173  0.051  0.775  0.225  0.775  0.225
0  3.5  1.75  0.01  0.01  0.6243466940617944  -0.038090005742251964  0.3961249424713102  14.161464491780205  14.161464491780205  1.0  0.746  0.184  0.07  0.775  0.225  0.775  0.225
0  3.5  1.75  0.01  0.01  0.9348969562901107  -0.8066980207196564  0.6240783497791088  14.218659966584271  14.218659966584271  1.0  0.777  0.176  0.047  0.775  0.225  0.775  0.225
0  3.5  1.75  0.01  0.01  0.40322554396377075  0.7549288136048329  0.6240340692985762  14.304283635633439  14.304283635633439  1.0  0.745  0.178  0.078  0.775  0.225  0.775  0.225
0  3.5  1.75  0.01  0.01  0.7387911031275813  -0.3932196103077261  0.4127292814324999  14.130336611960251  14.130336611960251  1.0  0.752  0.185  0.063  0.775  0.225  0.775  0.225
0  3.5  1.75  0.01  0.01  0.5565939318981928  0.24291997798159226  0.5160780715192544  14.17883056660426  14.17883056660426  1.0  0.75  0.177  0.073  0.775  0.225  0.775  0.225
0  3.5  1.75  0.01  0.01  1.0588293059108742  -0.011127113871204575  2.1970434343981746  34.13177771905418  34.13177771905418  1.0  0.891  0.079  0.029  0.775  0.225  0.775  0.225
0  3.5  1.75  0.01  0.01  1.2582202732189725  -0.5475450014679659  2.1255118726728988  33.45992366147449  33.45992366147449  1.0  0.895  0.084  0.021  0.775  0.225  0.775  0.225
0  3.5  1.75  0.01  0.01  0.6159159398593582  -0.0042824476889440355  0.41872871883827867  14.160046915934794  14.160046915934794  1.0  0.748  0.182  0.07  0.775  0.225  0.775  0.225
1  3.5  1.75  0.01  0.01  0.4268559018057699  0.6462692251010056  1.9015924527368442  23.47350930017513  23.47350930017513  1.0  0.743  0.179  0.078  0.747  0.253  0.747  0.253
1  3.5  1.75  0.01  0.01  0.557952665512389  -0.06773875843506083  0.38811951995236155  14.302514850832878  14.302514850832878  1.0  0.714  0.209  0.077  0.747  0.253  0.747  0.253
1  3.5  1.75  0.01  0.01  0.908202026438566  -0.8828401065400833  0.8043355706774877  15.146511148501805  15.146511148501805  1.0  0.758  0.192  0.05  0.747  0.253  0.747  0.253
1  3.5  1.75  0.01  0.01  0.9841845782477592  -0.5021036715874199  1.9769365381950237  25.39573728731069  25.39573728731069  1.0  0.829  0.131  0.04  0.747  0.253  0.747  0.253
1  3.5  1.75  0.01  0.01  0.6580706503109294  -0.3605186605403654  0.44078352857797015  14.33165712867841  14.33165712867841  1.0  0.722  0.207  0.07  0.747  0.253  0.747  0.253
1  3.5  1.75  0.01  0.01  0.9676540883518152  -0.6176946547403293  1.3045488496294484  16.539083346442197  16.539083346442197  1.0  0.811  0.147  0.043  0.747  0.253  0.747  0.253
1  3.5  1.75  0.01  0.01  0.6920144467817332  -0.30683497404881743  0.735700040243534  15.007865939135415  15.007865939135415  1.0  0.743  0.191  0.066  0.747  0.253  0.747  0.253
1  3.5  1.75  0.01  0.01  0.43295544999024854  0.712356092252054  1.8190382335346045  20.989009493866266  20.989009493866266  1.0  0.752  0.172  0.076  0.747  0.253  0.747  0.253
1  3.5  1.75  0.01  0.01  0.6667479407109106  0.16093276586979433  2.021315800810921  25.148744632146887  25.148744632146887  1.0  0.786  0.152  0.063  0.747  0.253  0.747  0.253
1  3.5  1.75  0.01  0.01  0.417093891121692  0.6732289506664471  1.9025140553021036  23.46291329304565  23.46291329304565  1.0  0.741  0.181  0.078  0.747  0.253  0.747  0.253
1  3.5  1.75  0.01  0.01  0.3357482150256317  0.6603024928934986  0.4210191192039251  14.330505946249774  14.330505946249774  1.0  0.704  0.21  0.086  0.747  0.253  0.747  0.253
1  3.5  1.75  0.01  0.01  0.6645825485618041  0.18374031979858363  2.545631550569047  32.25240674510509  32.25240674510509  1.0  0.787  0.151  0.063  0.747  0.253  0.747  0.253
1  3.5  1.75  0.01  0.01  0.8090470811427278  -0.7219053930021588  0.6508411722598245  15.095922765946712  15.095922765946712  1.0  0.74  0.202  0.058  0.747  0.253  0.747  0.253
1  3.5  1.75  0.01  0.01  0.3303798329154928  0.6581708406049935  0.3690713569711505  14.352628331900295  14.352628331900295  1.0  0.702  0.212  0.086  0.747  0.253  0.747  0.253
1  3.5  1.75  0.01  0.01  0.30007998212733494  0.8083216863127536  0.5417610086468637  14.34105902121519  14.34105902121519  1.0  0.707  0.207  0.085  0.747  0.253  0.747  0.253
1  3.5  1.75  0.01  0.01  0.5040757005315019  0.49157438627214356  1.234617419212733  15.203316650372937  15.203316650372937  1.0  0.757  0.17  0.073  0.747  0.253  0.747  0.253
1  3.5  1.75  0.01  0.01  0.7610935762739388  -0.7164775822159806  0.39974346943849337  14.389422283872346  14.389422283872346  1.0  0.72  0.217  0.063  0.747  0.253  0.747  0.253
1  3.5  1.75  0.01  0.01  0.33537894721268896  0.6694508364019605  0.44765896797233995  14.32554272076572  14.32554272076572  1.0  0.705  0.209  0.085  0.747  0.253  0.747  0.253
1  3.5  1.75  0.01  0.01  0.8455267160412117  -0.18894314120609712  2.3198396646396118  29.937726053731414  29.937726053731414  1.0  0.814  0.136  0.05  0.747  0.253  0.747  0.253
1  3.5  1.75  0.01  0.01  0.6850630531036058  -0.4174061871682564  0.47936002663569643  14.358344208846347  14.358344208846347  1.0  0.726  0.205  0.068  0.747  0.253  0.747  0.253
1  3.5  1.75  0.01  0.01  0.22555960804007968  0.8185155966183653  2.630020038630909  33.4221779481711  33.4221779481711  1.0  0.675  0.234  0.091  0.747  0.253  0.747  0.253
1  3.5  1.75  0.01  0.01  0.4303025984355523  0.3914731890037584  0.4984187102918121  14.300398746866085  14.300398746866085  1.0  0.713  0.204  0.082  0.747  0.253  0.747  0.253
1  3.5  1.75  0.01  0.01  0.6251898680968938  -0.044658556359508994  0.8536070479176209  14.953552400326243  14.953552400326243  1.0  0.747  0.183  0.07  0.747  0.253  0.747  0.253
1  3.5  1.75  0.01  0.01  0.5966584062760797  0.09158887804138494  0.9383333989290322  14.933063092308696  14.933063092308696  1.0  0.75  0.179  0.071  0.747  0.253  0.747  0.253
1  3.5  1.75  0.01  0.01  0.5614115535719696  0.33817446905539383  1.215627768059939  15.176544623224533  15.176544623224533  1.0  0.763  0.166  0.07  0.747  0.253  0.747  0.253
1  3.5  1.75  0.01  0.01  0.8017112331823392  -0.5736749486069148  0.8113165226747012  15.054719983920771  15.054719983920771  1.0  0.756  0.186  0.058  0.747  0.253  0.747  0.253
1  3.5  1.75  0.01  0.01  1.1912663788663287  -0.6647582624574973  2.6020503159148145  34.17886105205118  34.17886105205118  1.0  0.871  0.104  0.026  0.747  0.253  0.747  0.253
1  3.5  1.75  0.01  0.01  0.6997622093628365  -0.13437621404840483  1.026024881827093  15.012083546498848  15.012083546498848  1.0  0.767  0.17  0.063  0.747  0.253  0.747  0.253
1  3.5  1.75  0.01  0.01  0.8585775494482442  -0.6706099778869192  0.884905616302497  15.103092065156687  15.103092065156687  1.0  0.766  0.181  0.053  0.747  0.253  0.747  0.253
1  3.5  1.75  0.01  0.01  0.4800694853458053  0.39938651140105574  0.9221658959504359  14.901884458653058  14.901884458653058  1.0  0.736  0.186  0.077  0.747  0.253  0.747  0.253
--------------------------------------------------------------------------------------------------
0  3.5  1.75  0.01  0.01  1.181893983380988  2.4711000794866385  36.44321532767234  36.44321532767234  1.0  0.918  0.061  0.021  0.775  0.225  0.775  0.225
0  3.5  1.75  0.01  0.01  0.6250360440166802  0.46443416136273813  14.150416411484404  14.150416411484404  1.0  0.751  0.179  0.069  0.775  0.225  0.775  0.225
0  3.5  1.75  0.01  0.01  0.8615619002671745  1.4772030125163647  19.583452707491894  19.583452707491894  1.0  0.838  0.116  0.046  0.775  0.225  0.775  0.225
0  3.5  1.75  0.01  0.01  0.9959854341167639  1.839915700536497  27.616609826118378  27.616609826118378  1.0  0.876  0.089  0.034  0.775  0.225  0.775  0.225
0  3.5  1.75  0.01  0.01  0.9204289432063961  1.6221071685972392  22.833575535252837  22.833575535252837  1.0  0.856  0.104  0.04  0.775  0.225  0.775  0.225
0  3.5  1.75  0.01  0.01  0.7697961210148955  1.1590894748166352  16.073694578808126  16.073694578808126  1.0  0.807  0.138  0.055  0.775  0.225  0.775  0.225
0  3.5  1.75  0.01  0.01  0.9943202231331917  1.8353997427511615  27.554934440322583  27.554934440322583  1.0  0.876  0.09  0.034  0.775  0.225  0.775  0.225
0  3.5  1.75  0.01  0.01  0.652246985530569  0.594380020908433  14.156292764365325  14.156292764365325  1.0  0.762  0.171  0.067  0.775  0.225  0.775  0.225
0  3.5  1.75  0.01  0.01  0.7519066748135373  1.0468101933753289  15.230089748900262  15.230089748900262  1.0  0.801  0.143  0.056  0.775  0.225  0.775  0.225
0  3.5  1.75  0.01  0.01  0.6901236202388115  0.7594517290114461  14.368757450677357  14.368757450677357  1.0  0.777  0.16  0.063  0.775  0.225  0.775  0.225
0  3.5  1.75  0.01  0.01  0.6195361725149  0.43671774992570844  14.155877843132297  14.155877843132297  1.0  0.749  0.181  0.07  0.775  0.225  0.775  0.225
0  3.5  1.75  0.01  0.01  0.9668177065506053  1.8703372559302462  28.952286591726043  28.952286591726043  1.0  0.869  0.095  0.037  0.775  0.225  0.775  0.225
0  3.5  1.75  0.01  0.01  1.0599900533024242  2.209106301429337  34.15435810162242  34.15435810162242  1.0  0.892  0.079  0.029  0.775  0.225  0.775  0.225
0  3.5  1.75  0.01  0.01  0.9217993858179417  1.67321301879297  23.84625825690033  23.84625825690033  1.0  0.856  0.103  0.04  0.775  0.225  0.775  0.225
0  3.5  1.75  0.01  0.01  1.176377853512978  2.552029268879352  39.10707389419822  39.10707389419822  1.0  0.917  0.062  0.022  0.775  0.225  0.775  0.225
0  3.5  1.75  0.01  0.01  0.909692341891733  1.595277098611992  22.62296148132579  22.62296148132579  1.0  0.853  0.106  0.041  0.775  0.225  0.775  0.225
0  3.5  1.75  0.01  0.01  0.6767135684163263  0.7023937753292872  14.24977509341447  14.24977509341447  1.0  0.772  0.164  0.064  0.775  0.225  0.775  0.225
0  3.5  1.75  0.01  0.01  0.6461295269053906  0.5667731381958222  14.14810400621536  14.14810400621536  1.0  0.76  0.173  0.067  0.775  0.225  0.775  0.225
0  3.5  1.75  0.01  0.01  0.7204376330166207  0.9331262365101584  15.002079014085  15.002079014085  1.0  0.789  0.151  0.06  0.775  0.225  0.775  0.225
0  3.5  1.75  0.01  0.01  0.6730889047264079  0.6875028444593104  14.221923458460367  14.221923458460367  1.0  0.771  0.165  0.064  0.775  0.225  0.775  0.225
0  3.5  1.75  0.01  0.01  0.7717598382623636  1.165147536853934  16.08138586600109  16.08138586600109  1.0  0.808  0.138  0.054  0.775  0.225  0.775  0.225
0  3.5  1.75  0.01  0.01  0.6345976498729716  0.5119114590446422  14.146426318808595  14.146426318808595  1.0  0.755  0.176  0.068  0.775  0.225  0.775  0.225
0  3.5  1.75  0.01  0.01  0.621205054259636  0.4458030059674737  14.153754320844412  14.153754320844412  1.0  0.75  0.181  0.07  0.775  0.225  0.775  0.225
0  3.5  1.75  0.01  0.01  0.6304165578089388  0.49147019957742244  14.14774369716673  14.14774369716673  1.0  0.754  0.178  0.069  0.775  0.225  0.775  0.225
0  3.5  1.75  0.01  0.01  0.6263234785723671  0.47152238938716223  14.15023802453449  14.15023802453449  1.0  0.752  0.179  0.069  0.775  0.225  0.775  0.225
0  3.5  1.75  0.01  0.01  0.6795117749172891  0.7145454675866718  14.268413777884696  14.268413777884696  1.0  0.773  0.163  0.064  0.775  0.225  0.775  0.225
0  3.5  1.75  0.01  0.01  0.6540092494620912  0.6028580444920972  14.15981424687823  14.15981424687823  1.0  0.763  0.17  0.066  0.775  0.225  0.775  0.225
0  3.5  1.75  0.01  0.01  0.7670529630290196  1.150079310872791  16.047087211059054  16.047087211059054  1.0  0.806  0.139  0.055  0.775  0.225  0.775  0.225
0  3.5  1.75  0.01  0.01  0.7681661392256647  1.1532121794621306  16.050740783865617  16.050740783865617  1.0  0.807  0.139  0.055  0.775  0.225  0.775  0.225
0  3.5  1.75  0.01  0.01  0.7211829954111287  0.9363120017363485  15.011890885482572  15.011890885482572  1.0  0.789  0.151  0.06  0.775  0.225  0.775  0.225
1  3.5  1.75  0.01  0.01  0.7619518680911203  1.641558649164816  19.167965364987015  19.167965364987015  1.0  0.804  0.14  0.055  0.747  0.253  0.747  0.253
1  3.5  1.75  0.01  0.01  0.5669618356148117  0.5649743612575525  14.377279895011199  14.377279895011199  1.0  0.727  0.198  0.075  0.747  0.253  0.747  0.253
1  3.5  1.75  0.01  0.01  0.5569886257888521  0.5087738706027611  14.317565785261756  14.317565785261756  1.0  0.722  0.201  0.076  0.747  0.253  0.747  0.253
1  3.5  1.75  0.01  0.01  0.700556438227506  1.2755441587483827  16.061632308982333  16.061632308982333  1.0  0.781  0.157  0.062  0.747  0.253  0.747  0.253
1  3.5  1.75  0.01  0.01  0.5998127933227844  0.8019788567516716  14.95641704399429  14.95641704399429  1.0  0.741  0.187  0.072  0.747  0.253  0.747  0.253
1  3.5  1.75  0.01  0.01  0.5359496012084232  0.3865748515544792  14.300977495560328  14.300977495560328  1.0  0.713  0.209  0.078  0.747  0.253  0.747  0.253
1  3.5  1.75  0.01  0.01  0.6934799920486443  1.1922487673342188  15.231967656065441  15.231967656065441  1.0  0.779  0.159  0.062  0.747  0.253  0.747  0.253
1  3.5  1.75  0.01  0.01  0.7498189672138765  1.899533333446818  23.855136380279333  23.855136380279333  1.0  0.8  0.143  0.057  0.747  0.253  0.747  0.253
1  3.5  1.75  0.01  0.01  0.5442663706815495  0.43511955338717245  14.299232474456392  14.299232474456392  1.0  0.717  0.206  0.078  0.747  0.253  0.747  0.253
1  3.5  1.75  0.01  0.01  0.6502862290511287  1.0251495410756304  14.977332367619105  14.977332367619105  1.0  0.762  0.172  0.067  0.747  0.253  0.747  0.253
1  3.5  1.75  0.01  0.01  0.7752487607323939  2.540876506534518  32.39166095882822  32.39166095882822  1.0  0.809  0.137  0.054  0.747  0.253  0.747  0.253
1  3.5  1.75  0.01  0.01  0.5417888878998799  0.4219724679984903  14.295636910642033  14.295636910642033  1.0  0.716  0.207  0.078  0.747  0.253  0.747  0.253
1  3.5  1.75  0.01  0.01  0.5368558475949674  0.3901095836877657  14.298404169257322  14.298404169257322  1.0  0.713  0.208  0.078  0.747  0.253  0.747  0.253
1  3.5  1.75  0.01  0.01  0.5890148568976932  0.749211636387755  14.970920047584615  14.970920047584615  1.0  0.736  0.191  0.073  0.747  0.253  0.747  0.253
1  3.5  1.75  0.01  0.01  0.7406267874003818  1.4658538129659233  17.03837554614658  17.03837554614658  1.0  0.797  0.146  0.058  0.747  0.253  0.747  0.253
1  3.5  1.75  0.01  0.01  0.5400739014312327  0.411203175054472  14.296114972078168  14.296114972078168  1.0  0.715  0.207  0.078  0.747  0.253  0.747  0.253
1  3.5  1.75  0.01  0.01  0.5999346999004537  0.8026224011481249  14.956085161195542  14.956085161195542  1.0  0.741  0.187  0.072  0.747  0.253  0.747  0.253
1  3.5  1.75  0.01  0.01  0.751628856592989  2.4880217121905264  31.89462564428906  31.89462564428906  1.0  0.801  0.143  0.056  0.747  0.253  0.747  0.253
1  3.5  1.75  0.01  0.01  0.5943980775868722  0.775582326013124  14.963336147621439  14.963336147621439  1.0  0.738  0.189  0.072  0.747  0.253  0.747  0.253
1  3.5  1.75  0.01  0.01  0.5768678821876156  0.6171918147426345  14.492353166670911  14.492353166670911  1.0  0.731  0.195  0.074  0.747  0.253  0.747  0.253
1  3.5  1.75  0.01  0.01  0.7650229773851671  1.7636857401750978  21.08748658842964  21.08748658842964  1.0  0.805  0.139  0.055  0.747  0.253  0.747  0.253
1  3.5  1.75  0.01  0.01  0.5945896246424023  0.7763130839948018  14.962793233665966  14.962793233665966  1.0  0.739  0.189  0.072  0.747  0.253  0.747  0.253
1  3.5  1.75  0.01  0.01  0.7100249533765784  1.3664425837328238  16.807551492901347  16.807551492901347  1.0  0.785  0.154  0.061  0.747  0.253  0.747  0.253
1  3.5  1.75  0.01  0.01  0.6157908658997088  0.8769874580630039  14.9452821598525  14.9452821598525  1.0  0.747  0.182  0.07  0.747  0.253  0.747  0.253
1  3.5  1.75  0.01  0.01  0.753524690611549  2.1598146074599756  27.200596172165696  27.200596172165696  1.0  0.801  0.142  0.056  0.747  0.253  0.747  0.253
1  3.5  1.75  0.01  0.01  0.7544041479658661  1.8518603197207404  22.899511660669745  22.899511660669745  1.0  0.802  0.142  0.056  0.747  0.253  0.747  0.253
1  3.5  1.75  0.01  0.01  0.7659322488368425  1.5423235189681412  17.402477561329984  17.402477561329984  1.0  0.806  0.139  0.055  0.747  0.253  0.747  0.253
1  3.5  1.75  0.01  0.01  0.7135908403757397  1.3787374415091371  16.826948727774596  16.826948727774596  1.0  0.786  0.153  0.06  0.747  0.253  0.747  0.253
1  3.5  1.75  0.01  0.01  0.750619144722742  2.34971659325554  29.991870031328535  29.991870031328535  1.0  0.8  0.143  0.057  0.747  0.253  0.747  0.253
1  3.5  1.75  0.01  0.01  0.6403845031289735  0.9837245177472851  14.959507664111088  14.959507664111088  1.0  0.758  0.175  0.068  0.747  0.253  0.747  0.253
------------------------------------------------------------------------------------------------------------------------------------------------------------------------
0  3.5  1.75  0.01  0.01  1.138967494244271  2.3020429770981936  33.675925183777636  37.3433223593983  1.0  0.909  0.067  0.024  0.783  0.217  0.75  0.25
0  3.5  1.75  0.01  0.01  0.73991294315044  1.1202998184867368  16.37649031393622  14.609886540297646  1.0  0.796  0.146  0.058  0.754  0.246  0.85  0.15
0  3.5  1.75  0.01  0.01  0.6608788753540352  0.5447752578976557  13.967709411489851  14.762651664515237  1.0  0.766  0.168  0.066  0.768  0.232  0.8  0.2
0  3.5  1.75  0.01  0.01  0.6534474225104286  0.7527971134892045  14.55979831349495  13.706199103410885  1.0  0.763  0.171  0.066  0.768  0.232  0.8  0.2
0  3.5  1.75  0.01  0.01  0.823698539435632  1.249926021944924  17.119474066709266  14.14199279443003  1.0  0.826  0.125  0.049  0.783  0.217  0.75  0.25
0  3.5  1.75  0.01  0.01  1.001599447857368  2.081480058250216  33.316728461557716  33.26635298187985  1.0  0.878  0.088  0.034  0.754  0.246  0.85  0.15
0  3.5  1.75  0.01  0.01  0.9419076491914093  1.9217745434177  30.16120179629742  30.1776765394287  1.0  0.862  0.099  0.039  0.768  0.232  0.8  0.2
0  3.5  1.75  0.01  0.01  1.1454039486953036  2.2796343000867205  33.30700649906104  38.10307256243163  1.0  0.911  0.066  0.023  0.754  0.246  0.85  0.15
0  3.5  1.75  0.01  0.01  1.0921870817873587  2.3427280519673097  30.682204956671846  48.87157868181506  1.0  0.899  0.074  0.027  0.754  0.246  0.85  0.15
0  3.5  1.75  0.01  0.01  0.6886542746254296  0.8755487974458088  15.27722646601062  13.864453984969197  1.0  0.777  0.16  0.063  0.768  0.232  0.8  0.2
0  3.5  1.75  0.01  0.01  0.8238767121287813  1.5134452071648596  21.301383607758826  15.532306152004548  1.0  0.826  0.125  0.049  0.768  0.232  0.8  0.2
0  3.5  1.75  0.01  0.01  0.5745136011876715  0.4934174523972754  14.14743310631437  14.155446521635827  1.0  0.73  0.196  0.075  0.754  0.246  0.85  0.15
0  3.5  1.75  0.01  0.01  0.5488917192749955  0.41384772062076236  14.227332384048884  13.954974038889286  1.0  0.719  0.204  0.077  0.739  0.261  0.9  0.1
0  3.5  1.75  0.01  0.01  0.622765996429735  0.5230527997059582  14.166761867929186  14.069091701341398  1.0  0.75  0.18  0.07  0.768  0.232  0.8  0.2
0  3.5  1.75  0.01  0.01  1.0616408611075463  1.9331723823318712  29.27303389876556  33.50825585372621  1.0  0.893  0.078  0.029  0.797  0.203  0.7  0.3
0  3.5  1.75  0.01  0.01  0.5484613277267367  0.37151584075068095  14.299669264812534  13.764911950019277  1.0  0.719  0.204  0.077  0.754  0.246  0.85  0.15
0  3.5  1.75  0.01  0.01  0.7614652456650044  1.043611094218751  15.556859581888029  13.987294465994216  1.0  0.804  0.14  0.056  0.768  0.232  0.8  0.2
0  3.5  1.75  0.01  0.01  0.6477708395542655  0.4422717664561142  14.117295439507576  14.287897258285705  1.0  0.761  0.172  0.067  0.783  0.217  0.75  0.25
0  3.5  1.75  0.01  0.01  0.5993670697747178  0.6177272199706617  14.285382867953906  13.759154320855952  1.0  0.741  0.187  0.072  0.754  0.246  0.85  0.15
0  3.5  1.75  0.01  0.01  0.6512659663674961  1.1245095254130866  16.676296616686585  13.63683155011922  1.0  0.762  0.171  0.067  0.739  0.261  0.9  0.1
0  3.5  1.75  0.01  0.01  0.9177112453291272  1.7143782780818269  25.676859537457183  20.10912366186495  1.0  0.855  0.104  0.041  0.768  0.232  0.8  0.2
0  3.5  1.75  0.01  0.01  0.7856287008222015  1.1537948945756658  16.476831883716077  14.581793894693453  1.0  0.813  0.134  0.053  0.783  0.217  0.75  0.25
0  3.5  1.75  0.01  0.01  0.7434640258702347  0.9239924557925723  15.172829404431873  14.371033246441295  1.0  0.798  0.145  0.057  0.768  0.232  0.8  0.2
0  3.5  1.75  0.01  0.01  0.6219401703968378  0.4401983629553143  14.12682990032642  14.246929196695627  1.0  0.75  0.18  0.07  0.768  0.232  0.8  0.2
0  3.5  1.75  0.01  0.01  0.6588319354330415  0.6774655254114933  14.307373013307442  13.874798628432695  1.0  0.765  0.169  0.066  0.768  0.232  0.8  0.2
0  3.5  1.75  0.01  0.01  0.7029774101853536  0.9040024550329832  14.039938619838034  18.228031294386295  1.0  0.782  0.156  0.061  0.768  0.232  0.8  0.2
0  3.5  1.75  0.01  0.01  0.6252212815617384  0.4448970787771959  14.180712585754591  14.063387843636141  1.0  0.751  0.179  0.069  0.783  0.217  0.75  0.25
0  3.5  1.75  0.01  0.01  0.9931553526395934  1.798174041941568  28.21376093370751  19.004238662216224  1.0  0.876  0.09  0.034  0.768  0.232  0.8  0.2
0  3.5  1.75  0.01  0.01  0.6701170347012112  0.7342823625245525  14.449710912615366  13.834316599291364  1.0  0.77  0.166  0.065  0.768  0.232  0.8  0.2
0  3.5  1.75  0.01  0.01  0.6865163526787007  0.5964570869784329  14.13304463532294  14.239688247077964  1.0  0.776  0.161  0.063  0.783  0.217  0.75  0.25
1  3.5  1.75  0.01  0.01  0.666133909769221  0.7133832031245104  15.139321416588443  14.45347528927722  1.0  0.768  0.167  0.065  0.779  0.221  0.632  0.368
1  3.5  1.75  0.01  0.01  0.7500576196145258  1.7260190716238308  19.32818033432975  26.23548690870123  1.0  0.8  0.143  0.057  0.735  0.265  0.789  0.211
1  3.5  1.75  0.01  0.01  0.7995880888335606  1.3300545578015568  16.81648722438312  14.632477732200025  1.0  0.817  0.131  0.052  0.779  0.221  0.632  0.368
1  3.5  1.75  0.01  0.01  0.6566806393537594  0.8020374176975269  13.930474002852637  18.64028047099561  1.0  0.764  0.17  0.066  0.75  0.25  0.737  0.263
1  3.5  1.75  0.01  0.01  0.5864881007344147  0.49986409942112797  14.345676968071903  14.196038284780492  1.0  0.735  0.192  0.073  0.765  0.235  0.684  0.316
1  3.5  1.75  0.01  0.01  0.7709050333097892  1.6158644087801526  18.747699480584256  18.062931864706414  1.0  0.807  0.138  0.055  0.75  0.25  0.737  0.263
1  3.5  1.75  0.01  0.01  0.693073403015403  0.9263792015173276  15.124480434592787  14.323553837194236  1.0  0.779  0.159  0.062  0.765  0.235  0.684  0.316
1  3.5  1.75  0.01  0.01  0.5640558994185432  0.39983623047101935  14.239176005223408  14.51347227305722  1.0  0.725  0.199  0.076  0.75  0.25  0.737  0.263
1  3.5  1.75  0.01  0.01  0.5472533107210563  0.5772731994360192  14.139830134398238  15.293790165243706  1.0  0.718  0.205  0.077  0.735  0.265  0.789  0.211
1  3.5  1.75  0.01  0.01  0.7703148416084599  1.1477317993878862  15.229315166220097  14.751715472334904  1.0  0.807  0.138  0.055  0.779  0.221  0.632  0.368
1  3.5  1.75  0.01  0.01  0.6180923675993256  0.770075234636763  14.01469606362215  18.36434965118326  1.0  0.748  0.181  0.07  0.75  0.25  0.737  0.263
1  3.5  1.75  0.01  0.01  0.7487058026502411  1.3549242074640133  17.4138322568888  14.578203638225588  1.0  0.8  0.144  0.057  0.765  0.235  0.684  0.316
1  3.5  1.75  0.01  0.01  0.7013575296104316  0.489959663915247  14.14366356091715  14.997584841753058  1.0  0.782  0.157  0.062  0.809  0.191  0.526  0.474
1  3.5  1.75  0.01  0.01  0.5971836664700594  0.7547025474808572  15.23061148653258  14.035600396531326  1.0  0.74  0.188  0.072  0.75  0.25  0.737  0.263
1  3.5  1.75  0.01  0.01  0.6677967224158148  0.7091750649521578  13.917963426047725  18.833243021182867  1.0  0.769  0.166  0.065  0.765  0.235  0.684  0.316
1  3.5  1.75  0.01  0.01  0.7312421742538362  0.9780590777814573  15.047897117834696  14.664304607316138  1.0  0.793  0.148  0.059  0.779  0.221  0.632  0.368
1  3.5  1.75  0.01  0.01  0.9419042774607512  2.4755194405671292  32.11280476805993  28.732198493807694  1.0  0.862  0.099  0.039  0.779  0.221  0.632  0.368
1  3.5  1.75  0.01  0.01  0.546641948259119  0.4933408640163803  14.293137304765049  14.348772885818436  1.0  0.718  0.205  0.077  0.735  0.265  0.789  0.211
1  3.5  1.75  0.01  0.01  0.7645531746757513  1.4856214718174634  16.623081585969704  18.861526452650764  1.0  0.805  0.14  0.055  0.75  0.25  0.737  0.263
1  3.5  1.75  0.01  0.01  0.8349094777948596  2.278240534852246  31.737214373258634  19.446307620727463  1.0  0.829  0.122  0.048  0.779  0.221  0.632  0.368
1  3.5  1.75  0.01  0.01  0.9429889199162922  2.4955125936706466  32.19853707605404  31.0226322407556  1.0  0.862  0.099  0.039  0.779  0.221  0.632  0.368
1  3.5  1.75  0.01  0.01  0.6624720334636781  0.6237420526931652  14.4934113701375  14.51053489262993  1.0  0.767  0.168  0.066  0.779  0.221  0.632  0.368
1  3.5  1.75  0.01  0.01  0.7779546984762347  1.5748277655505079  16.93307937809934  20.341441682764312  1.0  0.81  0.136  0.054  0.75  0.25  0.737  0.263
1  3.5  1.75  0.01  0.01  0.8206214335764476  1.1960131780350995  15.506637401793732  14.406425298300542  1.0  0.825  0.126  0.05  0.779  0.221  0.632  0.368
1  3.5  1.75  0.01  0.01  0.5786715420497758  0.37140511591870273  14.254937971208717  14.478222544147815  1.0  0.732  0.194  0.074  0.765  0.235  0.684  0.316
1  3.5  1.75  0.01  0.01  0.5740374281732042  0.5505751825401721  14.393103788527293  14.187873576927416  1.0  0.73  0.196  0.075  0.75  0.25  0.737  0.263
1  3.5  1.75  0.01  0.01  0.636080042767938  2.1232776227358325  26.18846269661135  28.043922557933048  1.0  0.756  0.176  0.068  0.721  0.279  0.842  0.158
1  3.5  1.75  0.01  0.01  0.7147116640062355  2.2022558693383196  30.086616783541498  18.526688091644687  1.0  0.787  0.153  0.06  0.75  0.25  0.737  0.263
1  3.5  1.75  0.01  0.01  0.718739501665794  0.9790093396941676  15.051964439706374  14.639755437557222  1.0  0.788  0.152  0.06  0.779  0.221  0.632  0.368
1  3.5  1.75  0.01  0.01  0.8314703719828864  1.4168967773246992  16.453355475889715  18.535669880686875  1.0  0.828  0.123  0.049  0.765  0.235  0.684  0.316
0  3.5  1.75  0.01  0.01  0.6216305268586592  0.023712024719770186  0.6001046560995911  14.250123743018847  13.83316641305083  1.0  0.752  0.178  0.069  0.768  0.232  0.8  0.2
0  3.5  1.75  0.01  0.01  0.5875061547962419  0.19978457055370935  0.5687490841969205  14.123644231593815  14.334162402702313  1.0  0.759  0.171  0.07  0.768  0.232  0.8  0.2
0  3.5  1.75  0.01  0.01  0.6169723151618973  -0.0775539512129384  0.7343012417941811  14.491576992283404  13.734876721396258  1.0  0.739  0.19  0.071  0.739  0.261  0.9  0.1
0  3.5  1.75  0.01  0.01  0.6506435722674879  0.09893171507339149  0.904036776159309  15.760381038952794  14.633374474001531  1.0  0.773  0.162  0.065  0.754  0.246  0.85  0.15
0  3.5  1.75  0.01  0.01  0.6596046860669036  0.008509739132582489  0.5978284768755654  14.037648626275464  14.566373453793185  1.0  0.767  0.168  0.066  0.783  0.217  0.75  0.25
0  3.5  1.75  0.01  0.01  0.7054568875003351  0.1024256264790433  0.9684558678817893  14.206152813835432  20.290114941245033  1.0  0.794  0.146  0.06  0.768  0.232  0.8  0.2
0  3.5  1.75  0.01  0.01  0.5909529120871023  -0.01610720036926297  0.4339875712492906  14.188119133507616  14.040952437849441  1.0  0.735  0.192  0.073  0.768  0.232  0.8  0.2
0  3.5  1.75  0.01  0.01  0.7080251963147951  -0.15660217656574915  0.5817899999296039  14.033240142295622  14.529331149501497  1.0  0.767  0.17  0.063  0.783  0.217  0.75  0.25
0  3.5  1.75  0.01  0.01  0.658546490529022  -0.0318471327707916  0.7227298903942981  13.997163914570669  15.291763688563858  1.0  0.762  0.172  0.066  0.754  0.246  0.85  0.15
0  3.5  1.75  0.01  0.01  0.6011909928801488  0.1705514817491054  0.9671497839307354  16.047853736563344  13.975655260448054  1.0  0.761  0.17  0.069  0.754  0.246  0.85  0.15
0  3.5  1.75  0.01  0.01  0.7014255044307338  -0.0963871691645688  0.5785749383380647  14.114591072508142  14.23998779715952  1.0  0.771  0.166  0.063  0.783  0.217  0.75  0.25
0  3.5  1.75  0.01  0.01  0.6572119269050556  -0.16331582761126012  0.5879089615944266  14.1878697027183  13.999943433353234  1.0  0.746  0.186  0.068  0.754  0.246  0.85  0.15
0  3.5  1.75  0.01  0.01  0.6633070588646938  -0.059513818142303304  0.3873783824128578  14.104613760799602  14.363360687713074  1.0  0.76  0.174  0.066  0.783  0.217  0.75  0.25
0  3.5  1.75  0.01  0.01  0.6047487114911904  0.1769233151433564  0.7902987109386798  14.70828227379537  13.81592418442067  1.0  0.763  0.168  0.069  0.768  0.232  0.8  0.2
0  3.5  1.75  0.01  0.01  0.5190476766743253  0.04692243097562451  0.4282568085749277  14.27644552468456  13.809131926972194  1.0  0.712  0.209  0.079  0.739  0.261  0.9  0.1
0  3.5  1.75  0.01  0.01  0.5959702500863655  -0.16476742264591163  0.3997426676875063  14.229171055781649  13.88157963255988  1.0  0.72  0.206  0.074  0.739  0.261  0.9  0.1
0  3.5  1.75  0.01  0.01  0.6658642878177774  -0.1498632285561935  0.5199564958137245  14.195065056202486  13.909616055167097  1.0  0.751  0.182  0.067  0.768  0.232  0.8  0.2
0  3.5  1.75  0.01  0.01  0.6467812151624207  0.004065244858517947  0.6347504545750948  14.03697502524235  14.655746355025116  1.0  0.76  0.173  0.067  0.768  0.232  0.8  0.2
0  3.5  1.75  0.01  0.01  0.6674806125905334  0.10933084274655797  0.9776619915287516  16.059015951561797  13.969755775761076  1.0  0.781  0.156  0.063  0.768  0.232  0.8  0.2
0  3.5  1.75  0.01  0.01  0.5874374720910114  0.11128942706951944  0.5498674720521978  14.215532038993906  13.955187155324172  1.0  0.748  0.18  0.072  0.768  0.232  0.8  0.2
0  3.5  1.75  0.01  0.01  0.7690746744415099  -0.08120105151208966  0.9209989149970033  15.878421595317485  14.223212235806097  1.0  0.799  0.145  0.056  0.768  0.232  0.8  0.2
0  3.5  1.75  0.01  0.01  0.5181039381196945  0.18703191341688385  0.5859365677200682  14.116080931389913  14.390715420898587  1.0  0.728  0.195  0.077  0.739  0.261  0.9  0.1
0  3.5  1.75  0.01  0.01  0.7125517558730718  -0.16928822451454126  0.38402327099658845  14.095968003184224  14.350019600862609  1.0  0.767  0.17  0.063  0.797  0.203  0.7  0.3
0  3.5  1.75  0.01  0.01  0.7430810276351902  -0.1733865420017784  0.8519325711020311  15.938470368905069  13.773607414610714  1.0  0.779  0.161  0.06  0.768  0.232  0.8  0.2
0  3.5  1.75  0.01  0.01  0.5689734567499823  -0.023151782963541923  0.49732166615698314  14.273020388189057  13.71655149003164  1.0  0.725  0.2  0.075  0.754  0.246  0.85  0.15
0  3.5  1.75  0.01  0.01  0.6042870115615884  0.09021133791356556  0.5267827569618413  14.16033975127391  14.136744721774798  1.0  0.753  0.177  0.07  0.768  0.232  0.8  0.2
0  3.5  1.75  0.01  0.01  0.6339999359725509  0.06763612233533856  0.5573062502575307  14.108680746223818  14.308522092694801  1.0  0.763  0.17  0.067  0.768  0.232  0.8  0.2
0  3.5  1.75  0.01  0.01  0.6417056011348531  -0.0343790473706318  0.6196143670284352  14.096958705416526  14.386711480078677  1.0  0.755  0.177  0.068  0.768  0.232  0.8  0.2
0  3.5  1.75  0.01  0.01  0.7178132502605001  -0.1433566001644962  0.871311650037247  15.970527113217173  13.722748053926779  1.0  0.773  0.165  0.062  0.768  0.232  0.8  0.2
0  3.5  1.75  0.01  0.01  0.7000086807336322  -0.044101476658481964  0.606258168654571  14.13464527741273  14.239071607118339  1.0  0.777  0.161  0.062  0.783  0.217  0.75  0.25
1  3.5  1.75  0.01  0.01  0.5728710540404659  -0.08001186481254444  0.40196095408542215  14.177983312506369  14.738655262920176  1.0  0.72  0.205  0.076  0.75  0.25  0.737  0.263
1  3.5  1.75  0.01  0.01  0.6068005938778962  -0.17481005632798594  0.6808511422148533  15.978086285870525  13.950140436491282  1.0  0.723  0.203  0.073  0.735  0.265  0.789  0.211
1  3.5  1.75  0.01  0.01  0.5298142638677316  0.035466940000146  0.39539452851057305  14.324718522659156  14.208480512378829  1.0  0.715  0.206  0.078  0.75  0.25  0.737  0.263
1  3.5  1.75  0.01  0.01  0.644676188149906  0.17636425710474685  0.8156841530656898  15.713544568664414  14.642312594703684  1.0  0.779  0.156  0.065  0.779  0.221  0.632  0.368
1  3.5  1.75  0.01  0.01  0.5907035828490439  0.14966030332953267  0.48569381811698925  14.036411766996856  15.282093215798838  1.0  0.754  0.175  0.071  0.779  0.221  0.632  0.368
1  3.5  1.75  0.01  0.01  0.6266501771044249  -0.011068961393178839  0.9110772135707502  15.876094070250076  14.040873199463691  1.0  0.751  0.18  0.069  0.75  0.25  0.737  0.263
1  3.5  1.75  0.01  0.01  0.5674051208319574  -0.14002989987125952  0.6480856883171027  14.167657857696861  20.48063783519987  1.0  0.71  0.213  0.077  0.721  0.279  0.842  0.158
1  3.5  1.75  0.01  0.01  0.6137896952879464  -0.06847890355774564  0.5102407885851858  14.339151201134149  14.270940118219134  1.0  0.738  0.19  0.071  0.765  0.235  0.684  0.316
1  3.5  1.75  0.01  0.01  0.49421452349246564  0.07068729192000262  0.4276850899194688  14.363625944674894  14.052652144103355  1.0  0.703  0.216  0.081  0.735  0.265  0.789  0.211
1  3.5  1.75  0.01  0.01  0.5360084000742134  -0.05306798869775661  0.38479437510233255  14.309907265593269  14.283105884138427  1.0  0.707  0.214  0.079  0.735  0.265  0.789  0.211
1  3.5  1.75  0.01  0.01  0.6569680979844467  -0.06592255906572428  0.8702666708726375  15.840261637825051  14.212710485436087  1.0  0.756  0.176  0.067  0.75  0.25  0.737  0.263
1  3.5  1.75  0.01  0.01  0.527726636088378  0.14101832223098137  0.6749640135713191  15.851336873030384  14.352295647049786  1.0  0.726  0.197  0.077  0.735  0.265  0.789  0.211
1  3.5  1.75  0.01  0.01  0.663415128225695  -0.18096494644399344  0.7074422794078334  14.084969485513378  20.690182265383896  1.0  0.746  0.186  0.068  0.75  0.25  0.737  0.263
1  3.5  1.75  0.01  0.01  0.6451852103152501  -0.18028602250118597  0.4054289945960724  14.256854719907833  14.512545982876208  1.0  0.739  0.192  0.07  0.765  0.235  0.684  0.316
1  3.5  1.75  0.01  0.01  0.6786713094823148  -0.13372169982289134  0.9441461510513318  15.897196769078842  14.100501545729568  1.0  0.758  0.176  0.066  0.735  0.265  0.789  0.211
1  3.5  1.75  0.01  0.01  0.48734042667656985  0.03138853699539332  0.38342023401963793  14.407607077441288  13.911790927571408  1.0  0.695  0.223  0.083  0.735  0.265  0.789  0.211
1  3.5  1.75  0.01  0.01  0.7316891562138824  0.001361387756453114  0.8378244139333236  15.737788600747509  14.61382243209097  1.0  0.793  0.148  0.058  0.794  0.206  0.579  0.421
1  3.5  1.75  0.01  0.01  0.5140933112936343  0.1238492083207609  0.9749902900720593  15.935218804728867  13.796433190348557  1.0  0.718  0.203  0.079  0.721  0.279  0.842  0.158
1  3.5  1.75  0.01  0.01  0.6296157178619252  0.013631803420868005  0.683325638513453  15.836180122932342  14.415204178747597  1.0  0.754  0.177  0.069  0.765  0.235  0.684  0.316
1  3.5  1.75  0.01  0.01  0.5872542167040221  0.1937696382927454  0.6683388290599163  13.9551316128091  21.179491672055278  1.0  0.757  0.172  0.07  0.765  0.235  0.684  0.316
1  3.5  1.75  0.01  0.01  0.6204799492174919  -0.060708973315720005  0.4609947072998897  14.242494511352104  14.53122674472239  1.0  0.742  0.187  0.071  0.765  0.235  0.684  0.316
1  3.5  1.75  0.01  0.01  0.6231641342251072  -0.1435102148719791  0.8650842320787772  15.929792773722658  13.954049573966236  1.0  0.734  0.194  0.071  0.735  0.265  0.789  0.211
1  3.5  1.75  0.01  0.01  0.5676691191658871  0.1772900568810022  0.8266902959061447  15.79434380867838  14.293979262268119  1.0  0.748  0.179  0.072  0.75  0.25  0.737  0.263
1  3.5  1.75  0.01  0.01  0.5498390235285863  -0.021899901147123202  0.6342369533065806  14.157956119696946  16.17121329219656  1.0  0.717  0.206  0.077  0.735  0.265  0.789  0.211
1  3.5  1.75  0.01  0.01  0.5590737888923106  0.07247616070981933  0.6923881429025608  15.916648533749356  14.086218970555272  1.0  0.732  0.193  0.075  0.75  0.25  0.737  0.263
1  3.5  1.75  0.01  0.01  0.5935550380615374  -0.016318991753040912  0.4145438102226786  14.250689129278234  14.48897587207711  1.0  0.736  0.191  0.073  0.765  0.235  0.684  0.316
1  3.5  1.75  0.01  0.01  0.6867406583419612  -0.019683032672493134  0.9867207290764377  15.810156287471257  14.359184403579741  1.0  0.774  0.163  0.063  0.765  0.235  0.684  0.316
1  3.5  1.75  0.01  0.01  0.6027027573303387  -0.14850318603773305  0.47899374722750937  14.363671028262097  14.157722055796928  1.0  0.724  0.202  0.074  0.75  0.25  0.737  0.263
1  3.5  1.75  0.01  0.01  0.5603030013203556  -0.19941215546475188  0.8135636620092387  16.05135534127136  13.624831691720356  1.0  0.699  0.223  0.078  0.706  0.294  0.895  0.105
1  3.5  1.75  0.01  0.01  0.6891952663983976  -0.07353920265505254  0.43327139992811986  14.124371019101096  14.992705616718112  1.0  0.769  0.167  0.064  0.794  0.206  0.579  0.421
0  3.5  1.75  0.01  0.01  0.5623382941147469  0.07410039529503526  0.7013655629782877  14.412325741019147  13.733396319617276  1.0  0.733  0.192  0.075  0.739  0.261  0.9  0.1
0  3.5  1.75  0.01  0.01  0.5971650217219913  -0.02739493199724302  0.3921395723837416  14.21245615184255  14.00035066585007  1.0  0.736  0.191  0.073  0.768  0.232  0.8  0.2
0  3.5  1.75  0.01  0.01  0.7075647216923893  -0.1688670544640299  0.6585671547084788  14.02702832512772  14.739815759883736  1.0  0.765  0.171  0.063  0.768  0.232  0.8  0.2
0  3.5  1.75  0.01  0.01  0.5051823009020883  0.14251470120558407  0.6934201956244027  14.45109873082458  13.571580432979886  1.0  0.716  0.204  0.079  0.725  0.275  0.95  0.05
0  3.5  1.75  0.01  0.01  0.6048952094031029  0.06570213137248249  0.6010682137903925  14.10404195372485  14.38482088490955  1.0  0.751  0.179  0.07  0.768  0.232  0.8  0.2
0  3.5  1.75  0.01  0.01  0.5787514428619274  -0.1649793355655557  0.3712637987499383  14.260433298234785  13.824516837301626  1.0  0.712  0.212  0.076  0.739  0.261  0.9  0.1
0  3.5  1.75  0.01  0.01  0.67862923630976  -0.015432920214796642  0.9481139194358461  16.10106114810221  13.616867599391657  1.0  0.771  0.165  0.064  0.754  0.246  0.85  0.15
0  3.5  1.75  0.01  0.01  0.582039759871669  0.055469754254919845  0.45985213884623927  14.224576489411266  13.93177022356529  1.0  0.74  0.187  0.073  0.768  0.232  0.8  0.2
0  3.5  1.75  0.01  0.01  0.7023076016047042  0.148693023576478  0.7622344083543795  14.44802694209591  14.260233963523191  1.0  0.798  0.143  0.059  0.797  0.203  0.7  0.3
0  3.5  1.75  0.01  0.01  0.6055129327340075  0.1719857658606802  0.7528566395639769  14.072209903820358  15.385583411058557  1.0  0.763  0.169  0.069  0.768  0.232  0.8  0.2
0  3.5  1.75  0.01  0.01  0.5295143271864198  0.18059648207057338  0.41166093808959486  14.22055134023881  14.100886540962634  1.0  0.732  0.192  0.076  0.768  0.232  0.8  0.2
0  3.5  1.75  0.01  0.01  0.6441208899917789  -0.0010853613212031266  0.458489878107082  14.145018402896119  14.171785756213566  1.0  0.759  0.173  0.067  0.783  0.217  0.75  0.25
0  3.5  1.75  0.01  0.01  0.752796508857409  0.029371308028120213  0.9347970084061591  13.969163541980954  20.917516605376395  1.0  0.804  0.14  0.056  0.783  0.217  0.75  0.25
0  3.5  1.75  0.01  0.01  0.5464760992612906  0.07524508219884823  0.6482155229964321  14.137922958994835  14.389457602750785  1.0  0.727  0.197  0.076  0.739  0.261  0.9  0.1
0  3.5  1.75  0.01  0.01  0.711290680031927  0.06997048955626445  0.8849127086820796  15.854198839589278  14.234552533851547  1.0  0.793  0.147  0.06  0.783  0.217  0.75  0.25
0  3.5  1.75  0.01  0.01  0.6664013719818609  -0.17364181198816198  0.614502243764192  14.010272115537608  14.675921225727397  1.0  0.749  0.184  0.067  0.739  0.261  0.9  0.1
0  3.5  1.75  0.01  0.01  0.68883026973983  -0.03466433541995789  0.7018041033504286  14.298006024218912  14.085959696514186  1.0  0.774  0.163  0.063  0.768  0.232  0.8  0.2
0  3.5  1.75  0.01  0.01  0.7085128373194068  -0.04960320851553979  0.5312877683120435  14.034798762238623  14.523155784528319  1.0  0.779  0.159  0.062  0.783  0.217  0.75  0.25
0  3.5  1.75  0.01  0.01  0.6540666845383112  0.12297124229004092  0.9937214959933536  15.892391627519997  14.633525365702758  1.0  0.776  0.159  0.065  0.768  0.232  0.8  0.2
0  3.5  1.75  0.01  0.01  0.5553405630711686  0.17033626681576708  0.5867729880407353  14.103694259357473  14.407482529284271  1.0  0.742  0.184  0.074  0.754  0.246  0.85  0.15
0  3.5  1.75  0.01  0.01  0.6666040397810431  -0.08417964335759538  0.8874039053056962  15.992174664867491  13.73310248939011  1.0  0.759  0.175  0.066  0.739  0.261  0.9  0.1
0  3.5  1.75  0.01  0.01  0.6019045543535776  0.06932412608719168  0.43305809389909894  14.129192493535664  14.294844804657805  1.0  0.75  0.18  0.071  0.768  0.232  0.8  0.2
0  3.5  1.75  0.01  0.01  0.6149810175082355  0.09833392189087664  0.627153480008244  14.034359688244063  14.66833350161293  1.0  0.759  0.173  0.069  0.768  0.232  0.8  0.2
0  3.5  1.75  0.01  0.01  0.6163478966939002  -0.11420644269384046  0.44796884601945  14.165154314245578  14.064173823903825  1.0  0.735  0.193  0.072  0.754  0.246  0.85  0.15
0  3.5  1.75  0.01  0.01  0.6623988359446089  0.1190903654262786  0.7426198877648725  14.347218766278854  14.299160269231248  1.0  0.78  0.157  0.064  0.768  0.232  0.8  0.2
0  3.5  1.75  0.01  0.01  0.6468120381660795  -0.1740683921449931  0.517977954348225  14.21329722574607  13.852451578116694  1.0  0.741  0.19  0.069  0.754  0.246  0.85  0.15
0  3.5  1.75  0.01  0.01  0.6384950321336098  -0.10726640759263573  0.42230565223296784  14.103402752923886  14.296342140949823  1.0  0.744  0.186  0.069  0.768  0.232  0.8  0.2
0  3.5  1.75  0.01  0.01  0.7189757944459877  -0.1878502376348696  0.6963298302760347  14.052182893385753  14.880441302446545  1.0  0.768  0.17  0.062  0.768  0.232  0.8  0.2
0  3.5  1.75  0.01  0.01  0.694747844751992  -0.15270988520460205  0.6392669040752903  14.183303036253468  14.124806512488643  1.0  0.763  0.173  0.064  0.754  0.246  0.85  0.15
0  3.5  1.75  0.01  0.01  0.6911021695516643  -0.17184337562837504  0.5837994857704044  14.193385629602897  13.969958167381762  1.0  0.759  0.176  0.065  0.768  0.232  0.8  0.2
1  3.5  1.75  0.01  0.01  0.5162260010296276  0.163450452827551  0.40544880281415574  14.326258042082184  14.197186382299776  1.0  0.724  0.198  0.078  0.765  0.235  0.684  0.316
1  3.5  1.75  0.01  0.01  0.654198899120052  -0.10724693603233733  0.7340803076012622  15.847890595974732  14.322023254365353  1.0  0.751  0.181  0.068  0.75  0.25  0.737  0.263
1  3.5  1.75  0.01  0.01  0.7365212637388736  -0.09371300561444658  0.6266349372623915  13.92074309274376  16.887209121269393  1.0  0.786  0.155  0.059  0.794  0.206  0.579  0.421
1  3.5  1.75  0.01  0.01  0.55373734676747  0.13046519594693634  0.6478488493313984  15.946180936079331  14.069345185070503  1.0  0.736  0.189  0.075  0.765  0.235  0.684  0.316
1  3.5  1.75  0.01  0.01  0.558330600711303  0.045548099411475806  0.6604395980527908  15.928538603879607  14.105580403466439  1.0  0.729  0.196  0.075  0.75  0.25  0.737  0.263
1  3.5  1.75  0.01  0.01  0.6403221667833529  -0.05724046463953611  0.7550650070975179  15.911961788987085  14.043869374233207  1.0  0.751  0.181  0.069  0.765  0.235  0.684  0.316
1  3.5  1.75  0.01  0.01  0.5514221384767204  0.0889569955329565  0.3914838955040907  14.16840642367334  14.765336648323958  1.0  0.731  0.194  0.076  0.75  0.25  0.737  0.263
1  3.5  1.75  0.01  0.01  0.5523880173336824  0.027243391452386245  0.5325515528356078  14.400629111711341  14.0576726455839  1.0  0.724  0.2  0.076  0.75  0.25  0.737  0.263
1  3.5  1.75  0.01  0.01  0.666651113704913  -0.14995135593401396  0.9444198774191581  15.91467141661174  14.05994565242785  1.0  0.751  0.182  0.067  0.75  0.25  0.737  0.263
1  3.5  1.75  0.01  0.01  0.5593747400496629  -0.15063616433937282  0.49313959372817956  14.461152612348126  13.824827348509666  1.0  0.705  0.217  0.078  0.735  0.265  0.789  0.211
1  3.5  1.75  0.01  0.01  0.6155950492118082  -0.062175501295026914  0.4067900762644625  14.220970388934475  14.605542278712178  1.0  0.74  0.188  0.071  0.765  0.235  0.684  0.316
1  3.5  1.75  0.01  0.01  0.6399895800861102  -0.0010017483022516094  0.7295255781005722  15.825418754159454  14.378957694066226  1.0  0.757  0.175  0.068  0.765  0.235  0.684  0.316
1  3.5  1.75  0.01  0.01  0.5198274678060798  0.063660115851779  0.3901608630801006  14.22401200779921  14.559588245108683  1.0  0.713  0.208  0.079  0.75  0.25  0.737  0.263
1  3.5  1.75  0.01  0.01  0.5276807718469576  -0.01910615114510472  0.7281560115443411  15.976271543830691  13.85130190936695  1.0  0.707  0.214  0.079  0.721  0.279  0.842  0.158
1  3.5  1.75  0.01  0.01  0.6608592697350149  -0.015079175840232883  0.5150783463326878  14.204575960837332  14.808638089955007  1.0  0.764  0.17  0.066  0.779  0.221  0.632  0.368
1  3.5  1.75  0.01  0.01  0.6886325508732452  -0.1696505124585991  0.9120364677388811  15.875561040999127  14.176968118319813  1.0  0.758  0.177  0.065  0.75  0.25  0.737  0.263
1  3.5  1.75  0.01  0.01  0.44648583937737085  0.16554556940902238  0.39397197245741766  14.272765045618845  14.386119026677804  1.0  0.693  0.222  0.085  0.721  0.279  0.842  0.158
1  3.5  1.75  0.01  0.01  0.5626186702114808  -0.08640938671379153  0.5103053202965772  14.404124958409513  14.04593041937992  1.0  0.714  0.209  0.077  0.735  0.265  0.789  0.211
1  3.5  1.75  0.01  0.01  0.705773410732152  -0.05247959643265587  0.748207836056001  15.774087164646616  14.5820850302877  1.0  0.778  0.16  0.062  0.779  0.221  0.632  0.368
1  3.5  1.75  0.01  0.01  0.576783610340856  -0.026078932016167844  0.46501713895414976  14.29814305568701  14.333939683372439  1.0  0.727  0.198  0.075  0.75  0.25  0.737  0.263
1  3.5  1.75  0.01  0.01  0.6379763140446341  0.05904169727036346  0.8754266864478465  15.84514644152105  14.123828545922885  1.0  0.763  0.169  0.067  0.765  0.235  0.684  0.316
1  3.5  1.75  0.01  0.01  0.6381726301477337  -0.04978238557880804  0.5649830843955748  14.374941977065324  14.431747422038068  1.0  0.751  0.18  0.069  0.765  0.235  0.684  0.316
1  3.5  1.75  0.01  0.01  0.5283509981746008  0.17202027431746425  0.7003638404880925  15.88613805239321  14.172292251656263  1.0  0.73  0.193  0.077  0.75  0.25  0.737  0.263
1  3.5  1.75  0.01  0.01  0.6512874584743198  -0.16308854906711803  0.4745736124903871  14.081284989911895  15.194083856944085  1.0  0.744  0.188  0.069  0.765  0.235  0.684  0.316
1  3.5  1.75  0.01  0.01  0.6969641947100074  0.011437158710899509  0.7842207582321277  15.735518180998811  14.656338026838727  1.0  0.781  0.157  0.062  0.779  0.221  0.632  0.368
1  3.5  1.75  0.01  0.01  0.572793550868987  0.04068454030648483  0.7154388851040869  15.933304714899945  13.99204797472533  1.0  0.734  0.192  0.074  0.75  0.25  0.737  0.263
1  3.5  1.75  0.01  0.01  0.7422159954235393  -0.18899676284634653  0.9231800611265064  15.86370628622202  14.2686897217645  1.0  0.777  0.163  0.06  0.765  0.235  0.684  0.316
1  3.5  1.75  0.01  0.01  0.5921621870213922  0.06953059527977157  0.5234541214914804  14.039462283852782  15.313008570395647  1.0  0.746  0.183  0.072  0.765  0.235  0.684  0.316
1  3.5  1.75  0.01  0.01  0.5908774223306671  -0.029162651529504646  0.6635860427335037  15.932803718575238  14.098978716364885  1.0  0.733  0.193  0.073  0.75  0.25  0.737  0.263
1  3.5  1.75  0.01  0.01  0.7714723165569284  -0.1974955961613751  0.8757391200744941  13.926952468936573  21.195262809832798  1.0  0.787  0.156  0.057  0.765  0.235  0.684  0.316
0  3.5  1.75  0.01  0.01  0.6028877940624242  -0.2067407455393144  0.5005530724986694  14.300088503346284  13.569409632088528  1.0  0.717  0.209  0.074  0.739  0.261  0.9  0.1  True
0  3.5  1.75  0.01  0.01  0.5557182738343058  0.11283739378394914  0.7134008765862789  14.14210586425614  14.736995156797544  1.0  0.735  0.19  0.075  0.739  0.261  0.9  0.1  True
0  3.5  1.75  0.01  0.01  0.6129280376902455  0.007691658072268896  0.5206927528970141  14.17794490066689  14.027821766870854  1.0  0.747  0.182  0.07  0.768  0.232  0.8  0.2  True
0  3.5  1.75  0.01  0.01  0.6254718490017241  -0.13468200887224924  0.39068660441895803  14.165041959867667  14.108578378109954  1.0  0.736  0.193  0.071  0.754  0.246  0.85  0.15  True
0  3.5  1.75  0.01  0.01  0.5549035997722325  0.2329196107862434  0.44941052460573366  14.147229182274064  14.335689427955435  1.0  0.748  0.179  0.073  0.768  0.232  0.8  0.2  True
0  3.5  1.75  0.01  0.01  0.6543128359461579  0.0361115552729579  0.4905637717707193  14.012730404996894  14.62876386269983  1.0  0.768  0.166  0.066  0.768  0.232  0.8  0.2  True
0  3.5  1.75  0.01  0.01  0.636538773645142  0.01884822488598271  0.5103999633982466  14.165769050529317  14.075446266710916  1.0  0.758  0.174  0.068  0.783  0.217  0.75  0.25  True
0  3.5  1.75  0.01  0.01  0.7091086998610006  -0.2574755243146851  0.5605780372332232  14.220627202123257  13.822572689532498  1.0  0.756  0.18  0.064  0.768  0.232  0.8  0.2  True
0  3.5  1.75  0.01  0.01  0.5908007231925907  -0.0003527448131525788  0.47074645705840673  14.185655741612434  14.02248229613512  1.0  0.737  0.19  0.073  0.754  0.246  0.85  0.15  True
0  3.5  1.75  0.01  0.01  0.6509598529120807  -0.025001306600984013  0.6734328194535674  14.030106911717827  14.826125699693932  1.0  0.759  0.174  0.067  0.754  0.246  0.85  0.15  True
0  3.5  1.75  0.01  0.01  0.7370161259693656  -0.1482600725746558  0.7138478292643803  13.968712657782651  15.306327943148537  1.0  0.779  0.161  0.06  0.768  0.232  0.8  0.2  True
0  3.5  1.75  0.01  0.01  0.6431590437246184  0.023906714851014074  0.44044284436536  14.117166499538751  14.296103971938862  1.0  0.761  0.172  0.067  0.783  0.217  0.75  0.25  True
0  3.5  1.75  0.01  0.01  0.7171446989645063  -0.42047635809833545  0.43080533670756266  14.17093587897987  13.972865480563465  1.0  0.74  0.195  0.065  0.754  0.246  0.85  0.15  True
0  3.5  1.75  0.01  0.01  0.6187799937772798  -0.029852406181605295  0.6735395025746796  14.138712736688799  14.463700787912169  1.0  0.745  0.184  0.07  0.754  0.246  0.85  0.15  True
0  3.5  1.75  0.01  0.01  0.651239897236152  0.0019930408708495077  0.4901114930678697  14.066848777509252  14.415986034500488  1.0  0.762  0.171  0.067  0.768  0.232  0.8  0.2  True
0  3.5  1.75  0.01  0.01  0.7209285488710883  -0.1776626992578455  0.7233186560091258  14.04371747511889  15.150038714975992  1.0  0.77  0.168  0.062  0.768  0.232  0.8  0.2  True
0  3.5  1.75  0.01  0.01  0.6211340847949789  -0.02000381038492824  0.5309023330290916  14.195261806288638  13.954691649826865  1.0  0.747  0.183  0.07  0.768  0.232  0.8  0.2  True
0  3.5  1.75  0.01  0.01  0.607756562153094  0.08015444800985788  0.4905205182383351  14.13142232988247  14.237199698159676  1.0  0.753  0.177  0.07  0.768  0.232  0.8  0.2  True
0  3.5  1.75  0.01  0.01  0.6068505510038017  0.029639043114280048  0.5006231622937782  14.17751068425625  14.044597905658662  1.0  0.747  0.182  0.071  0.768  0.232  0.8  0.2  True
0  3.5  1.75  0.01  0.01  0.6837099354419991  -0.05951867667776979  0.7034907735850187  13.977021867763318  15.188740853621074  1.0  0.768  0.167  0.064  0.754  0.246  0.85  0.15  True
0  3.5  1.75  0.01  0.01  0.6470052859220199  -0.07502720691614478  0.4809901037082588  14.161574902851635  14.054554196392033  1.0  0.751  0.181  0.068  0.768  0.232  0.8  0.2  True
0  3.5  1.75  0.01  0.01  0.5544166527235571  0.3022931526102843  0.7435107326585203  14.137526855765  15.059050962379905  1.0  0.756  0.172  0.072  0.768  0.232  0.8  0.2  True
0  3.5  1.75  0.01  0.01  0.6210245955857195  0.21983770143113213  0.5103661757052137  14.117624881269597  14.386733159588099  1.0  0.774  0.159  0.066  0.797  0.203  0.7  0.3  True
0  3.5  1.75  0.01  0.01  0.5609074234164964  0.21303029244483818  0.510471260040043  14.168204666867274  14.18922934469386  1.0  0.749  0.179  0.073  0.768  0.232  0.8  0.2  True
0  3.5  1.75  0.01  0.01  0.6182265902673999  -0.0711727718946347  0.47048473759972986  14.161843223336188  14.068009636990599  1.0  0.74  0.189  0.071  0.754  0.246  0.85  0.15  True
0  3.5  1.75  0.01  0.01  0.6932124506298682  0.058639523117157026  0.8022367947945578  13.987504338417327  20.511703444896586  1.0  0.785  0.153  0.062  0.783  0.217  0.75  0.25  True
0  3.5  1.75  0.01  0.01  0.8337284106630172  -0.47502319201827325  0.6930113036085772  13.986062613641282  15.202622035656805  1.0  0.779  0.167  0.054  0.768  0.232  0.8  0.2  True
0  3.5  1.75  0.01  0.01  0.5099536148250723  0.0749870284870787  0.5000104071328468  14.273511571661263  13.779101552651259  1.0  0.71  0.21  0.08  0.739  0.261  0.9  0.1  True
0  3.5  1.75  0.01  0.01  0.8337171099126515  -0.5535676252024085  0.6531231100736996  14.034907583764653  14.81662787634209  1.0  0.771  0.175  0.055  0.768  0.232  0.8  0.2  True
0  3.5  1.75  0.01  0.01  0.06483308072249341  0.4940420945474554  0.44099994519724833  14.456216377085019  14.27219151573026  1.0  0.549  0.345  0.106  0.754  0.246  0.85  0.15  True
1  3.5  1.75  0.01  0.01  0.5214608623939623  0.03925638863070306  0.3632517588438037  14.237772615940237  14.530995528579538  1.0  0.711  0.209  0.079  0.735  0.265  0.789  0.211  True
1  3.5  1.75  0.01  0.01  0.6084873997155449  0.14644369841102928  0.4032874057599369  14.14300347067752  14.898385187427179  1.0  0.761  0.17  0.069  0.794  0.206  0.579  0.421  True
1  3.5  1.75  0.01  0.01  0.48842479498246816  0.04416168694436309  0.41372695358122324  14.405317775225726  13.900829379351263  1.0  0.696  0.221  0.082  0.735  0.265  0.789  0.211  True
1  3.5  1.75  0.01  0.01  0.614394848250644  0.09528280324472585  0.423000682444108  14.140527083260976  14.8827691000765  1.0  0.758  0.173  0.069  0.779  0.221  0.632  0.368  True
1  3.5  1.75  0.01  0.01  0.5687487293883977  -0.06897941463463808  0.3834621928762942  14.298996605375132  14.306955065381173  1.0  0.719  0.205  0.076  0.75  0.25  0.737  0.263  True
1  3.5  1.75  0.01  0.01  0.7319851105164072  -0.05668417606260347  0.44247953710031485  14.063937862778289  15.274014648473111  1.0  0.787  0.154  0.059  0.809  0.191  0.526  0.474  True
1  3.5  1.75  0.01  0.01  0.5253455679637187  -0.0009314231042921685  0.3736091723873913  14.282886863411246  14.362105894286625  1.0  0.708  0.212  0.079  0.735  0.265  0.789  0.211  True
1  3.5  1.75  0.01  0.01  0.6286127621612736  -0.18171591821379068  0.3635061134905453  14.274245756853544  14.442576044380697  1.0  0.732  0.197  0.071  0.765  0.235  0.684  0.316  True
1  3.5  1.75  0.01  0.01  0.6903143827638223  -0.1346742555064171  0.3834129641057242  14.154377176376492  14.90119886341005  1.0  0.763  0.172  0.064  0.794  0.206  0.579  0.421  True
1  3.5  1.75  0.01  0.01  0.3986116653799834  0.5012990346739764  0.48345608834961545  14.321199414433941  14.222561437066277  1.0  0.713  0.204  0.083  0.75  0.25  0.737  0.263  True
1  3.5  1.75  0.01  0.01  0.5296450008620388  0.09273214950988432  0.40341081348795343  14.259851423458544  14.41690766543034  1.0  0.721  0.201  0.078  0.75  0.25  0.737  0.263  True
1  3.5  1.75  0.01  0.01  0.4509203132847044  0.3771200116385408  1.0124548342304927  13.995835851855716  20.567128438216745  1.0  0.721  0.198  0.081  0.721  0.279  0.842  0.158  True
1  3.5  1.75  0.01  0.01  0.49969846098227544  0.03217004363424596  0.3937876020313911  14.36762475978741  14.043851542138878  1.0  0.7  0.218  0.081  0.735  0.265  0.789  0.211  True
1  3.5  1.75  0.01  0.01  0.7408670149439929  0.05683893263536345  0.9223334803855912  13.80471802980418  21.48078590668613  1.0  0.803  0.141  0.057  0.779  0.221  0.632  0.368  True
1  3.5  1.75  0.01  0.01  0.5585362906439295  0.1084148517853626  0.0030536460924249433  14.289973406778296  15.21191202201176  1.0  0.736  0.189  0.075  0.794  0.206  0.579  0.421  True
1  3.5  1.75  0.01  0.01  0.5647417796074629  0.22285257836117917  0.4131801102957985  14.149345698692493  14.849346670052661  1.0  0.751  0.176  0.072  0.779  0.221  0.632  0.368  True
1  3.5  1.75  0.01  0.01  0.5266197093845304  0.07306655125416658  0.39345276489078834  14.296358576859687  14.293030652653233  1.0  0.717  0.204  0.078  0.75  0.25  0.737  0.263  True
1  3.5  1.75  0.01  0.01  0.6927646221087729  -0.22097623282347723  0.3530627508905303  14.169081053224545  14.873732905802076  1.0  0.754  0.181  0.065  0.779  0.221  0.632  0.368  True
1  3.5  1.75  0.01  0.01  0.6210257856471766  0.047577400351619906  0.877404132596111  14.019179973971273  20.65217297096714  1.0  0.755  0.176  0.069  0.75  0.25  0.737  0.263  True
1  3.5  1.75  0.01  0.01  0.5554589697379906  -0.12512986393863235  0.11008421189217867  14.322095573410047  14.69231326944074  1.0  0.706  0.216  0.078  0.75  0.25  0.737  0.263  True
1  3.5  1.75  0.01  0.01  0.4555356643918351  0.16644342681897745  0.4236408076614324  14.385048990738895  13.96037258171467  1.0  0.698  0.219  0.084  0.735  0.265  0.789  0.211  True
1  3.5  1.75  0.01  0.01  0.4858686664995724  0.23500500719390865  0.43398561388174384  14.282244038404475  14.323311910419958  1.0  0.72  0.201  0.08  0.75  0.25  0.737  0.263  True
1  3.5  1.75  0.01  0.01  0.010817080680068147  0.05500050222948881  0.37300913834972527  14.602045355357673  14.453453252203905  1.0  0.459  0.431  0.11  0.779  0.221  0.632  0.368  True
1  3.5  1.75  0.01  0.01  0.6299269679209315  0.1549960130905137  0.3839947889354401  14.113600186048847  15.052869742975973  1.0  0.77  0.163  0.067  0.794  0.206  0.579  0.421  True
1  3.5  1.75  0.01  0.01  0.6614823469824236  -0.12452441320313332  0.8701320865049712  15.913881167912347  13.984386126663109  1.0  0.753  0.18  0.067  0.75  0.25  0.737  0.263  True
1  3.5  1.75  0.01  0.01  0.663637078506236  -0.5112720440089551  0.0011573513682588035  14.392515679625895  14.71889444760804  1.0  0.706  0.223  0.071  0.765  0.235  0.684  0.316  True
1  3.5  1.75  0.01  0.01  0.46793328372322907  0.17500027141323413  0.4237506028328636  14.322396490301157  14.181048020961699  1.0  0.704  0.213  0.082  0.735  0.265  0.789  0.211  True
1  3.5  1.75  0.01  0.01  0.6478079322082226  -0.10498755023709233  0.9328124222880452  14.030425605370617  20.731478183681556  1.0  0.749  0.182  0.068  0.735  0.265  0.789  0.211  True
1  3.5  1.75  0.01  0.01  0.2571075466447358  1.1248983532229557  1.1770063393069077  15.719467674955354  14.436163853983286  1.0  0.728  0.19  0.081  0.75  0.25  0.737  0.263  True
1  3.5  1.75  0.01  0.01  -0.035723498976774  0.8850022912271109  0.5030058960920142  14.416930688529153  14.539989142437497  1.0  0.558  0.339  0.102  0.75  0.25  0.737  0.263  True
