3.5  1.75  0.01  0.01  0.9615547659636294  -0.12094576882873707  2.2121543666764967  13.666172095273124  13.666172095273124  1.0  0.89  0.108  0.002  0.885  0.115  0.885  0.115  True
3.5  1.75  0.01  0.01  1.0688196467759155  0.002563332792400275  2.222003968672545  13.696653493353548  13.696653493353548  1.0  0.92  0.079  0.001  0.885  0.115  0.885  0.115  True
3.5  1.75  0.01  0.01  1.024138134720225  -0.34239968395725084  2.1729794174331114  13.653776354593651  13.653776354593651  1.0  0.887  0.112  0.001  0.885  0.115  0.885  0.115  True
3.5  1.75  0.01  0.01  0.8298502699871766  -0.16888533575074488  3.179344482823132  14.312922521493574  14.312922521493574  1.0  0.853  0.144  0.003  0.885  0.115  0.885  0.115  True
3.5  1.75  0.01  0.01  0.9370255003806252  -0.047162297911178305  2.212906897999825  13.672126170436288  13.672126170436288  1.0  0.89  0.108  0.002  0.885  0.115  0.885  0.115  True
3.5  1.75  0.01  0.01  0.8242339654921318  0.3348407186120037  2.2823838976688107  13.723094472611521  13.723094472611521  1.0  0.892  0.106  0.002  0.885  0.115  0.885  0.115  True
3.5  1.75  0.01  0.01  1.0245872590547234  -0.3450058567575959  2.1620764264603998  13.65372409750258  13.65372409750258  1.0  0.886  0.113  0.001  0.885  0.115  0.885  0.115  True
3.5  1.75  0.01  0.01  0.9268497765001655  -0.02735961401450042  2.202226891524034  13.674546847015499  13.674546847015499  1.0  0.889  0.109  0.002  0.885  0.115  0.885  0.115  True
3.5  1.75  0.01  0.01  0.8001109934198907  -0.8689263131770675  0.6970920429712192  14.494080689406077  14.494080689406077  1.0  0.765  0.232  0.003  0.885  0.115  0.885  0.115  True
3.5  1.75  0.01  0.01  1.1331030401873838  -0.9949879058042275  2.0620361646719383  13.680948749751572  13.680948749751572  1.0  0.849  0.15  0.001  0.885  0.115  0.885  0.115  True
3.5  1.75  0.01  0.01  0.9550773919291347  -0.1450009791257872  2.1723167144785283  13.665618583341988  13.665618583341988  1.0  0.887  0.112  0.002  0.885  0.115  0.885  0.115  True
3.5  1.75  0.01  0.01  1.0242661559159272  -0.3250102995456751  2.182037901979784  13.654110919483946  13.654110919483946  1.0  0.888  0.111  0.001  0.885  0.115  0.885  0.115  True
3.5  1.75  0.01  0.01  0.7758516889852033  0.4749904326668231  2.2729953349219327  13.749310979719002  13.749310979719002  1.0  0.89  0.107  0.003  0.885  0.115  0.885  0.115  True
3.5  1.75  0.01  0.01  0.9616515014236835  -0.1252121625418583  2.202237440948811  13.665367909360077  13.665367909360077  1.0  0.89  0.109  0.002  0.885  0.115  0.885  0.115  True
3.5  1.75  0.01  0.01  0.9333506200287014  -0.02674765368902848  2.2225727081249076  13.67400165231531  13.67400165231531  1.0  0.891  0.107  0.002  0.885  0.115  0.885  0.115  True
3.5  1.75  0.01  0.01  0.861571753122915  0.20293916112633825  2.2521943318651627  13.701696300692385  13.701696300692385  1.0  0.891  0.107  0.002  0.885  0.115  0.885  0.115  True
3.5  1.75  0.01  0.01  0.9195256090363871  0.0012515732662571912  2.2122619188697143  13.677207018625245  13.677207018625245  1.0  0.89  0.108  0.002  0.885  0.115  0.885  0.115  True
3.5  1.75  0.01  0.01  1.0206890854261155  -0.3326560397463738  2.172403400768493  13.65415797643052  13.65415797643052  1.0  0.887  0.112  0.001  0.885  0.115  0.885  0.115  True
3.5  1.75  0.01  0.01  0.9232913021914977  -0.01982602423489504  2.202537024695216  13.675616084914727  13.675616084914727  1.0  0.889  0.109  0.002  0.885  0.115  0.885  0.115  True
3.5  1.75  0.01  0.01  0.7776568025132204  0.4647745101263314  2.282298062127629  13.746937679799503  13.746937679799503  1.0  0.89  0.108  0.003  0.885  0.115  0.885  0.115  True
3.5  1.75  0.01  0.01  1.1478310885744956  -0.5350006133118985  2.1721256813918224  13.654601993866462  13.654601993866462  1.0  0.896  0.103  0.001  0.885  0.115  0.885  0.115  True
3.5  1.75  0.01  0.01  1.105010443214947  -0.6327458714734304  2.122477943767797  13.652594584673883  13.652594584673883  1.0  0.88  0.12  0.001  0.885  0.115  0.885  0.115  True
3.5  1.75  0.01  0.01  0.8798527965909484  0.02499976999628701  2.2223459048692673  13.680273358027407  13.680273358027407  1.0  0.882  0.116  0.002  0.885  0.115  0.885  0.115  True
3.5  1.75  0.01  0.01  1.0858697538134547  -0.53316060025425  2.1624047438579375  13.651035006890929  13.651035006890929  1.0  0.884  0.115  0.001  0.885  0.115  0.885  0.115  True
3.5  1.75  0.01  0.01  1.1357944885361486  -0.8049806685076353  2.12299902555401  13.660296158756902  13.660296158756902  1.0  0.87  0.129  0.001  0.885  0.115  0.885  0.115  True
3.5  1.75  0.01  0.01  1.1023438657380993  -0.6047689395996116  2.1424006348925246  13.651594379303214  13.651594379303214  1.0  0.882  0.117  0.001  0.885  0.115  0.885  0.115  True
3.5  1.75  0.01  0.01  0.9417233716382247  0.03499620704842013  2.5260001476401324  13.762165758648694  13.762165758648694  1.0  0.897  0.101  0.002  0.885  0.115  0.885  0.115  True
3.5  1.75  0.01  0.01  0.928866649309323  -0.01524290054187689  2.2198237686103384  13.676337603578135  13.676337603578135  1.0  0.891  0.108  0.002  0.885  0.115  0.885  0.115  True
3.5  1.75  0.01  0.01  0.7873761958855489  0.29499767078665196  2.2320003563263304  13.718637838798495  13.718637838798495  1.0  0.88  0.117  0.003  0.885  0.115  0.885  0.115  True
3.5  1.75  0.01  0.01  1.0889852294397737  -0.5528009794719431  2.1529180717872856  13.650963408309174  13.650963408309174  1.0  0.883  0.116  0.001  0.885  0.115  0.885  0.115  True
3.5  1.75  0.01  0.01  0.42055945056955524  -0.19164501607447243  1.7985870511225306  14.669795805040986  14.669795805040986  1.0  0.694  0.298  0.009  0.696  0.304  0.696  0.304  True
3.5  1.75  0.01  0.01  0.36911002598008047  -0.0036963751572167275  1.8083722034252363  14.669885824181435  14.669885824181435  1.0  0.693  0.297  0.009  0.696  0.304  0.696  0.304  True
3.5  1.75  0.01  0.01  0.3378961279779028  0.11653771975432614  1.8285146660079026  14.675527298833972  14.675527298833972  1.0  0.693  0.297  0.01  0.696  0.304  0.696  0.304  True
3.5  1.75  0.01  0.01  0.3091671525750421  0.22834929687923183  2.239746331944531  14.696516723651287  14.696516723651287  1.0  0.693  0.297  0.01  0.696  0.304  0.696  0.304  True
3.5  1.75  0.01  0.01  0.36836053491658594  0.011343315464561674  1.828422083947316  14.671033734766816  14.671033734766816  1.0  0.694  0.297  0.009  0.696  0.304  0.696  0.304  True
3.5  1.75  0.01  0.01  0.3525757790300218  0.06063923300451954  1.808483291386196  14.672011422477789  14.672011422477789  1.0  0.693  0.298  0.01  0.696  0.304  0.696  0.304  True
3.5  1.75  0.01  0.01  0.33050540094323455  0.13668054699016513  1.8086832251805505  14.676533070246151  14.676533070246151  1.0  0.692  0.298  0.01  0.696  0.304  0.696  0.304  True
3.5  1.75  0.01  0.01  0.3158170708079585  0.19865483813961413  1.8285732681792037  14.681108202184568  14.681108202184568  1.0  0.692  0.298  0.01  0.696  0.304  0.696  0.304  True
3.5  1.75  0.01  0.01  0.3397069329488267  0.11418915026184898  1.818644670153684  14.674619513868741  14.674619513868741  1.0  0.693  0.298  0.01  0.696  0.304  0.696  0.304  True
3.5  1.75  0.01  0.01  0.4934727716315253  -0.4949985820707996  1.7585491991075757  14.689687807246843  14.689687807246843  1.0  0.689  0.304  0.008  0.696  0.304  0.696  0.304  True
3.5  1.75  0.01  0.01  0.4908310627112148  -0.38499888259001425  1.7580103055138807  14.680346123435843  14.680346123435843  1.0  0.702  0.29  0.008  0.696  0.304  0.696  0.304  True
3.5  1.75  0.01  0.01  0.34981434093120434  0.07281420089054164  1.8086878798129156  14.672470851921982  14.672470851921982  1.0  0.693  0.298  0.01  0.696  0.304  0.696  0.304  True
3.5  1.75  0.01  0.01  0.38052166629956086  -0.025916822670750628  1.838347405608089  14.671391268909193  14.671391268909193  1.0  0.695  0.296  0.009  0.696  0.304  0.696  0.304  True
3.5  1.75  0.01  0.01  0.4280574510684503  -0.2338952994237641  1.7685803619730391  14.671347769164669  14.671347769164669  1.0  0.692  0.299  0.009  0.696  0.304  0.696  0.304  True
3.5  1.75  0.01  0.01  0.4017660398195673  -0.1280151452990243  1.7785498213733075  14.669027236048876  14.669027236048876  1.0  0.692  0.299  0.009  0.696  0.304  0.696  0.304  True
3.5  1.75  0.01  0.01  0.38182631842384046  -0.04704243894865636  1.798607277826845  14.668851506187325  14.668851506187325  1.0  0.693  0.298  0.009  0.696  0.304  0.696  0.304  True
3.5  1.75  0.01  0.01  0.35649294786336455  0.06498421089359616  1.8189969606947025  14.672156312605535  14.672156312605535  1.0  0.695  0.296  0.01  0.696  0.304  0.696  0.304  True
3.5  1.75  0.01  0.01  0.3507773843297197  0.034994197494796486  1.8052139955409365  14.672189097618217  14.672189097618217  1.0  0.688  0.302  0.01  0.696  0.304  0.696  0.304  True
3.5  1.75  0.01  0.01  0.374560642796014  -0.025007025873102273  1.8089961376941768  14.66923658143751  14.66923658143751  1.0  0.692  0.299  0.009  0.696  0.304  0.696  0.304  True
3.5  1.75  0.01  0.01  0.32782077147977084  0.14994790133690222  1.8083432987721981  14.677234786818872  14.677234786818872  1.0  0.692  0.298  0.01  0.696  0.304  0.696  0.304  True
3.5  1.75  0.01  0.01  0.4513024416841861  -0.30845195299480777  1.7784260640319491  14.674676200644377  14.674676200644377  1.0  0.693  0.299  0.008  0.696  0.304  0.696  0.304  True
3.5  1.75  0.01  0.01  0.33056750814460645  0.13718736027391912  1.80858194513048  14.676533070121794  14.676533070121794  1.0  0.692  0.298  0.01  0.696  0.304  0.696  0.304  True
3.5  1.75  0.01  0.01  0.40286132089829907  -0.13413204298493597  1.7887754829543114  14.668706336666546  14.668706336666546  1.0  0.693  0.298  0.009  0.696  0.304  0.696  0.304  True
3.5  1.75  0.01  0.01  0.33603330164191425  0.1168030793488275  1.8087614803373875  14.675220909858156  14.675220909858156  1.0  0.692  0.298  0.01  0.696  0.304  0.696  0.304  True
3.5  1.75  0.01  0.01  0.35435388049156713  0.04726854612639905  1.7980615304074254  14.671743765916629  14.671743765916629  1.0  0.692  0.298  0.01  0.696  0.304  0.696  0.304  True
3.5  1.75  0.01  0.01  0.3337813111065574  0.1649690983308273  1.8089986832810103  14.678057988061076  14.678057988061076  1.0  0.696  0.294  0.01  0.696  0.304  0.696  0.304  True
3.5  1.75  0.01  0.01  0.4047681394480652  -0.12499243238743875  1.7883355688434652  14.668674907638342  14.668674907638342  1.0  0.695  0.296  0.009  0.696  0.304  0.696  0.304  True
3.5  1.75  0.01  0.01  0.30143731788030714  0.2249928158070777  1.788010155456162  14.684466148046544  14.684466148046544  1.0  0.688  0.302  0.01  0.696  0.304  0.696  0.304  True
3.5  1.75  0.01  0.01  0.38292445959575805  -0.04794414104462563  1.8086720326813446  14.668937383382103  14.668937383382103  1.0  0.694  0.297  0.009  0.696  0.304  0.696  0.304  True
3.5  1.75  0.01  0.01  0.4417352754402322  -0.27704404520604353  1.7672495948718363  14.673627463116908  14.673627463116908  1.0  0.692  0.299  0.008  0.696  0.304  0.696  0.304  True
3.5  1.75  0.01  0.01  0.9265214510727546  -0.017278712919140855  2.2127309618594193  13.675091446009349  13.675091446009349  1.0  0.89  0.108  0.002  0.885  0.115  0.885  0.115  True
3.5  1.75  0.01  0.01  0.9757124468840699  -0.1809478373071458  2.1928095167721775  13.661868051636914  13.661868051636914  1.0  0.889  0.11  0.001  0.885  0.115  0.885  0.115  True
3.5  1.75  0.01  0.01  0.5843058756530447  0.2626670790561706  1.0205231223206523  14.501021676172318  14.501021676172318  1.0  0.815  0.18  0.006  0.885  0.115  0.885  0.115  True
3.5  1.75  0.01  0.01  0.9330360470325421  -0.015987742943600593  2.2321568181311346  13.67525882815815  13.67525882815815  1.0  0.892  0.107  0.002  0.885  0.115  0.885  0.115  True
3.5  1.75  0.01  0.01  0.9550067942242215  -0.13133717057648156  2.182411108280452  13.6663845312329  13.6663845312329  1.0  0.888  0.11  0.002  0.885  0.115  0.885  0.115  True
3.5  1.75  0.01  0.01  0.9775088694147991  -0.0986889027974454  2.5264280318793224  13.762733721070335  13.762733721070335  1.0  0.895  0.103  0.001  0.885  0.115  0.885  0.115  True
3.5  1.75  0.01  0.01  0.9825621496462184  -0.19272908513857387  2.2027001403281967  13.661171218010342  13.661171218010342  1.0  0.89  0.109  0.001  0.885  0.115  0.885  0.115  True
3.5  1.75  0.01  0.01  0.9999927560555605  -0.24943516971927357  2.192731322592495  13.657647291272074  13.657647291272074  1.0  0.889  0.11  0.001  0.885  0.115  0.885  0.115  True
3.5  1.75  0.01  0.01  0.9442777423582995  -0.0782444674045297  2.2024363140180645  13.669614441980485  13.669614441980485  1.0  0.89  0.109  0.002  0.885  0.115  0.885  0.115  True
3.5  1.75  0.01  0.01  0.9048488986234389  0.06198222602040687  2.2322766657484445  13.683500903274634  13.683500903274634  1.0  0.891  0.107  0.002  0.885  0.115  0.885  0.115  True
3.5  1.75  0.01  0.01  0.845003463379691  0.27480222490224915  2.5264652474849445  13.774646854628045  13.774646854628045  1.0  0.892  0.105  0.002  0.885  0.115  0.885  0.115  True
3.5  1.75  0.01  0.01  0.9270483112704346  -0.03869087436189965  2.192264630741458  13.674296850870958  13.674296850870958  1.0  0.889  0.109  0.002  0.885  0.115  0.885  0.115  True
3.5  1.75  0.01  0.01  0.9896223891836555  -0.2303900607066294  2.1827178779233374  13.65890290264272  13.65890290264272  1.0  0.888  0.11  0.001  0.885  0.115  0.885  0.115  True
3.5  1.75  0.01  0.01  0.9366230438072038  -0.033575576333714025  2.2324288409056163  13.67435464483558  13.67435464483558  1.0  0.892  0.107  0.002  0.885  0.115  0.885  0.115  True
3.5  1.75  0.01  0.01  0.9792533011242954  -0.035000484055846326  2.2429321690088293  13.675523644286779  13.675523644286779  1.0  0.9  0.098  0.001  0.885  0.115  0.885  0.115  True
3.5  1.75  0.01  0.01  0.8712173515574332  -0.1550174104673952  2.1829984807393528  13.67215070709152  13.67215070709152  1.0  0.865  0.132  0.002  0.885  0.115  0.885  0.115  True
3.5  1.75  0.01  0.01  0.9259977862118272  0.0018049606634204915  2.232654219226781  13.677150933151403  13.677150933151403  1.0  0.892  0.107  0.002  0.885  0.115  0.885  0.115  True
3.5  1.75  0.01  0.01  0.054973411377621045  0.13500047457056275  2.172001038349717  14.31850381109987  14.31850381109987  1.0  0.545  0.443  0.013  0.885  0.115  0.885  0.115  True
3.5  1.75  0.01  0.01  0.8625500025794384  0.18191194008169892  2.2326399268629595  13.69927491180046  13.69927491180046  1.0  0.89  0.108  0.002  0.885  0.115  0.885  0.115  True
3.5  1.75  0.01  0.01  1.0104021144192086  -0.2751560589077065  2.192826634426604  13.656242415477147  13.656242415477147  1.0  0.889  0.11  0.001  0.885  0.115  0.885  0.115  True
3.5  1.75  0.01  0.01  0.7250023386215154  0.5549953719557736  2.292682426827084  13.766819930449172  13.766819930449172  1.0  0.883  0.114  0.003  0.885  0.115  0.885  0.115  True
3.5  1.75  0.01  0.01  1.014882347071043  -0.3150098594798114  2.1921567896491263  13.654828356926897  13.654828356926897  1.0  0.887  0.112  0.001  0.885  0.115  0.885  0.115  True
3.5  1.75  0.01  0.01  0.9378990909447192  0.004999970997603648  2.2120703551114693  13.677518196671981  13.677518196671981  1.0  0.894  0.104  0.002  0.885  0.115  0.885  0.115  True
3.5  1.75  0.01  0.01  1.075319394440729  -0.5128508757377543  2.152713193190337  13.650786451319801  13.650786451319801  1.0  0.884  0.115  0.001  0.885  0.115  0.885  0.115  True
3.5  1.75  0.01  0.01  1.027497560293023  -0.36043914375266783  2.1627814372667897  13.653347344657039  13.653347344657039  1.0  0.886  0.113  0.001  0.885  0.115  0.885  0.115  True
3.5  1.75  0.01  0.01  0.900762769714119  0.06494071682732039  2.212976621218613  13.68422853344519  13.68422853344519  1.0  0.89  0.108  0.002  0.885  0.115  0.885  0.115  True
3.5  1.75  0.01  0.01  0.926255560356523  -0.0052181503628182  2.222430808122552  13.675951746488474  13.675951746488474  1.0  0.891  0.107  0.002  0.885  0.115  0.885  0.115  True
3.5  1.75  0.01  0.01  0.8762070282129968  0.14698466804490487  2.242507316929627  13.694702707523287  13.694702707523287  1.0  0.891  0.107  0.002  0.885  0.115  0.885  0.115  True
3.5  1.75  0.01  0.01  1.0723260634490097  -0.5149473171643277  2.152004264497389  13.650794942471382  13.650794942471382  1.0  0.883  0.116  0.001  0.885  0.115  0.885  0.115  True
3.5  1.75  0.01  0.01  0.07352975250175273  0.7549874815127149  2.0430222448349307  14.239720457950975  14.239720457950975  1.0  0.64  0.348  0.012  0.885  0.115  0.885  0.115  True
3.5  1.75  0.01  0.01  0.3479489650407276  -0.19674331511447854  1.00529701747579  15.0107580211299  15.0107580211299  1.0  0.656  0.334  0.01  0.696  0.304  0.696  0.304  True
3.5  1.75  0.01  0.01  0.32132971912601727  0.18058138611604752  1.8284025614287487  14.679528802311449  14.679528802311449  1.0  0.693  0.298  0.01  0.696  0.304  0.696  0.304  True
3.5  1.75  0.01  0.01  0.36162723602207963  0.016019893107686936  1.788796425782579  14.670953365137718  14.670953365137718  1.0  0.692  0.298  0.009  0.696  0.304  0.696  0.304  True
3.5  1.75  0.01  0.01  0.33896373872163876  -0.1557952285821522  1.0053164975605675  15.013279918965909  15.013279918965909  1.0  0.657  0.333  0.01  0.696  0.304  0.696  0.304  True
3.5  1.75  0.01  0.01  0.3856916275360715  -0.06334447634779991  1.8084001673369665  14.668837149137874  14.668837149137874  1.0  0.694  0.297  0.009  0.696  0.304  0.696  0.304  True
3.5  1.75  0.01  0.01  0.3770145235696525  -0.005131644757646849  1.8583217226177984  14.674935322188043  14.674935322188043  1.0  0.696  0.295  0.009  0.696  0.304  0.696  0.304  True
3.5  1.75  0.01  0.01  0.35335499975252516  0.04674370285792367  1.7883373529168176  14.672206204960364  14.672206204960364  1.0  0.692  0.299  0.01  0.696  0.304  0.696  0.304  True
3.5  1.75  0.01  0.01  0.3850234070806846  -0.05410069489253462  1.82837734856234  14.670118428313746  14.670118428313746  1.0  0.695  0.296  0.009  0.696  0.304  0.696  0.304  True
3.5  1.75  0.01  0.01  0.43158045078112156  -0.22677588672992244  1.7985153235343025  14.67113122758364  14.67113122758364  1.0  0.694  0.298  0.009  0.696  0.304  0.696  0.304  True
3.5  1.75  0.01  0.01  0.3708568928878385  -0.006996457655366177  1.7983017948551754  14.669650234207039  14.669650234207039  1.0  0.693  0.298  0.009  0.696  0.304  0.696  0.304  True
3.5  1.75  0.01  0.01  0.3172717557871061  -0.09374921952202207  0.9222798892515037  15.068653261654386  15.068653261654386  1.0  0.655  0.334  0.01  0.696  0.304  0.696  0.304  True
3.5  1.75  0.01  0.01  0.3074752055908192  0.2333978097176349  1.8283264903905811  14.683709011247268  14.683709011247268  1.0  0.692  0.298  0.01  0.696  0.304  0.696  0.304  True
3.5  1.75  0.01  0.01  0.4359252153541717  -0.25301935774539974  1.7884758126829488  14.67170225449692  14.67170225449692  1.0  0.693  0.298  0.009  0.696  0.304  0.696  0.304  True
3.5  1.75  0.01  0.01  0.15873177381148357  0.7547064471564504  1.6773294735528308  14.816074365039832  14.816074365039832  1.0  0.684  0.305  0.011  0.696  0.304  0.696  0.304  True
3.5  1.75  0.01  0.01  0.29712201084088924  0.26497373965305826  1.828998516793286  14.686594671980874  14.686594671980874  1.0  0.691  0.299  0.01  0.696  0.304  0.696  0.304  True
3.5  1.75  0.01  0.01  0.37086388703453  -0.01247212545658596  1.7983462128484227  14.66965023466429  14.66965023466429  1.0  0.693  0.298  0.009  0.696  0.304  0.696  0.304  True
3.5  1.75  0.01  0.01  0.5710062952877601  -0.7817831841870311  1.7085271654958578  14.733933137360454  14.733933137360454  1.0  0.684  0.31  0.007  0.696  0.304  0.696  0.304  True
3.5  1.75  0.01  0.01  0.2874219591448225  0.2949924723093299  1.818124905618719  14.689864909390629  14.689864909390629  1.0  0.69  0.3  0.01  0.696  0.304  0.696  0.304  True
3.5  1.75  0.01  0.01  0.3461218765671408  0.08254049463904947  1.7986166565157746  14.67319525007399  14.67319525007399  1.0  0.692  0.298  0.01  0.696  0.304  0.696  0.304  True
3.5  1.75  0.01  0.01  0.2587142737939668  0.41246868354547883  1.8383505158816618  14.705188936297512  14.705188936297512  1.0  0.691  0.299  0.01  0.696  0.304  0.696  0.304  True
3.5  1.75  0.01  0.01  0.3845821180565434  -0.05671129259995773  1.7986865226584472  14.668726211567126  14.668726211567126  1.0  0.693  0.298  0.009  0.696  0.304  0.696  0.304  True
3.5  1.75  0.01  0.01  0.357215431908713  0.024991656514366387  1.80835790254737  14.670522328699285  14.670522328699285  1.0  0.69  0.301  0.01  0.696  0.304  0.696  0.304  True
3.5  1.75  0.01  0.01  0.35981815946180595  0.034996387702826884  1.7989626911475738  14.670926225483337  14.670926225483337  1.0  0.692  0.298  0.01  0.696  0.304  0.696  0.304  True
3.5  1.75  0.01  0.01  0.24772227175377082  0.4516317175736895  1.8381766608943524  14.711285802198349  14.711285802198349  1.0  0.69  0.299  0.011  0.696  0.304  0.696  0.304  True
3.5  1.75  0.01  0.01  0.400042517884065  -0.12266321400456676  1.788306980926737  14.668648684137505  14.668648684137505  1.0  0.693  0.298  0.009  0.696  0.304  0.696  0.304  True
3.5  1.75  0.01  0.01  0.30587382648835754  0.2303798166540374  1.8083973063562335  14.683950478346631  14.683950478346631  1.0  0.691  0.299  0.01  0.696  0.304  0.696  0.304  True
3.5  1.75  0.01  0.01  0.3635402875470529  0.02288410779088912  1.8083697695687548  14.67047439205514  14.67047439205514  1.0  0.693  0.298  0.009  0.696  0.304  0.696  0.304  True
3.5  1.75  0.01  0.01  0.5101337594419224  0.30499908436938244  1.7980041019564932  14.75190914697821  14.75190914697821  1.0  0.791  0.203  0.007  0.696  0.304  0.696  0.304  True
3.5  1.75  0.01  0.01  0.30730549356391246  -0.09499978617721502  1.7680052777866941  14.677918452988218  14.677918452988218  1.0  0.65  0.339  0.01  0.696  0.304  0.696  0.304  True
3.5  1.75  0.01  0.01  0.3369208638011496  0.12477522642578845  1.8182051613021497  14.675205188072988  14.675205188072988  1.0  0.693  0.298  0.01  0.696  0.304  0.696  0.304  True
