0  3.5  1.75  0.01  0.01  0.4744353007918096  0.11244019060284671  1.32731952985343  14.72723410728623  1.0  0.755  0.237  0.008  0.784  0.216
0  3.5  1.75  0.01  0.01  0.461587895527226  -0.057308491528705596  1.071260527232566  14.65394840892856  1.0  0.729  0.263  0.008  0.745  0.255
0  3.5  1.75  0.01  0.01  0.4197025361496302  -0.0905901844313255  0.8827217632501967  14.784250729889044  1.0  0.706  0.285  0.009  0.735  0.265
0  3.5  1.75  0.01  0.01  0.461359438460503  0.11553480561332728  1.915580654993441  14.786876251404214  1.0  0.751  0.242  0.008  0.775  0.225
0  3.5  1.75  0.01  0.01  0.4473093499199029  0.30873374277818955  1.937212676363338  14.717474446864635  1.0  0.766  0.226  0.008  0.765  0.235
0  3.5  1.75  0.01  0.01  0.45746624146512804  0.03879945540364864  1.337418446241365  14.588806767170572  1.0  0.739  0.253  0.008  0.745  0.255
0  3.5  1.75  0.01  0.01  0.5225531934641794  0.027445813437205764  1.9176834445788662  14.954801821691587  1.0  0.766  0.227  0.007  0.784  0.216
0  3.5  1.75  0.01  0.01  0.5242586797873778  0.04100213136445964  1.404373308376962  14.829374502456057  1.0  0.768  0.225  0.007  0.824  0.176
0  3.5  1.75  0.01  0.01  0.39852903967377507  0.7272871250917328  1.4695837395987243  14.523974099404573  1.0  0.791  0.201  0.008  0.814  0.186
0  3.5  1.75  0.01  0.01  0.3854897284825835  0.0622958719925486  1.494728868278989  14.797223494292957  1.0  0.709  0.282  0.009  0.725  0.275
0  3.5  1.75  0.01  0.01  0.4456662975271178  0.12492118803405006  1.0822468492312114  14.666793734859354  1.0  0.744  0.248  0.008  0.765  0.235
0  3.5  1.75  0.01  0.01  0.5294884381392545  0.008877168192631452  1.1424970698939179  14.427785363613113  1.0  0.767  0.226  0.007  0.765  0.235
0  3.5  1.75  0.01  0.01  0.5383498020988657  0.12284029406829455  1.1624739336435952  14.581734576923743  1.0  0.783  0.211  0.006  0.814  0.186
0  3.5  1.75  0.01  0.01  0.25713453860842617  0.8249833482584512  1.5098338114936685  14.403065379507348  1.0  0.74  0.25  0.01  0.745  0.255
0  3.5  1.75  0.01  0.01  0.6273112250794485  -0.0395033871057186  1.142180081793099  14.401749806650127  1.0  0.8  0.195  0.005  0.824  0.176
0  3.5  1.75  0.01  0.01  0.6113071486896275  -0.4501540580884793  1.1844769737811016  14.523040338056443  1.0  0.746  0.248  0.006  0.755  0.245
0  3.5  1.75  0.01  0.01  0.36260124980928743  0.7149639644823516  1.6740003879508616  14.60129162336877  1.0  0.774  0.218  0.008  0.804  0.196
0  3.5  1.75  0.01  0.01  0.4107546064103195  0.27500638031658675  1.1222558852880946  14.663859818021514  1.0  0.747  0.245  0.008  0.765  0.235
0  3.5  1.75  0.01  0.01  0.4361025560195272  -0.1518540366072313  1.0426598930365913  14.975582937196124  1.0  0.706  0.285  0.008  0.745  0.255
0  3.5  1.75  0.01  0.01  0.43716233311687736  0.07691421299167038  1.1393616211306081  14.700249318788238  1.0  0.735  0.257  0.008  0.755  0.245
0  3.5  1.75  0.01  0.01  0.4368789554915119  0.2353200775965354  1.6473882671308917  14.575435924328442  1.0  0.754  0.238  0.008  0.765  0.235
0  3.5  1.75  0.01  0.01  0.555951487773054  -0.2445396015567276  1.2449380124200675  14.62500864502521  1.0  0.749  0.245  0.007  0.765  0.235
0  3.5  1.75  0.01  0.01  0.43725224260916007  0.045000637796053275  1.1820648084386955  14.739820901384556  1.0  0.732  0.26  0.008  0.755  0.245
0  3.5  1.75  0.01  0.01  0.4404450722355493  0.5025880211485854  1.469632781399978  14.438037055789836  1.0  0.784  0.209  0.007  0.794  0.206
0  3.5  1.75  0.01  0.01  0.40040063735050024  -0.08499948456946171  1.0690063080993033  14.830399518282603  1.0  0.698  0.293  0.009  0.706  0.294
0  3.5  1.75  0.01  0.01  0.45259455290637396  0.003824180182203077  1.132435922780404  14.745854087232155  1.0  0.732  0.26  0.008  0.755  0.245
0  3.5  1.75  0.01  0.01  0.6149309564482247  0.01730072260233844  1.4672268498786196  14.40696832319213  1.0  0.801  0.193  0.005  0.824  0.176
0  3.5  1.75  0.01  0.01  0.4939304685406686  0.11500177796959785  1.9160105413262591  15.212096513152774  1.0  0.764  0.228  0.007  0.814  0.186
0  3.5  1.75  0.01  0.01  0.4095235763696832  -0.018938041584256007  1.4244255451776955  14.722719509894537  1.0  0.71  0.281  0.009  0.725  0.275
0  3.5  1.75  0.01  0.01  0.44613318842462435  -0.04826299206156068  1.4174852389798238  14.782981406956523  1.0  0.723  0.268  0.008  0.745  0.255
0  3.5  1.75  0.01  0.01  0.44454572063610365  -0.03240309724335945  1.1029913339553432  14.676482605039697  1.0  0.725  0.267  0.008  0.745  0.255
0  3.5  1.75  0.01  0.01  0.5815401645582886  -0.13095084108866623  1.4744986335390116  14.453195393998637  1.0  0.772  0.222  0.006  0.775  0.225
0  3.5  1.75  0.01  0.01  0.4575794335316714  -0.11718009821235538  1.487489552626703  14.575581976236096  1.0  0.72  0.272  0.008  0.716  0.284
0  3.5  1.75  0.01  0.01  0.4881073812890283  -0.08293059475141025  1.4575949302936049  14.893883064685975  1.0  0.739  0.254  0.008  0.784  0.216
0  3.5  1.75  0.01  0.01  0.43499906532085886  0.280899244766408  1.5274322819242194  14.521922239380684  1.0  0.757  0.235  0.008  0.765  0.235
0  3.5  1.75  0.01  0.01  0.40216461530535763  0.2195029233639775  1.1125144007578178  14.600425408293438  1.0  0.736  0.256  0.009  0.745  0.255
0  3.5  1.75  0.01  0.01  0.37269084089959814  0.4349933789310442  1.5079849666479066  14.565105934150493  1.0  0.747  0.244  0.009  0.755  0.245
0  3.5  1.75  0.01  0.01  0.4603630899549763  0.24623339649433015  1.0723018668331394  14.673347231883932  1.0  0.765  0.228  0.008  0.794  0.206
0  3.5  1.75  0.01  0.01  0.45308976856285477  0.001492906360395068  1.0826230697321784  14.899877324913987  1.0  0.733  0.259  0.008  0.775  0.225
0  3.5  1.75  0.01  0.01  0.4559513195443361  -0.194999164964966  1.9359955284847665  14.99704265294949  1.0  0.71  0.281  0.008  0.716  0.284
0  3.5  1.75  0.01  0.01  0.5178466815935847  -0.06102887268318541  1.5444432763781857  14.498922536227502  1.0  0.754  0.239  0.007  0.755  0.245
0  3.5  1.75  0.01  0.01  0.3616405439725692  0.27636296947296257  1.2622331672367306  14.894949507641092  1.0  0.724  0.267  0.009  0.745  0.255
0  3.5  1.75  0.01  0.01  0.30256558494213587  0.3825058899929676  1.557203441696641  14.692937961770674  1.0  0.708  0.282  0.01  0.716  0.284
0  3.5  1.75  0.01  0.01  0.3494018319768905  0.17530689167810698  1.4396466510421198  14.723866578569556  1.0  0.706  0.284  0.009  0.716  0.284
0  3.5  1.75  0.01  0.01  0.441997904696263  -0.014177563941722492  1.1623533195773383  14.711777115954588  1.0  0.726  0.265  0.008  0.745  0.255
0  3.5  1.75  0.01  0.01  0.5801661981565392  -0.04864557621594619  1.0895674127565897  14.61698769423501  1.0  0.781  0.213  0.006  0.814  0.186
0  3.5  1.75  0.01  0.01  0.48093581764182164  -0.11071009180220338  1.0728021711658453  14.72315401227362  1.0  0.732  0.26  0.008  0.755  0.245
0  3.5  1.75  0.01  0.01  0.35202468421744104  0.6049995949574583  1.5698536327772958  14.547366942007768  1.0  0.757  0.234  0.009  0.775  0.225
0  3.5  1.75  0.01  0.01  0.6072086253836313  -0.28498466121937527  1.4445809041212245  14.5636356471819  1.0  0.765  0.229  0.006  0.784  0.216
0  3.5  1.75  0.01  0.01  0.47987153417275386  0.18856678072016297  1.4746594281285574  14.490968121342634  1.0  0.766  0.226  0.007  0.775  0.225
0  3.5  1.75  0.01  0.01  0.3923393906211595  0.2587146830884312  1.427492549681098  14.827171763694414  1.0  0.736  0.255  0.009  0.765  0.235
0  3.5  1.75  0.01  0.01  0.6164903128784316  -0.3440190345211084  1.092907484896252  14.67314636529253  1.0  0.762  0.233  0.006  0.804  0.196
0  3.5  1.75  0.01  0.01  0.38389034593133187  0.38168954127045107  1.4696807794196638  14.595537927115279  1.0  0.746  0.245  0.009  0.755  0.245
0  3.5  1.75  0.01  0.01  0.5921097975920688  -0.006185735966147889  1.042257291894711  14.529731730803578  1.0  0.79  0.205  0.006  0.824  0.176
0  3.5  1.75  0.01  0.01  0.5576013270781066  -0.2749998442537219  1.394987272865221  14.646371126187972  1.0  0.746  0.248  0.007  0.775  0.225
0  3.5  1.75  0.01  0.01  0.5576671613896148  -0.42498682776094954  1.0429986422493942  14.726426728028374  1.0  0.727  0.266  0.007  0.755  0.245
0  3.5  1.75  0.01  0.01  0.4376971803844545  0.006817772289488487  1.4694493372453272  14.565191432524227  1.0  0.727  0.265  0.008  0.725  0.275
0  3.5  1.75  0.01  0.01  0.4900202259645404  -0.13308916252842318  1.9332070060538376  14.875706361383262  1.0  0.733  0.259  0.008  0.725  0.275
0  3.5  1.75  0.01  0.01  0.40142673103183796  0.016611445569557615  1.052025002312008  14.738784489357908  1.0  0.711  0.28  0.009  0.725  0.275
0  3.5  1.75  0.01  0.01  -0.5436806842912267  1.6049998847969467  1.9439960559542988  15.520985633637627  1.0  0.462  0.532  0.007  0.765  0.235
0  3.5  1.75  0.01  0.01  0.4170441799186133  -0.12170427910984327  1.4592815095759715  14.782727141279846  1.0  0.701  0.29  0.009  0.716  0.284
0  3.5  1.75  0.01  0.01  0.48872487313061885  0.16694332285274102  1.7815028563126276  14.673084029509065  1.0  0.768  0.225  0.007  0.775  0.225
0  3.5  1.75  0.01  0.01  0.41650474825783385  -0.07387385567366458  1.1626947144666877  14.956010016352183  1.0  0.707  0.284  0.009  0.745  0.255
0  3.5  1.75  0.01  0.01  0.1111984797285923  0.4009996901860482  1.147000134616922  14.825836406739535  1.0  0.612  0.376  0.012  0.735  0.265
0  3.5  1.75  0.01  0.01  0.5309449022638144  -0.19989310669418975  1.933556571270291  15.227894863289023  1.0  0.743  0.25  0.007  0.725  0.275
0  3.5  1.75  0.01  0.01  0.45050919074666707  0.07049342626748845  1.4178075891002833  14.610473953554822  1.0  0.74  0.252  0.008  0.745  0.255
0  3.5  1.75  0.01  0.01  0.5868353780299251  -0.16623743534602187  1.4374736257349492  14.660015398097725  1.0  0.77  0.224  0.006  0.804  0.196
0  3.5  1.75  0.01  0.01  0.4898770872344542  0.3220324166953432  1.3696486313033234  14.58739697239653  1.0  0.785  0.208  0.007  0.814  0.186
0  3.5  1.75  0.01  0.01  0.46761458951680546  -0.044994295525024  0.9920391861333597  14.709379426848642  1.0  0.734  0.258  0.008  0.755  0.245
0  3.5  1.75  0.01  0.01  0.43380219796483094  0.4449981998488416  1.4570164464769393  14.533527600637056  1.0  0.775  0.218  0.008  0.784  0.216
0  3.5  1.75  0.01  0.01  0.5497832604686657  -0.07930733871577413  1.4544448322365058  14.641172167771062  1.0  0.765  0.228  0.006  0.794  0.206
0  3.5  1.75  0.01  0.01  0.5744581168665976  -0.4226638339445625  1.112672832973887  14.776277384326598  1.0  0.734  0.259  0.006  0.775  0.225
0  3.5  1.75  0.01  0.01  0.45421494084849234  -0.38183202594269805  1.082434618381245  14.963840953743983  1.0  0.685  0.307  0.008  0.716  0.284
0  3.5  1.75  0.01  0.01  0.434284200732553  0.07540701567793456  1.3979299938263103  14.479524743771657  1.0  0.734  0.258  0.008  0.725  0.275
0  3.5  1.75  0.01  0.01  -0.020962012633070397  -0.004999840478546816  1.0729996017223953  14.906166037126885  1.0  0.482  0.505  0.013  0.814  0.186
0  3.5  1.75  0.01  0.01  0.4800092504946327  0.11561206125077353  1.1729997178176093  14.79250590317504  1.0  0.759  0.234  0.007  0.804  0.196
0  3.5  1.75  0.01  0.01  0.4771654194447882  0.2397526214448803  1.7844783753177522  14.782112824875544  1.0  0.771  0.222  0.007  0.775  0.225
0  3.5  1.75  0.01  0.01  0.5307021952946533  -0.18309201368802716  1.0726259085286363  14.72907851499543  1.0  0.745  0.248  0.007  0.775  0.225
0  3.5  1.75  0.01  0.01  0.13687757727327066  0.065000730431971  1.4649995901954833  14.879993962040393  1.0  0.58  0.407  0.012  0.824  0.176
0  3.5  1.75  0.01  0.01  0.41727386093190444  -0.22016235913183274  0.8625090325908609  14.720914554493952  1.0  0.688  0.303  0.009  0.706  0.294
0  3.5  1.75  0.01  0.01  0.2941450232919737  0.5039163887155088  1.5545502112900822  14.77977814962809  1.0  0.719  0.271  0.01  0.735  0.265
0  3.5  1.75  0.01  0.01  0.4894744711168973  -0.03584818212131309  1.783603529713999  14.69087950896994  1.0  0.744  0.248  0.007  0.735  0.265
0  3.5  1.75  0.01  0.01  0.5657368956315716  0.08343161542007471  1.5708524100715684  14.410350721057396  1.0  0.789  0.205  0.006  0.794  0.206
0  3.5  1.75  0.01  0.01  0.4357080855129525  -0.05317767170088544  1.1028440113817086  14.594851010954315  1.0  0.719  0.273  0.008  0.716  0.284
0  3.5  1.75  0.01  0.01  0.39122718113994187  0.0371388494564951  1.0726886499512776  14.869531685300514  1.0  0.709  0.282  0.009  0.735  0.265
0  3.5  1.75  0.01  0.01  0.4696760795797975  0.0682368744041263  1.142647914303408  14.703981954735205  1.0  0.748  0.244  0.008  0.775  0.225
0  3.5  1.75  0.01  0.01  0.33471123984211104  0.05530012470635667  1.4343606655804562  14.83250605170835  1.0  0.684  0.306  0.01  0.696  0.304
0  3.5  1.75  0.01  0.01  0.5284913725341841  0.006736120706477429  1.3593992315509436  14.562108414184657  1.0  0.766  0.227  0.007  0.784  0.216
0  3.5  1.75  0.01  0.01  0.4877612931077896  0.08699257942925086  1.032104329092529  14.664577696825186  1.0  0.758  0.234  0.007  0.794  0.206
0  3.5  1.75  0.01  0.01  0.40510834754807223  0.2458984220489373  1.4948900741693145  14.657661016601883  1.0  0.741  0.251  0.008  0.755  0.245
0  3.5  1.75  0.01  0.01  0.5419245344318198  -0.013775897512419446  1.4392433564480778  14.467852405749806  1.0  0.77  0.224  0.007  0.775  0.225
0  3.5  1.75  0.01  0.01  0.5125330814359619  -0.09201444988299542  1.5205106368428576  14.58125369411572  1.0  0.748  0.245  0.007  0.755  0.245
0  3.5  1.75  0.01  0.01  0.5432900438675575  0.03244074227533477  1.7800906448753073  14.95787767104778  1.0  0.775  0.219  0.006  0.784  0.216
0  3.5  1.75  0.01  0.01  0.5611989047311816  -0.1985563887535265  1.1522517963054077  14.569098280715433  1.0  0.756  0.238  0.006  0.775  0.225
0  3.5  1.75  0.01  0.01  0.3359774397726423  0.6349982517086148  1.7401197520253746  14.345321082238746  1.0  0.754  0.238  0.009  0.794  0.206
0  3.5  1.75  0.01  0.01  0.49420327791582463  -0.025977161457929426  1.4545232439677587  14.43642682781619  1.0  0.747  0.245  0.007  0.735  0.265
0  3.5  1.75  0.01  0.01  0.4188864795169079  -0.04669031024049768  1.0325506652212613  14.93049048297832  1.0  0.711  0.281  0.009  0.745  0.255
0  3.5  1.75  0.01  0.01  0.49471670991055816  0.10383850213911155  1.4876173923417  14.623700018866554  1.0  0.763  0.23  0.007  0.784  0.216
0  3.5  1.75  0.01  0.01  0.5066585558857952  0.12492035291518783  1.1727191979799751  14.529381287788055  1.0  0.77  0.223  0.007  0.784  0.216
0  3.5  1.75  0.01  0.01  0.571618923576618  -0.0939937198185957  1.2773029437159362  14.62140702664929  1.0  0.773  0.221  0.006  0.804  0.196
0  3.5  1.75  0.01  0.01  0.6309964904973753  -0.4424236605374478  1.2643757051891584  14.499192120972783  1.0  0.755  0.239  0.006  0.755  0.245
0  3.5  1.75  0.01  0.01  0.34890719826601024  0.3335960221727433  1.4495850916516069  14.679975202396363  1.0  0.724  0.266  0.009  0.735  0.265
0  3.5  1.75  0.01  0.01  0.4365418796617351  0.0898447869962351  1.0924929597229969  14.863054329438096  1.0  0.736  0.256  0.008  0.775  0.225
0  3.5  1.75  0.01  0.01  0.510460986524636  -0.2548152212681566  1.1428976990674855  14.757285889563613  1.0  0.728  0.265  0.007  0.755  0.245
0  3.5  1.75  0.01  0.01  0.5252041071881699  -0.04446285343606644  1.1522424019486732  14.551308873478419  1.0  0.759  0.234  0.007  0.775  0.225
0  3.5  1.75  0.01  0.01  0.5555485521679915  0.04695300270460851  1.4172701212197933  14.426177068162241  1.0  0.782  0.212  0.006  0.784  0.216
0  3.5  1.75  0.01  0.01  0.4707049247875186  -0.1824594059913201  1.294138052711732  14.673192273282593  1.0  0.719  0.274  0.008  0.725  0.275
0  3.5  1.75  0.01  0.01  0.6148242612588724  -0.15499994255888733  1.4940061399749123  14.436510367027417  1.0  0.783  0.211  0.006  0.784  0.216
0  3.5  1.75  0.01  0.01  0.39944952941931533  0.5149989799292618  1.232971534258526  14.751747238043244  1.0  0.768  0.224  0.008  0.824  0.176
0  3.5  1.75  0.01  0.01  0.46018777369729646  0.3723068523265997  1.6041953574769374  14.531989229309408  1.0  0.778  0.215  0.007  0.794  0.206
0  3.5  1.75  0.01  0.01  0.5493160241487536  -0.14499985255743614  1.5679895563424993  14.465002951681615  1.0  0.758  0.236  0.007  0.775  0.225
0  3.5  1.75  0.01  0.01  0.5314360064068571  -0.04981575228283576  1.447245554279295  14.568740491765155  1.0  0.761  0.232  0.007  0.775  0.225
0  3.5  1.75  0.01  0.01  0.4908201754215009  0.10151637969793546  1.4177040741843197  14.43596913898799  1.0  0.761  0.232  0.007  0.755  0.245
0  3.5  1.75  0.01  0.01  0.6538442891748675  -0.45448375611042735  1.1778589967475759  14.526915760498113  1.0  0.763  0.231  0.005  0.784  0.216
0  3.5  1.75  0.01  0.01  0.490166128032387  -0.08384966885401257  1.259314292741772  14.743332561084223  1.0  0.74  0.253  0.007  0.775  0.225
0  3.5  1.75  0.01  0.01  0.4871666974956449  0.12789544663490343  1.4846613649671871  14.410031350451995  1.0  0.763  0.23  0.007  0.755  0.245
0  3.5  1.75  0.01  0.01  0.5453727410854927  -0.023149616633659817  1.4145334101292475  14.476193227379861  1.0  0.77  0.223  0.006  0.765  0.235
0  3.5  1.75  0.01  0.01  0.4737015345249837  -0.09772826328483461  0.9224887295597962  14.692963235171058  1.0  0.73  0.262  0.008  0.755  0.245
0  3.5  1.75  0.01  0.01  0.5905973672650195  -0.14805582168804984  1.6676995967816295  14.380394667264277  1.0  0.774  0.221  0.006  0.765  0.235
0  3.5  1.75  0.01  0.01  0.523624515451377  0.08635642541686042  1.54429749771976  14.559209827001261  1.0  0.773  0.22  0.007  0.794  0.206
0  3.5  1.75  0.01  0.01  0.45828762322393335  0.1119662467289482  1.3874295450762917  14.638177371820898  1.0  0.748  0.244  0.008  0.765  0.235
0  3.5  1.75  0.01  0.01  0.6591441842579409  -0.43287958093438983  1.854203961154325  14.45188506622266  1.0  0.768  0.227  0.005  0.765  0.235
0  3.5  1.75  0.01  0.01  0.4306791568547794  0.17411800725737034  1.1512097195535795  14.842051748395523  1.0  0.743  0.249  0.008  0.784  0.216
0  3.5  1.75  0.01  0.01  0.42104649600715227  0.28500265184173423  1.7804870110359263  15.067186841987768  1.0  0.752  0.239  0.008  0.765  0.235
0  3.5  1.75  0.01  0.01  0.3469016442106909  0.362917189025852  1.4176902667327866  14.644404524085571  1.0  0.727  0.264  0.009  0.735  0.265
0  3.5  1.75  0.01  0.01  0.7007591587738708  -0.047914085262193574  1.4645624901022185  14.265392366397212  1.0  0.825  0.171  0.004  0.843  0.157
0  3.5  1.75  0.01  0.01  0.45099741996973486  -0.010699707769580588  1.4692032262821935  14.669765482072458  1.0  0.731  0.261  0.008  0.745  0.255
0  3.5  1.75  0.01  0.01  0.5011908114144084  -0.10484647515202686  1.099103839946052  14.696428645604321  1.0  0.742  0.251  0.007  0.765  0.235
0  3.5  1.75  0.01  0.01  0.5399915747274474  -0.22965222682254394  0.9924759141717687  14.808966913956763  1.0  0.743  0.25  0.007  0.784  0.216
0  3.5  1.75  0.01  0.01  0.44356130187636933  -0.22156575262738237  1.112733027864533  14.624649986715054  1.0  0.701  0.291  0.008  0.696  0.304
0  3.5  1.75  0.01  0.01  0.37895536386760553  -0.024984972368046005  1.132000467519561  14.662517998697908  1.0  0.695  0.295  0.009  0.696  0.304
0  3.5  1.75  0.01  0.01  0.45914687486011374  0.10822649127998887  1.417812631328768  14.634835840857802  1.0  0.748  0.244  0.008  0.765  0.235
0  3.5  1.75  0.01  0.01  0.4624301312646407  0.05337041875668217  1.0382729516868614  14.63441896573347  1.0  0.743  0.249  0.008  0.775  0.225
0  3.5  1.75  0.01  0.01  0.551039547822733  0.026784600018219133  1.1326482904569277  14.490372682999531  1.0  0.778  0.216  0.006  0.794  0.206
0  3.5  1.75  0.01  0.01  0.4354650465182349  -0.11467973212611471  1.4191944353789416  14.941388426794498  1.0  0.711  0.281  0.008  0.745  0.255
0  3.5  1.75  0.01  0.01  0.5493782921229307  -0.19980812160834416  0.7725034339586679  14.7463961870589  1.0  0.751  0.243  0.007  0.814  0.186
0  3.5  1.75  0.01  0.01  0.4466196219493427  -2.96845320540246e-05  1.4174739908092044  14.871024107438991  1.0  0.73  0.262  0.008  0.755  0.245
0  3.5  1.75  0.01  0.01  0.4439191131369824  0.30794285631063467  1.4942505350274815  14.439486651716154  1.0  0.765  0.228  0.008  0.765  0.235
0  3.5  1.75  0.01  0.01  0.525107761180263  -0.14288251598597296  1.4140323223717854  14.674898920730078  1.0  0.748  0.245  0.007  0.765  0.235
0  3.5  1.75  0.01  0.01  0.5052139032335825  0.3195850464106562  1.4679998623038186  14.376445055110176  1.0  0.791  0.203  0.007  0.814  0.186
0  3.5  1.75  0.01  0.01  0.46143308047490883  -0.002667457510907334  1.5442088332757065  14.62526414066458  1.0  0.736  0.256  0.008  0.745  0.255
0  3.5  1.75  0.01  0.01  0.5014915553070045  -0.2913828558785277  1.780535765690078  14.769651934857489  1.0  0.719  0.274  0.007  0.716  0.284
0  3.5  1.75  0.01  0.01  0.4257773387669632  0.07835451349215418  0.7642951584029649  14.90996628575485  1.0  0.73  0.262  0.008  0.784  0.216
0  3.5  1.75  0.01  0.01  0.36835907174208954  0.32539032275169794  1.4149984762671513  14.673230949659763  1.0  0.733  0.258  0.009  0.745  0.255
0  3.5  1.75  0.01  0.01  0.7289047161061801  -0.4649816407466496  1.442009307086409  14.389459418849633  1.0  0.79  0.205  0.004  0.784  0.216
0  3.5  1.75  0.01  0.01  0.37481508709380096  -0.012825619396005829  1.0392820606605158  14.722267193388284  1.0  0.695  0.296  0.009  0.706  0.294
0  3.5  1.75  0.01  0.01  0.4995798756246207  -0.314533489488536  1.4470430648346937  14.57801994289519  1.0  0.715  0.277  0.008  0.706  0.294
0  3.5  1.75  0.01  0.01  0.46870482583960976  0.24890706157344128  1.1522570025498808  14.538990936603707  1.0  0.768  0.224  0.007  0.784  0.216
0  3.5  1.75  0.01  0.01  0.46850000547608656  0.5173705203394751  1.5073625208308714  14.525007420209269  1.0  0.797  0.196  0.007  0.824  0.176
0  3.5  1.75  0.01  0.01  0.6008312607042996  -0.18373801158629827  1.4172624419623794  14.52890070206015  1.0  0.774  0.22  0.006  0.784  0.216
1  3.5  1.75  0.01  0.01  0.4286124447220785  -0.11880474812473595  1.0447330912951205  14.752993567435395  1.0  0.707  0.285  0.009  0.717  0.283
1  3.5  1.75  0.01  0.01  0.34664151866441306  -0.09294994980931981  1.2215174685384351  14.735196634659564  1.0  0.67  0.32  0.01  0.674  0.326
1  3.5  1.75  0.01  0.01  0.4460660437670451  -0.06822318074539815  1.1246416509402941  14.574734371673458  1.0  0.721  0.271  0.008  0.717  0.283
1  3.5  1.75  0.01  0.01  0.5065899592127105  0.024454134758264096  1.146337968831227  14.389985258094104  1.0  0.758  0.234  0.007  0.746  0.254
1  3.5  1.75  0.01  0.01  0.582184208830508  -0.10277077631491546  1.714712770965208  14.662477715250954  1.0  0.776  0.218  0.006  0.775  0.225
1  3.5  1.75  0.01  0.01  0.414285396978444  -0.012723608758073192  1.0243834880258196  14.580877316849394  1.0  0.714  0.278  0.009  0.71  0.29
1  3.5  1.75  0.01  0.01  0.0012065861505144355  -0.05499779434105584  1.1266476182283534  14.866280029875883  1.0  0.487  0.5  0.013  0.717  0.283
1  3.5  1.75  0.01  0.01  0.4311249246600728  -0.19220945110801527  1.1133975894045742  14.692159097247815  1.0  0.699  0.293  0.009  0.703  0.297
1  3.5  1.75  0.01  0.01  0.6097896822255684  0.10085101156354402  1.2044107134871436  14.200480301030005  1.0  0.808  0.187  0.005  0.797  0.203
1  3.5  1.75  0.01  0.01  0.5758125030107482  0.15350723596389376  1.1942931105739651  14.328013260597467  1.0  0.8  0.194  0.006  0.797  0.203
1  3.5  1.75  0.01  0.01  0.5493552784319685  -0.26706391450154754  1.0838398221604106  14.495164374786343  1.0  0.742  0.251  0.007  0.739  0.261
1  3.5  1.75  0.01  0.01  0.5688305079623586  -0.09524885680891626  1.0362032368693208  14.457401282699285  1.0  0.771  0.223  0.006  0.775  0.225
1  3.5  1.75  0.01  0.01  0.5716692332340708  -0.1650544598823718  1.1320487010981146  14.428317613635421  1.0  0.764  0.23  0.006  0.761  0.239
1  3.5  1.75  0.01  0.01  0.6057396490607746  -0.14944698425727615  1.18334489662386  14.356259568411183  1.0  0.78  0.215  0.006  0.775  0.225
1  3.5  1.75  0.01  0.01  0.43441386871948645  0.03169446587024029  1.0747322818443452  14.55049609485073  1.0  0.728  0.264  0.008  0.725  0.275
1  3.5  1.75  0.01  0.01  0.4340306974209598  0.2601565233608678  1.2049196320028044  14.360084772762644  1.0  0.755  0.237  0.008  0.739  0.261
1  3.5  1.75  0.01  0.01  0.5566761779456499  0.16767954719756684  1.2075087283630106  14.249105813722585  1.0  0.795  0.199  0.006  0.783  0.217
1  3.5  1.75  0.01  0.01  0.44759494247353815  -0.03230821921580786  1.1463092235178178  14.547696879377424  1.0  0.727  0.265  0.008  0.725  0.275
1  3.5  1.75  0.01  0.01  0.6501748620932817  -0.31773907891804914  1.101927720480463  14.177926278567066  1.0  0.777  0.217  0.005  0.739  0.261
1  3.5  1.75  0.01  0.01  0.6284877869097911  0.12369362173354961  1.5715337441795587  14.27286365101007  1.0  0.817  0.178  0.005  0.804  0.196
1  3.5  1.75  0.01  0.01  0.44360004162051053  -0.26361175837260287  1.2034991197255  14.662219382850335  1.0  0.696  0.296  0.008  0.696  0.304
1  3.5  1.75  0.01  0.01  0.6396696891423063  -0.0634745172212729  1.7219431975403785  14.383999554361312  1.0  0.802  0.193  0.005  0.797  0.203
1  3.5  1.75  0.01  0.01  0.6415166031390263  -0.42457629393882845  1.2542264887739236  14.434113759713059  1.0  0.762  0.233  0.005  0.761  0.239
1  3.5  1.75  0.01  0.01  0.6094528894678259  -0.2751070643580419  1.1634872339409343  14.42726545532994  1.0  0.766  0.228  0.006  0.768  0.232
1  3.5  1.75  0.01  0.01  0.43384712456292274  0.014598915081608337  1.1025808235692165  14.451017081770763  1.0  0.725  0.267  0.008  0.71  0.29
1  3.5  1.75  0.01  0.01  0.08842193114904237  0.6449999532996036  1.6524677386810063  14.813926867792421  1.0  0.633  0.355  0.012  0.804  0.196
1  3.5  1.75  0.01  0.01  0.4805432975292133  -0.05569838349069149  1.1361474045967375  14.320140765218486  1.0  0.738  0.255  0.008  0.71  0.29
1  3.5  1.75  0.01  0.01  0.5273519763301693  -0.13614817089526415  1.083320095138521  14.593757333076438  1.0  0.749  0.245  0.007  0.761  0.239
1  3.5  1.75  0.01  0.01  0.5986697968363377  -0.5649851791760327  1.0010017096277117  14.365127700688737  1.0  0.727  0.267  0.006  0.703  0.297
1  3.5  1.75  0.01  0.01  0.38070776906859904  0.3134964037407653  1.1210005245325514  14.16768996494129  1.0  0.737  0.255  0.009  0.775  0.225
1  3.5  1.75  0.01  0.01  0.37272125167019027  0.18176955225808133  1.0528105284209928  14.695397930791799  1.0  0.717  0.274  0.009  0.725  0.275
1  3.5  1.75  0.01  0.01  0.6693550914848657  -0.23969212743326124  1.0733898070945012  14.223685234985135  1.0  0.794  0.202  0.005  0.775  0.225
1  3.5  1.75  0.01  0.01  0.34461524181027814  0.25112906998367235  1.2723495793579978  14.74046136758981  1.0  0.713  0.278  0.009  0.725  0.275
1  3.5  1.75  0.01  0.01  0.3765226837248494  -0.32499927935202466  1.0210018819392879  14.723399225124783  1.0  0.655  0.336  0.01  0.681  0.319
1  3.5  1.75  0.01  0.01  0.5491307041710862  -0.034964919145089056  2.0470073750907307  15.214329684510858  1.0  0.77  0.223  0.006  0.783  0.217
1  3.5  1.75  0.01  0.01  0.5802599767230577  -0.4549041600842354  1.051240006397008  14.455494413556803  1.0  0.733  0.261  0.006  0.725  0.275
1  3.5  1.75  0.01  0.01  0.5593838272071103  -0.27076287996138776  1.0866751613923216  14.460206498471628  1.0  0.747  0.247  0.007  0.739  0.261
1  3.5  1.75  0.01  0.01  0.5644948492496831  -0.3800108663934503  0.9964430767306429  14.506324816311183  1.0  0.735  0.258  0.007  0.732  0.268
1  3.5  1.75  0.01  0.01  0.4753889523744307  0.1814769643302367  0.9021137370635341  14.344332642268977  1.0  0.763  0.229  0.007  0.761  0.239
1  3.5  1.75  0.01  0.01  0.4564850258827303  0.04205058231762493  1.1864064993542967  14.474826294958842  1.0  0.739  0.253  0.008  0.732  0.268
1  3.5  1.75  0.01  0.01  0.47503612519055893  -0.06514553195081335  1.1439770360226407  14.626566246578875  1.0  0.734  0.258  0.008  0.739  0.261
1  3.5  1.75  0.01  0.01  0.6295964084967423  -0.4982534932056782  1.1533028076234688  14.373276566376871  1.0  0.747  0.247  0.006  0.732  0.268
1  3.5  1.75  0.01  0.01  0.5380607528990712  -0.2563800566532578  1.1334600733410902  14.442715934487135  1.0  0.739  0.254  0.007  0.725  0.275
1  3.5  1.75  0.01  0.01  0.5585403949598922  -0.46499772113446025  1.5999999617883955  14.694675636555719  1.0  0.722  0.271  0.007  0.717  0.283
1  3.5  1.75  0.01  0.01  0.6477258989800214  -0.3550641834362452  1.1232101868217934  14.453192926776628  1.0  0.772  0.223  0.005  0.783  0.217
1  3.5  1.75  0.01  0.01  0.4926111444459207  0.1418237232560291  1.1149826932622962  14.427556957617613  1.0  0.766  0.227  0.007  0.761  0.239
1  3.5  1.75  0.01  0.01  0.5022372549003318  -0.04779931555395284  1.121945091772657  14.488784730667762  1.0  0.748  0.244  0.007  0.746  0.254
1  3.5  1.75  0.01  0.01  0.5687458350238239  -0.09499821191514268  1.6519939357925977  14.557669985611806  1.0  0.772  0.222  0.006  0.775  0.225
1  3.5  1.75  0.01  0.01  0.5306202960027266  -0.016679445472354004  1.1627254332033408  14.431000450263952  1.0  0.764  0.229  0.007  0.761  0.239
1  3.5  1.75  0.01  0.01  0.40618921157283944  0.034997619890782525  1.6765942008557724  14.739671254039024  1.0  0.715  0.277  0.009  0.717  0.283
1  3.5  1.75  0.01  0.01  0.5363521695087182  -0.025181161300039417  1.023420206411853  14.433998759975331  1.0  0.765  0.228  0.007  0.761  0.239
1  3.5  1.75  0.01  0.01  0.699003465115317  -0.4150019426914431  1.0820081376274462  14.357184070809115  1.0  0.784  0.211  0.004  0.768  0.232
1  3.5  1.75  0.01  0.01  0.6213141096664263  -0.26860509449362546  1.6517933575423438  14.54388717243858  1.0  0.772  0.223  0.006  0.739  0.261
1  3.5  1.75  0.01  0.01  0.5966226035575171  -0.34917177527578924  1.086608208394671  14.443338736599351  1.0  0.752  0.242  0.006  0.746  0.254
1  3.5  1.75  0.01  0.01  0.6815971323296719  -0.26490638805551775  1.121646738923919  14.275741110643049  1.0  0.796  0.199  0.005  0.79  0.21
1  3.5  1.75  0.01  0.01  0.4720056872312968  -0.1273276240036813  1.2147671074416042  14.507422899645132  1.0  0.725  0.267  0.008  0.717  0.283
1  3.5  1.75  0.01  0.01  0.45588537226757964  0.0568747190819649  1.1038687434739327  14.525947154878846  1.0  0.741  0.251  0.008  0.739  0.261
1  3.5  1.75  0.01  0.01  0.5483735867352806  -0.1868519830684804  1.6491979605441804  14.564448563827217  1.0  0.752  0.242  0.007  0.725  0.275
1  3.5  1.75  0.01  0.01  0.646021766257119  -0.4464231439880119  1.1732524550538534  14.34450263698969  1.0  0.76  0.234  0.005  0.746  0.254
1  3.5  1.75  0.01  0.01  0.4268304723680808  0.27425563179059426  1.7151711637086666  14.68022356850652  1.0  0.753  0.239  0.008  0.761  0.239
1  3.5  1.75  0.01  0.01  0.4309476230394218  0.3841972534461998  1.648277062799193  14.54287986821535  1.0  0.767  0.225  0.008  0.761  0.239
1  3.5  1.75  0.01  0.01  0.501191270189927  0.030013069389903314  1.116237443058949  14.433911198176066  1.0  0.757  0.236  0.007  0.754  0.246
1  3.5  1.75  0.01  0.01  0.5442080154614211  0.030219883479122286  1.6515385026964262  14.504536830469451  1.0  0.775  0.218  0.006  0.768  0.232
1  3.5  1.75  0.01  0.01  0.5513930504645408  -0.027555278072443307  1.182383436807779  14.323982253164305  1.0  0.771  0.222  0.006  0.754  0.246
1  3.5  1.75  0.01  0.01  0.411567043164068  0.05588149285050862  1.1734344546777362  14.564469958729216  1.0  0.721  0.27  0.009  0.717  0.283
1  3.5  1.75  0.01  0.01  0.5834189373605786  0.39308629397832096  1.2247410172764426  14.247142214357876  1.0  0.827  0.168  0.005  0.833  0.167
1  3.5  1.75  0.01  0.01  0.4082162844500316  0.32499510069086557  1.144560716158991  14.53738139365405  1.0  0.75  0.242  0.008  0.754  0.246
1  3.5  1.75  0.01  0.01  0.7805391572663392  -0.7229325978560421  1.1215227392444542  14.36473224082733  1.0  0.778  0.219  0.004  0.797  0.203
1  3.5  1.75  0.01  0.01  0.8372385818474577  -0.7382599626574142  0.8736698125731763  14.135853411077296  1.0  0.795  0.202  0.003  0.804  0.196
1  3.5  1.75  0.01  0.01  0.4859898627085684  0.13645733647228397  1.714550345366299  14.608201162019547  1.0  0.763  0.229  0.007  0.761  0.239
1  3.5  1.75  0.01  0.01  0.6029785262679705  -0.30563013388077753  1.046236483132926  14.367500177458314  1.0  0.76  0.234  0.006  0.746  0.254
1  3.5  1.75  0.01  0.01  0.4791299994696798  0.1332129849150424  1.154510594500667  14.42457733667076  1.0  0.759  0.233  0.007  0.754  0.246
1  3.5  1.75  0.01  0.01  0.42426085788799067  0.22144099620817154  1.1766868582759282  14.59431079974014  1.0  0.746  0.246  0.008  0.754  0.246
1  3.5  1.75  0.01  0.01  0.8378657614562477  -0.8036223148171953  1.1212666140028853  14.249242975524185  1.0  0.787  0.21  0.003  0.804  0.196
1  3.5  1.75  0.01  0.01  0.33403526515701376  0.20007352154692482  1.0526344966127696  14.656093085319412  1.0  0.701  0.289  0.01  0.703  0.297
1  3.5  1.75  0.01  0.01  0.5430130292871511  -0.1355976040333749  1.1846611692206153  14.504474760529176  1.0  0.755  0.238  0.007  0.761  0.239
1  3.5  1.75  0.01  0.01  0.6441310957389197  -0.4468313970164302  1.1846861658338748  14.358344932463174  1.0  0.759  0.235  0.005  0.746  0.254
1  3.5  1.75  0.01  0.01  0.43025158805710517  -0.14499951659892218  1.7018760971922287  14.95836502112323  1.0  0.705  0.287  0.009  0.717  0.283
1  3.5  1.75  0.01  0.01  0.4484187521470966  0.22329573686020598  1.074286317121096  14.435409685458419  1.0  0.756  0.236  0.008  0.746  0.254
1  3.5  1.75  0.01  0.01  0.7219356011501474  -0.8048806782334541  1.14603041506411  14.41927090066482  1.0  0.745  0.251  0.004  0.746  0.254
1  3.5  1.75  0.01  0.01  0.4425530171267983  0.029213195351293804  1.3266191005379675  14.625006469163496  1.0  0.732  0.26  0.008  0.739  0.261
1  3.5  1.75  0.01  0.01  0.3870284768010769  0.05305828509802045  1.0635576900633785  14.568521668105303  1.0  0.708  0.283  0.009  0.703  0.297
1  3.5  1.75  0.01  0.01  0.41243479266960453  0.19463234331386714  1.2322570272850957  14.507497189160256  1.0  0.737  0.255  0.008  0.732  0.268
1  3.5  1.75  0.01  0.01  0.5436349843706945  -0.028154033234329655  1.11344851518269  14.448960070866235  1.0  0.768  0.225  0.007  0.768  0.232
1  3.5  1.75  0.01  0.01  0.6052525143072499  -0.3418994775807156  1.648447341254814  15.189940674975583  1.0  0.757  0.237  0.006  0.768  0.232
1  3.5  1.75  0.01  0.01  0.5939738999915726  -0.15500257935797998  1.176211405560707  14.313241305190353  1.0  0.774  0.22  0.006  0.754  0.246
1  3.5  1.75  0.01  0.01  0.644702163478267  -0.1362663095878426  1.2029271782613276  14.09906149954152  1.0  0.796  0.199  0.005  0.761  0.239
1  3.5  1.75  0.01  0.01  0.5441355284567508  -0.2870176728556502  1.2119989663726651  14.265842610130274  1.0  0.738  0.256  0.007  0.71  0.29
1  3.5  1.75  0.01  0.01  0.5869323906830128  -0.007912271530566412  1.2314831598353948  14.397989394905167  1.0  0.788  0.206  0.006  0.797  0.203
1  3.5  1.75  0.01  0.01  0.5928615936623197  -0.0610856987576417  1.5665192929719982  15.07558355765475  1.0  0.785  0.21  0.006  0.768  0.232
1  3.5  1.75  0.01  0.01  0.5965558430181768  -0.05037585790578519  1.1834158457292148  14.358564882125602  1.0  0.787  0.207  0.006  0.79  0.21
1  3.5  1.75  0.01  0.01  0.4307750823050287  0.024339324486112382  1.083639018440158  14.653610265234589  1.0  0.725  0.267  0.008  0.732  0.268
1  3.5  1.75  0.01  0.01  0.4739574389749471  -0.06626578081425287  0.9728119901964511  14.45760333962839  1.0  0.734  0.259  0.008  0.725  0.275
1  3.5  1.75  0.01  0.01  0.7124044362355091  0.02048221138235358  1.2126414446480884  14.073067228423197  1.0  0.835  0.161  0.004  0.826  0.174
1  3.5  1.75  0.01  0.01  0.5709800975227507  -0.1739607096359002  2.0478669152638567  15.892955614859043  1.0  0.763  0.23  0.006  0.739  0.261
1  3.5  1.75  0.01  0.01  0.5023194591612018  -0.14560421327312034  0.9566415446707789  14.505841503611592  1.0  0.736  0.256  0.007  0.739  0.261
1  3.5  1.75  0.01  0.01  0.5509369505346634  -0.14171878900363416  1.3215146648755056  14.377644561739173  1.0  0.759  0.235  0.007  0.746  0.254
1  3.5  1.75  0.01  0.01  0.5440898983871796  -0.24127016254121658  1.1737274124377042  14.368597563126956  1.0  0.744  0.25  0.007  0.725  0.275
1  3.5  1.75  0.01  0.01  0.5669264399660168  -0.2534862463793693  1.116524971800763  14.540641456675768  1.0  0.752  0.241  0.006  0.761  0.239
1  3.5  1.75  0.01  0.01  0.42043075445178735  0.13056872532257274  1.2334536857177651  14.535992384080007  1.0  0.733  0.258  0.008  0.732  0.268
1  3.5  1.75  0.01  0.01  0.3585123044369186  0.3249971643834756  1.1349724267663988  14.59292010266506  1.0  0.728  0.263  0.009  0.775  0.225
1  3.5  1.75  0.01  0.01  0.045300655064023324  0.12500288120053893  1.171988954172173  14.574700874019843  1.0  0.538  0.45  0.013  0.754  0.246
1  3.5  1.75  0.01  0.01  0.5213967282711228  -0.14173477152842878  1.2161605164719982  14.368020559870276  1.0  0.746  0.247  0.007  0.725  0.275
1  3.5  1.75  0.01  0.01  0.4337537842154882  0.15499988448893814  1.2126687277854542  14.425398563538275  1.0  0.742  0.25  0.008  0.761  0.239
1  3.5  1.75  0.01  0.01  0.5015489300758595  -0.3942053760212696  1.003814361183434  14.812886224851841  1.0  0.706  0.287  0.008  0.732  0.268
1  3.5  1.75  0.01  0.01  0.4462397866758021  0.19888497290970655  1.2264114185898372  14.505408256626286  1.0  0.753  0.239  0.008  0.754  0.246
1  3.5  1.75  0.01  0.01  0.4519722419246708  0.07458362444303925  1.2426568462982717  14.45656472589422  1.0  0.741  0.252  0.008  0.732  0.268
1  3.5  1.75  0.01  0.01  0.4540108433281862  -0.07830493614977042  1.7145863480017316  14.609833033735526  1.0  0.723  0.269  0.008  0.71  0.29
1  3.5  1.75  0.01  0.01  0.48821807149099844  -0.004970915271760755  1.65126739818142  14.503903904871677  1.0  0.748  0.244  0.007  0.732  0.268
1  3.5  1.75  0.01  0.01  0.5351723651656265  -0.03103027334133676  0.8623238160609695  14.475996244861664  1.0  0.765  0.229  0.007  0.79  0.21
1  3.5  1.75  0.01  0.01  0.6671890672766114  -0.35886719846636117  1.2260670655985855  14.302223327981427  1.0  0.779  0.216  0.005  0.768  0.232
1  3.5  1.75  0.01  0.01  0.6332447962761905  -0.25735509377219157  1.1533818782593164  14.438436713973617  1.0  0.778  0.217  0.005  0.79  0.21
1  3.5  1.75  0.01  0.01  0.41240015017581  -0.1673472946891068  1.7145095747069417  14.847253801486392  1.0  0.692  0.299  0.009  0.688  0.312
1  3.5  1.75  0.01  0.01  0.5734451262034478  -0.3147123418994596  1.0450318727637298  14.511604745381268  1.0  0.748  0.246  0.006  0.761  0.239
1  3.5  1.75  0.01  0.01  0.6040308993603476  -0.23220949312802924  1.6512614426434349  14.440358209508442  1.0  0.77  0.224  0.006  0.754  0.246
1  3.5  1.75  0.01  0.01  0.5720587510982506  -0.04503014082182809  1.083825200508683  14.341557771622195  1.0  0.777  0.216  0.006  0.768  0.232
1  3.5  1.75  0.01  0.01  0.5814548595574744  -0.25310333314324734  1.044096743656399  14.388726149526226  1.0  0.758  0.236  0.006  0.746  0.254
1  3.5  1.75  0.01  0.01  0.4136450455249616  0.10156149714826414  1.1125877941623887  14.50156192759504  1.0  0.727  0.265  0.009  0.717  0.283
1  3.5  1.75  0.01  0.01  0.4976628707540103  -0.039868487395258376  1.123478400083757  14.441839515671914  1.0  0.748  0.245  0.007  0.739  0.261
1  3.5  1.75  0.01  0.01  0.5351517314918655  -0.5870570821368939  1.1034100727835792  14.656925019402308  1.0  0.694  0.299  0.007  0.696  0.304
1  3.5  1.75  0.01  0.01  0.15350126751579873  0.9849980138479215  1.6510049653892211  14.962993140839002  1.0  0.711  0.278  0.011  0.768  0.232
1  3.5  1.75  0.01  0.01  0.5446006462951525  -0.015706466996402317  1.1931936738644242  14.322648502131731  1.0  0.77  0.224  0.007  0.754  0.246
1  3.5  1.75  0.01  0.01  0.34367558917825314  -0.14028007316609908  1.7161871116601253  15.138301731128026  1.0  0.662  0.328  0.01  0.674  0.326
1  3.5  1.75  0.01  0.01  0.28860969458887625  0.594338596202695  1.1543211671530464  14.530025460969592  1.0  0.727  0.263  0.01  0.725  0.275
1  3.5  1.75  0.01  0.01  0.4643487883699263  0.37380644128911344  1.651815338409416  14.620084937586183  1.0  0.78  0.213  0.007  0.797  0.203
1  3.5  1.75  0.01  0.01  0.6385105077626365  -0.45442399649627824  1.0532263160780901  14.468016128193543  1.0  0.757  0.237  0.005  0.761  0.239
1  3.5  1.75  0.01  0.01  0.6938146703765914  -0.644999549927472  0.9940054053800383  14.15872401840888  1.0  0.755  0.24  0.005  0.746  0.254
1  3.5  1.75  0.01  0.01  0.4750340258108634  0.06377535699751893  1.719453683988392  14.533829811124809  1.0  0.75  0.243  0.008  0.732  0.268
1  3.5  1.75  0.01  0.01  0.41665852478200704  0.05495432756111665  1.1849055050473136  14.546244092212945  1.0  0.722  0.269  0.009  0.717  0.283
1  3.5  1.75  0.01  0.01  0.47808137304262194  -0.037186384134925934  1.3618407071708454  14.42540600049472  1.0  0.739  0.253  0.008  0.725  0.275
1  3.5  1.75  0.01  0.01  0.6478411646506798  -0.3419264885500841  1.2135846025879684  14.2406704927016  1.0  0.774  0.221  0.005  0.746  0.254
1  3.5  1.75  0.01  0.01  0.4647477488349496  -0.17680810451216836  1.1448982496629305  14.626290060747547  1.0  0.716  0.276  0.008  0.717  0.283
1  3.5  1.75  0.01  0.01  0.5085417695139902  -0.20500724733810477  1.163210564850469  14.60565871679446  1.0  0.732  0.261  0.007  0.739  0.261
1  3.5  1.75  0.01  0.01  0.39069831673270716  0.02981609291579786  1.1533881291967263  14.726178741495263  1.0  0.707  0.284  0.009  0.717  0.283
1  3.5  1.75  0.01  0.01  0.6480890435752613  -0.3033481529497224  1.1362749283858742  14.303525315316858  1.0  0.779  0.216  0.005  0.768  0.232
1  3.5  1.75  0.01  0.01  0.6758973016195373  -0.2549033122878569  1.161642373337045  14.268683946440907  1.0  0.795  0.2  0.005  0.79  0.21
1  3.5  1.75  0.01  0.01  0.37856331195495374  0.4249946801977924  1.1040222783419331  14.382609352908784  1.0  0.748  0.243  0.009  0.739  0.261
1  3.5  1.75  0.01  0.01  0.4239589115790892  0.034999857085516096  1.0931559725906816  14.453660527112202  1.0  0.723  0.269  0.008  0.717  0.283
1  3.5  1.75  0.01  0.01  0.6622030886724588  -0.20138471810007508  1.156538128412522  14.162570199082538  1.0  0.795  0.2  0.005  0.768  0.232
1  3.5  1.75  0.01  0.01  0.41613781661305127  -0.02553045994839214  1.222697036278026  14.531127162476684  1.0  0.712  0.279  0.009  0.703  0.297
1  3.5  1.75  0.01  0.01  0.4248971548637076  -0.06813599765817657  1.1835899530370948  14.74119133068338  1.0  0.711  0.28  0.009  0.725  0.275
1  3.5  1.75  0.01  0.01  0.5704251834370528  0.05917263261249819  1.2545866780657255  14.302816927855286  1.0  0.789  0.205  0.006  0.783  0.217
1  3.5  1.75  0.01  0.01  0.33131317064045307  0.3745904760004527  1.6525552737145324  14.689458446605466  1.0  0.721  0.27  0.009  0.71  0.29
1  3.5  1.75  0.01  0.01  0.5149323910268333  -0.07500433966863976  1.1040015019506961  14.48097225520361  1.0  0.75  0.243  0.007  0.725  0.275
1  3.5  1.75  0.01  0.01  0.6017098802346932  -0.27497796444337175  1.161995320324126  14.328076648058033  1.0  0.764  0.23  0.006  0.761  0.239
1  3.5  1.75  0.01  0.01  0.552309984508513  0.058997979152467725  1.1636745560694137  14.338792466676042  1.0  0.782  0.212  0.006  0.775  0.225
1  3.5  1.75  0.01  0.01  0.4456334638614641  0.04833567501890107  1.3422849614515981  14.461541728341953  1.0  0.735  0.257  0.008  0.725  0.275
1  3.5  1.75  0.01  0.01  0.47477059528809723  -0.1550082464762949  1.0444508557429608  14.546313123914738  1.0  0.723  0.269  0.008  0.717  0.283
1  3.5  1.75  0.01  0.01  0.488886658268447  0.39206597404506704  1.6015800654126686  14.379819666530176  1.0  0.792  0.201  0.007  0.79  0.21
1  3.5  1.75  0.01  0.01  0.5343193524417651  -0.097917141591785  1.1126516921060494  14.501146561059508  1.0  0.756  0.237  0.007  0.761  0.239
