2.0  0.5  0.01  0.01  -0.44017813778568193  -0.29948563276016826  2.1456522097427997  78.688485050148  30.23452996625013  1.0  0.0  0.944  0.056  0.759  0.241  0.769  0.231
2.5  1.25  0.01  0.01  0.1505152987514673  0.7847148328239586  2.4520339889033718  75.17994083147627  15.284750062397439  1.0  0.704  0.21  0.086  0.781  0.219  0.692  0.308
2.5  0.75  0.01  0.01  0.5138266681189443  0.4210250554610635  0.7015219754658977  90.4364780685  15.994499125237795  1.0  0.908  0.004  0.088  0.752  0.248  0.795  0.205
2.0  1.5  0.01  0.01  0.8296016674954725  0.5622895892507773  0.961926754760426  90.08518640510243  18.083546932174865  1.0  0.895  0.104  0.001  0.745  0.255  0.821  0.179
2.0  1.0  0.01  0.01  0.11808359111665268  0.18159572015101855  0.5042036766350448  89.35761786408366  15.436458480300006  1.0  0.596  0.302  0.102  0.766  0.234  0.744  0.256
-------------------------------------------------------------------------------------------------------------------------------------------------------------------------------------
2.0  0.5  0.01  0.01  -0.1571738117812993  0.5291831900345789  0.5954829216373185  17.22934810397555  17.169582631422116  1.0  0.094  0.27  0.635  0.766  0.234  0.744  0.256
2.0  1.5  0.01  0.01  -0.23469726426738102  -0.5087334781678818  1.4188123980854765  17.1987951010117  17.284307064150475  1.0  0.278  0.718  0.004  0.774  0.226  0.718  0.282
2.0  1.0  0.01  0.01  -0.7858067835222691  -0.3171380415739038  1.082560504966049  20.258963422719418  19.994580412403213  1.0  0.024  0.967  0.009  0.781  0.219  0.692  0.308
2.5  1.75  0.01  0.01  0.5531345888593218  -0.6829326622241565  0.6239240999195181  16.642950344367428  17.130440420446313  1.0  0.573  0.42  0.008  0.774  0.226  0.718  0.282
2.5  0.75  0.01  0.01  0.5218783309785473  -0.8813686315681917  0.7784366701640864  15.240103561455241  15.165981201563554  1.0  0.733  0.046  0.221  0.759  0.241  0.769  0.231
2.5  1.25  0.01  0.01  0.6946970881772216  0.29899559520900243  0.4240020651421013  15.967148800748541  16.56868537989828  1.0  0.9  0.068  0.031  0.781  0.219  0.692  0.308
3.0  1.5  0.01  0.01  -0.7929039345169471  -0.8578445853400907  0.6527381281277983  18.572222659706878  19.092846888948127  1.0  0.049  0.924  0.027  0.737  0.263  0.846  0.154
3.0  1.0  0.01  0.01  -0.1741502391967682  -0.7936503327658488  0.9057629132981202  17.158743342123334  17.111655536004978  1.0  0.084  0.602  0.314  0.781  0.219  0.692  0.308
3.5  1.75  0.01  0.01  -0.5253191332910074  0.6363629753385134  0.3879638816340534  16.34802675371412  16.61233160484567  1.0  0.292  0.623  0.085  0.759  0.241  0.769  0.231
3.0  2.0  0.01  0.01  -0.20019794780398037  0.3559562843078763  1.8955063706759787  15.993740678965557  15.645249411757632  1.0  0.478  0.506  0.016  0.737  0.263  0.846  0.154
3.5  1.25  0.01  0.01  0.24295457242551977  0.06822123398308566  1.093232191102526  14.983709868313044  14.84616461873573  1.0  0.518  0.163  0.319  0.759  0.241  0.769  0.231
4.5  2.75  0.01  0.01  -0.35391289525141034  -0.5393833912562531  0.6632325759291167  16.290965431124025  16.67515583283114  1.0  0.328  0.643  0.029  0.745  0.255  0.821  0.179
3.5  2.25  0.01  0.01  -0.36065757786354413  -0.9611366472238854  0.38126666332918413  17.169797143006  17.292459442427887  1.0  0.248  0.734  0.017  0.745  0.255  0.821  0.179
4.0  2.0  0.01  0.01  0.4215544951054333  0.4261271545735219  1.6634221698414253  14.892546181295213  14.790954025509544  1.0  0.684  0.228  0.088  0.766  0.234  0.744  0.256
4.0  1.5  0.01  0.01  -0.7220021989407446  -0.29411599509194675  1.0297962786422337  17.97115216059777  17.800299607544996  1.0  0.048  0.817  0.134  0.774  0.226  0.718  0.282
4.0  2.5  0.01  0.01  0.005121838839713844  -0.31369719639730476  1.8102070088417253  15.408294616615846  15.998583198403862  1.0  0.449  0.523  0.028  0.759  0.241  0.769  0.231
4.5  2.25  0.01  0.01  0.7479266243700728  -0.48315014533288525  0.45480692487658775  15.135047941378065  15.500729701904588  1.0  0.686  0.236  0.078  0.766  0.234  0.744  0.256
6.0  2.5  0.01  0.01  0.5908825446046666  0.4446912545539057  0.5496111813615394  14.98981236602547  15.02196617276296  1.0  0.648  0.17  0.182  0.752  0.248  0.795  0.205
4.5  1.75  0.01  0.01  -0.9341921127469237  0.9541901779082631  0.44120406361546666  17.55256177813799  17.528948861378524  1.0  0.102  0.759  0.139  0.766  0.234  0.744  0.256
5.0  2.5  0.01  0.01  0.9618554767901657  -0.23300880563030968  0.7780273520289517  15.140106810338292  15.130197160095177  1.0  0.753  0.181  0.066  0.759  0.241  0.769  0.231
5.5  2.25  0.01  0.01  0.19474543279150613  -0.9209943289730977  0.7825515557862334  15.134622101764457  15.228606208755313  1.0  0.376  0.384  0.24  0.774  0.226  0.718  0.282
5.5  2.75  0.01  0.01  -0.08617148187290247  0.05041450265623593  0.48568009379088634  15.485942318325986  15.633318873977055  1.0  0.422  0.469  0.109  0.759  0.241  0.769  0.231
5.0  2.0  0.01  0.01  -0.9744132785344464  -0.2719665602546075  1.3923934122074844  17.68885570618787  17.447231411781182  1.0  0.06  0.829  0.11  0.766  0.234  0.744  0.256
5.0  3.0  0.01  0.01  -0.2518339083164933  0.9279260964331866  2.565028406338322  17.994339533324773  17.47707958209741  1.0  0.509  0.455  0.036  0.752  0.248  0.795  0.205
6.0  3.5  0.01  0.01  0.8139152135089227  -0.7843038212692959  1.1906352325805114  15.326207249363273  15.086511595542547  1.0  0.602  0.36  0.038  0.774  0.226  0.718  0.282
5.5  3.25  0.01  0.01  0.22835418449241263  -0.8829612622687268  2.4982623792963587  17.530522184135172  17.524764216664813  1.0  0.456  0.504  0.04  0.759  0.241  0.769  0.231
6.0  3.0  0.01  0.01  0.597267884738979  -0.7415235521846197  1.083872853082159  14.968359970624517  14.882059298928429  1.0  0.564  0.339  0.098  0.766  0.234  0.744  0.256
2.0  1.5  0.01  0.01  -0.8782360744109405  0.9306219024864972  0.5716715738361112  19.7603927529027  19.47157711741152  1.0  0.404  0.594  0.002  0.759  0.241  0.769  0.231
2.0  0.5  0.01  0.01  -0.08815770354226626  -0.05898110273152968  1.2394981222596724  18.092597008506665  18.0052045732324  1.0  0.064  0.309  0.628  0.759  0.241  0.769  0.231
2.0  1.0  0.01  0.01  0.002974132002345309  0.5762597885882077  1.9220191042909447  15.09289225499905  15.191367914358707  1.0  0.597  0.303  0.1  0.774  0.226  0.718  0.282
3.0  1.0  0.01  0.01  -0.502700237434681  0.6713853740650939  0.5511262169814443  17.419380398460465  17.759115017982783  1.0  0.081  0.67  0.249  0.752  0.248  0.795  0.205
2.5  1.25  0.01  0.01  -0.9558795137905483  -0.018431858790852962  0.9618725336840475  19.3939254452864  19.822639727109884  1.0  0.043  0.944  0.013  0.759  0.241  0.769  0.231
2.5  1.75  0.01  0.01  0.026684546809777165  0.4953240892549784  0.44691697677353265  17.01633267563975  17.195817852885114  1.0  0.605  0.385  0.01  0.745  0.255  0.821  0.179
3.0  1.5  0.01  0.01  0.8056655839113516  0.8250265428623689  0.7785354781207934  16.14465585385113  16.531848589669853  1.0  0.925  0.048  0.026  0.774  0.226  0.718  0.282
2.5  0.75  0.01  0.01  -0.7721089602825444  -0.12743555615092816  2.66243668468514  29.51121149589361  27.981721993451238  1.0  0.001  0.982  0.018  0.766  0.234  0.744  0.256
4.0  1.5  0.01  0.01  0.19930804371586852  -0.9024348547529151  0.5434935333623737  15.25407267498747  15.154084394437358  1.0  0.354  0.34  0.306  0.737  0.263  0.846  0.154
3.5  1.25  0.01  0.01  -0.15305890769496688  -0.767599648298281  0.6160911317597296  16.33220066211007  16.476472650514463  1.0  0.14  0.556  0.304  0.745  0.255  0.821  0.179
3.0  2.0  0.01  0.01  -0.20963533749428787  -0.6865084437969118  0.6251419770512492  16.876492537722896  17.0213632557385  1.0  0.307  0.679  0.014  0.737  0.263  0.846  0.154
4.5  2.25  0.01  0.01  0.5653107458442068  -0.8295213913197641  0.574830384607195  15.132048102870241  15.091829158727018  1.0  0.579  0.329  0.092  0.737  0.263  0.846  0.154
3.5  2.25  0.01  0.01  -0.6227800217690886  -0.17262938546001605  0.5732789215735319  17.14045391643897  17.23825782464394  1.0  0.271  0.713  0.016  0.781  0.219  0.692  0.308
3.5  1.75  0.01  0.01  -0.3658875092168732  0.5024647697591982  2.670448902744629  18.176873612066867  20.597172750031536  1.0  0.34  0.563  0.097  0.752  0.248  0.795  0.205
4.0  2.0  0.01  0.01  0.7983215120872114  0.04906226943598346  1.9627998128810062  15.012973194144832  14.96792677128166  1.0  0.785  0.153  0.061  0.766  0.234  0.744  0.256
4.0  2.5  0.01  0.01  0.05465782054978274  0.6007798420228505  2.3155389296017113  17.073680275203063  15.789263336381527  1.0  0.578  0.395  0.027  0.781  0.219  0.692  0.308
4.5  2.75  0.01  0.01  -0.6932897097800907  0.11353232709584216  0.9904453982132156  16.480053907768454  16.402667373441815  1.0  0.307  0.667  0.026  0.745  0.255  0.821  0.179
6.0  3.5  0.01  0.01  0.0902567940698682  0.65657814573637  0.6347664633511733  15.800991513457339  15.784613311553832  1.0  0.554  0.402  0.044  0.759  0.241  0.769  0.231
5.5  3.25  0.01  0.01  -0.4121362272163891  -0.13486952622437798  0.7448154647204569  16.11570663866422  16.015817997126863  1.0  0.367  0.594  0.039  0.766  0.234  0.744  0.256
5.0  2.0  0.01  0.01  -0.9460321028139558  0.05462185259935404  0.9257103419394708  17.40618419374064  17.427101767794277  1.0  0.077  0.798  0.125  0.766  0.234  0.744  0.256
4.5  1.75  0.01  0.01  0.8928564904099741  -0.25622892986614487  2.522488406174104  18.275651622979275  16.744870976067848  1.0  0.801  0.07  0.129  0.745  0.255  0.821  0.179
5.0  3.0  0.01  0.01  -0.27066737839852095  0.703348574333768  1.2076035621639976  15.765366906853126  15.694794621557286  1.0  0.48  0.484  0.036  0.766  0.234  0.744  0.256
5.0  2.5  0.01  0.01  -0.16965437056707677  -0.831795445475229  1.4630605595382973  15.386736890772314  15.72886326225238  1.0  0.308  0.59  0.102  0.766  0.234  0.744  0.256
6.0  3.0  0.01  0.01  -0.6798830576832338  0.4656347063504913  0.3759723254157582  16.183258816598308  16.128823196153615  1.0  0.296  0.611  0.093  0.788  0.212  0.667  0.333
5.5  2.25  0.01  0.01  0.5449119296580673  0.298813286931773  1.2900629304104596  14.762832903088157  14.858175783945702  1.0  0.638  0.168  0.194  0.766  0.234  0.744  0.256
6.0  2.5  0.01  0.01  0.034577704804654275  0.8887423067778162  0.4483090529167803  15.242573858266997  15.310570149186555  1.0  0.474  0.302  0.224  0.796  0.204  0.641  0.359
5.5  2.75  0.01  0.01  0.35007597850295813  0.024970706860846015  1.9908621359349383  14.995220533517733  15.168254225061888  1.0  0.562  0.335  0.103  0.759  0.241  0.769  0.231
2.0  0.5  0.01  0.01  -0.9683811353035432  -0.6027823600155071  1.099495514430187  55.43212620697596  53.65785367203025  1.0  0.0  1.0  0.0  0.759  0.241  0.769  0.231
2.0  1.5  0.01  0.01  0.3222807884968608  -0.9765912827041243  0.848237610940279  17.43942518375167  17.2716921175269  1.0  0.371  0.625  0.004  0.745  0.255  0.821  0.179
2.0  1.0  0.01  0.01  0.05565799353264822  -0.48481665008600383  1.7178494135091333  15.23795542138771  15.40533701691917  1.0  0.376  0.519  0.105  0.759  0.241  0.769  0.231
2.5  0.75  0.01  0.01  -0.41597282764777876  0.6150719990926943  0.49535413790970867  18.10455132173316  17.96383538616292  1.0  0.053  0.652  0.295  0.774  0.226  0.718  0.282
2.5  1.25  0.01  0.01  0.9625268715204525  0.02479474369605139  1.947582035237419  15.952601258250693  15.896525370565968  1.0  0.945  0.042  0.013  0.759  0.241  0.769  0.231
2.5  1.75  0.01  0.01  -0.5732154633958717  0.30112247971529205  2.684905883545969  19.689846875472355  20.023001807895216  1.0  0.334  0.659  0.007  0.745  0.255  0.821  0.179
3.0  1.5  0.01  0.01  -0.6413302992026071  -0.665988833861392  1.2954442649932136  17.43025998518136  17.395460407270644  1.0  0.087  0.869  0.044  0.766  0.234  0.744  0.256
3.0  1.0  0.01  0.01  0.9153242259260008  -0.3222903121995728  1.2101969519211024  15.752977545066077  16.694981400469054  1.0  0.955  0.007  0.038  0.774  0.226  0.718  0.282
3.0  2.0  0.01  0.01  -0.5680782337505104  0.26695722314774417  2.329816617903712  17.99177458722879  16.856872100652545  1.0  0.336  0.651  0.013  0.759  0.241  0.769  0.231
4.0  1.5  0.01  0.01  -0.8267770777012611  -0.22183785295886138  0.8088396327901014  18.438965709626324  18.483163349496166  1.0  0.037  0.856  0.107  0.766  0.234  0.744  0.256
3.5  2.25  0.01  0.01  0.33548115838834525  -0.5252071394190425  1.6336973570434359  15.500075098189663  15.660552203889301  1.0  0.526  0.453  0.021  0.788  0.212  0.667  0.333
3.5  1.25  0.01  0.01  0.5679897212674638  0.5004695058152397  1.224495293343079  15.197008405935948  14.890181543896192  1.0  0.81  0.038  0.152  0.759  0.241  0.769  0.231
3.5  1.75  0.01  0.01  -0.5760069299513972  0.07216778727664352  1.5846873126633125  16.106543425988644  16.47575518618606  1.0  0.203  0.722  0.075  0.737  0.263  0.846  0.154
4.0  2.5  0.01  0.01  -0.2834842084677458  0.3466719767370092  1.3669609369291902  15.859002937191866  15.786024003545904  1.0  0.443  0.531  0.027  0.774  0.226  0.718  0.282
4.5  2.25  0.01  0.01  0.27002114193881965  -0.5551537040064385  0.5291773914951726  15.242647135256256  15.276391596024569  1.0  0.491  0.403  0.105  0.766  0.234  0.744  0.256
4.0  2.0  0.01  0.01  -0.9295455877515595  -0.8585480794401865  1.977975535305734  17.633082774598975  18.507943575538167  1.0  0.077  0.884  0.039  0.752  0.248  0.795  0.205
4.5  1.75  0.01  0.01  -0.03559377160369448  0.7043250740859781  0.9447024269109612  15.16149511812109  15.26291862961766  1.0  0.418  0.3  0.282  0.774  0.226  0.718  0.282
5.0  2.5  0.01  0.01  -0.01703922639593647  -0.20804822961578529  0.8020061184083691  15.34503936517185  15.299311175777461  1.0  0.418  0.472  0.109  0.766  0.234  0.744  0.256
5.0  2.0  0.01  0.01  -0.7531337951386008  -0.28690045004509246  0.8686529280608409  16.964848240368372  17.138025625787158  1.0  0.095  0.751  0.154  0.759  0.241  0.769  0.231
4.5  2.75  0.01  0.01  -0.24320877471002866  0.4749332217693816  2.171329605019182  15.828789760310906  17.74939092205988  1.0  0.467  0.502  0.032  0.766  0.234  0.744  0.256
5.0  3.0  0.01  0.01  -0.05819286889717867  -0.1691691403456823  1.1303579359466047  15.686586728347123  15.603738191897515  1.0  0.449  0.514  0.037  0.759  0.241  0.769  0.231
5.5  3.25  0.01  0.01  0.10214781887342927  -0.5768432806163961  0.6207624242935305  15.790766953648586  16.034375043205493  1.0  0.452  0.507  0.041  0.781  0.219  0.692  0.308
6.0  3.0  0.01  0.01  -0.523233146052166  -0.6986039521411422  0.9471485568296806  15.859018055240101  16.07826938639469  1.0  0.25  0.658  0.092  0.774  0.226  0.718  0.282
5.5  2.25  0.01  0.01  -0.3970839055974731  0.25068147517292405  1.988956370058185  15.884589194994941  16.159982892743923  1.0  0.25  0.525  0.225  0.788  0.212  0.667  0.333
5.5  2.75  0.01  0.01  0.4546751357558332  -0.4968464555871772  2.1362324033114035  15.672655751529605  15.422455365678376  1.0  0.55  0.349  0.101  0.766  0.234  0.744  0.256
6.0  2.5  0.01  0.01  0.42829591452995097  -0.7630360009283865  1.1784887605251846  14.896595444050181  14.853733351885998  1.0  0.486  0.299  0.216  0.745  0.255  0.821  0.179
6.0  3.5  0.01  0.01  0.8082241842121214  -0.46404623847172166  2.3318455024037545  16.832296527847248  15.537982346858326  1.0  0.627  0.335  0.038  0.774  0.226  0.718  0.282
2.5  0.75  0.01  0.01  0.3005043865833448  0.9720976845158307  0.5383785269532354  15.894228257200108  16.55845104118195  1.0  0.821  0.01  0.169  0.774  0.226  0.718  0.282
2.0  1.0  0.01  0.01  -0.12586650122284815  -0.5741510635689273  1.1373906177235515  15.933698262534005  16.173609334120037  1.0  0.216  0.695  0.088  0.752  0.248  0.795  0.205
2.0  0.5  0.01  0.01  -0.7520175095816513  0.150979930014272  1.005122341002339  31.94975330787823  32.36636242680971  1.0  0.0  0.998  0.002  0.759  0.241  0.769  0.231
2.0  1.5  0.01  0.01  -0.05928518996026466  0.35587748263290386  2.249587511610995  17.957418660520126  17.13960499924014  1.0  0.561  0.434  0.005  0.766  0.234  0.744  0.256
2.5  1.75  0.01  0.01  0.8645915407812876  -0.7248601973570463  0.613632225748028  17.01369582888328  17.10558902027355  1.0  0.672  0.323  0.005  0.759  0.241  0.769  0.231
3.5  1.25  0.01  0.01  -0.8810865453545376  -0.14938869260189325  0.6175574308140109  20.041214221028515  20.012046396595867  1.0  0.015  0.92  0.066  0.766  0.234  0.744  0.256
2.5  1.25  0.01  0.01  -0.8373548309096206  0.41470258333954635  1.4625215664271458  17.895895315127692  17.927253870060643  1.0  0.099  0.874  0.026  0.766  0.234  0.744  0.256
3.0  1.0  0.01  0.01  0.06371190787495307  -0.6022880795467154  1.0284805025724406  15.784735136334056  15.685991569643848  1.0  0.248  0.335  0.417  0.745  0.255  0.821  0.179
3.5  1.75  0.01  0.01  -0.2614497393200155  0.4066974085889148  0.6988884439266888  15.677816397088845  15.77736650090393  1.0  0.375  0.522  0.103  0.766  0.234  0.744  0.256
3.0  1.5  0.01  0.01  -0.6617361368693131  -0.5348678469539507  2.6317073435177503  20.085717125457183  22.472466049045334  1.0  0.092  0.863  0.045  0.752  0.248  0.795  0.205
3.0  2.0  0.01  0.01  0.00607708227927839  -0.29251837996875674  1.4369952077312012  15.921778760676704  15.888664346426213  1.0  0.446  0.538  0.016  0.766  0.234  0.744  0.256
4.0  1.5  0.01  0.01  0.9570312901963429  -0.8236087922929389  0.9248240870473036  14.892829286306197  15.299221674335918  1.0  0.828  0.062  0.11  0.774  0.226  0.718  0.282
4.0  2.5  0.01  0.01  0.48701473166732034  -0.7170895055662647  0.42335767730318197  16.082065524980067  16.20551340611569  1.0  0.546  0.429  0.024  0.759  0.241  0.769  0.231
3.5  2.25  0.01  0.01  -0.2708479840302429  -0.1124434473833189  2.5216236390503783  18.807165652707543  16.117628219623995  1.0  0.383  0.596  0.021  0.774  0.226  0.718  0.282
4.5  1.75  0.01  0.01  0.4090337658076513  0.20247932574976857  0.8240180218475354  14.866679874008868  14.921263072230044  1.0  0.607  0.16  0.233  0.759  0.241  0.769  0.231
4.5  2.25  0.01  0.01  0.06456378999497758  0.2153531999354179  0.4795931367337845  15.338018804649277  15.61300638121329  1.0  0.496  0.396  0.109  0.766  0.234  0.744  0.256
5.0  2.0  0.01  0.01  -0.02423301016766466  -0.7532078303013134  0.698971711209833  15.453324215962052  15.499364851438978  1.0  0.287  0.457  0.256  0.759  0.241  0.769  0.231
4.0  2.0  0.01  0.01  -0.6484946398887648  -0.3945214230120633  2.0014770955365617  16.722430062924417  16.22647874152292  1.0  0.164  0.766  0.07  0.766  0.234  0.744  0.256
5.0  2.5  0.01  0.01  -0.6936187456071785  -0.9015408327365557  0.744547483347357  16.503526700258405  16.926967299844083  1.0  0.163  0.765  0.072  0.745  0.255  0.821  0.179
4.5  2.75  0.01  0.01  -0.22301028809567058  0.8687441935283209  0.6103556739070435  16.199170611371024  16.27843528018065  1.0  0.518  0.451  0.031  0.774  0.226  0.718  0.282
5.5  2.75  0.01  0.01  0.08954767902283445  0.22515662625687982  0.8635346879695973  15.195076273472854  15.247902679806392  1.0  0.496  0.396  0.108  0.766  0.234  0.744  0.256
6.0  3.0  0.01  0.01  -0.289250272442809  0.4466217161795274  0.7387495730802875  15.498186847403689  15.692894866913056  1.0  0.399  0.495  0.106  0.788  0.212  0.667  0.333
5.5  2.25  0.01  0.01  -0.1319910137306639  0.30028050163474695  0.49333071591054606  15.398792600281292  15.472626006942601  1.0  0.351  0.405  0.244  0.752  0.248  0.795  0.205
5.0  3.0  0.01  0.01  -0.3020251626116439  -0.32007893582176794  1.7446118937051598  15.58840810323567  15.917471541740998  1.0  0.371  0.594  0.035  0.752  0.248  0.795  0.205
6.0  3.5  0.01  0.01  0.857816320307577  -0.8517690851696862  0.9666724937792134  15.349838559282233  15.525828457856887  1.0  0.606  0.357  0.037  0.774  0.226  0.718  0.282
5.5  3.25  0.01  0.01  -0.4017789497094042  -0.5385786712622955  2.396904600384817  17.724908295941816  15.783759776051138  1.0  0.335  0.627  0.038  0.759  0.241  0.769  0.231
6.0  2.5  0.01  0.01  -0.848408073841401  0.29090447190040014  2.520261693928054  19.151855517754775  18.635667003437156  1.0  0.154  0.685  0.161  0.774  0.226  0.718  0.282
2.0  0.5  0.01  0.01  -0.9251120192375508  0.08543719440332631  0.8266922934461345  40.70457506775032  40.45361793357134  1.0  0.0  1.0  0.0  0.759  0.241  0.769  0.231
2.5  1.25  0.01  0.01  0.2189287952901462  -0.5344222437956199  0.6476613338473456  15.149348562292152  15.246274785630835  1.0  0.497  0.403  0.101  0.766  0.234  0.744  0.256
2.0  1.5  0.01  0.01  -0.04466178377940078  0.6590019451848117  1.0206300124338983  17.178075883420863  17.513977527763007  1.0  0.644  0.351  0.005  0.752  0.248  0.795  0.205
2.0  1.0  0.01  0.01  -0.35888664789053326  -0.3646803296324854  0.4348170349987523  17.23218865934587  17.235686228651208  1.0  0.123  0.818  0.059  0.774  0.226  0.718  0.282
2.5  0.75  0.01  0.01  0.8867598258531784  0.32637257579855805  0.6198783438274383  19.05907418165406  19.367973186149104  1.0  0.996  0.0  0.004  0.766  0.234  0.744  0.256
2.5  1.75  0.01  0.01  -0.4554895346107377  -0.027969360291268952  2.6187172566411703  19.753965281144563  18.62218616959157  1.0  0.313  0.678  0.008  0.759  0.241  0.769  0.231
3.0  1.0  0.01  0.01  0.060060595196580246  0.1840043331118597  0.8655205625204475  15.295701291556457  15.21541490688914  1.0  0.371  0.211  0.418  0.745  0.255  0.821  0.179
3.0  2.0  0.01  0.01  0.08606945136334865  0.5329063408610113  0.9231183626661864  16.291787467574785  16.1410593318397  1.0  0.611  0.374  0.016  0.752  0.248  0.795  0.205
3.0  1.5  0.01  0.01  0.6712067361768779  0.8466383103028547  0.968730134674184  15.73340878539725  16.11907534537186  1.0  0.893  0.069  0.038  0.759  0.241  0.769  0.231
3.5  2.25  0.01  0.01  -0.4969397480816695  -0.3302879277207271  0.7237672302232605  16.90795071278305  16.70032932746411  1.0  0.286  0.696  0.018  0.752  0.248  0.795  0.205
3.5  1.75  0.01  0.01  -0.6070729118703799  0.1856800298634158  1.3132542683871598  16.2583720074231  16.277689260227575  1.0  0.205  0.721  0.074  0.752  0.248  0.795  0.205
3.5  1.25  0.01  0.01  0.4013631480253437  -0.4739030382466136  1.9739151800820844  15.683333119091381  15.371984504562334  1.0  0.567  0.147  0.286  0.759  0.241  0.769  0.231
4.5  2.75  0.01  0.01  -0.08157427123333982  -0.9475655213482472  0.7488574929805641  16.093435546299112  16.239152808355506  1.0  0.357  0.612  0.031  0.752  0.248  0.795  0.205
4.0  2.5  0.01  0.01  -0.41396715090758573  0.7583749537420135  1.2025002596061825  16.023069735735366  16.354730556517655  1.0  0.456  0.519  0.025  0.745  0.255  0.821  0.179
4.0  1.5  0.01  0.01  0.8406527680797706  0.08198356771571436  1.3537209986310177  15.129484107239879  14.827619324879642  1.0  0.851  0.039  0.109  0.752  0.248  0.795  0.205
4.5  1.75  0.01  0.01  0.4197844973994116  0.6511426758347745  0.4731691336052466  15.097629892516224  15.02035280538878  1.0  0.662  0.126  0.212  0.745  0.255  0.821  0.179
4.0  2.0  0.01  0.01  0.07366195384078811  -0.8562624547361131  1.3399774624575758  15.24180886424615  15.216935655335478  1.0  0.372  0.523  0.105  0.766  0.234  0.744  0.256
5.0  2.0  0.01  0.01  0.02964185165986777  -0.6783278494672484  0.8562476107204129  15.33868132262131  15.292557247858262  1.0  0.316  0.424  0.26  0.752  0.248  0.795  0.205
4.5  2.25  0.01  0.01  -0.40382149210679574  -0.7993193233584268  1.6063016920890905  15.917428732933836  15.983350275335193  1.0  0.222  0.69  0.088  0.745  0.255  0.821  0.179
5.0  3.0  0.01  0.01  -0.9613409780633277  0.6031120974247979  1.1489391044383286  16.49008031193316  16.5574161774091  1.0  0.302  0.672  0.027  0.752  0.248  0.795  0.205
5.5  2.25  0.01  0.01  -0.3450219633441498  0.41437451749223975  0.7722550542766129  15.604949697956917  15.683620783339284  1.0  0.281  0.487  0.232  0.759  0.241  0.769  0.231
5.5  2.75  0.01  0.01  -0.576005112484185  0.5319759963045687  0.5106268172313737  16.044958326901817  15.876239058356164  1.0  0.317  0.587  0.096  0.781  0.219  0.692  0.308
5.0  2.5  0.01  0.01  -0.1326444658097392  -0.22320950064856748  1.9845674711751524  15.475744084515199  15.191183604981825  1.0  0.377  0.515  0.108  0.752  0.248  0.795  0.205
6.0  3.5  0.01  0.01  -0.47701946166057807  -0.12074832105423128  0.4490661566084389  16.25109988651024  16.36934376280516  1.0  0.359  0.599  0.042  0.752  0.248  0.795  0.205
5.5  3.25  0.01  0.01  -0.2571627579442122  -0.13703681812844226  2.1964933750111597  16.875907797960597  15.423623897259212  1.0  0.403  0.556  0.04  0.774  0.226  0.718  0.282
6.0  3.0  0.01  0.01  0.9887927517116488  0.4197618472578919  1.0095335047889276  15.015747855494077  15.378439300314065  1.0  0.759  0.171  0.07  0.759  0.241  0.769  0.231
6.0  2.5  0.01  0.01  0.12081977696073332  -0.023227107244661704  1.5759129210229974  15.01345649504658  15.098933866480143  1.0  0.428  0.342  0.229  0.745  0.255  0.821  0.179
2.0  1.5  0.01  0.01  0.8237407130123822  0.2251220728459633  0.40665500925730175  18.365364040483332  18.992867979995147  1.0  0.85  0.149  0.002  0.766  0.234  0.744  0.256
3.5  1.25  0.01  0.01  0.29486415879258865  0.6079814472050982  0.521426642010224  15.07456860399251  15.237505383204189  1.0  0.641  0.097  0.262  0.766  0.234  0.744  0.256
2.0  0.5  0.01  0.01  -0.026304614109883495  -0.5677614412234491  1.5976445356428457  19.884991657948856  19.50607376554677  1.0  0.051  0.357  0.592  0.766  0.234  0.744  0.256
2.0  1.0  0.01  0.01  -0.33920717952498247  -0.049909338970100414  1.4848322374621092  16.2860091061292  16.433437962317388  1.0  0.18  0.748  0.072  0.759  0.241  0.769  0.231
2.5  0.75  0.01  0.01  0.8600278808700734  -0.7390842093630543  0.8301088621850351  16.81873943404595  15.595276221466401  1.0  0.972  0.004  0.024  0.745  0.255  0.821  0.179
2.5  1.25  0.01  0.01  -0.6483295526858124  -0.6677214235005142  0.5225917691889304  18.58782723555109  18.666143136612476  1.0  0.054  0.917  0.029  0.766  0.234  0.744  0.256
2.5  1.75  0.01  0.01  -0.8232613485444138  0.0005789102697035808  2.4706007149783034  19.373165481817914  18.191250671200333  1.0  0.205  0.79  0.005  0.759  0.241  0.769  0.231
3.0  2.0  0.01  0.01  -0.9873096188458337  -0.8588570123725465  0.894130756248532  18.755942827446653  18.837077518844712  1.0  0.101  0.894  0.005  0.752  0.248  0.795  0.205
3.0  1.0  0.01  0.01  0.8854932968394431  0.524845791937105  0.4423633421891792  17.432241122433794  17.088325963882316  1.0  0.976  0.002  0.022  0.752  0.248  0.795  0.205
3.0  1.5  0.01  0.01  -0.2367674309453689  -0.45355100483781663  1.0155464740564566  15.829930063861495  16.014634554132183  1.0  0.248  0.659  0.093  0.737  0.263  0.846  0.154
4.5  2.25  0.01  0.01  -0.13590860760069967  -0.5662596551084071  0.6194312771990628  15.565117236016647  15.888495291856986  1.0  0.332  0.563  0.104  0.73  0.27  0.872  0.128
3.5  2.25  0.01  0.01  0.6412572764095166  -0.9701684503452876  0.5865331312147927  16.081442466322425  16.469353524525353  1.0  0.559  0.424  0.017  0.774  0.226  0.718  0.282
3.5  1.75  0.01  0.01  0.5789124321557562  0.7617591430072028  2.172960011040923  15.69296269138959  16.519470886310362  1.0  0.814  0.126  0.06  0.766  0.234  0.744  0.256
4.0  1.5  0.01  0.01  -0.31913759241735784  0.0782302905221075  1.0531529719623745  15.992740192607123  16.09741422564565  1.0  0.183  0.538  0.279  0.752  0.248  0.795  0.205
4.0  2.5  0.01  0.01  0.6085266829028637  0.46666819426858064  1.223853948812947  15.696978276311825  15.596527668382395  1.0  0.722  0.257  0.021  0.745  0.255  0.821  0.179
4.5  1.75  0.01  0.01  0.2970694065003625  -0.021113487880547455  0.9009197672001298  14.893589453549765  14.936881238407276  1.0  0.519  0.219  0.262  0.759  0.241  0.769  0.231
4.0  2.0  0.01  0.01  -0.6290562223504024  -0.30778293653054645  1.9786173795676147  16.534212334407353  16.254303950782642  1.0  0.176  0.751  0.073  0.766  0.234  0.744  0.256
5.0  2.0  0.01  0.01  0.21321153415376726  0.08252449361742276  0.7500093312509679  14.981392033649026  15.083054248649713  1.0  0.478  0.268  0.253  0.759  0.241  0.769  0.231
4.5  2.75  0.01  0.01  0.40396709916632045  -0.07047321564671694  1.145989725642384  15.416777923150201  15.874806384363087  1.0  0.592  0.378  0.03  0.781  0.219  0.692  0.308
6.0  2.5  0.01  0.01  0.16502471156481358  -0.7772200353072674  0.6667545416523039  15.160308141094305  15.242436614492235  1.0  0.382  0.39  0.228  0.766  0.234  0.744  0.256
5.0  3.0  0.01  0.01  -0.30367778624794006  -0.8350175165301554  2.426484038839936  17.920845081247432  15.95138404388077  1.0  0.322  0.644  0.034  0.745  0.255  0.821  0.179
5.5  2.75  0.01  0.01  0.9471913399710963  -0.8322843085437981  1.0087153444009724  14.949339611452672  14.881955697382319  1.0  0.676  0.248  0.077  0.759  0.241  0.769  0.231
5.0  2.5  0.01  0.01  -0.7964620963184637  -0.7380691389063871  1.773308619478507  16.507404504692225  16.665280088420854  1.0  0.151  0.781  0.067  0.752  0.248  0.795  0.205
5.5  3.25  0.01  0.01  0.4270718405445315  -0.9107213093023139  1.1685535962473108  15.323427363384154  15.741116826946127  1.0  0.503  0.458  0.039  0.774  0.226  0.718  0.282
5.5  2.25  0.01  0.01  -0.9638218980813136  0.6138479285905374  2.230118856179514  18.485680138176928  16.929331599651  1.0  0.126  0.729  0.145  0.766  0.234  0.744  0.256
6.0  3.0  0.01  0.01  0.8748333610351624  0.9813305167336337  1.2414112450582673  15.06017509310751  15.166989561266758  1.0  0.769  0.161  0.071  0.766  0.234  0.744  0.256
6.0  3.5  0.01  0.01  -0.5043346026166231  0.09759915260028973  1.7726583280347012  15.648946235251843  15.6028284190448  1.0  0.371  0.587  0.042  0.737  0.263  0.846  0.154
2.0  1.0  0.01  0.01  0.007776483193128625  0.35771941932808304  0.4447236924570165  15.466646237158718  15.621383824453163  1.0  0.543  0.351  0.106  0.781  0.219  0.692  0.308
2.0  1.5  0.01  0.01  -0.7102784453531479  -0.3311430269631177  1.0926611473078156  18.877191524784074  18.6859721126639  1.0  0.162  0.836  0.002  0.766  0.234  0.744  0.256
2.0  0.5  0.01  0.01  0.27282770623811303  -0.49906233988831783  2.312518129494619  21.1010397024477  18.162707481962414  1.0  0.516  0.03  0.454  0.766  0.234  0.744  0.256
2.5  1.25  0.01  0.01  0.47523711638159427  -0.23020273932012247  1.388579162302721  14.792665581689638  14.941997071062529  1.0  0.73  0.2  0.07  0.759  0.241  0.769  0.231
2.5  1.75  0.01  0.01  0.09692086996094607  0.523395807434772  2.0221322876964427  16.096975891634077  15.792564888717365  1.0  0.636  0.354  0.01  0.745  0.255  0.821  0.179
2.5  0.75  0.01  0.01  0.89069856880941  -0.8758255748541328  2.616955730207656  22.085572146061025  21.58256025027131  1.0  0.973  0.006  0.021  0.774  0.226  0.718  0.282
3.0  2.0  0.01  0.01  0.25198013565440713  0.7887974234248234  0.4685823847703015  16.644034862813605  17.154840558705597  1.0  0.708  0.279  0.014  0.759  0.241  0.769  0.231
3.0  1.0  0.01  0.01  -0.2860567262468814  -0.5641095173029524  1.1955347189453451  17.647940687004045  17.521068129167297  1.0  0.061  0.667  0.273  0.766  0.234  0.744  0.256
3.0  1.5  0.01  0.01  0.432610707908631  0.4643467201631415  1.302534057846452  15.05739476572178  14.970625087914213  1.0  0.762  0.165  0.073  0.752  0.248  0.795  0.205
3.5  1.75  0.01  0.01  0.3983893132826608  0.6681654631968146  0.7762447670083338  15.24799940563075  15.440586387907956  1.0  0.733  0.187  0.08  0.766  0.234  0.744  0.256
3.5  2.25  0.01  0.01  -0.29670486525858286  0.5754599603286572  0.43018341946706856  16.681523774829312  16.846618054440466  1.0  0.473  0.506  0.021  0.774  0.226  0.718  0.282
3.5  1.25  0.01  0.01  0.3849644770431586  0.7282267903818733  0.36941803814691776  15.270793212093398  15.314963705313517  1.0  0.723  0.064  0.213  0.759  0.241  0.769  0.231
4.5  1.75  0.01  0.01  0.28840062044474113  -0.6501032581594008  0.6789331132300837  15.015818789486012  15.006197426046514  1.0  0.442  0.286  0.272  0.759  0.241  0.769  0.231
4.0  1.5  0.01  0.01  0.2252332042868097  0.379167239829324  0.4987774940951762  15.05263358267032  15.044357934491487  1.0  0.536  0.181  0.283  0.759  0.241  0.769  0.231
4.0  2.5  0.01  0.01  0.9283996049729484  0.914394264107985  0.6767258378082054  16.51799948654235  16.374854168891854  1.0  0.836  0.151  0.014  0.781  0.219  0.692  0.308
4.0  2.0  0.01  0.01  -0.7498324252881265  0.3052455530185203  1.1521698249163685  16.455929384289135  16.386821910224683  1.0  0.198  0.732  0.07  0.774  0.226  0.718  0.282
4.5  2.25  0.01  0.01  0.9090816466415044  -0.1905896599030681  1.107834621316967  15.079888851569102  14.779273441542509  1.0  0.768  0.169  0.063  0.737  0.263  0.846  0.154
4.5  2.75  0.01  0.01  0.7679202294295304  -0.5854839961984291  2.5305216928089993  17.20459766557073  19.482283136497497  1.0  0.635  0.339  0.025  0.774  0.226  0.718  0.282
5.0  3.0  0.01  0.01  -0.6512889294355895  -0.9724572259926574  1.0123717579069975  16.492903807933445  16.687092260555435  1.0  0.234  0.738  0.028  0.745  0.255  0.821  0.179
5.0  2.5  0.01  0.01  0.9979405466268818  -0.26519332728893574  1.3759128808924206  14.81079172480275  15.10675227354668  1.0  0.76  0.176  0.064  0.774  0.226  0.718  0.282
5.5  2.25  0.01  0.01  0.34676189669295265  0.766210048357729  0.5266331531667423  15.067236845551301  15.077858220617927  1.0  0.598  0.192  0.21  0.766  0.234  0.744  0.256
5.0  2.0  0.01  0.01  -0.5892685431781588  0.3577353097247662  1.649876007863702  16.09354511789268  16.387575677278384  1.0  0.175  0.619  0.206  0.752  0.248  0.795  0.205
5.5  2.75  0.01  0.01  -0.09140086416472926  -0.6568782365625365  1.056234468713574  15.340268380911334  15.506497037808886  1.0  0.358  0.536  0.106  0.774  0.226  0.718  0.282
5.5  3.25  0.01  0.01  -0.20116459625950056  0.6668170218599505  1.1068463668291348  15.767276615596035  15.454799347022645  1.0  0.491  0.469  0.041  0.745  0.255  0.821  0.179
6.0  3.5  0.01  0.01  -0.13701323030324386  0.5782285436329659  0.5376551988987776  15.977067651518068  15.815303280363073  1.0  0.494  0.461  0.045  0.766  0.234  0.744  0.256
6.0  3.0  0.01  0.01  0.5080541073585987  0.8469398226870888  1.0827549780082713  15.07143004383482  15.066272370107912  1.0  0.665  0.243  0.092  0.745  0.255  0.821  0.179
6.0  2.5  0.01  0.01  -0.8971744763059042  -0.5750444568708322  1.5314347028109847  16.85669889049984  16.94413740304345  1.0  0.103  0.762  0.135  0.759  0.241  0.769  0.231
2.0  0.5  0.01  0.01  -0.9959415274926255  -0.4995265226522134  2.3769909450095796  67.18764417981106  66.72020652037236  1.0  0.0  1.0  0.0  0.766  0.234  0.744  0.256
2.0  1.0  0.01  0.01  -0.21440884354900414  0.12048048192924976  1.1208429422863093  15.724875288678588  15.93642608307097  1.0  0.296  0.608  0.096  0.752  0.248  0.795  0.205
2.0  1.5  0.01  0.01  -0.34805089921016785  -0.22980897772307252  1.875597572459992  16.979793190504953  17.475362116159697  1.0  0.296  0.7  0.004  0.752  0.248  0.795  0.205
2.5  1.75  0.01  0.01  0.2808167298172566  0.14990912289431657  0.6135668575941153  16.80370784357633  16.464113283339984  1.0  0.636  0.355  0.009  0.752  0.248  0.795  0.205
2.5  0.75  0.01  0.01  0.4561697671996543  0.671089527323427  1.2305321585123559  15.852143735535218  16.954756891439825  1.0  0.898  0.004  0.098  0.788  0.212  0.667  0.333
2.5  1.25  0.01  0.01  -0.9308846204460361  0.7779091994471901  2.4212494530464905  19.832364312288675  17.668091463790073  1.0  0.124  0.855  0.021  0.766  0.234  0.744  0.256
3.5  1.75  0.01  0.01  0.7723035416935315  0.680364446981802  0.8783492902341725  15.543011537804402  15.814441544036308  1.0  0.868  0.088  0.044  0.774  0.226  0.718  0.282
3.0  1.0  0.01  0.01  -0.6481997169659852  0.9352115432305184  1.9132559172948846  18.040824810488555  18.116478388169856  1.0  0.064  0.758  0.178  0.759  0.241  0.769  0.231
3.0  1.5  0.01  0.01  -0.4352317790969571  -0.8056766535255211  1.7955678994039994  16.723218556929705  17.028562261544625  1.0  0.13  0.807  0.063  0.737  0.263  0.846  0.154
3.0  2.0  0.01  0.01  -0.17715517771709854  -0.6361279236158224  2.166045325623587  16.902000929649812  16.45578731113458  1.0  0.325  0.66  0.015  0.759  0.241  0.769  0.231
3.5  1.25  0.01  0.01  0.9300616886267479  -0.35213203248255676  0.4594688460940705  15.427846675593598  16.35201065767927  1.0  0.906  0.022  0.072  0.781  0.219  0.692  0.308
4.0  2.0  0.01  0.01  -0.7701242159479667  -0.07420038226752257  0.7920142811466748  16.80107667538198  16.920428984917816  1.0  0.159  0.778  0.063  0.759  0.241  0.769  0.231
3.5  2.25  0.01  0.01  0.703475210166322  0.48920925026589357  1.7742169404570947  15.353082887688497  16.685919060355364  1.0  0.772  0.214  0.014  0.788  0.212  0.667  0.333
5.0  2.5  0.01  0.01  0.811103883661872  -0.7503411786207488  0.5680404998911245  15.139962617904569  15.084809037879786  1.0  0.66  0.26  0.08  0.752  0.248  0.795  0.205
4.0  1.5  0.01  0.01  0.5086666177369452  -0.9420948255600816  1.635526117400357  15.135745190067357  14.95013345887398  1.0  0.556  0.193  0.251  0.752  0.248  0.795  0.205
4.0  2.5  0.01  0.01  -0.454007046859475  0.9422452760332349  1.477169034188276  15.88022169105526  16.353415283174634  1.0  0.468  0.507  0.024  0.745  0.255  0.821  0.179
5.5  2.25  0.01  0.01  -0.5964809744424251  0.7386454671367879  0.6610605018845822  15.976485485816857  16.258801865943287  1.0  0.226  0.568  0.206  0.759  0.241  0.769  0.231
4.5  2.25  0.01  0.01  -0.7331831162328386  0.7472318627026626  0.5015751859135698  16.412650202503226  16.59213420595591  1.0  0.267  0.653  0.08  0.752  0.248  0.795  0.205
4.5  2.75  0.01  0.01  0.4591095868767472  -0.7695536152425955  0.5549733191727122  15.889352021538167  15.893262075752668  1.0  0.53  0.441  0.03  0.752  0.248  0.795  0.205
5.0  2.0  0.01  0.01  0.5274774697986888  -0.2646489500554168  0.9587129589628712  14.854873793616548  14.62752154680296  1.0  0.599  0.186  0.215  0.752  0.248  0.795  0.205
4.5  1.75  0.01  0.01  -0.9786960832570062  0.14062607773931224  2.5310567856473924  21.206441813911127  19.149002098527028  1.0  0.053  0.843  0.105  0.745  0.255  0.821  0.179
5.5  3.25  0.01  0.01  0.2898554255650114  -0.36387935039137465  0.4562724715085512  15.780442402921672  16.114699993663358  1.0  0.519  0.44  0.04  0.759  0.241  0.769  0.231
5.5  2.75  0.01  0.01  -0.6217530810616962  0.6956201375056952  0.5452710388977259  16.014855728392693  16.105861883815045  1.0  0.32  0.586  0.094  0.759  0.241  0.769  0.231
5.0  3.0  0.01  0.01  0.6065421141250487  -0.6045848471634097  2.634215079744876  17.10254793699868  22.422228474198867  1.0  0.583  0.384  0.033  0.781  0.219  0.692  0.308
6.0  2.5  0.01  0.01  0.7442073453406601  -0.9136572025047982  0.9117501607085141  14.807186273894859  14.713133813699123  1.0  0.597  0.219  0.184  0.752  0.248  0.795  0.205
6.0  3.5  0.01  0.01  -0.23174609936377255  0.9784981423128061  0.4567066838607522  16.06431277290418  16.14347360405331  1.0  0.506  0.45  0.044  0.759  0.241  0.769  0.231
6.0  3.0  0.01  0.01  -0.8005180512426704  -0.8994885828017847  1.5080225128377052  16.22545071795199  16.32808843183203  1.0  0.179  0.746  0.076  0.759  0.241  0.769  0.231
2.0  1.5  0.01  0.01  0.0698082827959765  -0.2780792574159605  0.9173891244909808  17.01958650429526  17.046258590764474  1.0  0.458  0.537  0.005  0.752  0.248  0.795  0.205
2.0  1.0  0.01  0.01  0.08753901146058274  -0.021673681996218663  1.0014991095014383  15.016472452874652  15.27424578469911  1.0  0.519  0.373  0.108  0.759  0.241  0.769  0.231
2.0  0.5  0.01  0.01  0.21554491112257157  -0.9990393141643075  2.0578576714799692  21.948189515206128  18.869177780075795  1.0  0.252  0.148  0.6  0.759  0.241  0.769  0.231
3.0  1.0  0.01  0.01  -0.42694433469754967  0.09135308845130385  0.5854534845684852  17.563247492353497  17.795484790753637  1.0  0.059  0.691  0.25  0.752  0.248  0.795  0.205
2.5  0.75  0.01  0.01  0.8152260245070353  0.46486514873657003  0.40919666265129645  18.55352186759569  20.161962139181785  1.0  0.992  0.0  0.007  0.781  0.219  0.692  0.308
2.5  1.75  0.01  0.01  -0.7603002019484137  0.06898284913049246  0.6248291901208851  18.33364505018175  18.23669715142714  1.0  0.233  0.761  0.005  0.788  0.212  0.667  0.333
2.5  1.25  0.01  0.01  0.8267221666551055  -0.8597695453579162  1.4685313431935543  15.114498722850064  15.189555755668211  1.0  0.801  0.168  0.031  0.752  0.248  0.795  0.205
3.0  2.0  0.01  0.01  0.9010095072859616  0.18920595752223024  0.5482694505687269  16.810618163890222  17.15115783140386  1.0  0.812  0.181  0.007  0.766  0.234  0.744  0.256
3.0  1.5  0.01  0.01  -0.4400338513151485  0.7574273619930214  1.4910828356225414  15.798572632243252  15.734317061179922  1.0  0.333  0.581  0.086  0.759  0.241  0.769  0.231
3.5  2.25  0.01  0.01  0.2257914127735472  -0.5577400941890873  1.4182562900352167  15.533424149106295  16.01201910561517  1.0  0.485  0.494  0.021  0.766  0.234  0.744  0.256
3.5  1.25  0.01  0.01  0.5270501547263309  -0.7835581931238371  2.6898380729249998  19.72653288058856  20.559444257224268  1.0  0.623  0.129  0.247  0.759  0.241  0.769  0.231
3.5  1.75  0.01  0.01  -0.4767956611456916  -0.8018196244751878  2.2722106963635964  18.372195324698268  17.229568979833438  1.0  0.15  0.78  0.07  0.737  0.263  0.846  0.154
4.0  2.5  0.01  0.01  -0.6050064981485768  -0.8430884445339086  0.47206910056657564  17.04608763375101  17.762009931926798  1.0  0.221  0.759  0.019  0.752  0.248  0.795  0.205
4.0  1.5  0.01  0.01  0.18897371925320683  0.661565151814629  0.9915749004180124  14.99216404530709  14.996918335387582  1.0  0.55  0.172  0.278  0.759  0.241  0.769  0.231
6.0  2.5  0.01  0.01  0.5712342418948433  0.042815020640854407  0.5380326534538115  14.862712916772159  15.252551928991162  1.0  0.608  0.199  0.192  0.781  0.219  0.692  0.308
5.0  2.5  0.01  0.01  0.01972373836704877  -0.3423079030887146  0.7303651443309541  15.387255225253337  15.205840202384143  1.0  0.419  0.472  0.109  0.752  0.248  0.795  0.205
4.5  2.75  0.01  0.01  -0.9365508821956958  -0.20184738069457575  0.9414892553175956  16.889431857932752  17.210608106492142  1.0  0.224  0.756  0.021  0.759  0.241  0.769  0.231
4.0  2.0  0.01  0.01  0.9919760932264874  0.25491362216548663  1.536640091011646  15.120351867321858  15.271371755707372  1.0  0.859  0.099  0.042  0.752  0.248  0.795  0.205
4.5  2.25  0.01  0.01  -0.1066952440742781  -0.4034265595521491  0.4198158955464696  15.64205474820099  15.689678614546692  1.0  0.361  0.533  0.107  0.759  0.241  0.769  0.231
4.5  1.75  0.01  0.01  0.22644302703536034  0.8966175664889668  0.4501357351211587  15.128560257435643  15.257927237941859  1.0  0.587  0.17  0.243  0.766  0.234  0.744  0.256
5.0  3.0  0.01  0.01  -0.908917174724801  -0.4263638809982595  0.40606780903377526  17.163216763101676  17.225118112313517  1.0  0.225  0.75  0.025  0.774  0.226  0.718  0.282
5.5  2.25  0.01  0.01  0.48658106147095537  -0.45729882937739097  0.41336342125794673  14.935978966508914  15.091809005832696  1.0  0.545  0.238  0.217  0.774  0.226  0.718  0.282
5.0  2.0  0.01  0.01  -0.7925145509262677  0.9169794215905958  1.6454806970496014  16.310773764831055  16.618560809792307  1.0  0.161  0.661  0.178  0.752  0.248  0.795  0.205
6.0  3.5  0.01  0.01  0.0797070158758113  0.1468004250275381  0.8182563899739094  15.63916958110358  15.672468888091544  1.0  0.509  0.446  0.045  0.766  0.234  0.744  0.256
5.5  2.75  0.01  0.01  0.41727339403171393  0.6004424557085204  1.261283893643306  14.945939043304227  15.033986018626246  1.0  0.635  0.269  0.096  0.766  0.234  0.744  0.256
5.5  3.25  0.01  0.01  0.0707593216126694  0.25038837785846213  2.5076390540306464  17.154337953352588  18.043918749315  1.0  0.52  0.439  0.041  0.781  0.219  0.692  0.308
6.0  3.0  0.01  0.01  -0.7869195244863583  0.061089020056839916  0.9954218165482133  16.090768063107124  16.007748990883336  1.0  0.241  0.673  0.086  0.766  0.234  0.744  0.256
2.0  0.5  0.01  0.01  -0.17112395429341998  -0.445643995078707  0.986587310131705  20.43948800733282  20.849447041573114  1.0  0.011  0.608  0.381  0.752  0.248  0.795  0.205
2.0  1.0  0.01  0.01  0.5825066484890618  0.4158191298152589  0.5591442537947332  16.408191753535576  16.153607911681313  1.0  0.928  0.048  0.024  0.752  0.248  0.795  0.205
2.0  1.5  0.01  0.01  0.1110637544653037  -0.44348010983190966  1.534619190814668  16.53600109943947  16.703340612565473  1.0  0.436  0.559  0.005  0.766  0.234  0.744  0.256
2.5  1.75  0.01  0.01  -0.5497155064807167  0.5010212765856443  1.0047027972537306  17.277963382340072  17.337033668993577  1.0  0.382  0.61  0.008  0.774  0.226  0.718  0.282
3.0  1.5  0.01  0.01  -0.5689737420778258  -0.5679436584246007  0.7094532968606226  17.220251804562757  17.30381929971832  1.0  0.112  0.834  0.054  0.766  0.234  0.744  0.256
2.5  1.25  0.01  0.01  -0.7980862751979201  0.7353221520241633  1.4078245283293764  17.371412115024228  17.764671327087008  1.0  0.157  0.81  0.033  0.759  0.241  0.769  0.231
2.5  0.75  0.01  0.01  -0.3206011502564423  -0.5036101247856033  1.4827278898810767  19.81995534338157  19.422320059260322  1.0  0.018  0.756  0.226  0.766  0.234  0.744  0.256
3.0  2.0  0.01  0.01  -0.32172298189305604  0.40683110111122067  0.9989152729567117  16.358402360048473  17.09592431922365  1.0  0.443  0.542  0.015  0.737  0.263  0.846  0.154
3.0  1.0  0.01  0.01  -0.10611498390739982  -0.07812363054653493  1.2476470608849823  15.974382173158485  16.177987676054293  1.0  0.192  0.398  0.41  0.723  0.277  0.897  0.103
3.5  1.75  0.01  0.01  0.4335258716318695  0.9396669287840806  0.7607151275967863  15.400423101939712  15.690774668527935  1.0  0.779  0.151  0.07  0.774  0.226  0.718  0.282
3.5  2.25  0.01  0.01  0.9926863323707455  0.2824168359442756  0.6182222386969893  16.59777622270097  16.580420564794345  1.0  0.818  0.171  0.01  0.759  0.241  0.769  0.231
3.5  1.25  0.01  0.01  -0.4645324365618473  0.5403630461100986  2.325723117434946  17.935466397666243  19.672095533978062  1.0  0.129  0.608  0.264  0.745  0.255  0.821  0.179
4.0  1.5  0.01  0.01  0.38167279415628297  0.8594854821238103  0.3760175818240607  15.184788623681486  15.402248690739997  1.0  0.697  0.092  0.212  0.766  0.234  0.744  0.256
6.0  2.5  0.01  0.01  -0.853667112075799  0.18673227147890836  0.5537269212750457  16.605605097598552  16.64467135837309  1.0  0.147  0.694  0.159  0.766  0.234  0.744  0.256
4.5  1.75  0.01  0.01  0.5422451294954014  0.33604763661950887  0.41109462256930007  15.052757890479484  15.062404298231622  1.0  0.693  0.112  0.195  0.759  0.241  0.769  0.231
4.5  2.25  0.01  0.01  0.46412820176478364  0.14954704448895395  0.9355162825646516  15.073966617997879  14.877257959006819  1.0  0.646  0.261  0.093  0.737  0.263  0.846  0.154
4.0  2.0  0.01  0.01  0.3033055907666169  -0.3886258008101411  1.5659751588746746  14.908073630250783  14.846011010501083  1.0  0.534  0.363  0.103  0.781  0.219  0.692  0.308
4.0  2.5  0.01  0.01  0.3942213580598495  -0.10414232124136769  1.52690535135432  15.249714373922087  15.97546963382651  1.0  0.596  0.379  0.025  0.766  0.234  0.744  0.256
5.0  2.5  0.01  0.01  0.2578006083935611  -0.13813961884996706  0.779206945281065  15.131983065605882  15.195068407707689  1.0  0.525  0.37  0.106  0.766  0.234  0.744  0.256
4.5  2.75  0.01  0.01  -0.5615398622443804  0.752159966939421  2.1166648207085954  16.056224814524658  15.904149491254449  1.0  0.411  0.561  0.029  0.766  0.234  0.744  0.256
5.0  2.0  0.01  0.01  -0.4470015990324341  -0.265009541059108  0.9316225692972279  16.169767771761855  15.981966549614354  1.0  0.172  0.612  0.216  0.788  0.212  0.667  0.333
5.0  3.0  0.01  0.01  0.364421802211343  0.8714247736214402  1.076035681112619  15.51453897595899  16.01175131563161  1.0  0.662  0.305  0.033  0.781  0.219  0.692  0.308
6.0  3.5  0.01  0.01  -0.0714937033432348  -0.9848176050650603  0.6076358270211534  16.001348295953225  15.780743271408701  1.0  0.381  0.576  0.043  0.745  0.255  0.821  0.179
5.5  2.75  0.01  0.01  -0.47539438888657126  0.2141092215452407  0.3691739898856796  15.911211107925624  16.298303199535546  1.0  0.318  0.583  0.099  0.73  0.27  0.872  0.128
5.5  2.25  0.01  0.01  0.976020260339852  0.661688138656773  0.37402681335717225  15.417922847779485  15.225455232830113  1.0  0.821  0.068  0.112  0.752  0.248  0.795  0.205
5.5  3.25  0.01  0.01  -0.9711504591667661  0.6484050908043661  1.9330680978301933  16.064043323043613  16.212740331161697  1.0  0.311  0.658  0.031  0.752  0.248  0.795  0.205
6.0  3.0  0.01  0.01  -0.6158308285707332  -0.5494381446451229  1.6785814650041841  15.799177332971851  16.049509779142607  1.0  0.238  0.672  0.089  0.752  0.248  0.795  0.205
