0.5   0.5   0.525
0.4750000000000001   0.46666666666666656   0.5416666666666665
0.4500000000000002   0.48333333333333317   0.583333333333333
0.4750000000000003   0.4166666666666665   0.6166666666666663
0.4000000000000006   0.36666666666666625   0.6916666666666658
0.3750000000000009   0.3333333333333328   0.8083333333333318
0.3500000000000014   0.14999999999999925   0.9499999999999975
0.3500000000000014   0.14999999999999925   0.9499999999999975
0.3500000000000014   0.14999999999999925   0.9499999999999975
0.3500000000000014   0.14999999999999925   0.9499999999999975
0.40277777777777923   0.13148148148148087   0.9999999999999969
0.40277777777777923   0.13148148148148087   0.9999999999999969
0.40277777777777923   0.13148148148148087   0.9999999999999969
0.5104938271604955   -0.03847736625514442   1.1537037037036995
0.5104938271604955   -0.03847736625514442   1.1537037037036995
0.5104938271604955   -0.03847736625514442   1.1537037037036995
0.5104938271604955   -0.03847736625514442   1.1537037037036995
0.6752781588172547   -0.04515571813239836   1.121684956561495
0.615565462581925   -0.11293756033125041   1.1971422039323223
0.6027549154092378   -0.045286541685718724   1.1169581618655648
0.570846669714984   -0.053135319819133456   1.1494827389117468
0.570846669714984   -0.053135319819133456   1.1494827389117468
0.570846669714984   -0.053135319819133456   1.1494827389117468
0.570846669714984   -0.053135319819133456   1.1494827389117468
0.5936713841470658   -0.05551056731838541   1.1355863284623742
0.5936713841470658   -0.05551056731838541   1.1355863284623742
0.6002674023903891   -0.07033972183059842   1.1561001145499876
0.6002674023903891   -0.07033972183059842   1.1561001145499876
0.6002674023903891   -0.07033972183059842   1.1561001145499876
0.592785938152708   -0.06218517293223767   1.1414752596559061
0.58656228033633   -0.05986003924770317   1.1422989351655555
0.58656228033633   -0.05986003924770317   1.1422989351655555
0.58656228033633   -0.05986003924770317   1.1422989351655555
0.58656228033633   -0.05986003924770317   1.1422989351655555
0.5882812841406069   -0.05984988926768135   1.1420005886557738
0.5882812841406069   -0.05984988926768135   1.1420005886557738
0.5882812841406069   -0.05984988926768135   1.1420005886557738
0.5882812841406069   -0.05984988926768135   1.1420005886557738
0.5912206681509158   -0.060925243356521386   1.1420788792295262
0.5912206681509158   -0.060925243356521386   1.1420788792295262
0.5912206681509158   -0.060925243356521386   1.1420788792295262
0.5938349279290644   -0.06193389307936489   1.1425715303377038
0.5951945614374563   -0.061745380618487146   1.1422289592069688
0.5951945614374563   -0.061745380618487146   1.1422289592069688
0.5951945614374563   -0.061745380618487146   1.1422289592069688
0.5951945614374563   -0.061745380618487146   1.1422289592069688
0.5951945614374563   -0.061745380618487146   1.1422289592069688
0.5958601016846674   -0.06235164359376375   1.1424240283799372
0.5957908937389703   -0.06241546228750577   1.1423964070654375
0.5953036778477441   -0.062171718246136806   1.1424185208610709
0.5954230595972918   -0.062029160997144624   1.1423209723212253
0.5954230595972918   -0.062029160997144624   1.1423209723212253
0.595630401339158   -0.06228763524852419   1.1423883408794222
0.5954412473087806   -0.062185082728237605   1.1423943677802972
0.5955906127273725   -0.062222919188324274   1.1423846122791195
0.5954885733611978   -0.062130520026086655   1.1423550396504192
0.5955686062358041   -0.06223357128137018   1.1423831737246837
0.5955686062358041   -0.06223357128137018   1.1423831737246837
0.595554045581262   -0.062203870886529775   1.1423793952852745
0.595554045581262   -0.062203870886529775   1.1423793952852745
