0  5.5  2.75  0.01  0.01  0.6635112595778093  0.5158499550825701  0.46558541881623633  14.80549190449031  15.049515506087664  1.0  0.757  0.235  0.008  0.8  0.2  0.8  0.2
0  5.5  2.75  0.01  0.01  0.6204238561835502  0.7872025416281847  0.8640779270055065  14.6596587215581  14.56061758314201  1.0  0.765  0.227  0.008  0.789  0.211  0.85  0.15
0  5.5  2.75  0.01  0.01  0.6847091820548944  0.6216652178834903  1.2289219982202124  14.403890309412136  14.78949658542145  1.0  0.77  0.222  0.008  0.767  0.233  0.95  0.05
0  5.5  2.75  0.01  0.01  0.9143671143101627  -0.06173561869816213  1.4829046586721224  15.367512640177706  13.602056318463179  1.0  0.782  0.212  0.006  0.778  0.222  0.9  0.1
0  5.5  2.75  0.01  0.01  0.7066017464278006  0.1451655496314319  0.43790787688072  14.744652838056615  15.131845912479303  1.0  0.742  0.25  0.008  0.778  0.222  0.9  0.1
0  5.5  2.75  0.01  0.01  0.5868070415997111  0.767484891247324  0.658903699628904  14.815649059391802  14.555582666411803  1.0  0.754  0.237  0.008  0.789  0.211  0.85  0.15
0  5.5  2.75  0.01  0.01  1.1852995606247965  -0.8527530656949056  0.7944292657108848  14.373855637407198  15.413652694692123  1.0  0.79  0.206  0.004  0.833  0.167  0.65  0.35
0  5.5  2.75  0.01  0.01  0.9970051135021047  -0.5108697466102723  0.8465385268898312  14.507350536619388  14.632882616480751  1.0  0.771  0.224  0.005  0.8  0.2  0.8  0.2
0  5.5  2.75  0.01  0.01  0.7224954771297238  0.5580270587234437  0.7380977746196551  14.641815218401884  14.858726364807051  1.0  0.776  0.216  0.007  0.811  0.189  0.75  0.25
0  5.5  2.75  0.01  0.01  0.9457304333682893  -0.556962170209391  0.6022521731060076  14.64033853562464  14.72994131212467  1.0  0.754  0.241  0.006  0.8  0.2  0.8  0.2
0  5.5  2.75  0.01  0.01  1.0763867547491925  -0.08250745473029131  1.3719993669770858  14.619234026582054  14.48039167493424  1.0  0.819  0.177  0.004  0.822  0.178  0.7  0.3
0  5.5  2.75  0.01  0.01  1.0055117043282589  -0.8279369712970788  0.7911831608847876  14.611147217504758  14.306634626181364  1.0  0.748  0.247  0.005  0.789  0.211  0.85  0.15
0  5.5  2.75  0.01  0.01  0.889592136011514  -0.007791829130427086  0.9312369481497277  14.470974894042326  14.684606544427274  1.0  0.78  0.214  0.006  0.8  0.2  0.8  0.2
0  5.5  2.75  0.01  0.01  1.044541916483275  -0.5696226254767762  0.7090843015836154  14.477965493929213  15.155842601117579  1.0  0.778  0.217  0.005  0.822  0.178  0.7  0.3
0  5.5  2.75  0.01  0.01  0.6676914000369278  0.37124793971254033  0.448756813378608  14.813049539839469  14.948523759439695  1.0  0.748  0.244  0.008  0.789  0.211  0.85  0.15
0  5.5  2.75  0.01  0.01  0.9039941379737478  -0.3094181204983626  0.3796402507767462  14.770154402476429  14.982510183378007  1.0  0.762  0.232  0.006  0.833  0.167  0.65  0.35
0  5.5  2.75  0.01  0.01  1.189562258370841  -0.791099069695387  1.2148041447190956  14.427838065141625  14.714788866951725  1.0  0.795  0.201  0.004  0.789  0.211  0.85  0.15
0  5.5  2.75  0.01  0.01  1.1542718069461682  -0.008710477638841141  1.6257771016647615  15.16512255017781  15.197099112187754  1.0  0.839  0.157  0.004  0.811  0.189  0.75  0.25
0  5.5  2.75  0.01  0.01  0.9103470395281124  0.08242137650367032  0.9039148107633697  14.406332059068973  15.103522834410924  1.0  0.791  0.203  0.006  0.811  0.189  0.75  0.25
0  5.5  2.75  0.01  0.01  0.6589163492830967  0.47331503084312154  0.535897602721127  14.77425141405577  14.893978671184254  1.0  0.753  0.239  0.008  0.789  0.211  0.85  0.15
0  5.5  2.75  0.01  0.01  1.024621227522463  -0.41730109079844  0.8425302462113529  14.373620221951926  15.262332995307322  1.0  0.784  0.211  0.005  0.8  0.2  0.8  0.2
0  5.5  2.75  0.01  0.01  0.9304101590929257  0.07206207280035493  0.9697919771428348  14.43115474127271  14.816660346518262  1.0  0.795  0.199  0.006  0.822  0.178  0.7  0.3
0  5.5  2.75  0.01  0.01  0.886298645772713  -0.4372612828197737  0.5437370568324329  14.660840790873769  14.858707419447294  1.0  0.747  0.247  0.006  0.789  0.211  0.85  0.15
0  5.5  2.75  0.01  0.01  0.9204672454341999  0.23854510681259233  1.4715519231306584  14.355536874182063  18.11898771881362  1.0  0.804  0.19  0.006  0.8  0.2  0.8  0.2
0  5.5  2.75  0.01  0.01  1.051468596734705  -0.6199749622996862  1.0090752855544969  14.495445285645843  14.345027923567466  1.0  0.776  0.219  0.005  0.8  0.2  0.8  0.2
0  5.5  2.75  0.01  0.01  0.797874520196973  0.11150082453420063  0.8514170377180555  14.645583202646016  14.172794534998914  1.0  0.764  0.229  0.007  0.8  0.2  0.8  0.2
0  5.5  2.75  0.01  0.01  1.2234947697729819  0.3938150152020339  2.6300578317067864  28.142717103890426  29.150864578324853  1.0  0.874  0.123  0.003  0.811  0.189  0.75  0.25
0  5.5  2.75  0.01  0.01  0.6757005489335123  0.9731051642908164  1.3719391792149227  14.614530099799296  14.494782284090448  1.0  0.792  0.201  0.007  0.789  0.211  0.85  0.15
0  5.5  2.75  0.01  0.01  1.338618322166867  -0.14938568836336064  2.6375915671385175  28.47768660052774  32.35702668474034  1.0  0.865  0.132  0.002  0.789  0.211  0.85  0.15
0  5.5  2.75  0.01  0.01  1.0596667561213138  -0.5325904784432038  1.0292347072340284  14.415347014812852  14.668171028293113  1.0  0.784  0.211  0.005  0.8  0.2  0.8  0.2
1  5.5  2.75  0.01  0.01  0.7891988068392403  -0.6495002271963515  0.5850897102949855  14.787821226383038  14.763379969046046  1.0  0.703  0.29  0.007  0.734  0.266  0.7  0.3
1  5.5  2.75  0.01  0.01  0.6756117524045054  -0.039016127907329334  1.1225533422309484  14.587147868907062  14.768053566769808  1.0  0.719  0.273  0.008  0.702  0.298  0.85  0.15
1  5.5  2.75  0.01  0.01  0.5192489224138119  0.39200088990159476  1.014197788025715  14.749770773835944  14.277101267544321  1.0  0.705  0.285  0.01  0.713  0.287  0.8  0.2
1  5.5  2.75  0.01  0.01  0.5600445898032806  0.24565165335994843  0.4010133216055073  14.881576115179938  15.251044279914103  1.0  0.707  0.284  0.009  0.734  0.266  0.7  0.3
1  5.5  2.75  0.01  0.01  0.4567387366932555  0.5807361962242863  0.5316982383497493  14.928308515850254  14.85646667126078  1.0  0.701  0.289  0.01  0.723  0.277  0.75  0.25
1  5.5  2.75  0.01  0.01  0.6321974754423711  0.04807065272883149  0.5967049891932048  14.774356966618216  15.000638091393222  1.0  0.713  0.278  0.009  0.734  0.266  0.7  0.3
1  5.5  2.75  0.01  0.01  0.7536049270220098  -0.8054408516380611  0.4874081293424186  14.889587242522888  14.586036863545624  1.0  0.678  0.314  0.008  0.713  0.287  0.8  0.2
1  5.5  2.75  0.01  0.01  0.5086173605261234  0.5417075691406179  0.9997040476241388  14.657152610443832  14.835132280039389  1.0  0.714  0.276  0.01  0.713  0.287  0.8  0.2
1  5.5  2.75  0.01  0.01  0.5036820155894186  0.5171308397045791  0.9641971703943459  14.694612003022947  14.702879566659941  1.0  0.711  0.279  0.01  0.713  0.287  0.8  0.2
1  5.5  2.75  0.01  0.01  0.8233954370367482  -0.8908347325443531  0.47199144043923963  14.862788498645648  14.756819423649393  1.0  0.692  0.301  0.007  0.734  0.266  0.7  0.3
1  5.5  2.75  0.01  0.01  0.8242928859638557  -0.5559541669904404  1.3378965882975566  14.90473680239579  14.05669690069889  1.0  0.72  0.273  0.007  0.702  0.298  0.85  0.15
1  5.5  2.75  0.01  0.01  0.5367083458205818  0.3102852324000911  0.846807012932096  14.739256146169375  14.611311294203219  1.0  0.705  0.286  0.009  0.713  0.287  0.8  0.2
1  5.5  2.75  0.01  0.01  0.995294123274926  -0.010913786287148008  1.8907472031332067  18.29587498385302  20.66839579259033  1.0  0.805  0.19  0.005  0.745  0.255  0.65  0.35
1  5.5  2.75  0.01  0.01  1.4287122669507453  -0.8947286215736363  2.4679506210760027  26.076051599767634  27.961907201811393  1.0  0.837  0.161  0.002  0.755  0.245  0.6  0.4
1  5.5  2.75  0.01  0.01  0.6384037594992749  0.48618723649318096  1.8221043559581271  19.090846512979226  14.288348358058172  1.0  0.748  0.243  0.008  0.713  0.287  0.8  0.2
1  5.5  2.75  0.01  0.01  0.8612467464978306  -0.8368158120106648  0.8020078880241737  14.604080473330791  15.062617183880354  1.0  0.707  0.286  0.007  0.713  0.287  0.8  0.2
1  5.5  2.75  0.01  0.01  0.8447781339411788  -0.09753405502724255  1.9569735804136856  20.892754937342804  14.4335518559843  1.0  0.762  0.232  0.007  0.723  0.277  0.75  0.25
1  5.5  2.75  0.01  0.01  1.3526525110165604  -0.8721206130979131  2.4653682563548545  26.684011033509066  24.602761756139454  1.0  0.824  0.174  0.003  0.745  0.255  0.65  0.35
1  5.5  2.75  0.01  0.01  0.6778703116434026  0.16036001654873533  1.3972183910762421  14.755655562188702  15.317473427976912  1.0  0.735  0.257  0.008  0.713  0.287  0.8  0.2
1  5.5  2.75  0.01  0.01  0.8688791377313098  -0.41447610768753873  1.1247601185505705  14.43668165756653  15.428899002960524  1.0  0.745  0.249  0.007  0.723  0.277  0.75  0.25
1  5.5  2.75  0.01  0.01  0.6600956617370162  0.038597916737116655  0.8738621656544009  14.701014321683461  14.576805814285944  1.0  0.72  0.271  0.008  0.734  0.266  0.7  0.3
1  5.5  2.75  0.01  0.01  0.9106332374194279  -0.424304983421248  1.736911735068836  18.47978535334626  14.21854547939031  1.0  0.755  0.239  0.006  0.702  0.298  0.85  0.15
1  5.5  2.75  0.01  0.01  0.8709653645949555  -0.04383222857362434  2.4341746105585536  25.463535375382595  25.52689481740564  1.0  0.773  0.221  0.006  0.713  0.287  0.8  0.2
1  5.5  2.75  0.01  0.01  1.151911014222335  -0.7875584619700902  1.5150433771581344  15.341345456348725  15.988693721370021  1.0  0.787  0.209  0.004  0.755  0.245  0.6  0.4
1  5.5  2.75  0.01  0.01  0.3704228891673528  0.6748254871078927  0.6438875898651273  14.843709749428271  15.004316379981773  1.0  0.681  0.308  0.011  0.691  0.309  0.9  0.1
1  5.5  2.75  0.01  0.01  0.38294486752531454  0.9390005303179836  0.7634505583209562  14.885673850865125  14.6981120927755  1.0  0.707  0.283  0.01  0.723  0.277  0.75  0.25
1  5.5  2.75  0.01  0.01  0.7373323543165405  0.43401214140466204  1.6907429877271554  17.161075084356295  18.75962780997396  1.0  0.771  0.222  0.007  0.734  0.266  0.7  0.3
1  5.5  2.75  0.01  0.01  0.8342409585631568  0.28878908233707934  1.4035564137823782  14.81786485786213  15.123140774235628  1.0  0.786  0.207  0.006  0.766  0.234  0.55  0.45
1  5.5  2.75  0.01  0.01  0.6061163500330308  0.48707128121224197  1.0607249108691537  14.69123127735786  14.560528932761844  1.0  0.739  0.252  0.009  0.745  0.255  0.65  0.35
1  5.5  2.75  0.01  0.01  1.2965133756054346  -0.6968804248453551  2.6280392214148045  30.384236190911714  30.6436363538124  1.0  0.824  0.173  0.003  0.734  0.266  0.7  0.3
