0  3.5  1.75  0.01  0.01  0.6140176181115471  -0.2613114146558114  1.2575867669284833  14.478796649670208  1.0  0.77  0.224  0.006  0.783  0.217
0  3.5  1.75  0.01  0.01  0.49379828653053304  0.3307906992195394  1.6514310990196477  14.269753402779433  1.0  0.787  0.206  0.007  0.758  0.242
0  3.5  1.75  0.01  0.01  0.4684848955180616  -0.14637025793876945  1.2642925324878789  14.554098182832563  1.0  0.721  0.271  0.008  0.717  0.283
0  3.5  1.75  0.01  0.01  0.4925996404949564  -0.15597846686143563  1.2247264669838342  14.431010382729369  1.0  0.731  0.262  0.008  0.717  0.283
0  3.5  1.75  0.01  0.01  0.4643610498850024  0.04576742729934716  1.334221377133605  14.58151917364876  1.0  0.744  0.249  0.008  0.75  0.25
0  3.5  1.75  0.01  0.01  0.5892896402329197  -0.04516076743130275  1.2242298360835826  14.254303877472932  1.0  0.784  0.21  0.006  0.767  0.233
0  3.5  1.75  0.01  0.01  0.48198289661625204  -0.1619663851777808  1.1644856923187197  14.633406348107012  1.0  0.726  0.266  0.008  0.733  0.267
0  3.5  1.75  0.01  0.01  0.5539779587339453  -0.20808064954904748  1.6494475392222712  14.707793253863432  1.0  0.752  0.242  0.007  0.75  0.25
0  3.5  1.75  0.01  0.01  0.6246429215500391  0.05656756946096775  1.2676754743768663  14.30293711817008  1.0  0.809  0.186  0.005  0.817  0.183
0  3.5  1.75  0.01  0.01  0.5668798298252666  0.004277085048827898  1.6512229947490915  14.539968860636968  1.0  0.781  0.213  0.006  0.792  0.208
0  3.5  1.75  0.01  0.01  0.4746240428524925  0.22352591259504098  1.2641184962976553  14.52260713898237  1.0  0.768  0.225  0.007  0.775  0.225
0  3.5  1.75  0.01  0.01  0.6366087942438522  -0.08287873411300792  1.5507252756518446  14.224752925125525  1.0  0.799  0.196  0.005  0.783  0.217
0  3.5  1.75  0.01  0.01  0.4761313687730553  0.05244254109090039  1.6919539511405932  14.59304623568003  1.0  0.749  0.244  0.008  0.733  0.267
0  3.5  1.75  0.01  0.01  0.5206183145621428  -0.044505388915161356  1.2443066834431382  14.421927492708898  1.0  0.757  0.236  0.007  0.75  0.25
0  3.5  1.75  0.01  0.01  0.45441652186004133  0.2549547434591114  0.8610490597218988  14.448251664908245  1.0  0.762  0.23  0.008  0.775  0.225
0  3.5  1.75  0.01  0.01  0.6990454931704977  -0.36838929871337944  1.2944442875737123  14.19546477967956  1.0  0.79  0.206  0.004  0.767  0.233
0  3.5  1.75  0.01  0.01  0.8021595228522214  -0.675009458258682  1.1940022269844885  14.238483605238168  1.0  0.79  0.207  0.003  0.767  0.233
0  3.5  1.75  0.01  0.01  0.5559187220805071  -0.04013540469231351  1.1740506370199089  14.375649037985946  1.0  0.772  0.222  0.006  0.767  0.233
0  3.5  1.75  0.01  0.01  0.5218874604705195  -0.022268250044480152  1.2445343205693624  14.444377541101646  1.0  0.76  0.233  0.007  0.758  0.242
0  3.5  1.75  0.01  0.01  0.5516864057756246  -0.005948190739270807  1.5598164305259392  14.274064571027887  1.0  0.774  0.22  0.006  0.75  0.25
0  3.5  1.75  0.01  0.01  0.7459201719396382  -0.7332790049961784  1.2741231305687308  14.385820103666333  1.0  0.764  0.232  0.004  0.767  0.233
0  3.5  1.75  0.01  0.01  0.48419638532477727  -0.04468105132692261  1.3245241242678638  14.400673164502562  1.0  0.742  0.251  0.008  0.725  0.275
0  3.5  1.75  0.01  0.01  0.5921617986657594  -0.0032059536853005274  1.3474892265393141  14.489769184271852  1.0  0.791  0.203  0.006  0.817  0.183
0  3.5  1.75  0.01  0.01  0.4671507556462861  0.034873630511640566  1.3244811878227878  14.46587618341609  1.0  0.743  0.25  0.008  0.733  0.267
0  3.5  1.75  0.01  0.01  0.4083501465299404  -0.02500134272620115  1.257010423234453  14.380748768538504  1.0  0.708  0.283  0.009  0.7  0.3
0  3.5  1.75  0.01  0.01  0.500933931310816  -0.03777816419092184  1.1246019481307483  14.582760983850228  1.0  0.749  0.244  0.007  0.758  0.242
0  3.5  1.75  0.01  0.01  0.5914707581587406  0.12379638623257719  1.194807272771307  14.307831821884458  1.0  0.803  0.191  0.006  0.8  0.2
0  3.5  1.75  0.01  0.01  0.555483641787534  -0.34498940492459856  1.224012549565244  14.484224701514984  1.0  0.736  0.257  0.007  0.733  0.267
0  3.5  1.75  0.01  0.01  0.4008060053047029  0.3626329844334632  1.3375643765172482  14.59024722789995  1.0  0.751  0.24  0.008  0.758  0.242
0  3.5  1.75  0.01  0.01  0.6614873919202904  -0.48422368600703647  1.2845003900045  14.386468006792901  1.0  0.763  0.232  0.005  0.758  0.242
0  3.5  1.75  0.01  0.01  0.4726006029921248  -0.1655398235571814  1.231168781289704  14.483182289022807  1.0  0.721  0.271  0.008  0.708  0.292
0  3.5  1.75  0.01  0.01  0.4437778218342592  0.08418495979591097  0.8681730526986674  14.574618388644497  1.0  0.738  0.254  0.008  0.758  0.242
0  3.5  1.75  0.01  0.01  0.6147358623397601  -0.11512916113967472  1.3640278609439997  14.278283340278149  1.0  0.786  0.208  0.005  0.775  0.225
0  3.5  1.75  0.01  0.01  0.3937202788617952  0.08433191322333355  1.1646147789617278  14.390329034106063  1.0  0.715  0.276  0.009  0.692  0.308
0  3.5  1.75  0.01  0.01  0.4395251087222314  0.10419956516592432  1.2247131217841225  14.57490231662723  1.0  0.739  0.253  0.008  0.742  0.258
0  3.5  1.75  0.01  0.01  0.6433001458002108  0.20013803050781181  1.567437312057932  14.57971333181553  1.0  0.829  0.166  0.005  0.825  0.175
0  3.5  1.75  0.01  0.01  0.5317263221873892  -0.144525823346377  1.314450864287731  14.437041138171258  1.0  0.75  0.243  0.007  0.742  0.258
0  3.5  1.75  0.01  0.01  0.35937161989939836  0.31594336658298694  1.9316616447712347  14.893782915399788  1.0  0.728  0.263  0.009  0.717  0.283
0  3.5  1.75  0.01  0.01  0.369674222349598  0.2442779699589585  0.7822651337132059  14.73391071491526  1.0  0.723  0.268  0.009  0.75  0.25
0  3.5  1.75  0.01  0.01  0.4124041835993189  0.36499961477089893  1.3175379577691657  14.359291990635143  1.0  0.757  0.235  0.008  0.758  0.242
0  3.5  1.75  0.01  0.01  0.54818627114894  0.15749127117943973  1.3271482536825459  14.412451435162202  1.0  0.791  0.203  0.006  0.8  0.2
0  3.5  1.75  0.01  0.01  0.48027349090217886  -0.08011992874377255  1.1643644265655648  14.523501565239963  1.0  0.735  0.257  0.008  0.733  0.267
0  3.5  1.75  0.01  0.01  0.6600188369529767  -0.10500299845279235  1.4440623930764076  14.14090576996541  1.0  0.804  0.191  0.005  0.775  0.225
0  3.5  1.75  0.01  0.01  0.3011591468236411  0.344999910514464  1.3849980376375526  14.394126735727216  1.0  0.703  0.287  0.01  0.742  0.258
0  3.5  1.75  0.01  0.01  0.6449996766904484  -0.28651042804377524  1.1547643288619556  14.397231932141676  1.0  0.779  0.216  0.005  0.783  0.217
0  3.5  1.75  0.01  0.01  0.49886851586095504  0.08257287425045398  0.968227331438732  14.521230898555656  1.0  0.762  0.231  0.007  0.783  0.217
0  3.5  1.75  0.01  0.01  0.3320358715786624  0.42471426426996073  1.2449388703472513  14.64440781660343  1.0  0.727  0.263  0.009  0.733  0.267
0  3.5  1.75  0.01  0.01  0.45963464650822233  -0.010082206699763542  1.254449594271859  14.473916861784186  1.0  0.734  0.258  0.008  0.725  0.275
0  3.5  1.75  0.01  0.01  0.7157818373716244  -0.3918691591719734  1.1644673651518165  14.295506314225012  1.0  0.794  0.202  0.004  0.792  0.208
0  3.5  1.75  0.01  0.01  0.6404759880714357  -0.2850092110509813  1.5342137284532482  14.356542053510902  1.0  0.777  0.218  0.005  0.767  0.233
0  3.5  1.75  0.01  0.01  0.4675357223487807  -0.11032884136576  1.1344462647770888  14.63674015870354  1.0  0.726  0.266  0.008  0.733  0.267
0  3.5  1.75  0.01  0.01  0.32465789257350786  0.51282633316003  1.6496784950058354  14.768968169373938  1.0  0.734  0.256  0.009  0.733  0.267
0  3.5  1.75  0.01  0.01  0.2698941857794971  0.4749961649440356  1.1440041383321666  14.630816516018706  1.0  0.704  0.286  0.01  0.733  0.267
0  3.5  1.75  0.01  0.01  0.5102044992421866  0.13407976591569298  1.2344441415456673  14.620748266274903  1.0  0.772  0.221  0.007  0.8  0.2
0  3.5  1.75  0.01  0.01  -0.0032494609487995476  0.09502211860302184  1.0949991839470103  14.80401639236438  1.0  0.506  0.481  0.013  0.708  0.292
0  3.5  1.75  0.01  0.01  0.6523577206279476  0.20490646900575993  1.4074252733524908  14.10603466801175  1.0  0.832  0.163  0.005  0.825  0.175
0  3.5  1.75  0.01  0.01  0.3897113856180092  0.17138639205853945  2.0165893734010867  15.129106871654047  1.0  0.724  0.267  0.009  0.733  0.267
0  3.5  1.75  0.01  0.01  0.5307075121924476  0.11499888399390606  1.367012693268456  14.370066661315972  1.0  0.779  0.215  0.007  0.767  0.233
0  3.5  1.75  0.01  0.01  0.5635034301716862  0.10929086536679924  1.2943706262480088  14.248055002390148  1.0  0.791  0.202  0.006  0.775  0.225
0  3.5  1.75  0.01  0.01  0.5563191335535322  -0.11501377491499068  1.1743900322474479  14.248413045585885  1.0  0.763  0.23  0.006  0.733  0.267
0  3.5  1.75  0.01  0.01  0.448674020678887  -0.1656919861546048  1.0115322509286  14.384454281808466  1.0  0.71  0.282  0.008  0.692  0.308
0  3.5  1.75  0.01  0.01  0.6713918745267462  -0.19619755149995025  1.1844496313196768  14.244375502725484  1.0  0.799  0.196  0.005  0.792  0.208
0  3.5  1.75  0.01  0.01  0.602750997478998  -0.01575078428957801  1.2444049609746948  14.454585944745167  1.0  0.793  0.202  0.006  0.817  0.183
0  3.5  1.75  0.01  0.01  0.48934661568557747  -0.04764405874676282  1.034738390175195  14.609314981736249  1.0  0.743  0.25  0.007  0.767  0.233
0  3.5  1.75  0.01  0.01  0.5693830877242787  0.0441382144840482  1.2548099750538266  14.447743838446586  1.0  0.786  0.208  0.006  0.8  0.2
0  3.5  1.75  0.01  0.01  0.46438622676411384  0.06457470274013329  1.2243680876518042  14.489396318684134  1.0  0.745  0.247  0.008  0.75  0.25
0  3.5  1.75  0.01  0.01  0.5561750606575576  -0.20543591097957686  1.284935806529955  14.500807545214858  1.0  0.752  0.241  0.007  0.758  0.242
0  3.5  1.75  0.01  0.01  0.5334541969885784  0.23335659503206518  1.5665546170887132  14.302888489249694  1.0  0.792  0.201  0.006  0.767  0.233
0  3.5  1.75  0.01  0.01  0.8122032899906597  -0.5108438021448931  1.271860609573271  14.15060638750047  1.0  0.813  0.184  0.003  0.808  0.192
0  3.5  1.75  0.01  0.01  0.6026399418004373  -0.3180898098237225  1.2817460766138498  14.39086525034536  1.0  0.759  0.236  0.006  0.75  0.25
0  3.5  1.75  0.01  0.01  0.6220549093493877  -0.09795669842692267  1.1244256831286765  14.365561461850254  1.0  0.791  0.203  0.005  0.8  0.2
0  3.5  1.75  0.01  0.01  0.5793026522424278  0.012078286971802462  1.4492959055172894  14.30592249891947  1.0  0.787  0.207  0.006  0.775  0.225
0  3.5  1.75  0.01  0.01  0.5647334099245352  0.20881770186293092  1.2643437603807328  14.29844551826837  1.0  0.802  0.192  0.006  0.8  0.2
0  3.5  1.75  0.01  0.01  0.6806614629293241  -0.29387841966091277  1.459465238532186  14.345389896092156  1.0  0.792  0.203  0.005  0.792  0.208
0  3.5  1.75  0.01  0.01  0.5094557132822968  0.17058319721340182  1.104713583836663  14.549669569573242  1.0  0.776  0.217  0.007  0.792  0.208
0  3.5  1.75  0.01  0.01  0.6134930100522232  -0.13705903996274688  1.2041862514831396  14.346986913969383  1.0  0.784  0.211  0.006  0.783  0.217
0  3.5  1.75  0.01  0.01  0.5982751874535635  -0.16131504678896924  1.5613916751702992  14.397142270978835  1.0  0.775  0.219  0.006  0.775  0.225
0  3.5  1.75  0.01  0.01  0.6578010519815498  -0.48790012870325117  1.4913277044071402  14.251845856444765  1.0  0.76  0.235  0.005  0.725  0.275
0  3.5  1.75  0.01  0.01  0.5190393842241718  0.23454148086517207  1.164684661429276  14.48234297855795  1.0  0.787  0.207  0.007  0.8  0.2
0  3.5  1.75  0.01  0.01  0.5920763780182046  -0.055000392380163854  1.337010564974683  14.463481252205927  1.0  0.784  0.21  0.006  0.783  0.217
0  3.5  1.75  0.01  0.01  0.03933133190462304  0.10500102548564341  1.327992739282528  14.623234692692648  1.0  0.531  0.456  0.013  0.708  0.292
0  3.5  1.75  0.01  0.01  0.3420215000543535  0.13205641767610413  1.2144558808181258  14.685916887110144  1.0  0.696  0.294  0.01  0.7  0.3
0  3.5  1.75  0.01  0.01  0.4460184364226003  0.08565198289286913  1.2677080420487896  14.410578887593381  1.0  0.74  0.252  0.008  0.725  0.275
0  3.5  1.75  0.01  0.01  0.5108588411066151  -0.20525043558442768  1.046160489766007  14.480688094069274  1.0  0.733  0.26  0.007  0.742  0.258
0  3.5  1.75  0.01  0.01  0.34291824684849903  0.2549989617815085  1.4049993834427075  14.421553282603043  1.0  0.712  0.279  0.009  0.733  0.267
0  3.5  1.75  0.01  0.01  0.5158465880518281  -0.07973891867638683  1.1343874430680485  14.485390550514627  1.0  0.751  0.242  0.007  0.75  0.25
0  3.5  1.75  0.01  0.01  0.5004476310923494  0.027701683902118968  1.2241628014588652  14.361558584759429  1.0  0.757  0.236  0.007  0.742  0.258
0  3.5  1.75  0.01  0.01  0.44142662293305657  -0.10782321891769336  0.9640133213480019  14.563723751824394  1.0  0.714  0.278  0.008  0.725  0.275
0  3.5  1.75  0.01  0.01  0.6069344607939295  -0.03260424692821011  1.4543070715642  14.202630976051827  1.0  0.793  0.201  0.006  0.767  0.233
0  3.5  1.75  0.01  0.01  0.6895009068123179  -0.7739468198200048  1.2841966212774174  14.289735235845127  1.0  0.736  0.259  0.005  0.7  0.3
0  3.5  1.75  0.01  0.01  0.4909982669701195  0.04378089991100107  1.292292110263249  14.453415041735063  1.0  0.754  0.239  0.007  0.75  0.25
0  3.5  1.75  0.01  0.01  0.016124956694615448  0.40499807846111535  1.1335093349298142  14.708210210140324  1.0  0.56  0.428  0.013  0.725  0.275
0  3.5  1.75  0.01  0.01  0.5678594373730337  -0.13150163652971972  1.0572156154296177  14.313060956295779  1.0  0.767  0.227  0.006  0.75  0.25
0  3.5  1.75  0.01  0.01  0.5237345310154666  0.033214042498452535  1.6600449590035724  14.656297433507465  1.0  0.767  0.226  0.007  0.758  0.242
0  3.5  1.75  0.01  0.01  0.5434261397412641  0.2342766846346504  1.5446694515431834  14.271142312709477  1.0  0.796  0.197  0.006  0.783  0.217
0  3.5  1.75  0.01  0.01  0.4405698807375832  0.03476698107199256  1.2147860097991883  14.59967842151857  1.0  0.731  0.261  0.008  0.733  0.267
0  3.5  1.75  0.01  0.01  0.7878725247503395  -1.2346162132852365  1.148086918866264  14.525046539707278  1.0  0.707  0.29  0.004  0.725  0.275
0  3.5  1.75  0.01  0.01  0.689502450718875  -0.17921976465564893  1.3471510145828591  14.23391614320966  1.0  0.807  0.188  0.004  0.8  0.2
0  3.5  1.75  0.01  0.01  0.547093265457621  0.014826783741646454  1.6514846438979756  14.58052595863464  1.0  0.774  0.219  0.006  0.775  0.225
0  3.5  1.75  0.01  0.01  0.5597729669501634  -0.11167734748476668  2.016905117230407  15.384845686145585  1.0  0.766  0.228  0.006  0.742  0.258
0  3.5  1.75  0.01  0.01  0.42213534441980655  0.006366850429609441  1.2445799488038136  14.64770116154635  1.0  0.72  0.272  0.009  0.725  0.275
0  3.5  1.75  0.01  0.01  0.577353456042576  0.06454191928798272  1.3570379617169548  14.373022229309777  1.0  0.792  0.203  0.006  0.8  0.2
0  3.5  1.75  0.01  0.01  0.5495183351262816  0.004748196625608662  1.274793668060493  14.359474448015268  1.0  0.774  0.22  0.006  0.767  0.233
0  3.5  1.75  0.01  0.01  0.6237468902418294  -0.03993788684630359  1.2244886361366654  14.340134414530361  1.0  0.798  0.196  0.005  0.808  0.192
0  3.5  1.75  0.01  0.01  0.6223133148228595  0.01931041154347067  1.2746440306474878  14.350612214034165  1.0  0.804  0.191  0.005  0.817  0.183
0  3.5  1.75  0.01  0.01  0.4436488352019887  0.2393902690513611  1.2147440090816326  14.528015302206127  1.0  0.757  0.236  0.008  0.758  0.242
0  3.5  1.75  0.01  0.01  0.7569535536900869  -0.5668635289487189  1.2648035485666889  14.255360827814457  1.0  0.788  0.209  0.004  0.783  0.217
0  3.5  1.75  0.01  0.01  0.5408703036892384  0.12006037300264588  1.3778697725923046  14.323716606887388  1.0  0.784  0.21  0.006  0.775  0.225
0  3.5  1.75  0.01  0.01  0.5500686082275823  0.036131014588819954  1.6493341677546378  14.85342798564462  1.0  0.779  0.215  0.006  0.8  0.2
0  3.5  1.75  0.01  0.01  0.7156911459750097  -0.7041038904352541  1.1781130591615478  14.414483511617778  1.0  0.756  0.24  0.004  0.758  0.242
0  3.5  1.75  0.01  0.01  0.5875687711297486  -0.446668108911739  1.314384203267133  14.45972729725501  1.0  0.736  0.258  0.006  0.725  0.275
0  3.5  1.75  0.01  0.01  0.6707797990277147  -0.1183177547833669  1.214731054295265  14.266175749290968  1.0  0.807  0.188  0.005  0.808  0.192
0  3.5  1.75  0.01  0.01  0.4994106716209563  0.24359790664830377  1.429408711064085  14.368766609467624  1.0  0.78  0.213  0.007  0.767  0.233
0  3.5  1.75  0.01  0.01  0.48699282942714284  0.08196538808009948  1.344729983122261  14.371548487991914  1.0  0.757  0.236  0.007  0.742  0.258
0  3.5  1.75  0.01  0.01  0.5245977931563992  0.2449898992986269  1.5249493029903454  14.452188298829876  1.0  0.79  0.203  0.006  0.808  0.192
0  3.5  1.75  0.01  0.01  0.5537647607783323  0.054546191512978126  1.1743638640387928  14.291103666882584  1.0  0.781  0.213  0.006  0.767  0.233
0  3.5  1.75  0.01  0.01  0.6845187165656237  0.04259238030470462  1.5100545693210017  14.178811643495687  1.0  0.828  0.168  0.004  0.825  0.175
0  3.5  1.75  0.01  0.01  0.3652830292312094  0.3649999159372943  1.3440751878588582  14.397648657005634  1.0  0.735  0.256  0.009  0.8  0.2
0  3.5  1.75  0.01  0.01  0.5214317437827451  -0.07431986531882487  1.3934720621562255  14.460594740719262  1.0  0.754  0.239  0.007  0.75  0.25
0  3.5  1.75  0.01  0.01  0.4852443093120254  0.20177915216833514  1.2049423446704668  14.567222267041037  1.0  0.77  0.223  0.007  0.783  0.217
0  3.5  1.75  0.01  0.01  0.46313759501325746  0.42499913564649394  1.1830019288407565  14.455001075182762  1.0  0.785  0.208  0.007  0.792  0.208
0  3.5  1.75  0.01  0.01  0.5598020519877035  0.00434359929133942  1.2046275898663932  14.39063963907436  1.0  0.778  0.216  0.006  0.775  0.225
0  3.5  1.75  0.01  0.01  0.5882521202495244  -0.31129718248540295  1.2145122828422494  14.44600764909689  1.0  0.754  0.24  0.006  0.75  0.25
0  3.5  1.75  0.01  0.01  0.5880378601848943  -0.2850793745324306  1.569510322517098  14.457899420550259  1.0  0.756  0.238  0.006  0.742  0.258
0  3.5  1.75  0.01  0.01  0.412647342725405  0.11477005231888415  1.2843572816220372  14.5590580710829  1.0  0.727  0.264  0.009  0.725  0.275
0  3.5  1.75  0.01  0.01  0.597090625715919  0.3447625039911466  1.427658764253007  14.173922528033168  1.0  0.827  0.168  0.005  0.825  0.175
0  3.5  1.75  0.01  0.01  0.4941028217336405  0.4429833591587802  1.5946469610064264  14.271886174185193  1.0  0.799  0.194  0.007  0.792  0.208
0  3.5  1.75  0.01  0.01  0.49146673955841313  0.1123768673805763  1.5676453555123953  14.594385306139445  1.0  0.762  0.23  0.007  0.75  0.25
0  3.5  1.75  0.01  0.01  0.7214999967697968  -0.5459507377006574  1.1844559682780291  14.228382085669002  1.0  0.777  0.219  0.004  0.75  0.25
0  3.5  1.75  0.01  0.01  0.47545703326075606  0.31499809155531566  1.1840031843904073  14.529985905788683  1.0  0.778  0.215  0.007  0.775  0.225
0  3.5  1.75  0.01  0.01  0.47051550110900486  -0.29112103114582166  1.0002522544668402  14.580257216371562  1.0  0.704  0.288  0.008  0.708  0.292
0  3.5  1.75  0.01  0.01  0.5945896502087287  -0.058173034485316334  1.2645512595205053  14.389782619291813  1.0  0.785  0.209  0.006  0.792  0.208
0  3.5  1.75  0.01  0.01  0.5887103712588381  -0.24673823935577405  1.2717793123388679  14.456494835451906  1.0  0.761  0.233  0.006  0.767  0.233
0  3.5  1.75  0.01  0.01  0.5732316443271754  -0.2950409904948543  1.144997865943193  14.56918059635446  1.0  0.749  0.245  0.006  0.725  0.275
0  3.5  1.75  0.01  0.01  0.5464842696082701  0.06288633332995006  1.3371905351216813  14.320625127580747  1.0  0.779  0.214  0.006  0.767  0.233
0  3.5  1.75  0.01  0.01  0.7518010145856026  -0.8180565349555261  1.1644429583849465  14.384120967983192  1.0  0.754  0.242  0.004  0.758  0.242
0  3.5  1.75  0.01  0.01  0.5273007932982834  -0.045034767495226925  1.2443314906282585  14.407743179880962  1.0  0.759  0.234  0.007  0.75  0.25
0  3.5  1.75  0.01  0.01  0.33099826563239954  0.15118213535683178  1.1943743450244306  14.741494629441926  1.0  0.694  0.297  0.01  0.7  0.3
0  3.5  1.75  0.01  0.01  0.6421786449826665  -0.18454949787541255  1.649388853241229  14.504194412984884  1.0  0.79  0.205  0.005  0.767  0.233
0  3.5  1.75  0.01  0.01  0.4841082031198514  -0.09976502897726922  1.3896015368185506  14.432793472399007  1.0  0.734  0.258  0.008  0.717  0.283
0  3.5  1.75  0.01  0.01  0.4458088930787641  0.02145899316748112  1.1348086760477138  14.578848867090004  1.0  0.732  0.26  0.008  0.733  0.267
0  3.5  1.75  0.01  0.01  0.4959739426498485  0.14305302407949888  1.3874172596879166  14.378058312286564  1.0  0.768  0.225  0.007  0.758  0.242
0  3.5  1.75  0.01  0.01  0.5000278605376322  -0.18771617286526598  1.5717181265151114  14.497167514651055  1.0  0.731  0.262  0.007  0.717  0.283
0  3.5  1.75  0.01  0.01  0.5192693943629386  -0.05729721110527897  1.1875097134412387  14.331605516384895  1.0  0.755  0.238  0.007  0.742  0.258
0  3.5  1.75  0.01  0.01  0.5542017033810951  -0.12705523830031457  1.3043920613080437  14.38773728414529  1.0  0.761  0.232  0.006  0.75  0.25
0  3.5  1.75  0.01  0.01  -0.03664232411076267  -0.16397907755408814  1.6480000829671755  14.94994522039602  1.0  0.45  0.537  0.013  0.742  0.258
0  3.5  1.75  0.01  0.01  0.5821248242441606  -0.4251486072060189  1.20407123337655  14.388543163636161  1.0  0.736  0.257  0.006  0.717  0.283
0  3.5  1.75  0.01  0.01  0.5132974280667739  -0.3903828720643795  1.1646485069706347  14.542330117127856  1.0  0.711  0.282  0.007  0.7  0.3
0  3.5  1.75  0.01  0.01  0.30543864826657485  0.7133661241416274  1.5703871283220416  14.456326921277151  1.0  0.749  0.242  0.009  0.742  0.258
0  3.5  1.75  0.01  0.01  0.41637794237546566  0.09122117054020552  1.6429992280113936  14.330182890074589  1.0  0.727  0.265  0.009  0.783  0.217
1  3.5  1.75  0.01  0.01  0.4594076281601242  -0.07672766761985594  0.983374202162881  14.590034890246137  1.0  0.726  0.266  0.008  0.742  0.258
1  3.5  1.75  0.01  0.01  0.5754109295041037  -0.062472232893296814  1.222501345338007  14.667331383652693  1.0  0.778  0.216  0.006  0.8  0.2
1  3.5  1.75  0.01  0.01  0.5373567052106965  -0.11671419756334289  0.9464789596849178  14.538634867296214  1.0  0.755  0.238  0.007  0.775  0.225
1  3.5  1.75  0.01  0.01  0.6322309721419985  -0.326971780262226  1.0625103791012454  14.572767015002528  1.0  0.769  0.225  0.005  0.8  0.2
1  3.5  1.75  0.01  0.01  0.3611986095793265  0.09213864682232259  1.1924207520244343  14.957945373616276  1.0  0.701  0.29  0.009  0.725  0.275
1  3.5  1.75  0.01  0.01  0.41208255018199214  0.2512672476553449  0.9621947301205784  14.72417246736544  1.0  0.744  0.248  0.008  0.775  0.225
1  3.5  1.75  0.01  0.01  0.5976561427736952  -0.18012168821081048  1.5477897978764907  14.774043219634166  1.0  0.773  0.221  0.006  0.767  0.233
1  3.5  1.75  0.01  0.01  0.5275715532514149  -0.24977083809131884  1.1325787700760843  14.562803702163654  1.0  0.735  0.258  0.007  0.742  0.258
1  3.5  1.75  0.01  0.01  0.5781059646834017  -0.10054977205708376  1.1524463466923316  14.494753534806481  1.0  0.774  0.22  0.006  0.792  0.208
1  3.5  1.75  0.01  0.01  0.46004228332951697  -0.032833642761344324  1.1065133853916291  14.767737219517324  1.0  0.732  0.26  0.008  0.758  0.242
1  3.5  1.75  0.01  0.01  0.5548339848011575  0.06640106746687183  1.1126488530195102  14.421434634000338  1.0  0.784  0.21  0.006  0.792  0.208
1  3.5  1.75  0.01  0.01  0.40674398604643136  0.12276178992199127  1.1225601390946727  14.709139343080116  1.0  0.726  0.265  0.009  0.742  0.258
1  3.5  1.75  0.01  0.01  0.592538303926401  -0.024910679462917324  1.2164056100392977  14.566622136842813  1.0  0.789  0.205  0.006  0.825  0.175
1  3.5  1.75  0.01  0.01  0.4639123355857584  -0.03723198933312446  1.7857750195229969  14.996378400746881  1.0  0.733  0.259  0.008  0.758  0.242
1  3.5  1.75  0.01  0.01  0.4295543977523236  -0.0695339274447961  1.1165476203686129  14.791615841419668  1.0  0.713  0.278  0.008  0.733  0.267
1  3.5  1.75  0.01  0.01  0.4630835049464853  0.09558575776210229  1.132416836196875  14.70935190353665  1.0  0.749  0.243  0.008  0.775  0.225
1  3.5  1.75  0.01  0.01  0.587817424568363  0.002742757061152407  1.2066740335594264  14.361526449836674  1.0  0.789  0.205  0.006  0.792  0.208
1  3.5  1.75  0.01  0.01  0.39828804170455656  0.19887991894795293  1.0223848135106461  14.734208619532925  1.0  0.732  0.26  0.009  0.75  0.25
1  3.5  1.75  0.01  0.01  0.4924379173900233  -0.05761204291077369  1.4475287809714652  14.506758771480246  1.0  0.743  0.25  0.007  0.742  0.258
1  3.5  1.75  0.01  0.01  0.49637358154631933  -0.017017910480041483  1.1365753263051286  14.693278306441265  1.0  0.749  0.243  0.007  0.775  0.225
1  3.5  1.75  0.01  0.01  0.5953582089085563  -0.4732567370454386  1.0627900722136348  14.707970932409198  1.0  0.737  0.257  0.006  0.767  0.233
1  3.5  1.75  0.01  0.01  0.5366224858621136  -0.018743736531783108  1.0722785567872226  14.612545176714223  1.0  0.766  0.227  0.007  0.792  0.208
1  3.5  1.75  0.01  0.01  0.5173885498990374  -0.04091339600294249  1.2264838176536803  14.619216921132601  1.0  0.756  0.237  0.007  0.775  0.225
1  3.5  1.75  0.01  0.01  0.42727783233925964  0.2384993359474978  1.49307704126026  14.56597817504399  1.0  0.749  0.242  0.008  0.758  0.242
1  3.5  1.75  0.01  0.01  0.48030222056245087  -0.1548347188809347  1.0824817620547613  14.893845655184581  1.0  0.727  0.266  0.008  0.767  0.233
1  3.5  1.75  0.01  0.01  0.4551899732411332  -0.14499936267967928  1.604201532811305  14.85512204438961  1.0  0.716  0.275  0.008  0.758  0.242
1  3.5  1.75  0.01  0.01  0.4675768503849125  -0.30909088745788205  0.3011720831410885  14.941391639672808  1.0  0.7  0.292  0.008  0.758  0.242
1  3.5  1.75  0.01  0.01  0.48064440119819507  -0.2672393419950245  1.052999139245189  14.761493945363442  1.0  0.712  0.28  0.008  0.733  0.267
1  3.5  1.75  0.01  0.01  0.45769755558279446  0.03663003242517246  1.1167965352154174  14.633452863113522  1.0  0.74  0.253  0.008  0.75  0.25
1  3.5  1.75  0.01  0.01  0.4738907802703314  0.09372536295002698  1.0265897114747808  14.642396775894232  1.0  0.752  0.24  0.008  0.775  0.225
1  3.5  1.75  0.01  0.01  0.5720872491555031  -0.3149722156916541  1.092094392801263  14.571887620769132  1.0  0.747  0.247  0.006  0.758  0.242
1  3.5  1.75  0.01  0.01  0.49172883054902905  0.03633773168242078  0.9101158174930006  14.610588903119874  1.0  0.754  0.238  0.007  0.792  0.208
1  3.5  1.75  0.01  0.01  0.5744850786089977  0.01208717246593229  1.717475143834807  14.748477753790764  1.0  0.785  0.209  0.006  0.833  0.167
1  3.5  1.75  0.01  0.01  0.37422301550053283  -0.10398414882833486  1.0824220301102139  14.9561482715379  1.0  0.683  0.308  0.009  0.708  0.292
1  3.5  1.75  0.01  0.01  0.4901648458402091  -0.08151999162900735  0.9985823724698806  14.784207006534357  1.0  0.74  0.253  0.007  0.775  0.225
1  3.5  1.75  0.01  0.01  0.46475406448703  -0.22304916293374125  1.1191593480104685  14.870531039423112  1.0  0.711  0.281  0.008  0.733  0.267
1  3.5  1.75  0.01  0.01  0.3843198623727887  0.18637183079206016  1.0626023819991794  14.81955049661459  1.0  0.724  0.267  0.009  0.75  0.25
1  3.5  1.75  0.01  0.01  0.4692010722081522  0.1892241209443692  1.0412451637597329  14.582781096276783  1.0  0.762  0.231  0.007  0.783  0.217
1  3.5  1.75  0.01  0.01  0.4856559589386754  0.22079109547575332  1.6077016200401697  14.307084794625167  1.0  0.772  0.221  0.007  0.758  0.242
1  3.5  1.75  0.01  0.01  0.5581474766035681  0.13144183087023012  1.4159500541030126  14.65443926545951  1.0  0.792  0.202  0.006  0.808  0.192
1  3.5  1.75  0.01  0.01  0.5445549494212628  0.02240297266340678  1.1966904676341374  14.524993661737676  1.0  0.774  0.219  0.006  0.792  0.208
1  3.5  1.75  0.01  0.01  0.5222240166499658  -0.06270625501129902  1.1263496363967511  14.567563094262166  1.0  0.756  0.237  0.007  0.767  0.233
1  3.5  1.75  0.01  0.01  0.4350076285702509  -0.08493451416318071  1.052001453491209  14.804949921714005  1.0  0.715  0.277  0.008  0.725  0.275
1  3.5  1.75  0.01  0.01  0.5085491765209753  -0.004898872441459423  1.1924944060286675  14.567712855985882  1.0  0.757  0.236  0.007  0.758  0.242
1  3.5  1.75  0.01  0.01  0.4138554041730132  0.0995044798654986  1.1924677467480775  14.745483585031753  1.0  0.727  0.265  0.009  0.75  0.25
1  3.5  1.75  0.01  0.01  0.6004215942575566  -0.15171778230574434  1.603427719866301  14.51035215227127  1.0  0.777  0.217  0.006  0.758  0.242
1  3.5  1.75  0.01  0.01  0.5473982306732985  0.04500051815448296  1.783741200926129  14.575667726507701  1.0  0.779  0.215  0.006  0.783  0.217
1  3.5  1.75  0.01  0.01  0.3989754858300071  -0.10766213907672678  1.4139020604470254  15.12813981536237  1.0  0.694  0.297  0.009  0.717  0.283
1  3.5  1.75  0.01  0.01  0.47006224667016355  0.06821717531366508  1.0566790682551805  14.648464405276904  1.0  0.749  0.244  0.008  0.767  0.233
1  3.5  1.75  0.01  0.01  0.4650303539567371  0.6650211707375748  1.5499967076572188  14.312880733968719  1.0  0.811  0.183  0.007  0.8  0.2
1  3.5  1.75  0.01  0.01  0.637156181396018  -0.12413426122731372  1.3863206218431972  14.365882783649065  1.0  0.795  0.2  0.005  0.8  0.2
1  3.5  1.75  0.01  0.01  0.4538525355331126  0.07500948199194732  1.1563279306481689  14.6502948783664  1.0  0.743  0.25  0.008  0.758  0.242
1  3.5  1.75  0.01  0.01  0.5238189585984687  -0.005459991952270838  0.9810631746692656  14.626508073909028  1.0  0.762  0.231  0.007  0.792  0.208
1  3.5  1.75  0.01  0.01  0.47862148027282125  0.11500464105369143  1.783679499666707  14.946252587945366  1.0  0.758  0.235  0.007  0.783  0.217
1  3.5  1.75  0.01  0.01  0.4314454509698472  -0.10986361811905314  1.022900067121376  14.769578047406215  1.0  0.709  0.282  0.008  0.725  0.275
1  3.5  1.75  0.01  0.01  0.4969032113664164  -0.20202033775345613  1.7156462821332124  14.987500450514922  1.0  0.728  0.265  0.007  0.733  0.267
1  3.5  1.75  0.01  0.01  0.4260232061491994  0.06098951381854899  1.0623732276392  14.686061502077626  1.0  0.728  0.264  0.008  0.742  0.258
1  3.5  1.75  0.01  0.01  0.506763470335678  0.4642066374390236  1.152994808402292  14.24819823959954  1.0  0.806  0.188  0.006  0.808  0.192
1  3.5  1.75  0.01  0.01  0.5386394887381329  -0.13978042541234748  0.9525597825634278  14.626961232148638  1.0  0.753  0.24  0.007  0.775  0.225
1  3.5  1.75  0.01  0.01  0.29353536714190376  0.6349961265614785  1.1420008185482862  14.470014902189286  1.0  0.734  0.256  0.01  0.758  0.242
1  3.5  1.75  0.01  0.01  0.4403178422846519  -0.05499936503399758  1.5970023992120321  14.960144094645946  1.0  0.721  0.271  0.008  0.75  0.25
1  3.5  1.75  0.01  0.01  0.582889635430397  0.0136579002023853  1.0727921663146518  14.469472806538858  1.0  0.788  0.206  0.006  0.808  0.192
1  3.5  1.75  0.01  0.01  0.48659921818192875  0.0812554543846657  1.3360587502242949  14.4134332218402  1.0  0.757  0.236  0.007  0.75  0.25
1  3.5  1.75  0.01  0.01  0.43479302559993815  0.07567062269080067  1.7276595584019196  14.813314259621901  1.0  0.734  0.258  0.008  0.758  0.242
1  3.5  1.75  0.01  0.01  0.5958382055099793  -0.20552996481968056  1.2267132668899865  14.512670314246687  1.0  0.769  0.225  0.006  0.783  0.217
1  3.5  1.75  0.01  0.01  0.5808620438183061  0.04001978022802009  1.2664403596396105  14.503046834800978  1.0  0.791  0.203  0.006  0.817  0.183
1  3.5  1.75  0.01  0.01  0.49572309173015183  0.1150001096076832  1.4238983424753744  15.024825218271364  1.0  0.765  0.228  0.007  0.775  0.225
1  3.5  1.75  0.01  0.01  0.44725224953445686  0.1543263976622507  1.1029060444144887  14.515572437987654  1.0  0.748  0.244  0.008  0.75  0.25
1  3.5  1.75  0.01  0.01  0.6208155320627806  -0.23336425445226217  1.1125899825492105  14.549058717101776  1.0  0.776  0.218  0.005  0.808  0.192
1  3.5  1.75  0.01  0.01  0.4691163688291615  -0.08250879766423452  1.1063663617411845  14.739976030019498  1.0  0.73  0.262  0.008  0.75  0.25
1  3.5  1.75  0.01  0.01  0.41873502321527334  -0.024999816661941385  1.477303034056365  14.626952949052914  1.0  0.714  0.277  0.009  0.717  0.283
1  3.5  1.75  0.01  0.01  0.5584669158815729  -0.20498748317987953  0.9513497089714044  14.674866481360091  1.0  0.755  0.239  0.006  0.792  0.208
1  3.5  1.75  0.01  0.01  0.593379372912181  -0.0013742196943437055  1.605552529137706  14.497828870161422  1.0  0.791  0.203  0.006  0.817  0.183
1  3.5  1.75  0.01  0.01  0.478255407287263  -0.04924070995118443  1.0524878390699561  14.744902646214065  1.0  0.738  0.254  0.008  0.767  0.233
1  3.5  1.75  0.01  0.01  0.33393703479767567  0.15724782683717264  1.0924446006499384  14.784002327385133  1.0  0.696  0.294  0.01  0.708  0.292
1  3.5  1.75  0.01  0.01  0.3538177033852877  0.8850053019494399  1.7150081662291192  14.629744366356839  1.0  0.79  0.202  0.008  0.775  0.225
1  3.5  1.75  0.01  0.01  0.4698065765654347  0.03982330741535614  1.1026921676099966  14.484746634364576  1.0  0.745  0.247  0.008  0.742  0.258
1  3.5  1.75  0.01  0.01  0.30633105921429216  0.3351239473916549  1.7934900571902719  14.987583467481551  1.0  0.705  0.285  0.01  0.725  0.275
1  3.5  1.75  0.01  0.01  0.4575751211007959  -0.14499731181718217  1.082015275388835  14.776889268802215  1.0  0.718  0.274  0.008  0.733  0.267
1  3.5  1.75  0.01  0.01  0.501147877169082  -0.254515480437112  1.783547624786458  14.860991978796338  1.0  0.724  0.269  0.007  0.733  0.267
1  3.5  1.75  0.01  0.01  0.515679301192367  -0.10490093095704378  1.052855737839919  14.559229190785297  1.0  0.748  0.245  0.007  0.758  0.242
1  3.5  1.75  0.01  0.01  0.5309715861092511  -0.009140624080899037  1.062201915871774  14.572848014606633  1.0  0.765  0.228  0.007  0.783  0.217
1  3.5  1.75  0.01  0.01  0.5177686107080952  -0.2341344682547486  0.92258501946266  14.86088703152281  1.0  0.733  0.259  0.007  0.775  0.225
1  3.5  1.75  0.01  0.01  0.45924557023074575  0.013836708549373085  0.9330394775397378  14.550239478518908  1.0  0.737  0.255  0.008  0.75  0.25
1  3.5  1.75  0.01  0.01  0.08041574855825143  1.194993172794653  1.8978721274893495  14.663098416982523  1.0  0.704  0.286  0.011  0.733  0.267
1  3.5  1.75  0.01  0.01  0.44416483311821764  0.3349888841484713  1.3260525813518544  14.780959158950196  1.0  0.767  0.225  0.008  0.808  0.192
1  3.5  1.75  0.01  0.01  0.7516896143773273  -0.6549982732737301  1.2930020996644733  14.420196739452516  1.0  0.776  0.22  0.004  0.8  0.2
1  3.5  1.75  0.01  0.01  0.5857000092673958  -0.24491251535624198  1.082992974176089  14.54625645671875  1.0  0.761  0.233  0.006  0.775  0.225
1  3.5  1.75  0.01  0.01  0.19238908018039425  0.6649980992482671  1.0720071974668535  14.859680691531231  1.0  0.689  0.3  0.011  0.783  0.217
1  3.5  1.75  0.01  0.01  0.42980988271620235  0.11507387593519901  1.3994850313609988  14.805709894922726  1.0  0.737  0.255  0.008  0.767  0.233
1  3.5  1.75  0.01  0.01  0.5327570446638181  -0.15502756175305962  1.1324675170044685  14.616624014156487  1.0  0.749  0.245  0.007  0.767  0.233
1  3.5  1.75  0.01  0.01  0.396548562455568  0.0007424593780255449  0.969711916974175  14.854780554404027  1.0  0.706  0.285  0.009  0.742  0.258
1  3.5  1.75  0.01  0.01  0.5034650856045644  0.09182457450231776  1.2865535345708188  14.627663218259478  1.0  0.765  0.228  0.007  0.792  0.208
1  3.5  1.75  0.01  0.01  0.43448689133124757  0.11500557324463684  1.216746999500817  14.714796600609914  1.0  0.739  0.253  0.008  0.758  0.242
1  3.5  1.75  0.01  0.01  0.425937328715716  0.45499713489674987  1.1311203055704038  14.674891782297497  1.0  0.772  0.22  0.008  0.8  0.2
1  3.5  1.75  0.01  0.01  0.11705350998617599  0.14668614147603157  1.0729981250923664  14.861607544318588  1.0  0.581  0.407  0.012  0.725  0.275
1  3.5  1.75  0.01  0.01  0.4521042044370539  -0.0071709352600850575  1.557238528203428  14.703002907517604  1.0  0.731  0.261  0.008  0.742  0.258
1  3.5  1.75  0.01  0.01  0.46557689343500785  0.2673324187693528  1.5976518508566586  14.699117923315722  1.0  0.769  0.223  0.007  0.775  0.225
1  3.5  1.75  0.01  0.01  0.5056321171823963  -0.033839158165276245  1.002789258700549  14.591540387158364  1.0  0.752  0.241  0.007  0.767  0.233
1  3.5  1.75  0.01  0.01  0.46987340084569107  -0.02802322663981248  1.1023887413212214  14.637406223535283  1.0  0.737  0.256  0.008  0.75  0.25
1  3.5  1.75  0.01  0.01  0.5163623183498061  -0.00584072636898853  1.0625696011101915  14.64012886407508  1.0  0.759  0.234  0.007  0.783  0.217
1  3.5  1.75  0.01  0.01  0.3731332284164169  0.23336760749010801  1.0621433954400965  14.852491069249043  1.0  0.724  0.267  0.009  0.75  0.25
1  3.5  1.75  0.01  0.01  0.43358523234715574  0.16507738175547165  1.8272932027627846  15.02954151158789  1.0  0.744  0.248  0.008  0.775  0.225
1  3.5  1.75  0.01  0.01  0.48562928155230356  -0.0025580149649812537  0.8322014018160089  14.67801965382904  1.0  0.747  0.245  0.007  0.783  0.217
1  3.5  1.75  0.01  0.01  0.5474877692358862  0.18530495554503063  1.5537555350921557  14.656966391096436  1.0  0.794  0.2  0.006  0.825  0.175
1  3.5  1.75  0.01  0.01  0.4933564879805529  0.07349075410072745  1.152549208885402  14.516137216090206  1.0  0.759  0.234  0.007  0.767  0.233
1  3.5  1.75  0.01  0.01  0.4496806006756894  0.048786296074394  1.2265586181337969  14.649090934073241  1.0  0.737  0.255  0.008  0.75  0.25
1  3.5  1.75  0.01  0.01  0.48349860983529064  -0.264716222547098  1.4135973079877595  14.801259060564105  1.0  0.714  0.278  0.008  0.717  0.283
1  3.5  1.75  0.01  0.01  0.3379491499280388  0.464907029576515  1.092828637244164  14.797462295307046  1.0  0.735  0.256  0.009  0.758  0.242
1  3.5  1.75  0.01  0.01  0.49026166059776843  0.05009686146863775  1.0626085920748365  14.559425711763136  1.0  0.755  0.238  0.007  0.767  0.233
1  3.5  1.75  0.01  0.01  0.41676511722963716  -0.20317724945464474  1.1522286544320157  14.839988732086324  1.0  0.691  0.301  0.009  0.708  0.292
1  3.5  1.75  0.01  0.01  0.5556141630082347  0.18168353097482842  1.1726036461423315  14.54524753816228  1.0  0.796  0.198  0.006  0.833  0.167
1  3.5  1.75  0.01  0.01  0.4711588220166334  0.01867106935648804  1.549637699633387  15.217093511745553  1.0  0.743  0.249  0.008  0.767  0.233
1  3.5  1.75  0.01  0.01  0.4283863470738373  0.004613039191190323  1.0822993939741632  14.750107411496023  1.0  0.721  0.27  0.008  0.742  0.258
1  3.5  1.75  0.01  0.01  0.25978351110150066  0.4949732729311108  1.1868259961311742  14.959056844225017  1.0  0.701  0.289  0.01  0.725  0.275
1  3.5  1.75  0.01  0.01  0.4864952221057305  -0.05327363358897267  1.1726338740390825  14.572730160942445  1.0  0.742  0.251  0.008  0.75  0.25
1  3.5  1.75  0.01  0.01  0.3327538646499325  0.0452240272973739  1.0327157880807352  14.902049815407816  1.0  0.682  0.308  0.01  0.7  0.3
1  3.5  1.75  0.01  0.01  0.3980544217173034  0.19118974907583802  1.1127825448382211  14.721035533221025  1.0  0.73  0.261  0.009  0.75  0.25
1  3.5  1.75  0.01  0.01  0.5239838821611642  0.09857288959516827  1.1125851094755488  14.580179231626774  1.0  0.775  0.219  0.007  0.8  0.2
1  3.5  1.75  0.01  0.01  0.46775311575356315  -0.034440220458632376  1.1460336457609077  14.654689010331447  1.0  0.736  0.257  0.008  0.75  0.25
1  3.5  1.75  0.01  0.01  0.5724754952243141  0.18449985766674865  1.277474601472004  14.288510420591953  1.0  0.802  0.192  0.006  0.808  0.192
1  3.5  1.75  0.01  0.01  0.43581983685499726  0.07789239519469492  1.0825210511519192  14.743901999312651  1.0  0.734  0.257  0.008  0.758  0.242
1  3.5  1.75  0.01  0.01  0.38190668788663484  0.3681307936271264  1.0923336134806172  14.708725437477206  1.0  0.744  0.247  0.009  0.767  0.233
1  3.5  1.75  0.01  0.01  0.736730513150677  -0.8633300622606203  1.0325241024617309  14.655808738038482  1.0  0.743  0.253  0.004  0.783  0.217
1  3.5  1.75  0.01  0.01  0.035815653395859945  0.9549991372389861  1.4836298720565964  14.492602277099236  1.0  0.648  0.34  0.012  0.775  0.225
1  3.5  1.75  0.01  0.01  0.5541928940263996  -0.18225574520235416  1.072033057128744  14.524239749976243  1.0  0.755  0.238  0.007  0.767  0.233
1  3.5  1.75  0.01  0.01  0.5248356051282621  0.004990048885457007  1.178483584809612  14.531083364884202  1.0  0.764  0.229  0.007  0.775  0.225
1  3.5  1.75  0.01  0.01  0.4812235043409335  0.028325634681468148  1.022388015890404  14.64662323007323  1.0  0.749  0.244  0.008  0.767  0.233
1  3.5  1.75  0.01  0.01  0.43791814262234563  -0.1629629384046481  0.8728333536490734  14.908723950284184  1.0  0.706  0.286  0.008  0.75  0.25
1  3.5  1.75  0.01  0.01  0.5103118477060704  -0.2638407743918538  1.022909674407265  14.734347279299424  1.0  0.726  0.266  0.007  0.75  0.25
1  3.5  1.75  0.01  0.01  0.4167322911733369  0.16224148211704165  1.072313292024801  14.737954540805204  1.0  0.735  0.256  0.008  0.758  0.242
1  3.5  1.75  0.01  0.01  0.4263952753629834  0.15327681122412723  1.0666838330878734  14.49243285080058  1.0  0.739  0.253  0.008  0.742  0.258
1  3.5  1.75  0.01  0.01  0.5370103011128988  -0.15157131526462875  1.032407647035158  14.702737401948587  1.0  0.752  0.242  0.007  0.783  0.217
1  3.5  1.75  0.01  0.01  0.5143677664920694  0.07105030465531684  1.0324362178385529  14.312553144404857  1.0  0.767  0.226  0.007  0.758  0.242
1  3.5  1.75  0.01  0.01  0.4972529148331643  0.18499865174595298  1.1869927886877514  14.360040121065671  1.0  0.773  0.22  0.007  0.767  0.233
1  3.5  1.75  0.01  0.01  0.6417227853617791  -0.18478958160268005  1.5479367847223755  15.004419249658433  1.0  0.79  0.205  0.005  0.825  0.175
1  3.5  1.75  0.01  0.01  0.19473216007622624  0.7049985552654459  1.0623947533799651  14.811819371545907  1.0  0.696  0.294  0.011  0.692  0.308
1  3.5  1.75  0.01  0.01  0.5173550433721543  0.30462557910010857  1.1825991510050518  14.551617173758423  1.0  0.793  0.2  0.007  0.825  0.175
1  3.5  1.75  0.01  0.01  0.37553646966231136  0.017752714385314415  1.1125392804125216  14.904389339598492  1.0  0.699  0.292  0.009  0.725  0.275
1  3.5  1.75  0.01  0.01  0.5640571150848854  -0.0353764694646268  1.3669554210474426  14.430619445176655  1.0  0.775  0.218  0.006  0.775  0.225
1  3.5  1.75  0.01  0.01  0.6676206913751881  -0.10177818616064588  1.062218341800756  14.301574354605524  1.0  0.808  0.187  0.005  0.808  0.192
1  3.5  1.75  0.01  0.01  0.5177863525171522  -0.12241913781875617  1.2465822826590867  14.716709859501629  1.0  0.747  0.246  0.007  0.775  0.225
1  3.5  1.75  0.01  0.01  0.3569395620144369  0.32541806351589087  1.7466350832009068  14.810163855018299  1.0  0.728  0.263  0.009  0.742  0.258
1  3.5  1.75  0.01  0.01  0.4519927300318567  0.3690417752317506  1.3366677977064727  14.378241186512476  1.0  0.775  0.218  0.007  0.775  0.225
1  3.5  1.75  0.01  0.01  0.4247399580014244  -0.05186438095355217  1.102404444983427  14.86364964701505  1.0  0.713  0.278  0.009  0.742  0.258
1  3.5  1.75  0.01  0.01  0.7412301811372586  -0.22081865931579833  1.2069080200739741  14.253363420491485  1.0  0.821  0.175  0.004  0.842  0.158
1  3.5  1.75  0.01  0.01  0.5136453245923172  -0.38499853919217153  1.0729995990764345  14.6449788474441  1.0  0.713  0.28  0.007  0.75  0.25
1  3.5  1.75  0.01  0.01  0.7049068852285212  -0.3232086394765167  1.1562725610153466  14.315073442247494  1.0  0.798  0.198  0.004  0.808  0.192
1  3.5  1.75  0.01  0.01  0.41547327864508954  0.3131873664413328  1.1123851971547798  14.542743784304337  1.0  0.752  0.24  0.008  0.758  0.242
1  3.5  1.75  0.01  0.01  0.3034330507031629  0.484915971804012  1.0560024462660091  14.761411735054848  1.0  0.721  0.269  0.01  0.742  0.258
