0.5   0.5   0.525
0.46666666666666656   0.4750000000000001   0.5416666666666665
0.48333333333333317   0.4500000000000002   0.583333333333333
0.48333333333333317   0.4500000000000002   0.583333333333333
0.39999999999999947   0.40000000000000036   0.6583333333333325
0.39999999999999947   0.37500000000000044   0.7416666666666654
0.3833333333333324   0.2750000000000006   0.8166666666666649
0.216666666666665   0.15000000000000102   1.0499999999999967
0.26666666666666516   0.1333333333333343   1.0805555555555522
0.26666666666666516   0.1333333333333343   1.0805555555555522
0.26666666666666516   0.1333333333333343   1.0805555555555522
0.37777777777777666   0.12500000000000078   1.0305555555555528
0.37777777777777666   0.12500000000000078   1.0305555555555528
0.42592592592592504   0.07222222222222296   1.1527777777777743
0.42592592592592504   0.07222222222222296   1.1527777777777743
0.4909465020576124   0.011419753086420459   1.185493827160491
0.5923182441700957   0.024588477366255662   1.1943415637860055
0.5923182441700957   0.024588477366255662   1.1943415637860055
0.6433622923334855   0.010722450845908088   1.1593164151806106
0.6433622923334855   0.010722450845908088   1.1593164151806106
0.6433622923334855   0.010722450845908088   1.1593164151806106
0.6433622923334855   0.010722450845908088   1.1593164151806106
0.5666142502178035   0.02862317383303188   1.1604388057658301
0.5666142502178035   0.02862317383303188   1.1604388057658301
0.605753650347723   0.02427320444163497   1.138296950727673
0.6132887502990643   0.020575300450149762   1.15404500142197
0.6131600430146582   0.010593047261370302   1.15426883211383
0.6131600430146582   0.010593047261370302   1.15426883211383
0.6046846710092378   0.01522349443929677   1.1623357082008106
0.6046846710092378   0.01522349443929677   1.1623357082008106
0.5978709313805441   0.013780226097698675   1.1612317113587984
0.6109725379036297   0.008553657567550048   1.1627513389141342
0.6109725379036297   0.008553657567550048   1.1627513389141342
0.6078286044564338   0.011888576003423409   1.1625435235574724
0.6078286044564338   0.011888576003423409   1.1625435235574724
0.6071893368864488   0.010487748699263643   1.162904293702765
0.6065426138621288   0.010738467961351698   1.162362288597295
0.603401165566378   0.013522870875142447   1.1624553983242207
0.603401165566378   0.013522870875142447   1.1624553983242207
0.6018354981238024   0.01320479876089809   1.1620438065951664
0.599344143989238   0.014598300031840962   1.1623734903658838
0.599344143989238   0.014598300031840962   1.1623734903658838
0.5990920655023186   0.01336346351214213   1.1621212536344139
0.5990920655023186   0.01336346351214213   1.1621212536344139
0.5960906000915138   0.014676461133761014   1.1627207297309932
0.5960906000915138   0.014676461133761014   1.1627207297309932
0.5960906000915138   0.014676461133761014   1.1627207297309932
0.5960906000915138   0.014676461133761014   1.1627207297309932
0.5960906000915138   0.014676461133761014   1.1627207297309932
0.5960906000915138   0.014676461133761014   1.1627207297309932
0.5960906000915138   0.014676461133761014   1.1627207297309932
0.5960906000915138   0.014676461133761014   1.1627207297309932
0.5960906000915138   0.014676461133761014   1.1627207297309932
0.5960906000915138   0.014676461133761014   1.1627207297309932
0.596010238796256   0.014400528677892148   1.1625594008899092
0.596010238796256   0.014400528677892148   1.1625594008899092
0.596010238796256   0.014400528677892148   1.1625594008899092
0.5960104392990861   0.01471056873009426   1.1626457827520031
0.5960778447395226   0.014629180212738308   1.1626192289052666
0.5960617205182344   0.014628276837001294   1.1626644336233598
0.5960617205182344   0.014628276837001294   1.1626644336233598
0.5960617205182344   0.014628276837001294   1.1626644336233598
0.5960598125744179   0.01461616523723375   1.162626740428565
0.5960598125744179   0.01461616523723375   1.162626740428565
