4  0  3.5  1.75  0.01  0.01  0.3403068784371406  0.18208836735948936  0.627282661120448  14.90035354274962  1.0  0.644  0.262  0.094  0.685  0.315
4  0  3.5  1.75  0.01  0.01  0.3964686312455221  0.12391218797996972  0.6282465159755711  14.498101307362822  1.0  0.663  0.247  0.09  0.694  0.306
4  0  3.5  1.75  0.01  0.01  0.38930716491623996  0.17690205543850757  0.8016583864531281  16.655057228730065  1.0  0.668  0.243  0.09  0.694  0.306
4  0  3.5  1.75  0.01  0.01  0.4788578364203463  0.055033255485764765  0.9467063915177697  16.824697084190873  1.0  0.695  0.222  0.083  0.704  0.296
4  0  3.5  1.75  0.01  0.01  0.2513573428928989  -0.043740424147304335  0.82560106356697  15.754469300975146  1.0  0.569  0.328  0.102  0.602  0.398
4  0  3.5  1.75  0.01  0.01  0.3524117598924099  0.002117344634579299  0.921474633951288  16.86764359461907  1.0  0.626  0.279  0.095  0.648  0.352
4  0  3.5  1.75  0.01  0.01  0.3024292288782717  -0.023170550857848887  0.9418205680551974  15.554767889181917  1.0  0.598  0.303  0.099  0.63  0.37
4  0  3.5  1.75  0.01  0.01  0.2991717771804738  -0.05606801325887664  0.4414200647223485  14.599413805626659  1.0  0.591  0.31  0.099  0.639  0.361
4  0  3.5  1.75  0.01  0.01  0.33065390825756674  -0.18802766902127963  0.4216307933838748  14.574596709353965  1.0  0.589  0.313  0.098  0.63  0.37
4  0  3.5  1.75  0.01  0.01  0.4982738378803747  -0.18015034422803344  0.6557584396491244  14.447383645282661  1.0  0.673  0.243  0.084  0.694  0.306
4  0  3.5  1.75  0.01  0.01  0.2708742220674167  0.12823971152927016  0.636015921142477  14.55759178353487  1.0  0.603  0.298  0.099  0.639  0.361
4  0  3.5  1.75  0.01  0.01  0.49105186935125794  -0.03477103467992754  0.7086816542755652  14.768014640984584  1.0  0.689  0.228  0.083  0.713  0.287
4  0  3.5  1.75  0.01  0.01  0.2764762844879188  0.1750507618759531  0.997431215494093  15.689464996888214  1.0  0.613  0.289  0.099  0.648  0.352
4  0  3.5  1.75  0.01  0.01  0.33690210509143165  0.021791435116950003  0.5732134334630125  14.558628960694683  1.0  0.621  0.283  0.096  0.657  0.343
4  0  3.5  1.75  0.01  0.01  0.28437305489756626  0.12925104123995612  0.8917066268473738  15.65842427760798  1.0  0.61  0.292  0.099  0.639  0.361
4  0  3.5  1.75  0.01  0.01  0.3132071042787818  0.14507389089165973  0.7907277926270319  15.314607067194212  1.0  0.627  0.277  0.096  0.657  0.343
4  0  3.5  1.75  0.01  0.01  0.25971952502919304  0.11992147704037781  0.7754767322480799  15.158180117999457  1.0  0.596  0.304  0.1  0.63  0.37
4  0  3.5  1.75  0.01  0.01  0.5090535339949084  -0.128843235456215  0.914544099639834  15.580071312252588  1.0  0.684  0.233  0.083  0.685  0.315
4  0  3.5  1.75  0.01  0.01  0.41122040072178784  -0.0012264024581619126  0.7281959991868786  14.837837181330828  1.0  0.655  0.255  0.09  0.676  0.324
4  0  3.5  1.75  0.01  0.01  0.3276303488778243  0.16966284116081348  0.9278325926922879  16.6415224597641  1.0  0.637  0.269  0.095  0.667  0.333
4  0  3.5  1.75  0.01  0.01  0.2706286529591815  0.19025628622021212  0.44634138921651073  14.436343830627745  1.0  0.611  0.29  0.099  0.648  0.352
4  0  3.5  1.75  0.01  0.01  0.3178007555579001  0.13200235042171243  0.3828325449822784  14.452398478544492  1.0  0.626  0.277  0.096  0.667  0.333
4  0  3.5  1.75  0.01  0.01  0.3396966276835106  -0.09884852498457004  0.6759224382690637  14.573675598114505  1.0  0.606  0.297  0.097  0.63  0.37
4  0  3.5  1.75  0.01  0.01  0.3365866520924074  -0.03744379296691308  0.46285551573502065  14.522710474355092  1.0  0.613  0.291  0.097  0.648  0.352
4  0  3.5  1.75  0.01  0.01  0.3567081437222489  -0.009854605364266689  0.6754224426638117  14.59342756859377  1.0  0.627  0.279  0.095  0.648  0.352
4  0  3.5  1.75  0.01  0.01  0.26179190036996525  0.1661563742950402  0.41673255254298486  14.518555495652468  1.0  0.604  0.297  0.1  0.648  0.352
4  0  3.5  1.75  0.01  0.01  0.3803619228535176  -0.13815342332335417  0.44058165229912205  14.663956727509456  1.0  0.621  0.285  0.094  0.667  0.333
4  0  3.5  1.75  0.01  0.01  0.326853805951151  0.12771917687095374  0.9424909397524633  14.468066851612843  1.0  0.631  0.274  0.095  0.648  0.352
4  0  3.5  1.75  0.01  0.01  0.3143811601403111  -0.00720846424840399  0.5926632930568442  14.67404916094491  1.0  0.606  0.297  0.098  0.639  0.361
4  0  3.5  1.75  0.01  0.01  0.37931527748978217  0.19535955893126988  0.9545390557700296  14.258705853805246  1.0  0.666  0.244  0.09  0.676  0.324
4  1  3.5  1.75  0.01  0.01  0.9542183945935482  -0.1340008376787976  0.45686048105798366  13.585807514644932  1.0  0.854  0.107  0.039  0.895  0.105
4  1  3.5  1.75  0.01  0.01  0.9233270414161258  -0.1900408487894788  0.7747696423148197  13.732619836661904  1.0  0.84  0.118  0.042  0.886  0.114
4  1  3.5  1.75  0.01  0.01  0.6541970669772602  0.16611070283083512  0.48472395118528555  13.970784192416135  1.0  0.782  0.154  0.064  0.816  0.184
4  1  3.5  1.75  0.01  0.01  0.9395141488629747  -0.16918391362537372  0.8685663923347782  14.806463794224214  1.0  0.847  0.113  0.041  0.842  0.158
4  1  3.5  1.75  0.01  0.01  0.7965815097094455  -0.14656482031855142  0.7951686195913727  13.844567855478807  1.0  0.801  0.145  0.054  0.816  0.184
4  1  3.5  1.75  0.01  0.01  0.8927484541466851  0.19524349662121637  0.989904444545398  15.654077348111048  1.0  0.864  0.095  0.04  0.868  0.132
4  1  3.5  1.75  0.01  0.01  0.7421344835076374  -0.14879822841865065  0.4000143264423698  14.113651261609093  1.0  0.781  0.159  0.059  0.833  0.167
4  1  3.5  1.75  0.01  0.01  0.849691466541876  0.1666683853356874  0.543960361031594  13.762097319740278  1.0  0.849  0.106  0.045  0.886  0.114
4  1  3.5  1.75  0.01  0.01  0.7467135012752636  -0.028498105857570843  0.5372704464932085  14.037088128441027  1.0  0.796  0.147  0.057  0.816  0.184
4  1  3.5  1.75  0.01  0.01  0.8795198789064235  -0.18609612295758057  0.9358979975776627  14.904993055576254  1.0  0.826  0.128  0.046  0.816  0.184
4  1  3.5  1.75  0.01  0.01  0.6718905426915219  0.06760147264056976  0.5060545827076228  14.17721265455948  1.0  0.778  0.158  0.064  0.825  0.175
4  1  3.5  1.75  0.01  0.01  0.7475225528683825  0.1592419467397127  0.9562919713111642  14.952311475570474  1.0  0.815  0.13  0.055  0.816  0.184
4  1  3.5  1.75  0.01  0.01  0.7718548529472593  0.10653060531997355  0.828341238274049  14.908267891622067  1.0  0.819  0.128  0.053  0.825  0.175
4  1  3.5  1.75  0.01  0.01  0.6735423500633205  0.04188275568808528  0.4991378852954236  14.26058978347936  1.0  0.775  0.161  0.064  0.816  0.184
4  1  3.5  1.75  0.01  0.01  0.6486552690372335  -0.19817313372300954  0.7397164940714315  15.18591967839849  1.0  0.738  0.193  0.07  0.746  0.254
4  1  3.5  1.75  0.01  0.01  0.6338919327460585  0.1687044486016917  0.4816943250899744  14.048546231516799  1.0  0.774  0.16  0.066  0.816  0.184
4  1  3.5  1.75  0.01  0.01  0.7040227466516517  -0.17383628689572717  0.6773970038040195  14.011767641764017  1.0  0.764  0.172  0.064  0.772  0.228
4  1  3.5  1.75  0.01  0.01  0.7948749717746636  -0.12004138627588952  0.36940716225771825  13.93208738383659  1.0  0.804  0.142  0.054  0.842  0.158
4  1  3.5  1.75  0.01  0.01  0.641910972637223  0.18390544358605687  0.45876639730997393  14.18234137826594  1.0  0.778  0.157  0.065  0.833  0.167
4  1  3.5  1.75  0.01  0.01  0.7939582488897267  -0.0951457153855134  0.9752025511776196  16.122455568559786  1.0  0.806  0.141  0.054  0.789  0.211
4  1  3.5  1.75  0.01  0.01  0.749314454487439  0.14074983928613133  0.6547205346990921  13.77571182010852  1.0  0.814  0.132  0.055  0.825  0.175
4  1  3.5  1.75  0.01  0.01  0.6854629174779977  0.1514608695593122  0.6892818374436916  15.049339511387416  1.0  0.792  0.147  0.061  0.825  0.175
4  1  3.5  1.75  0.01  0.01  0.7761038601881218  -0.13115543407745692  0.8135765051916772  16.19096460935156  1.0  0.796  0.148  0.056  0.816  0.184
4  1  3.5  1.75  0.01  0.01  0.7627922209860383  -0.1345491048298978  0.47952011656468346  13.941866515976214  1.0  0.791  0.152  0.057  0.825  0.175
4  1  3.5  1.75  0.01  0.01  0.8519433532256223  0.023180943880334537  0.9884437661884278  13.688889443806243  1.0  0.837  0.117  0.046  0.816  0.184
4  1  3.5  1.75  0.01  0.01  0.5188212237029652  0.12589584001672777  0.5120114166257808  14.434829596242942  1.0  0.721  0.201  0.078  0.754  0.246
4  1  3.5  1.75  0.01  0.01  0.676185717554496  -0.012880640192039161  0.6756584763615257  16.130461469364665  1.0  0.771  0.165  0.064  0.781  0.219
4  1  3.5  1.75  0.01  0.01  0.9471612094774043  -0.13414417267671475  0.9496371171954976  15.917279068748188  1.0  0.852  0.108  0.04  0.833  0.167
4  1  3.5  1.75  0.01  0.01  0.7683478216019336  0.038065319428039895  0.4967539575843629  13.853791218766023  1.0  0.811  0.135  0.054  0.851  0.149
4  1  3.5  1.75  0.01  0.01  0.7892254647245615  0.19384969114066564  0.9685727478642407  13.737624815225933  1.0  0.832  0.118  0.05  0.825  0.175
3  0  3.5  1.75  0.01  0.01  0.46927253210935377  0.08657705955726319  0.8113259243381543  15.58783056308128  1.0  0.694  0.223  0.084  0.716  0.284
3  0  3.5  1.75  0.01  0.01  0.33717852904995343  0.19510207742735403  0.5504416103260611  14.554863903385614  1.0  0.645  0.261  0.094  0.676  0.324
3  0  3.5  1.75  0.01  0.01  0.4792227898858584  0.024810598929507183  0.7720710292254909  15.072752299793537  1.0  0.69  0.227  0.084  0.706  0.294
3  0  3.5  1.75  0.01  0.01  0.3741275634143468  -0.009485001696784762  0.3751937187274529  14.517876787884259  1.0  0.635  0.271  0.093  0.676  0.324
3  0  3.5  1.75  0.01  0.01  0.4030797796626779  -0.12339352128538486  0.4780561634432873  14.631886442353007  1.0  0.635  0.273  0.092  0.676  0.324
3  0  3.5  1.75  0.01  0.01  0.5428434184369946  -0.1277125634193356  0.4488228889361573  14.490015840977215  1.0  0.7  0.221  0.079  0.725  0.275
3  0  3.5  1.75  0.01  0.01  0.41718145729824535  -0.19747970228818118  0.42801237150407995  14.529625473760442  1.0  0.631  0.277  0.092  0.667  0.333
3  0  3.5  1.75  0.01  0.01  0.36996427319437386  -0.04283959416878519  0.41255561658969464  14.585193334380717  1.0  0.629  0.277  0.094  0.676  0.324
3  0  3.5  1.75  0.01  0.01  0.46893013188686544  0.08083899737231837  0.4358070019564645  14.63730396189498  1.0  0.692  0.224  0.084  0.745  0.255
3  0  3.5  1.75  0.01  0.01  0.48917761699870127  -0.14688167653213396  0.7845996344225321  14.332739843706285  1.0  0.672  0.243  0.085  0.686  0.314
3  0  3.5  1.75  0.01  0.01  0.3203528476402096  0.04416413858641105  0.5970276345625322  14.63784219349894  1.0  0.615  0.288  0.097  0.647  0.353
3  0  3.5  1.75  0.01  0.01  0.4927567954108301  0.1889214526813528  0.7324881667978731  14.491154565029555  1.0  0.717  0.203  0.08  0.745  0.255
3  0  3.5  1.75  0.01  0.01  0.2706890408480694  0.10507114486313751  0.5597630995395008  14.603734205445283  1.0  0.6  0.3  0.1  0.637  0.363
3  0  3.5  1.75  0.01  0.01  0.24581070844355493  -0.06389627831720177  0.49540440524216617  14.628356627086804  1.0  0.564  0.334  0.103  0.608  0.392
3  0  3.5  1.75  0.01  0.01  0.32764081408169793  0.16739141526955348  0.3756506892041407  14.497740975968682  1.0  0.637  0.269  0.095  0.676  0.324
3  0  3.5  1.75  0.01  0.01  0.3963613860782022  -0.1624282450202925  0.7517482825000215  14.413504328844125  1.0  0.626  0.281  0.093  0.647  0.353
3  0  3.5  1.75  0.01  0.01  0.41264532055447634  0.12260156128650862  0.8508137054098827  14.30707287050623  1.0  0.671  0.24  0.088  0.686  0.314
3  0  3.5  1.75  0.01  0.01  0.438183331317504  -0.16658871936736352  0.8184173847840887  16.86043194900187  1.0  0.645  0.265  0.09  0.667  0.333
3  0  3.5  1.75  0.01  0.01  0.2786701537226705  0.17692575008972156  0.5227152056808079  14.515505330874163  1.0  0.614  0.288  0.098  0.657  0.343
3  0  3.5  1.75  0.01  0.01  0.47279039289787705  0.07675712341568214  0.8673620477139706  15.658046601880713  1.0  0.694  0.222  0.083  0.716  0.284
3  0  3.5  1.75  0.01  0.01  0.3148725292513226  0.07451786118274356  0.7710371527451132  15.19646060014682  1.0  0.617  0.286  0.097  0.647  0.353
3  0  3.5  1.75  0.01  0.01  0.42094474087749445  -0.1283926029575521  0.5960671381538477  14.669140508951358  1.0  0.642  0.267  0.091  0.667  0.333
3  0  3.5  1.75  0.01  0.01  0.3446872112550225  -0.15173305673348528  0.40451511718973115  14.51065782079203  1.0  0.602  0.302  0.097  0.637  0.363
3  0  3.5  1.75  0.01  0.01  0.37139054170754204  0.10768817386029234  0.45646293669920485  14.417151450383601  1.0  0.65  0.258  0.092  0.686  0.314
3  0  3.5  1.75  0.01  0.01  0.47836021959058284  0.06006305870790685  0.8669289992609617  15.671308555071311  1.0  0.694  0.223  0.083  0.716  0.284
3  0  3.5  1.75  0.01  0.01  0.3854640234200647  0.08953096536660249  0.48975680363033214  14.386173504386237  1.0  0.654  0.255  0.091  0.676  0.324
3  0  3.5  1.75  0.01  0.01  0.4913844904474351  -0.1739189954755724  0.8023384844843094  15.645632369929114  1.0  0.671  0.244  0.085  0.676  0.324
3  0  3.5  1.75  0.01  0.01  0.4480090131508783  0.18109946752096368  0.44310820778256466  14.36347329737228  1.0  0.695  0.22  0.084  0.735  0.265
3  0  3.5  1.75  0.01  0.01  0.41292316369961485  -0.09573632057652698  0.48169380212092167  14.49650380116626  1.0  0.642  0.267  0.091  0.676  0.324
3  0  3.5  1.75  0.01  0.01  0.2726711626019384  0.03839286172644024  0.5409837911322806  14.438619192230068  1.0  0.591  0.308  0.1  0.627  0.373
3  1  3.5  1.75  0.01  0.01  0.6203935318156558  -0.05383295214253181  0.5976104932048838  14.178668046382123  1.0  0.744  0.186  0.071  0.787  0.213
3  1  3.5  1.75  0.01  0.01  0.770440503060541  -0.11714565307120411  0.36850389310755843  14.14085839065267  1.0  0.795  0.149  0.056  0.843  0.157
3  1  3.5  1.75  0.01  0.01  0.7632018455391889  -0.16795626996956706  0.48354740583937256  14.087655240259748  1.0  0.787  0.155  0.058  0.824  0.176
3  1  3.5  1.75  0.01  0.01  0.6483733694613152  -0.19937497162803092  0.542650422817834  14.144005797386173  1.0  0.738  0.193  0.07  0.769  0.231
3  1  3.5  1.75  0.01  0.01  0.6584850865232695  0.10405240199322907  0.670604109192397  14.013274991103323  1.0  0.776  0.16  0.064  0.806  0.194
3  1  3.5  1.75  0.01  0.01  0.6018936355000636  0.15303853093627912  0.40950760733240954  14.216366822089356  1.0  0.759  0.172  0.069  0.796  0.204
3  1  3.5  1.75  0.01  0.01  0.8207519749087441  -0.10576127180635067  0.9874545275843855  13.729431359928643  1.0  0.814  0.135  0.051  0.796  0.204
3  1  3.5  1.75  0.01  0.01  0.7715916154766658  -0.1279014785674671  0.5258844367290263  14.021931115817463  1.0  0.794  0.149  0.056  0.861  0.139
3  1  3.5  1.75  0.01  0.01  0.5935430600670827  -0.0882976746836886  0.40862227707075316  14.23079176390244  1.0  0.727  0.199  0.074  0.769  0.231
3  1  3.5  1.75  0.01  0.01  0.7732282369342627  0.17320592835435816  0.4172765584935896  13.904952376983672  1.0  0.825  0.123  0.052  0.88  0.12
3  1  3.5  1.75  0.01  0.01  0.625659954444713  -0.024925119228642156  0.5762314754556518  14.352664052839677  1.0  0.749  0.181  0.07  0.787  0.213
3  1  3.5  1.75  0.01  0.01  0.640422741357886  0.11752445076724444  0.37285789260850744  14.107854807047275  1.0  0.771  0.163  0.066  0.815  0.185
3  1  3.5  1.75  0.01  0.01  0.9849261753657921  -0.13574152614691315  0.7787922039275007  14.660386957402055  1.0  0.862  0.101  0.037  0.87  0.13
3  1  3.5  1.75  0.01  0.01  0.596062352152726  0.18302608451915303  0.8046225704465407  16.365684667733827  1.0  0.76  0.171  0.07  0.787  0.213
3  1  3.5  1.75  0.01  0.01  0.8494484062058323  0.09291812986699155  0.9399468579757203  14.841785538904185  1.0  0.842  0.112  0.046  0.824  0.176
3  1  3.5  1.75  0.01  0.01  0.8438187783581593  0.13006033566951253  0.9528473137349313  13.759787925840099  1.0  0.844  0.11  0.046  0.852  0.148
3  1  3.5  1.75  0.01  0.01  0.7653014891184599  0.08560355222767801  0.8669267708103584  17.320286471516766  1.0  0.814  0.132  0.054  0.843  0.157
3  1  3.5  1.75  0.01  0.01  0.6870009953052371  -0.1304653536837579  0.5314741209800303  14.2432479511961  1.0  0.762  0.173  0.065  0.796  0.204
3  1  3.5  1.75  0.01  0.01  0.42943015646788435  0.12718140982830278  0.5437278161894328  14.34236347199617  1.0  0.68  0.233  0.087  0.722  0.278
3  1  3.5  1.75  0.01  0.01  0.706601000086804  0.07218689980838683  0.38650031602873264  14.004707459878192  1.0  0.791  0.149  0.06  0.843  0.157
3  1  3.5  1.75  0.01  0.01  0.6869373614367532  -0.1762914650100917  0.5296460903417742  14.296199223149298  1.0  0.756  0.179  0.065  0.796  0.204
3  1  3.5  1.75  0.01  0.01  0.5890995861630136  0.043748510375159644  0.4526526469287497  14.139965490433958  1.0  0.741  0.187  0.072  0.778  0.222
3  1  3.5  1.75  0.01  0.01  0.7036528841649836  -0.023067718911488677  0.9285277243353866  14.035005011729641  1.0  0.781  0.158  0.062  0.806  0.194
3  1  3.5  1.75  0.01  0.01  0.8798059833799534  -0.0671888028337036  0.7517744029862813  14.872894884617532  1.0  0.837  0.118  0.045  0.87  0.13
3  1  3.5  1.75  0.01  0.01  0.6588711578386185  0.1148279929497486  0.581837588250977  14.087322543105381  1.0  0.777  0.159  0.064  0.824  0.176
3  1  3.5  1.75  0.01  0.01  0.7403275755536795  -0.16631269285835548  0.5388875709512202  13.983864670662902  1.0  0.778  0.162  0.06  0.806  0.194
3  1  3.5  1.75  0.01  0.01  0.6452533312626997  -0.008687425142597544  0.9237486355050066  14.012602049858753  1.0  0.758  0.174  0.067  0.75  0.25
3  1  3.5  1.75  0.01  0.01  0.8279503937215178  -0.01342408866436412  0.8409535519176367  13.801100858680682  1.0  0.826  0.125  0.049  0.833  0.167
3  1  3.5  1.75  0.01  0.01  0.8504817542359938  0.18047384460775756  0.9618173797684109  13.638977633720307  1.0  0.85  0.105  0.044  0.861  0.139
3  1  3.5  1.75  0.01  0.01  0.7481226492032632  0.14838602528555234  0.6850046076847214  14.985445527370313  1.0  0.814  0.131  0.055  0.843  0.157
2  0  3.5  1.75  0.01  0.01  0.29300504305095987  -0.014784883318699565  0.47310433372904304  14.525539937495136  1.0  0.595  0.306  0.099  0.637  0.363
2  0  3.5  1.75  0.01  0.01  0.4075172358311963  -0.1837283044878802  0.4997057637873604  14.55545490743747  1.0  0.629  0.279  0.092  0.657  0.343
2  0  3.5  1.75  0.01  0.01  0.2559196989182864  -0.017438378953594874  0.5732008956052131  14.608651850104026  1.0  0.574  0.324  0.102  0.608  0.392
2  0  3.5  1.75  0.01  0.01  0.30557793376729714  0.04593065243062838  0.3952793928215111  14.476701012395793  1.0  0.609  0.293  0.098  0.647  0.353
2  0  3.5  1.75  0.01  0.01  0.36314445322283945  -0.04055205194196426  0.7927261369095757  14.409266558747364  1.0  0.626  0.28  0.095  0.637  0.363
2  0  3.5  1.75  0.01  0.01  0.25584732342351113  0.06293200088943834  0.4210832503961649  14.60579395936554  1.0  0.586  0.313  0.101  0.627  0.373
2  0  3.5  1.75  0.01  0.01  0.34679968891906593  -0.17846258566602172  0.5165093872086853  14.665075946118113  1.0  0.598  0.305  0.097  0.627  0.373
2  0  3.5  1.75  0.01  0.01  0.3979177111219317  -0.14141315485609943  0.5330011539852536  14.716718918447649  1.0  0.63  0.278  0.093  0.667  0.333
2  0  3.5  1.75  0.01  0.01  0.3961523851126225  -0.1990669236510222  0.41955062854922853  14.454610016110491  1.0  0.62  0.286  0.093  0.657  0.343
2  0  3.5  1.75  0.01  0.01  0.26888112272827575  0.15958123836912919  0.9976139739288006  17.042914009720672  1.0  0.606  0.295  0.099  0.637  0.363
2  0  3.5  1.75  0.01  0.01  0.4686128790814002  -0.15971313774480628  0.6950817894291001  14.776253569742044  1.0  0.661  0.252  0.087  0.676  0.324
2  0  3.5  1.75  0.01  0.01  0.47771923176253356  0.19324367323037955  0.9362819731825253  15.547210477490596  1.0  0.71  0.209  0.081  0.716  0.284
2  0  3.5  1.75  0.01  0.01  0.34643917308859745  -0.056511602483852785  0.8112191474329226  15.570798677267282  1.0  0.615  0.289  0.096  0.637  0.363
2  0  3.5  1.75  0.01  0.01  0.21551620975681596  0.09911213938457097  0.9693481917356299  17.322462341663798  1.0  0.571  0.326  0.103  0.608  0.392
2  0  3.5  1.75  0.01  0.01  0.3438612444965465  0.19137780676234223  0.583097786271445  14.517878901886155  1.0  0.647  0.259  0.093  0.676  0.324
2  0  3.5  1.75  0.01  0.01  0.3849785575801827  0.06810775941699215  0.9095604142240736  15.611761427955162  1.0  0.651  0.257  0.091  0.667  0.333
2  0  3.5  1.75  0.01  0.01  0.5162266724064913  -0.13219171919850084  0.6732306513707907  14.770936609014258  1.0  0.688  0.23  0.082  0.696  0.304
2  0  3.5  1.75  0.01  0.01  0.2864520795296567  0.1579036240051993  0.7789967549536478  15.718880126413794  1.0  0.615  0.287  0.098  0.637  0.363
2  0  3.5  1.75  0.01  0.01  0.20568715889403866  0.07850403164674186  0.43193821766245466  14.585165577797765  1.0  0.563  0.333  0.104  0.608  0.392
2  0  3.5  1.75  0.01  0.01  0.35606287632616573  -0.07209703142804091  0.5256123965420586  14.644625517342181  1.0  0.618  0.286  0.095  0.647  0.353
2  0  3.5  1.75  0.01  0.01  0.258505457123567  -0.02280810181310708  0.9243751622670947  17.032484173054208  1.0  0.576  0.323  0.102  0.608  0.392
2  0  3.5  1.75  0.01  0.01  0.3564949994879529  -0.1255696824372211  0.5196350689205418  14.717370569499131  1.0  0.61  0.294  0.096  0.647  0.353
2  0  3.5  1.75  0.01  0.01  0.44126425304092615  -0.11200931540684533  0.8364670957865609  15.676905700620399  1.0  0.655  0.257  0.089  0.667  0.333
2  0  3.5  1.75  0.01  0.01  0.4289975146457107  0.08262238801887545  0.9853653449490155  16.97658605517064  1.0  0.674  0.239  0.087  0.686  0.314
2  0  3.5  1.75  0.01  0.01  0.09040574207059389  0.17069601876765866  0.37250878277521715  14.697184439777715  1.0  0.516  0.376  0.108  0.569  0.431
2  0  3.5  1.75  0.01  0.01  0.4396690227707653  -0.18044112926790176  0.44201844700093634  14.638729154272188  1.0  0.645  0.266  0.09  0.676  0.324
2  0  3.5  1.75  0.01  0.01  0.4195078345985524  -0.1945693109822474  0.40521985449461073  14.51239097852455  1.0  0.633  0.275  0.091  0.667  0.333
2  0  3.5  1.75  0.01  0.01  0.43498676815667836  0.12475071273253396  0.8015701677116398  15.567227091161579  1.0  0.682  0.232  0.086  0.696  0.304
2  0  3.5  1.75  0.01  0.01  0.3527555981561962  -0.09190271431676918  0.5516216270871898  14.69854032591695  1.0  0.614  0.29  0.096  0.647  0.353
2  0  3.5  1.75  0.01  0.01  0.2875361996861407  0.1489422752000295  0.6694298775100272  14.539313415267648  1.0  0.614  0.288  0.098  0.647  0.353
2  1  3.5  1.75  0.01  0.01  0.9313180293215825  0.0357212876763926  0.906537599235093  13.588058904585717  1.0  0.862  0.099  0.039  0.87  0.13
2  1  3.5  1.75  0.01  0.01  0.7412184907883842  -0.14679320359428494  0.4178661541487852  13.976845002758122  1.0  0.781  0.16  0.06  0.815  0.185
2  1  3.5  1.75  0.01  0.01  0.979985737084367  -0.12177981548843678  0.9854971028418618  17.09269699899075  1.0  0.863  0.101  0.037  0.861  0.139
2  1  3.5  1.75  0.01  0.01  0.6892901537805551  0.06835752221753494  0.42537807460369803  14.007862744962036  1.0  0.785  0.154  0.062  0.833  0.167
2  1  3.5  1.75  0.01  0.01  0.5790944683353216  0.07521310613916476  0.44488176724970574  14.376171466751453  1.0  0.741  0.186  0.073  0.787  0.213
2  1  3.5  1.75  0.01  0.01  0.6884733273475967  -0.028378639437991515  0.6486682755540509  17.451773071813278  1.0  0.774  0.163  0.063  0.806  0.194
2  1  3.5  1.75  0.01  0.01  0.6830567207189847  0.08297400995729509  0.5531693018236999  14.343875766997623  1.0  0.783  0.154  0.062  0.824  0.176
2  1  3.5  1.75  0.01  0.01  0.8225149659885856  -0.031201427042771762  0.6290431932014688  14.217204056092772  1.0  0.822  0.128  0.05  0.87  0.13
2  1  3.5  1.75  0.01  0.01  0.7560894892212735  -0.06178073778882398  0.420849009409832  14.012228472593156  1.0  0.796  0.147  0.057  0.843  0.157
2  1  3.5  1.75  0.01  0.01  0.9018939084995976  -0.16932596479815665  0.9573399204141191  13.812655156588137  1.0  0.835  0.121  0.044  0.824  0.176
2  1  3.5  1.75  0.01  0.01  0.7490218465898912  0.04166764515787008  0.7066891732004064  16.16999656700503  1.0  0.804  0.14  0.056  0.833  0.167
2  1  3.5  1.75  0.01  0.01  0.661199533693115  0.18883959336264033  0.7308985436715616  15.12609653153041  1.0  0.787  0.151  0.063  0.824  0.176
2  1  3.5  1.75  0.01  0.01  0.9830373012176398  0.015917693685786466  0.8418879182570368  14.608805399738548  1.0  0.875  0.09  0.035  0.889  0.111
2  1  3.5  1.75  0.01  0.01  0.8185795941689135  0.1251248542227173  0.5342568271367201  14.000665048559252  1.0  0.836  0.116  0.048  0.87  0.13
2  1  3.5  1.75  0.01  0.01  0.7136857045441206  0.1563476928235567  0.7784204261489343  17.245003215092922  1.0  0.803  0.139  0.058  0.815  0.185
2  1  3.5  1.75  0.01  0.01  0.8579338869942965  -0.0720811374104336  0.6784502777921337  16.048801239821003  1.0  0.83  0.123  0.047  0.87  0.13
2  1  3.5  1.75  0.01  0.01  0.6213883058248015  0.09343621652390077  0.4588174033787067  14.254330905568143  1.0  0.76  0.172  0.068  0.796  0.204
2  1  3.5  1.75  0.01  0.01  0.8456195805434925  0.1172085708721769  0.8470869634785154  13.656794299809409  1.0  0.844  0.111  0.046  0.861  0.139
2  1  3.5  1.75  0.01  0.01  0.8559596533551491  0.0907861924584526  0.7504513809779287  13.55776652473703  1.0  0.844  0.111  0.045  0.843  0.157
2  1  3.5  1.75  0.01  0.01  0.7862881596468234  -0.14867466089868164  0.4350255754446424  13.97116979869844  1.0  0.798  0.147  0.055  0.861  0.139
2  1  3.5  1.75  0.01  0.01  0.8073429324389889  -0.1481136863912048  0.5009759313167421  13.973395008815798  1.0  0.805  0.142  0.053  0.833  0.167
2  1  3.5  1.75  0.01  0.01  0.8191360042810125  -0.18049722705632296  0.38878952994864974  13.948585855378141  1.0  0.806  0.142  0.052  0.88  0.12
2  1  3.5  1.75  0.01  0.01  0.7581035478440609  0.11362586181844536  0.612011033814069  14.075710708163378  1.0  0.814  0.132  0.054  0.833  0.167
2  1  3.5  1.75  0.01  0.01  0.9487998780761658  0.059488863366568556  0.7272939509772256  15.78598682770222  1.0  0.869  0.094  0.037  0.889  0.111
2  1  3.5  1.75  0.01  0.01  0.891901164079403  -0.06692861622933874  0.5211787128176729  13.680335977310088  1.0  0.841  0.115  0.044  0.898  0.102
2  1  3.5  1.75  0.01  0.01  0.8836807707866543  -0.0768100820189857  0.738662650593669  13.655665785411784  1.0  0.838  0.118  0.045  0.852  0.148
2  1  3.5  1.75  0.01  0.01  0.836409242167003  -0.11646668714017445  0.6113640528110695  14.099947189139877  1.0  0.818  0.132  0.05  0.843  0.157
2  1  3.5  1.75  0.01  0.01  0.8854989150918331  0.035783502788368116  0.7729687776435397  13.645201906759986  1.0  0.849  0.108  0.043  0.88  0.12
2  1  3.5  1.75  0.01  0.01  0.823630399022673  -0.08748107567726887  0.6213166849789372  14.178230216404726  1.0  0.817  0.133  0.051  0.861  0.139
2  1  3.5  1.75  0.01  0.01  0.7529247030559014  0.0997861643216768  0.5393231055857807  14.145793192192619  1.0  0.811  0.134  0.055  0.843  0.157
1  0  3.5  1.75  0.01  0.01  0.3515864485908702  0.19473584247511944  0.7703121037166193  14.473280483473248  1.0  0.651  0.256  0.093  0.688  0.312
1  0  3.5  1.75  0.01  0.01  0.35532189951533993  -0.02936987871262725  0.8013114121172252  15.823275301273744  1.0  0.623  0.282  0.095  0.656  0.344
1  0  3.5  1.75  0.01  0.01  0.3263889227145122  0.19959846089139605  0.37207947358915394  14.559193073530713  1.0  0.64  0.265  0.095  0.688  0.312
1  0  3.5  1.75  0.01  0.01  0.39463244516567103  0.05270986172746556  0.40591004683086374  14.556079456083985  1.0  0.653  0.256  0.091  0.698  0.302
1  0  3.5  1.75  0.01  0.01  0.4692409398276502  -0.06352062957792967  0.9349122016111125  17.14298625167495  1.0  0.675  0.24  0.086  0.698  0.302
1  0  3.5  1.75  0.01  0.01  0.377530036071054  0.03648785647384542  0.8116580887052682  17.11691016056706  1.0  0.644  0.264  0.092  0.688  0.312
1  0  3.5  1.75  0.01  0.01  0.438653388402486  0.1436963009411274  0.8071675910309168  14.410760060304652  1.0  0.686  0.228  0.086  0.708  0.292
1  0  3.5  1.75  0.01  0.01  0.35989423568969003  0.10953833185526424  0.37480151183383437  14.651243664822962  1.0  0.644  0.263  0.093  0.698  0.302
1  0  3.5  1.75  0.01  0.01  0.44500170961574964  0.07836998459372013  0.4140476810283713  14.539474392398015  1.0  0.681  0.233  0.086  0.74  0.26
1  0  3.5  1.75  0.01  0.01  0.3896484689453181  0.17148999459469055  0.42647886609559144  14.552523805102547  1.0  0.667  0.244  0.09  0.719  0.281
1  0  3.5  1.75  0.01  0.01  0.46665583523370274  -0.14608646444527632  0.6084607115656893  14.756780440008455  1.0  0.662  0.251  0.087  0.698  0.302
1  0  3.5  1.75  0.01  0.01  0.42869832931999535  -0.015771698127786365  0.9412937488023974  19.79281944146702  1.0  0.661  0.251  0.089  0.688  0.312
1  0  3.5  1.75  0.01  0.01  0.5091332814409424  -0.1884865576846087  0.4863137926920494  14.477633309722831  1.0  0.677  0.24  0.083  0.719  0.281
1  0  3.5  1.75  0.01  0.01  0.41675962822478557  0.16670847298697983  0.7579297033692205  14.433002597647183  1.0  0.68  0.233  0.087  0.708  0.292
1  0  3.5  1.75  0.01  0.01  0.4709660954948203  -0.1743198640023246  0.6095203752555025  14.73101785152115  1.0  0.661  0.252  0.087  0.698  0.302
1  0  3.5  1.75  0.01  0.01  0.46165640263822816  -0.11847044303052862  0.38433259729324704  14.523995391059337  1.0  0.663  0.25  0.087  0.719  0.281
1  0  3.5  1.75  0.01  0.01  0.44676320997719804  0.00694039292543408  0.8208219005422706  15.651909123591528  1.0  0.673  0.24  0.087  0.698  0.302
1  0  3.5  1.75  0.01  0.01  0.3640968506862048  0.04777846645436842  0.9531547810846271  15.791695877922267  1.0  0.638  0.268  0.093  0.667  0.333
1  0  3.5  1.75  0.01  0.01  0.33714121720872015  0.034045742822493785  0.7279224787160339  14.851086754705898  1.0  0.622  0.282  0.096  0.667  0.333
1  0  3.5  1.75  0.01  0.01  0.3971268474434181  0.15778490583505395  0.46682660996917286  14.56078483835177  1.0  0.669  0.242  0.089  0.719  0.281
1  0  3.5  1.75  0.01  0.01  0.48473993931537235  -0.15480353631658092  0.9815166712391277  17.50335897728833  1.0  0.67  0.245  0.085  0.688  0.312
1  0  3.5  1.75  0.01  0.01  0.2906114273548518  0.041198487576894566  0.6606286049482385  14.942746463023127  1.0  0.6  0.3  0.099  0.646  0.354
1  0  3.5  1.75  0.01  0.01  0.3627047760235334  -0.1758728679848549  0.40598434598426975  14.69252737217326  1.0  0.606  0.298  0.096  0.656  0.344
1  0  3.5  1.75  0.01  0.01  0.3236190625112124  0.15216501298409535  0.4561917935902317  14.624468168651854  1.0  0.632  0.273  0.095  0.677  0.323
1  0  3.5  1.75  0.01  0.01  0.40878550281673864  -0.0048679701534651565  0.532960895515728  14.618123814724106  1.0  0.654  0.256  0.09  0.698  0.302
1  0  3.5  1.75  0.01  0.01  0.3812410794983202  0.14761674180457685  0.9384596392181981  15.935014725051587  1.0  0.66  0.249  0.091  0.688  0.312
1  0  3.5  1.75  0.01  0.01  0.4615725420066782  0.05534569610388257  0.8448579869712903  14.58148801404871  1.0  0.686  0.229  0.085  0.708  0.292
1  0  3.5  1.75  0.01  0.01  0.38962061107109747  -0.12628993595390683  0.815224560071541  17.169150026348905  1.0  0.627  0.28  0.093  0.667  0.333
1  0  3.5  1.75  0.01  0.01  0.48593634535430497  -0.18572669478967563  0.7895961838796797  14.971686951813453  1.0  0.666  0.249  0.085  0.688  0.312
1  0  3.5  1.75  0.01  0.01  0.3955156805314628  -0.08961885722293483  0.805413706514695  18.353999791083776  1.0  0.635  0.272  0.092  0.677  0.323
1  1  3.5  1.75  0.01  0.01  0.7253873803244381  -0.15137826386113362  0.4208134276003229  14.065030694949447  1.0  0.775  0.164  0.061  0.825  0.175
1  1  3.5  1.75  0.01  0.01  0.7453135818526083  0.08132904674266694  0.7619353533681605  14.984268004235304  1.0  0.806  0.138  0.056  0.825  0.175
1  1  3.5  1.75  0.01  0.01  0.7194109564196032  0.14255442711551575  0.4597059336869286  14.01433787460735  1.0  0.803  0.139  0.058  0.851  0.149
1  1  3.5  1.75  0.01  0.01  0.7359315725801417  -0.17553543375220323  0.46367872308893715  14.023063763947203  1.0  0.776  0.164  0.06  0.816  0.184
1  1  3.5  1.75  0.01  0.01  0.8897004240223833  -0.07977162954458215  0.9098174183331514  15.88060859284613  1.0  0.839  0.116  0.044  0.825  0.175
1  1  3.5  1.75  0.01  0.01  0.7311070096328949  0.1572719002651416  0.9316095860380476  16.01184675435673  1.0  0.809  0.135  0.056  0.825  0.175
1  1  3.5  1.75  0.01  0.01  0.6746076277647506  0.13654276007700733  0.6215209403876644  14.199425335941124  1.0  0.786  0.151  0.062  0.807  0.193
1  1  3.5  1.75  0.01  0.01  0.8089038731542504  -0.19975535105277564  0.37989179070884727  13.975899693764603  1.0  0.801  0.146  0.053  0.851  0.149
1  1  3.5  1.75  0.01  0.01  0.7895473826949965  -0.08130949678657179  0.6287876292445987  13.89406836561238  1.0  0.806  0.14  0.054  0.842  0.158
1  1  3.5  1.75  0.01  0.01  0.9080684561729051  -0.1668518244924392  0.412406486166689  13.790533124951194  1.0  0.837  0.12  0.044  0.895  0.105
1  1  3.5  1.75  0.01  0.01  0.7786654403877462  -0.12731861495474966  0.9286101884574723  13.900027989746839  1.0  0.797  0.148  0.056  0.807  0.193
1  1  3.5  1.75  0.01  0.01  0.7988040196530147  0.06379819315555241  0.8977990635212048  14.899546227789498  1.0  0.823  0.126  0.051  0.842  0.158
1  1  3.5  1.75  0.01  0.01  0.8322221302553281  0.021268436965772436  0.7638829912379477  13.737887429706591  1.0  0.83  0.121  0.048  0.851  0.149
1  1  3.5  1.75  0.01  0.01  0.8069555294466471  -0.18701264473188273  0.6697110674724339  13.866477139929072  1.0  0.801  0.146  0.053  0.816  0.184
1  1  3.5  1.75  0.01  0.01  0.768467797337697  -0.15621336303346056  0.7644157333043514  15.041908042090316  1.0  0.79  0.153  0.057  0.816  0.184
1  1  3.5  1.75  0.01  0.01  0.7638378793145765  0.018833032990903525  0.5702508467596558  14.149080764106039  1.0  0.807  0.138  0.055  0.86  0.14
1  1  3.5  1.75  0.01  0.01  0.5929914813807904  0.12473720765680807  0.6225809642394863  14.324014336452672  1.0  0.752  0.177  0.071  0.772  0.228
1  1  3.5  1.75  0.01  0.01  0.8205653242906806  -0.10736520708133863  0.9264137192559254  14.9502542810416  1.0  0.814  0.135  0.051  0.825  0.175
1  1  3.5  1.75  0.01  0.01  0.7503283534655387  -0.12290749692236616  0.4202432493972543  14.20157307876429  1.0  0.788  0.154  0.058  0.825  0.175
1  1  3.5  1.75  0.01  0.01  0.5849244478215807  0.12325129142289859  0.3928644777499081  14.289446822002477  1.0  0.748  0.18  0.072  0.807  0.193
1  1  3.5  1.75  0.01  0.01  0.8701004200735117  -0.12063406971730202  0.7747848746550033  14.888987137353187  1.0  0.829  0.124  0.047  0.842  0.158
1  1  3.5  1.75  0.01  0.01  1.0298000700847028  -0.12651172606180974  0.875386315718534  13.492611946410642  1.0  0.875  0.092  0.033  0.851  0.149
1  1  3.5  1.75  0.01  0.01  0.7336351909277345  -0.004990122644574324  0.4057502749445646  14.039698033398833  1.0  0.794  0.148  0.058  0.842  0.158
1  1  3.5  1.75  0.01  0.01  0.7486055305792445  0.1814466897372246  0.4260992768663888  13.96332036947544  1.0  0.817  0.128  0.054  0.877  0.123
1  1  3.5  1.75  0.01  0.01  0.7397032190281473  0.17610395313379795  0.6809939768140145  16.062825589329968  1.0  0.814  0.131  0.055  0.86  0.14
1  1  3.5  1.75  0.01  0.01  0.8089064336675051  -0.1619167977363703  0.5184652571924272  14.221455653428958  1.0  0.805  0.142  0.053  0.851  0.149
1  1  3.5  1.75  0.01  0.01  0.6997557881365435  0.06924108932727047  0.6552230700233322  16.124079963173433  1.0  0.789  0.151  0.061  0.825  0.175
1  1  3.5  1.75  0.01  0.01  0.7195598780968788  0.1742756458645892  0.47851091720824207  14.001925153139366  1.0  0.806  0.137  0.057  0.851  0.149
1  1  3.5  1.75  0.01  0.01  0.6374873071801119  0.0539633691005067  0.4658691695660253  14.212120150928888  1.0  0.762  0.171  0.067  0.789  0.211
1  1  3.5  1.75  0.01  0.01  0.8155641221039384  0.029150289002445234  0.7784020108069581  14.912968045622982  1.0  0.826  0.124  0.05  0.851  0.149
0  0  3.5  1.75  0.01  0.01  0.41033280974342917  0.08649034324572413  0.6623016293232629  14.625290285829992  1.0  0.666  0.245  0.089  0.694  0.306
0  0  3.5  1.75  0.01  0.01  0.45585212662599484  -0.1147628170041593  0.6960677260202599  14.56974928734422  1.0  0.662  0.251  0.087  0.667  0.333
0  0  3.5  1.75  0.01  0.01  0.46873406009836127  -0.008951087216516107  0.42660768397743115  14.365662668259645  1.0  0.681  0.234  0.085  0.704  0.296
0  0  3.5  1.75  0.01  0.01  0.33363835220866594  0.01215447391894231  0.6626370068800573  14.739271266260365  1.0  0.618  0.286  0.096  0.639  0.361
0  0  3.5  1.75  0.01  0.01  0.41071860310021424  0.16379264686845824  0.607849676113512  14.40144311692668  1.0  0.675  0.237  0.088  0.694  0.306
0  0  3.5  1.75  0.01  0.01  0.35429182768751244  0.015506498693198034  0.8045960412639406  15.569389434758248  1.0  0.63  0.276  0.095  0.648  0.352
0  0  3.5  1.75  0.01  0.01  0.347875374120906  -0.08954464311186015  0.9436920101924149  16.813791842447444  1.0  0.611  0.292  0.096  0.63  0.37
0  0  3.5  1.75  0.01  0.01  0.35525227983790836  0.021951089073001473  0.6394974413483675  14.32199011532351  1.0  0.63  0.275  0.095  0.648  0.352
0  0  3.5  1.75  0.01  0.01  0.3952094768279071  0.08666188647964407  0.5515662468775544  14.533381235703173  1.0  0.659  0.251  0.09  0.694  0.306
0  0  3.5  1.75  0.01  0.01  0.5018731956702559  -0.1335040028718033  0.6738194564915693  14.770100561618493  1.0  0.681  0.236  0.083  0.685  0.315
0  0  3.5  1.75  0.01  0.01  0.37874877599352996  -0.06054063152426181  0.4920555003713112  14.392368281777197  1.0  0.631  0.276  0.093  0.657  0.343
0  0  3.5  1.75  0.01  0.01  0.4763973542869111  -0.11485878072792849  0.5715474180056365  14.307270070273583  1.0  0.672  0.243  0.085  0.685  0.315
0  0  3.5  1.75  0.01  0.01  0.33894643787795325  -0.05696705038874769  0.39921260949834264  14.458329622728554  1.0  0.611  0.292  0.097  0.648  0.352
0  0  3.5  1.75  0.01  0.01  0.375355973978685  -0.08862565700766001  0.5022316905293956  14.381463942072552  1.0  0.625  0.281  0.094  0.648  0.352
0  0  3.5  1.75  0.01  0.01  0.363680828540399  -0.156255271908896  0.46601595669189483  14.493264699784323  1.0  0.61  0.295  0.096  0.639  0.361
0  0  3.5  1.75  0.01  0.01  0.425119348808503  -0.17462926904039489  0.4044183910501202  14.405522240131504  1.0  0.639  0.27  0.091  0.667  0.333
0  0  3.5  1.75  0.01  0.01  0.3435728204118969  0.0016575019607227293  0.5100715310636825  14.350057984729332  1.0  0.622  0.283  0.096  0.648  0.352
0  0  3.5  1.75  0.01  0.01  0.451909012761964  -0.11022273366881562  0.5125393851887087  14.437591625631805  1.0  0.66  0.252  0.088  0.676  0.324
0  0  3.5  1.75  0.01  0.01  0.4179223664594554  0.1839482313219924  0.39692171662569004  14.317021196453993  1.0  0.681  0.232  0.087  0.713  0.287
0  0  3.5  1.75  0.01  0.01  0.3225874178193857  0.1345686214724537  0.7796504493277726  15.245252935517593  1.0  0.629  0.275  0.096  0.639  0.361
0  0  3.5  1.75  0.01  0.01  0.3424342000665633  0.014140625906277432  0.5719065787152707  14.50721062719551  1.0  0.622  0.282  0.096  0.648  0.352
0  0  3.5  1.75  0.01  0.01  0.43041808941493864  -0.04077149085092446  0.9523476776418036  15.502470421080098  1.0  0.659  0.252  0.089  0.676  0.324
0  0  3.5  1.75  0.01  0.01  0.3585867549801368  0.09437130075465583  0.4358745476186507  14.391296964975341  1.0  0.641  0.265  0.093  0.667  0.333
0  0  3.5  1.75  0.01  0.01  0.33976772527008686  0.002005088286523987  0.4254245281502891  14.528239348411251  1.0  0.62  0.284  0.096  0.657  0.343
0  0  3.5  1.75  0.01  0.01  0.31724440062982723  0.15262108042113093  0.8304301853081918  16.80730405685471  1.0  0.629  0.275  0.096  0.657  0.343
0  0  3.5  1.75  0.01  0.01  0.29497670023483685  -0.08607817671779078  0.38133980992641414  14.476050850815263  1.0  0.585  0.315  0.1  0.62  0.38
0  0  3.5  1.75  0.01  0.01  0.4362141117715632  0.16817078013889092  0.9366165596240221  15.545978696130712  1.0  0.689  0.226  0.085  0.685  0.315
0  0  3.5  1.75  0.01  0.01  0.29300914879410805  -0.12394865452818374  0.6533599437047114  14.47545836998396  1.0  0.579  0.32  0.1  0.611  0.389
0  0  3.5  1.75  0.01  0.01  0.32926016839198335  0.07410237956950383  0.7137103976405024  14.891876622684947  1.0  0.624  0.28  0.096  0.639  0.361
0  0  3.5  1.75  0.01  0.01  0.4314598516570797  -0.18341642039176162  0.9797673678436013  15.48320195989661  1.0  0.641  0.269  0.09  0.639  0.361
0  1  3.5  1.75  0.01  0.01  0.8183311260896007  0.02229308698462948  0.7866125723003434  13.686922613213866  1.0  0.826  0.125  0.05  0.824  0.176
0  1  3.5  1.75  0.01  0.01  1.0482409160501338  -0.1741601859524764  0.7341905182466005  13.45454479742789  1.0  0.877  0.092  0.032  0.898  0.102
0  1  3.5  1.75  0.01  0.01  0.8315684290669738  -0.1112563586481076  0.37797993245283606  13.84321994319577  1.0  0.818  0.132  0.05  0.87  0.13
0  1  3.5  1.75  0.01  0.01  0.8505650437127772  -0.018795192614481537  0.44270272210948497  13.717391240785426  1.0  0.833  0.12  0.047  0.87  0.13
0  1  3.5  1.75  0.01  0.01  0.5887809177998546  0.11017455616667343  0.389738236113257  14.276058893942817  1.0  0.749  0.18  0.071  0.815  0.185
0  1  3.5  1.75  0.01  0.01  0.9337705817985819  -0.18045237200385467  0.6450472732371516  13.635941621687923  1.0  0.844  0.115  0.041  0.87  0.13
0  1  3.5  1.75  0.01  0.01  0.7120103067630404  0.10709526768044902  0.5434546094819421  13.966990835094064  1.0  0.797  0.144  0.059  0.843  0.157
0  1  3.5  1.75  0.01  0.01  0.8617290701044502  0.13845688798053596  0.40280878740162973  13.631235696725161  1.0  0.85  0.106  0.044  0.898  0.102
0  1  3.5  1.75  0.01  0.01  0.7684331537093948  0.02459541978204799  0.37789759903403064  13.868979152845101  1.0  0.809  0.137  0.055  0.852  0.148
0  1  3.5  1.75  0.01  0.01  0.8705975219871465  -0.12148501538287433  0.9150886067579448  13.79783527987129  1.0  0.83  0.124  0.046  0.843  0.157
0  1  3.5  1.75  0.01  0.01  0.9895187116436626  -0.1706483037599572  0.8850491389588707  13.630466884297935  1.0  0.861  0.103  0.037  0.87  0.13
0  1  3.5  1.75  0.01  0.01  0.7423531045692385  0.019256997892692335  0.470387257729118  13.977040818783596  1.0  0.799  0.144  0.057  0.852  0.148
0  1  3.5  1.75  0.01  0.01  0.869304116679244  0.08399849856130792  0.9489325256034009  13.682958941157056  1.0  0.847  0.109  0.044  0.861  0.139
0  1  3.5  1.75  0.01  0.01  0.7249153721277705  -0.039827427455319364  0.6940829469478556  14.043057970194422  1.0  0.786  0.154  0.06  0.824  0.176
0  1  3.5  1.75  0.01  0.01  1.0107887305478613  -0.1394409888395395  0.8726131909979941  13.533947794388807  1.0  0.869  0.096  0.034  0.889  0.111
0  1  3.5  1.75  0.01  0.01  0.7935968588870966  0.0916108622102671  0.5195984117043326  13.808041365896807  1.0  0.824  0.125  0.051  0.87  0.13
0  1  3.5  1.75  0.01  0.01  0.7830197995133555  0.12146354400177778  0.7551718044354104  13.771788718722505  1.0  0.823  0.125  0.052  0.833  0.167
0  1  3.5  1.75  0.01  0.01  0.7929541544400377  0.09925821550128738  0.49059398056747316  13.851498743232664  1.0  0.825  0.124  0.051  0.889  0.111
0  1  3.5  1.75  0.01  0.01  0.7757736025434946  0.16997590388325445  0.4470699061550812  13.91122004895426  1.0  0.826  0.123  0.052  0.898  0.102
0  1  3.5  1.75  0.01  0.01  0.7572845409870792  0.0223186833388902  0.43518315349672604  13.895707132126017  1.0  0.805  0.14  0.056  0.852  0.148
0  1  3.5  1.75  0.01  0.01  0.7990431523275707  -0.07111941229312904  0.4495641892164999  13.883235513541612  1.0  0.81  0.137  0.053  0.861  0.139
0  1  3.5  1.75  0.01  0.01  0.7259865153419839  -0.12025696086795784  0.5157009083293861  14.010923722050475  1.0  0.778  0.161  0.061  0.815  0.185
0  1  3.5  1.75  0.01  0.01  0.8203297632066068  -0.1650437931875183  0.838795051744354  13.839394381247017  1.0  0.808  0.14  0.052  0.806  0.194
0  1  3.5  1.75  0.01  0.01  0.8444153771948099  0.1525621911675219  0.832567259006466  13.605562246102629  1.0  0.846  0.109  0.045  0.843  0.157
0  1  3.5  1.75  0.01  0.01  0.7643608823254985  -0.04665380261881702  0.5310588585510532  13.86861546920774  1.0  0.8  0.144  0.056  0.824  0.176
0  1  3.5  1.75  0.01  0.01  0.9339834206402385  0.06431983052133672  0.8903429147112554  13.47153468385533  1.0  0.865  0.097  0.039  0.852  0.148
0  1  3.5  1.75  0.01  0.01  0.7033647428794312  -0.027111314336522696  0.7937927623644881  14.042311041841915  1.0  0.779  0.159  0.062  0.806  0.194
0  1  3.5  1.75  0.01  0.01  0.955605410780957  -0.15517858242151392  0.8668355789550239  13.666976303134449  1.0  0.852  0.109  0.039  0.889  0.111
0  1  3.5  1.75  0.01  0.01  0.6856816731773914  0.11117171169749668  0.48437221464358254  13.953194006287  1.0  0.787  0.151  0.062  0.824  0.176
0  1  3.5  1.75  0.01  0.01  0.758127965110903  0.1802732331847458  0.8254911782470462  13.80222227770576  1.0  0.821  0.126  0.053  0.833  0.167
