0  5  2.25  0.01  0.01  0.8088707978632362  0.8950065523150317  1.7367770174279966  17.092088561196007  14.15364104973743  1.0  0.876  0.114  0.01  0.787  0.213  0.857  0.143
0  5  2.25  0.01  0.01  1.0356790239983535  -0.5523600213472497  0.6234611766563266  14.124432418223941  15.086112030883589  1.0  0.846  0.146  0.008  0.82  0.18  0.714  0.286
0  5  2.25  0.01  0.01  0.9035370934116205  -0.1951593314941713  0.5253374647620666  14.220425204931345  15.073139767602338  1.0  0.835  0.155  0.01  0.803  0.197  0.786  0.214
0  5  2.25  0.01  0.01  0.6114268367531606  0.9023331288770953  1.1677071262823686  14.407906063940146  14.450063542938919  1.0  0.822  0.162  0.016  0.77  0.23  0.929  0.071
0  5  2.25  0.01  0.01  0.733270306444075  0.41791073962569136  0.6766776225702  14.356799355249718  14.668667097950882  1.0  0.828  0.159  0.014  0.803  0.197  0.786  0.214
0  5  2.25  0.01  0.01  1.6159484328125686  -0.6611876787890745  2.1418472155843262  18.67565935180898  31.582621863554596  1.0  0.938  0.061  0.001  0.787  0.213  0.857  0.143
0  5  2.25  0.01  0.01  0.6827588291793406  0.22518067566080813  0.4421587153737685  14.491661406882717  14.458736927563733  1.0  0.799  0.186  0.016  0.787  0.213  0.857  0.143
0  5  2.25  0.01  0.01  0.8136525828926381  -0.06998985122947965  0.5353448673310924  14.323410315787218  14.680058625454052  1.0  0.818  0.169  0.012  0.787  0.213  0.857  0.143
0  5  2.25  0.01  0.01  1.314948113322255  -0.7923365646964167  1.2202877239709147  14.189887757975386  14.588168976622418  1.0  0.89  0.107  0.003  0.836  0.164  0.643  0.357
0  5  2.25  0.01  0.01  0.8368316020946651  0.16281886076983687  0.8299155427638886  14.256695844784524  14.539928756646955  1.0  0.84  0.148  0.011  0.803  0.197  0.786  0.214
0  5  2.25  0.01  0.01  0.9193115273199843  -0.25079365669398235  0.5426254036623629  14.331637102618217  14.514791821387776  1.0  0.836  0.154  0.01  0.836  0.164  0.643  0.357
0  5  2.25  0.01  0.01  0.9497187295089848  -0.3321488105388761  0.3756199529533856  14.270195441948196  15.179729925957295  1.0  0.839  0.152  0.009  0.836  0.164  0.643  0.357
0  5  2.25  0.01  0.01  0.868367488753946  -0.10049051169469458  0.6331193652250972  14.281579887187545  14.61704416858387  1.0  0.832  0.157  0.011  0.803  0.197  0.786  0.214
0  5  2.25  0.01  0.01  1.049830407114245  -0.02306753727757127  1.195694737757588  14.158249258254054  14.765794796432706  1.0  0.882  0.112  0.007  0.803  0.197  0.786  0.214
0  5  2.25  0.01  0.01  1.074135354053677  -0.5722475487058023  0.9389501174720392  14.197930171453436  14.256007453348829  1.0  0.854  0.139  0.007  0.803  0.197  0.786  0.214
0  5  2.25  0.01  0.01  1.204435187740172  -0.29252344202590863  1.6522859708487851  16.956530390401674  14.359786474557348  1.0  0.898  0.098  0.004  0.803  0.197  0.786  0.214
0  5  2.25  0.01  0.01  1.2548335090133023  0.2940500270767068  2.3368925264453018  25.08894261456555  20.981329023612457  1.0  0.931  0.066  0.003  0.803  0.197  0.786  0.214
0  5  2.25  0.01  0.01  0.9439927817198598  -0.15191203016313937  0.7728859732152521  14.212894766569011  14.607042224090163  1.0  0.849  0.142  0.009  0.82  0.18  0.714  0.286
0  5  2.25  0.01  0.01  0.8573785948237307  0.915988055245976  1.8996870945774522  17.596032960643715  16.64256350555225  1.0  0.888  0.103  0.009  0.787  0.213  0.857  0.143
0  5  2.25  0.01  0.01  1.0964973724623235  0.28345864137124166  2.0184392726680462  20.262336810554007  14.149118977952782  1.0  0.906  0.089  0.005  0.803  0.197  0.786  0.214
0  5  2.25  0.01  0.01  1.2433901258038498  -0.7775871171436719  1.314185780173002  14.3787158066364  14.178786247706556  1.0  0.877  0.118  0.004  0.787  0.213  0.857  0.143
0  5  2.25  0.01  0.01  1.0664635496743542  -0.9732123885294928  0.6718799499826315  14.322343790996772  13.996676599243935  1.0  0.823  0.169  0.007  0.803  0.197  0.786  0.214
0  5  2.25  0.01  0.01  0.9479812258865804  -0.5910092607362094  0.3965020647123557  14.36864931081539  14.512266563118562  1.0  0.82  0.17  0.01  0.82  0.18  0.714  0.286
0  5  2.25  0.01  0.01  1.1612056396282162  -0.5052999022849587  1.3325138422999072  14.478997677369986  13.82804547189477  1.0  0.877  0.118  0.005  0.803  0.197  0.786  0.214
0  5  2.25  0.01  0.01  1.371415337927708  -0.49272725622523583  1.768329451337151  17.415982656817913  14.487398518970673  1.0  0.915  0.082  0.003  0.787  0.213  0.857  0.143
0  5  2.25  0.01  0.01  0.8276877669777002  -0.6077139921230958  0.41552135201292156  14.520812398660944  13.820812169539101  1.0  0.782  0.205  0.013  0.77  0.23  0.929  0.071
0  5  2.25  0.01  0.01  0.8287008596212206  -0.32974616024295633  0.4012308209248781  14.417955756608215  14.420315917956747  1.0  0.804  0.183  0.012  0.787  0.213  0.857  0.143
0  5  2.25  0.01  0.01  0.7979176754569386  -0.2919780745558296  0.5044946805416456  14.419071613834248  14.196943373703087  1.0  0.798  0.189  0.013  0.77  0.23  0.929  0.071
0  5  2.25  0.01  0.01  1.001799967957497  -0.6214207092311401  0.8249357913410923  14.256022161125582  14.106523855089804  1.0  0.833  0.159  0.008  0.787  0.213  0.857  0.143
0  5  2.25  0.01  0.01  1.00219759107169  -0.32220755178131477  0.855191171766605  14.168759428873933  14.566111357422658  1.0  0.853  0.139  0.008  0.803  0.197  0.786  0.214
1  5  2.25  0.01  0.01  0.9106448307740429  -0.5452018769587292  0.8808885748432955  14.466373028043488  16.11033583518332  1.0  0.812  0.177  0.011  0.78  0.22  0.577  0.423
1  5  2.25  0.01  0.01  0.6553692135083241  0.18316819769526704  1.465295701539853  15.741073598049168  14.36956701481911  1.0  0.786  0.198  0.016  0.756  0.244  0.692  0.308
1  5  2.25  0.01  0.01  0.6186596955410647  0.6363675300624585  2.0385908213252604  18.693523023549186  21.49422539048438  1.0  0.807  0.177  0.016  0.74  0.26  0.769  0.231
1  5  2.25  0.01  0.01  0.6506134253381628  -0.2377324124277247  0.7937469122916643  14.755817893139827  14.695476002854612  1.0  0.751  0.231  0.018  0.74  0.26  0.769  0.231
1  5  2.25  0.01  0.01  0.6892387451233266  0.0629819936111149  2.6964280377067418  30.095116754869807  27.682665997624248  1.0  0.788  0.196  0.016  0.732  0.268  0.808  0.192
1  5  2.25  0.01  0.01  0.4184245008643457  0.7364037293964827  0.5410369253296994  14.8615242263677  15.289877971645147  1.0  0.743  0.235  0.022  0.748  0.252  0.731  0.269
1  5  2.25  0.01  0.01  0.8001069039303421  -0.16173880464276724  2.2207771427390472  22.139474788243017  22.239385520066307  1.0  0.808  0.179  0.013  0.715  0.285  0.885  0.115
1  5  2.25  0.01  0.01  0.5044235965112946  0.81348101139942  2.5020530659907543  24.992883898724276  25.55369583053781  1.0  0.78  0.201  0.019  0.732  0.268  0.808  0.192
1  5  2.25  0.01  0.01  0.5221967900492421  0.9116702645312267  1.707142503379257  16.68018552197915  18.252599758011215  1.0  0.794  0.188  0.018  0.748  0.252  0.731  0.269
1  5  2.25  0.01  0.01  0.8323145720272253  -0.38273291719165003  1.647747402317001  16.191363544838037  18.758121879130023  1.0  0.802  0.186  0.012  0.732  0.268  0.808  0.192
1  5  2.25  0.01  0.01  0.7858873897414309  -0.17230227530108677  2.540399997630994  27.023892070638983  22.184869098499156  1.0  0.803  0.184  0.013  0.715  0.285  0.885  0.115
1  5  2.25  0.01  0.01  0.9809308760828899  -0.668215260360637  1.7841804550941407  16.865493675656015  21.099062249110734  1.0  0.823  0.168  0.009  0.74  0.26  0.769  0.231
1  5  2.25  0.01  0.01  0.6969351518734725  0.14068507819382936  1.809773028896049  18.12303730591078  14.69774770018563  1.0  0.797  0.188  0.015  0.74  0.26  0.769  0.231
1  5  2.25  0.01  0.01  0.8266700544683601  0.15389470254509696  2.220705947067348  22.28788167532913  20.751643349102242  1.0  0.837  0.151  0.012  0.748  0.252  0.731  0.269
1  5  2.25  0.01  0.01  0.797810239210845  0.2407356312082296  2.549100079452  26.76502270343591  22.762632841536117  1.0  0.835  0.153  0.012  0.748  0.252  0.731  0.269
1  5  2.25  0.01  0.01  1.2495173794275545  -0.9682088149777315  2.617717506408626  28.235403745974494  29.306698135460053  1.0  0.866  0.13  0.004  0.756  0.244  0.692  0.308
1  5  2.25  0.01  0.01  0.5374733860735887  0.9448455012536738  2.584384945263657  26.88499018081017  24.777635660216998  1.0  0.801  0.181  0.018  0.74  0.26  0.769  0.231
1  5  2.25  0.01  0.01  0.7349118148881569  -0.5850552581379316  0.3838733863014095  14.834046338546743  15.128020327813054  1.0  0.752  0.233  0.016  0.772  0.228  0.615  0.385
1  5  2.25  0.01  0.01  0.5259632756380496  0.4400782174222626  0.4485748491016121  14.896034931068979  15.11762843025075  1.0  0.76  0.221  0.02  0.78  0.22  0.577  0.423
1  5  2.25  0.01  0.01  1.1113935692179346  -0.5933034727201225  2.21732472160814  21.390295780153675  26.798737330081494  1.0  0.861  0.132  0.006  0.748  0.252  0.731  0.269
1  5  2.25  0.01  0.01  0.9267745324390031  -0.0829300238420525  2.5047042615561774  24.986056488318702  27.870281544953283  1.0  0.849  0.141  0.009  0.74  0.26  0.769  0.231
1  5  2.25  0.01  0.01  0.46686353158614663  0.6886493308055162  0.6825667545074524  14.848696732285674  14.951922873637422  1.0  0.757  0.222  0.021  0.764  0.236  0.654  0.346
1  5  2.25  0.01  0.01  0.296873012169171  0.9611741196304164  0.5725456129794643  15.01381527595483  14.748983687117455  1.0  0.713  0.263  0.024  0.724  0.276  0.846  0.154
1  5  2.25  0.01  0.01  0.7300264371956126  0.36099479412369573  2.429702345929226  24.410001135691644  22.581580386716617  1.0  0.823  0.164  0.014  0.74  0.26  0.769  0.231
1  5  2.25  0.01  0.01  0.5560993899049441  0.25856776617521815  0.4753715993295924  14.862162287969783  15.065250689896573  1.0  0.757  0.224  0.019  0.772  0.228  0.615  0.385
1  5  2.25  0.01  0.01  0.3369273504707497  0.9915887824335927  1.4241485726533567  15.668563668056564  14.396562166805568  1.0  0.731  0.245  0.023  0.724  0.276  0.846  0.154
1  5  2.25  0.01  0.01  0.8857069367986248  -0.22761752713406946  2.40612510341318  25.141148321947803  19.45151040180596  1.0  0.828  0.161  0.011  0.732  0.268  0.808  0.192
1  5  2.25  0.01  0.01  0.6610983727059071  -0.26494019631507126  0.8070302736088566  14.74787176987179  14.712471590633667  1.0  0.753  0.23  0.017  0.74  0.26  0.769  0.231
1  5  2.25  0.01  0.01  0.7417514193201314  -0.4553322800282811  1.239177094731513  14.970099189908888  14.268302798075913  1.0  0.765  0.22  0.015  0.724  0.276  0.846  0.154
1  5  2.25  0.01  0.01  0.5717523144694083  0.31668472659917835  0.5357233617426607  14.75322117015383  15.483869044159867  1.0  0.767  0.214  0.019  0.772  0.228  0.615  0.385
--------------------------------------------------------------------------------------------------------------------------------------------------------------------------------------
0  5  2.25  0.01  0.01  0.8662209738884444  0.8761114816270601  14.271728124445593  14.271728124445593  1.0  0.838  0.151  0.011  0.8  0.2  0.8  0.2
0  5  2.25  0.01  0.01  0.7657378638259805  0.4171065875386747  14.456855959551303  14.456855959551303  1.0  0.809  0.178  0.014  0.8  0.2  0.8  0.2
0  5  2.25  0.01  0.01  0.8536639812732756  0.8263181961542997  14.286046328550196  14.286046328550196  1.0  0.835  0.154  0.011  0.8  0.2  0.8  0.2
0  5  2.25  0.01  0.01  0.7888804323849681  0.5346518570135369  14.401003223720023  14.401003223720023  1.0  0.816  0.171  0.013  0.8  0.2  0.8  0.2
0  5  2.25  0.01  0.01  1.0166599606378954  1.3941247769887248  14.465471157937882  14.465471157937882  1.0  0.876  0.117  0.007  0.8  0.2  0.8  0.2
0  5  2.25  0.01  0.01  1.0071613676330209  1.365956575278898  14.42264574788264  14.42264574788264  1.0  0.873  0.119  0.008  0.8  0.2  0.8  0.2
0  5  2.25  0.01  0.01  0.8117439662834207  0.6438975547809817  14.353641921294484  14.353641921294484  1.0  0.823  0.165  0.012  0.8  0.2  0.8  0.2
0  5  2.25  0.01  0.01  0.7585887226336802  0.38284174662230686  14.474037428235027  14.474037428235027  1.0  0.807  0.18  0.014  0.8  0.2  0.8  0.2
0  5  2.25  0.01  0.01  0.967619992670379  1.2425190090248535  14.289832571665757  14.289832571665757  1.0  0.864  0.127  0.008  0.8  0.2  0.8  0.2
0  5  2.25  0.01  0.01  0.8497845927684915  0.8084728261181664  14.291653968960997  14.291653968960997  1.0  0.834  0.155  0.011  0.8  0.2  0.8  0.2
0  5  2.25  0.01  0.01  1.1384524674875258  1.7161677930884296  16.573195867667096  16.573195867667096  1.0  0.9  0.095  0.005  0.8  0.2  0.8  0.2
0  5  2.25  0.01  0.01  0.8366639704676048  0.7509426090542446  14.311666532908479  14.311666532908479  1.0  0.83  0.158  0.012  0.8  0.2  0.8  0.2
0  5  2.25  0.01  0.01  0.810373154835589  0.6366785838014076  14.356424425727242  14.356424425727242  1.0  0.822  0.165  0.012  0.8  0.2  0.8  0.2
0  5  2.25  0.01  0.01  0.9784020883127733  1.275467889588568  14.315702594616798  14.315702594616798  1.0  0.867  0.125  0.008  0.8  0.2  0.8  0.2
0  5  2.25  0.01  0.01  0.9974070329410343  1.3363778839917473  14.378349168187732  14.378349168187732  1.0  0.871  0.121  0.008  0.8  0.2  0.8  0.2
0  5  2.25  0.01  0.01  0.9248114819905205  1.097657402950069  14.245574130206967  14.245574130206967  1.0  0.854  0.137  0.009  0.8  0.2  0.8  0.2
0  5  2.25  0.01  0.01  0.8306017039904277  0.7271030885591875  14.319970973846415  14.319970973846415  1.0  0.828  0.16  0.012  0.8  0.2  0.8  0.2
0  5  2.25  0.01  0.01  1.2735462973858205  2.4193609962641314  25.787590624867484  25.787590624867484  1.0  0.923  0.074  0.003  0.8  0.2  0.8  0.2
0  5  2.25  0.01  0.01  0.7776656985802477  0.4786897836624464  14.427261631249875  14.427261631249875  1.0  0.812  0.174  0.013  0.8  0.2  0.8  0.2
0  5  2.25  0.01  0.01  0.756723113593142  0.3712780275741445  14.479231826601296  14.479231826601296  1.0  0.806  0.18  0.014  0.8  0.2  0.8  0.2
0  5  2.25  0.01  0.01  1.124853829180952  1.6837584313948004  16.49013451790835  16.49013451790835  1.0  0.898  0.097  0.005  0.8  0.2  0.8  0.2
0  5  2.25  0.01  0.01  0.7900284497141112  0.5407516680401802  14.398717560866341  14.398717560866341  1.0  0.816  0.171  0.013  0.8  0.2  0.8  0.2
0  5  2.25  0.01  0.01  1.2741040382338251  2.30040275961707  23.352095295560357  23.352095295560357  1.0  0.923  0.074  0.003  0.8  0.2  0.8  0.2
0  5  2.25  0.01  0.01  0.8444615179860824  0.7868397081629516  14.298979700753414  14.298979700753414  1.0  0.832  0.156  0.011  0.8  0.2  0.8  0.2
0  5  2.25  0.01  0.01  0.8403127130656534  0.7684462266587503  14.305080030754297  14.305080030754297  1.0  0.831  0.157  0.012  0.8  0.2  0.8  0.2
0  5  2.25  0.01  0.01  1.065358165746109  1.5328359447903102  15.013169899538758  15.013169899538758  1.0  0.886  0.108  0.006  0.8  0.2  0.8  0.2
0  5  2.25  0.01  0.01  1.0400541962255732  1.4629690675527072  14.652498791407327  14.652498791407327  1.0  0.881  0.112  0.007  0.8  0.2  0.8  0.2
0  5  2.25  0.01  0.01  0.9101414684929424  1.044032949930586  14.243343747080992  14.243343747080992  1.0  0.85  0.14  0.01  0.8  0.2  0.8  0.2
0  5  2.25  0.01  0.01  0.9031431072675209  1.0187023866562952  14.246389912528963  14.246389912528963  1.0  0.848  0.142  0.01  0.8  0.2  0.8  0.2
0  5  2.25  0.01  0.01  0.8074557858168164  0.6222420156927261  14.36217856782088  14.36217856782088  1.0  0.821  0.166  0.012  0.8  0.2  0.8  0.2
1  5  2.25  0.01  0.01  0.580746683644833  0.6373653535054788  14.804110974864763  14.804110974864763  1.0  0.745  0.236  0.019  0.745  0.255  0.745  0.255
1  5  2.25  0.01  0.01  0.6221272451715012  0.9227421517524085  14.72413150417979  14.72413150417979  1.0  0.76  0.222  0.018  0.745  0.255  0.745  0.255
1  5  2.25  0.01  0.01  0.5966308380939804  0.7492642618667232  14.76570462292012  14.76570462292012  1.0  0.751  0.231  0.019  0.745  0.255  0.745  0.255
1  5  2.25  0.01  0.01  0.5524157985715663  0.41999882718829495  14.893870795661837  14.893870795661837  1.0  0.734  0.246  0.02  0.745  0.255  0.745  0.255
1  5  2.25  0.01  0.01  0.8003487490124566  2.640200507206117  29.005206164610673  29.005206164610673  1.0  0.819  0.168  0.013  0.745  0.255  0.745  0.255
1  5  2.25  0.01  0.01  0.7737474585815544  1.837061795687429  17.610969428679624  17.610969428679624  1.0  0.811  0.175  0.013  0.745  0.255  0.745  0.255
1  5  2.25  0.01  0.01  0.8726744793316312  2.5052730417906295  25.467126208292658  25.467126208292658  1.0  0.84  0.149  0.011  0.745  0.255  0.745  0.255
1  5  2.25  0.01  0.01  0.5972019239901847  0.7549825997779441  14.764216609050152  14.764216609050152  1.0  0.751  0.23  0.019  0.745  0.255  0.745  0.255
1  5  2.25  0.01  0.01  0.549608225080285  0.39656696536785147  14.904315829033544  14.904315829033544  1.0  0.733  0.247  0.02  0.745  0.255  0.745  0.255
1  5  2.25  0.01  0.01  0.6578315381247569  1.135220320270967  14.738157178502002  14.738157178502002  1.0  0.773  0.21  0.017  0.745  0.255  0.745  0.255
1  5  2.25  0.01  0.01  0.8651761386084669  2.527355654091048  25.92064084769792  25.92064084769792  1.0  0.838  0.151  0.011  0.745  0.255  0.745  0.255
1  5  2.25  0.01  0.01  0.5886618871788516  0.6949839118376532  14.78369816837678  14.78369816837678  1.0  0.748  0.233  0.019  0.745  0.255  0.745  0.255
1  5  2.25  0.01  0.01  0.8267593175594501  2.043701551928615  19.382688376145907  19.382688376145907  1.0  0.827  0.161  0.012  0.745  0.255  0.745  0.255
1  5  2.25  0.01  0.01  0.8036906556955848  2.703766872743604  29.741148497928137  29.741148497928137  1.0  0.82  0.167  0.013  0.745  0.255  0.745  0.255
1  5  2.25  0.01  0.01  0.6019909154330045  0.7851126333623407  14.754928187131078  14.754928187131078  1.0  0.753  0.229  0.019  0.745  0.255  0.745  0.255
1  5  2.25  0.01  0.01  0.6578974482976486  1.1301376746148633  14.73642493157289  14.73642493157289  1.0  0.773  0.21  0.017  0.745  0.255  0.745  0.255
1  5  2.25  0.01  0.01  0.8677045975090724  2.3154538701209675  23.00923498980347  23.00923498980347  1.0  0.839  0.151  0.011  0.745  0.255  0.745  0.255
1  5  2.25  0.01  0.01  0.5619410901024535  0.49464056884065505  14.86129265359011  14.86129265359011  1.0  0.738  0.243  0.02  0.745  0.255  0.745  0.255
1  5  2.25  0.01  0.01  0.5913977012706827  0.7125915323118867  14.777056318983018  14.777056318983018  1.0  0.749  0.232  0.019  0.745  0.255  0.745  0.255
1  5  2.25  0.01  0.01  0.7140213235746135  1.4793888389595518  15.568827341365807  15.568827341365807  1.0  0.792  0.193  0.015  0.745  0.255  0.745  0.255
1  5  2.25  0.01  0.01  0.6266072148121524  0.9473860920826532  14.722110229599132  14.722110229599132  1.0  0.762  0.22  0.018  0.745  0.255  0.745  0.255
1  5  2.25  0.01  0.01  0.5487797770311097  0.39088849965993494  14.907048369444825  14.907048369444825  1.0  0.733  0.247  0.02  0.745  0.255  0.745  0.255
1  5  2.25  0.01  0.01  0.5761242303325819  0.6040238896945295  14.816586760206643  14.816586760206643  1.0  0.743  0.238  0.019  0.745  0.255  0.745  0.255
1  5  2.25  0.01  0.01  0.5486207515463414  0.38718815698354003  14.908237648617186  14.908237648617186  1.0  0.733  0.247  0.02  0.745  0.255  0.745  0.255
1  5  2.25  0.01  0.01  0.6380065942728677  1.0172324024301704  14.718775538049494  14.718775538049494  1.0  0.766  0.217  0.017  0.745  0.255  0.745  0.255
1  5  2.25  0.01  0.01  0.5539249139769682  0.43176000697169614  14.888004430655677  14.888004430655677  1.0  0.735  0.245  0.02  0.745  0.255  0.745  0.255
1  5  2.25  0.01  0.01  0.6186933162450382  0.8979402683162723  14.729176429497924  14.729176429497924  1.0  0.759  0.223  0.018  0.745  0.255  0.745  0.255
1  5  2.25  0.01  0.01  0.552075650129474  0.41628292113575494  14.895360919936763  14.895360919936763  1.0  0.734  0.246  0.02  0.745  0.255  0.745  0.255
1  5  2.25  0.01  0.01  0.6407536991169295  1.0344561786813986  14.719143808115009  14.719143808115009  1.0  0.767  0.216  0.017  0.745  0.255  0.745  0.255
1  5  2.25  0.01  0.01  0.707581587040325  1.4002206712017278  15.177688047503054  15.177688047503054  1.0  0.79  0.195  0.015  0.745  0.255  0.745  0.255

all sample, x0 = 0
-----------------------------------------------------------------------------------------------------------------------------------------------------------------------------
0  5  2.25  0.01  0.01  0.9282706612323895  0.8246282027136489  14.241750122308979  14.499476464050913  1.0  0.855  0.136  0.009  0.836  0.164  0.643  0.357
0  5  2.25  0.01  0.01  0.9455238078214345  1.1353185995895967  14.268576940349869  14.176009394012567  1.0  0.859  0.132  0.009  0.803  0.197  0.786  0.214
0  5  2.25  0.01  0.01  1.2875630194678314  1.7425921370794468  17.09743990038189  14.74222390277608  1.0  0.925  0.072  0.003  0.803  0.197  0.786  0.214
0  5  2.25  0.01  0.01  0.9444608638999765  1.1714289260690423  14.31361495900803  14.021161728928387  1.0  0.859  0.132  0.009  0.803  0.197  0.786  0.214
0  5  2.25  0.01  0.01  1.293590942494017  2.488604011454578  27.107951113730362  30.73056869147597  1.0  0.925  0.072  0.003  0.77  0.23  0.929  0.071
0  5  2.25  0.01  0.01  1.004787781589228  1.303850595155637  14.365134689560971  14.214557069345172  1.0  0.873  0.119  0.008  0.82  0.18  0.714  0.286
0  5  2.25  0.01  0.01  0.8331377972316132  0.5098205631145872  14.296274446909393  14.931514844087657  1.0  0.829  0.159  0.012  0.803  0.197  0.786  0.214
0  5  2.25  0.01  0.01  1.2172900418102115  1.8894255531599704  18.24293593581689  14.643556947959139  1.0  0.914  0.082  0.004  0.787  0.213  0.857  0.143
0  5  2.25  0.01  0.01  0.9213584718917371  0.810792803715538  14.170271138013833  14.836782793621401  1.0  0.853  0.138  0.009  0.82  0.18  0.714  0.286
0  5  2.25  0.01  0.01  1.4583382581845674  2.6827700417837854  34.440201446995374  30.506408029638305  1.0  0.946  0.053  0.002  0.803  0.197  0.786  0.214
0  5  2.25  0.01  0.01  1.3098904043154838  2.092853280757754  18.52861434066726  25.470342445526104  1.0  0.928  0.069  0.003  0.787  0.213  0.857  0.143
0  5  2.25  0.01  0.01  1.1113500066594753  1.212537911541794  13.94992355778282  15.76334342935564  1.0  0.895  0.099  0.006  0.82  0.18  0.714  0.286
0  5  2.25  0.01  0.01  1.0950858550049598  1.228272083775426  13.952720633507699  15.78612627900581  1.0  0.892  0.102  0.006  0.803  0.197  0.786  0.214
0  5  2.25  0.01  0.01  0.8191437862330034  0.7613699679854562  14.317514863212404  14.263953718415072  1.0  0.825  0.163  0.012  0.787  0.213  0.857  0.143
0  5  2.25  0.01  0.01  0.8594813017317742  0.4512722017757667  14.329222739528172  14.954047423883733  1.0  0.836  0.153  0.011  0.836  0.164  0.643  0.357
0  5  2.25  0.01  0.01  0.8264869200472934  1.1097578805999624  14.412519793627471  13.562697326591131  1.0  0.827  0.161  0.012  0.77  0.23  0.929  0.071
0  5  2.25  0.01  0.01  0.8203643953680957  0.45432649608539966  14.314944024324856  14.986938022049847  1.0  0.825  0.163  0.012  0.803  0.197  0.786  0.214
0  5  2.25  0.01  0.01  1.1996692300589749  1.9107675336274452  18.956034589208066  15.061331074916767  1.0  0.911  0.085  0.004  0.803  0.197  0.786  0.214
0  5  2.25  0.01  0.01  0.795710854002863  0.6515071823470645  14.416848213924586  14.058726860640311  1.0  0.818  0.169  0.013  0.803  0.197  0.786  0.214
0  5  2.25  0.01  0.01  0.9245557701312747  0.8044214424612868  14.221998620492174  14.620446148544547  1.0  0.854  0.137  0.009  0.836  0.164  0.643  0.357
0  5  2.25  0.01  0.01  1.1075210504439983  1.9463534792519952  18.626982564008657  19.764355959934807  1.0  0.895  0.1  0.006  0.787  0.213  0.857  0.143
0  5  2.25  0.01  0.01  0.7548705639222711  0.44670980723984866  14.511984378875452  14.142575587169068  1.0  0.805  0.181  0.014  0.803  0.197  0.786  0.214
0  5  2.25  0.01  0.01  0.9223113163295121  0.9846506916967579  14.203330928974577  14.449252291565255  1.0  0.853  0.137  0.009  0.803  0.197  0.786  0.214
0  5  2.25  0.01  0.01  0.9934628084709916  0.9014080790343395  14.11653954161737  14.965189224595353  1.0  0.87  0.122  0.008  0.836  0.164  0.643  0.357
0  5  2.25  0.01  0.01  0.9413567896160241  1.3150068727577546  14.445483640355166  13.964171328375278  1.0  0.858  0.133  0.009  0.77  0.23  0.929  0.071
0  5  2.25  0.01  0.01  1.164379754057818  1.8392429484720971  17.804167867535348  14.050320396171047  1.0  0.905  0.09  0.005  0.803  0.197  0.786  0.214
0  5  2.25  0.01  0.01  1.0247989351248652  1.6226310654627165  16.450373536115215  13.498239667598423  1.0  0.877  0.115  0.007  0.77  0.23  0.929  0.071
0  5  2.25  0.01  0.01  0.7934402682723456  0.6526227398198079  14.353632227802496  14.33341901254842  1.0  0.817  0.17  0.013  0.787  0.213  0.857  0.143
0  5  2.25  0.01  0.01  0.8974630916834181  1.0560457205499418  14.241512353258813  14.258168282840968  1.0  0.847  0.143  0.01  0.787  0.213  0.857  0.143
0  5  2.25  0.01  0.01  1.216051736438892  2.0061632596538344  20.236851567634023  14.20535267733665  1.0  0.914  0.082  0.004  0.803  0.197  0.786  0.214
1  5  2.25  0.01  0.01  0.686188551355462  0.9364621089417547  14.640933503431253  15.12710755686342  1.0  0.783  0.201  0.016  0.764  0.236  0.654  0.346
1  5  2.25  0.01  0.01  0.7428749691563153  1.9944505578496965  18.83764954032842  16.833890202910297  1.0  0.802  0.184  0.014  0.74  0.26  0.769  0.231
1  5  2.25  0.01  0.01  0.8249060119024209  1.9848615812142356  18.898971197069525  15.947707335645761  1.0  0.827  0.162  0.012  0.748  0.252  0.731  0.269
1  5  2.25  0.01  0.01  0.5428000257409072  0.3934587267157362  14.898446944311994  14.939677109320037  1.0  0.73  0.249  0.02  0.74  0.26  0.769  0.231
1  5  2.25  0.01  0.01  0.5611763914470808  1.003261554294664  14.776817046535102  14.467175611375097  1.0  0.737  0.243  0.02  0.715  0.285  0.885  0.115
1  5  2.25  0.01  0.01  0.7182039933549933  1.2002652663299027  14.784035307302178  14.720516731702926  1.0  0.794  0.192  0.015  0.764  0.236  0.654  0.346
1  5  2.25  0.01  0.01  0.548413021139202  0.5770311695517231  14.836556563929637  14.785668557007567  1.0  0.732  0.247  0.02  0.732  0.268  0.808  0.192
1  5  2.25  0.01  0.01  0.7162582973870375  1.2849122935676682  14.869230710745335  14.815255804863021  1.0  0.793  0.192  0.015  0.764  0.236  0.654  0.346
1  5  2.25  0.01  0.01  0.7530261286708664  1.6767609357755862  17.0901138515017  14.684242373486752  1.0  0.805  0.181  0.014  0.748  0.252  0.731  0.269
1  5  2.25  0.01  0.01  0.6086810681292804  0.5351547328802713  14.75966175896889  15.25163937720827  1.0  0.755  0.226  0.018  0.756  0.244  0.692  0.308
1  5  2.25  0.01  0.01  0.6280282442621259  1.4434303556278087  15.616616477270648  14.742202408009527  1.0  0.762  0.22  0.018  0.724  0.276  0.846  0.154
1  5  2.25  0.01  0.01  0.6216300107058279  1.2433532137299101  14.85062865428117  14.625737942908135  1.0  0.76  0.222  0.018  0.724  0.276  0.846  0.154
1  5  2.25  0.01  0.01  0.6140162550096737  1.0230218066673284  14.710598179437765  14.75996661356123  1.0  0.757  0.225  0.018  0.74  0.26  0.769  0.231
1  5  2.25  0.01  0.01  0.5984319485594712  0.8712509340556143  14.798113754776374  14.42697279617536  1.0  0.751  0.23  0.019  0.748  0.252  0.731  0.269
1  5  2.25  0.01  0.01  0.5700344266193403  0.5724272674967624  14.83695691158777  14.789577208902072  1.0  0.741  0.24  0.02  0.748  0.252  0.731  0.269
1  5  2.25  0.01  0.01  0.8182295918926963  2.4900436979407097  25.57134096115937  23.93065001090507  1.0  0.825  0.163  0.012  0.74  0.26  0.769  0.231
1  5  2.25  0.01  0.01  1.0102770892035615  2.17163647052276  21.38331844098025  21.455470812215655  1.0  0.874  0.118  0.007  0.789  0.211  0.538  0.462
1  5  2.25  0.01  0.01  0.6043954392515132  0.6108138922233459  14.780187626258218  14.979897687058411  1.0  0.754  0.228  0.018  0.756  0.244  0.692  0.308
1  5  2.25  0.01  0.01  0.5819547350760123  0.7693486818175342  14.801806990073509  14.56172892872897  1.0  0.745  0.236  0.019  0.74  0.26  0.769  0.231
1  5  2.25  0.01  0.01  0.5809502768402773  0.9013894076672304  14.737437267187895  14.687020933955333  1.0  0.745  0.236  0.019  0.732  0.268  0.808  0.192
1  5  2.25  0.01  0.01  0.57157606286034  0.8426856485693309  14.785975948741893  14.52693458361721  1.0  0.741  0.239  0.019  0.732  0.268  0.808  0.192
1  5  2.25  0.01  0.01  0.5920410083265987  0.6709717657725478  14.78252058785007  14.838227739615311  1.0  0.749  0.232  0.019  0.748  0.252  0.731  0.269
1  5  2.25  0.01  0.01  0.6327930673183252  1.0655101927831483  14.770764652802471  14.489505770372869  1.0  0.764  0.218  0.018  0.74  0.26  0.769  0.231
1  5  2.25  0.01  0.01  0.5405434163043837  0.4652388177594207  14.843521713792754  15.017685353519653  1.0  0.729  0.25  0.02  0.732  0.268  0.808  0.192
1  5  2.25  0.01  0.01  0.6140510292666412  1.2369479047247411  14.870779875299332  14.479310653616334  1.0  0.757  0.225  0.018  0.724  0.276  0.846  0.154
1  5  2.25  0.01  0.01  0.6716570855306248  1.241823991298866  14.851530578337233  14.575058222375828  1.0  0.778  0.206  0.016  0.756  0.244  0.692  0.308
1  5  2.25  0.01  0.01  0.6609892123224244  1.0192513696401024  14.730099687661204  14.665245345454393  1.0  0.774  0.209  0.017  0.756  0.244  0.692  0.308
1  5  2.25  0.01  0.01  0.5567040043564305  0.41971005269233197  14.896032563917942  14.883732161363058  1.0  0.736  0.244  0.02  0.748  0.252  0.731  0.269
1  5  2.25  0.01  0.01  0.5418655458869683  0.6241412054616299  14.927150097618101  14.2564301315567  1.0  0.73  0.25  0.02  0.74  0.26  0.769  0.231
1  5  2.25  0.01  0.01  0.5780020407714158  0.880675697987043  14.736376751576149  14.719054689888301  1.0  0.744  0.237  0.019  0.724  0.276  0.846  0.154
x0 =0, resample data
----------------------------------------------------------------------------------------------------------------------------------------------------------------------------
0  5  2.25  0.01  0.01  1.4509110047611378  -0.9506216993511676  1.645846574462695  16.603792435071465  16.603792435071465  1.0  0.903  0.095  0.002  0.8  0.2  0.8  0.2
0  5  2.25  0.01  0.01  1.0749412097091724  0.492246529323769  2.458164287448253  26.61960031247388  26.61960031247388  1.0  0.911  0.083  0.005  0.8  0.2  0.8  0.2
0  5  2.25  0.01  0.01  1.1775216063832306  -0.1486603742039787  1.6194923871851343  15.92454739255104  15.92454739255104  1.0  0.9  0.095  0.005  0.8  0.2  0.8  0.2
0  5  2.25  0.01  0.01  1.0201330473289951  -0.6352823440802935  0.7715561526060479  14.241375521274671  14.241375521274671  1.0  0.836  0.156  0.008  0.8  0.2  0.8  0.2
0  5  2.25  0.01  0.01  1.0460648498631644  -0.403537712037924  1.0920474152238566  14.213345767346281  14.213345767346281  1.0  0.859  0.134  0.007  0.8  0.2  0.8  0.2
0  5  2.25  0.01  0.01  0.9274144621094856  0.1677870590376236  1.2918919147339725  14.342908634619528  14.342908634619528  1.0  0.865  0.126  0.009  0.8  0.2  0.8  0.2
0  5  2.25  0.01  0.01  0.8274858951778324  -0.22343625950498192  0.4468289648622194  14.410829085547187  14.410829085547187  1.0  0.812  0.176  0.012  0.8  0.2  0.8  0.2
0  5  2.25  0.01  0.01  1.0559477457667934  0.008462109451460753  1.5156847355439031  14.922242993229457  14.922242993229457  1.0  0.885  0.109  0.007  0.8  0.2  0.8  0.2
0  5  2.25  0.01  0.01  0.9726924144682682  0.5755877949094854  1.8526434037364554  17.048042275925443  17.048042275925443  1.0  0.896  0.097  0.007  0.8  0.2  0.8  0.2
0  5  2.25  0.01  0.01  1.0416257245748393  -0.26665742673855886  1.2030740449537378  14.250324891108054  14.250324891108054  1.0  0.866  0.127  0.007  0.8  0.2  0.8  0.2
0  5  2.25  0.01  0.01  0.914685169855062  -0.4622319178041361  0.5551455518641468  14.334221910321519  14.334221910321519  1.0  0.82  0.17  0.01  0.8  0.2  0.8  0.2
0  5  2.25  0.01  0.01  1.3328895061315715  -0.5926198356671599  1.6697217313601047  16.564300476986798  16.564300476986798  1.0  0.904  0.093  0.003  0.8  0.2  0.8  0.2
0  5  2.25  0.01  0.01  0.9539178076754408  0.4268333111996725  1.5772204585478284  15.57247114464755  15.57247114464755  1.0  0.885  0.107  0.008  0.8  0.2  0.8  0.2
0  5  2.25  0.01  0.01  0.8993185030841346  0.7360529357573553  1.9517509967043893  18.78751281929841  18.78751281929841  1.0  0.889  0.103  0.009  0.8  0.2  0.8  0.2
0  5  2.25  0.01  0.01  0.8733917483291732  -0.44668089774227493  0.38756193256233323  14.411805825383716  14.411805825383716  1.0  0.809  0.18  0.011  0.8  0.2  0.8  0.2
0  5  2.25  0.01  0.01  0.9793573221171342  -0.8720445711003051  0.3869838206164279  14.380286885423196  14.380286885423196  1.0  0.807  0.183  0.009  0.8  0.2  0.8  0.2
0  5  2.25  0.01  0.01  1.579497473736119  -0.843148574687282  2.159856191090671  21.67312612998159  21.67312612998159  1.0  0.927  0.072  0.001  0.8  0.2  0.8  0.2
0  5  2.25  0.01  0.01  0.6641590500135544  0.5733831828340297  0.6754677645796974  14.447167410839914  14.447167410839914  1.0  0.817  0.168  0.015  0.8  0.2  0.8  0.2
0  5  2.25  0.01  0.01  1.401171783996006  -0.7188569585875371  1.712631352809322  16.724808212609542  16.724808212609542  1.0  0.908  0.089  0.002  0.8  0.2  0.8  0.2
0  5  2.25  0.01  0.01  0.6088998515568284  0.5850013674538974  0.37448260646166726  14.596833818468003  14.596833818468003  1.0  0.8  0.183  0.017  0.8  0.2  0.8  0.2
0  5  2.25  0.01  0.01  0.8887165426211264  0.05106516939197414  1.0202076487387284  14.252137398515622  14.252137398515622  1.0  0.848  0.142  0.01  0.8  0.2  0.8  0.2
0  5  2.25  0.01  0.01  1.305474317950918  -0.15696539889720906  2.534252381809246  29.768580164442287  29.768580164442287  1.0  0.92  0.077  0.003  0.8  0.2  0.8  0.2
0  5  2.25  0.01  0.01  0.9209479860617676  -0.406052360345738  0.6357547844618455  14.306042253588718  14.306042253588718  1.0  0.826  0.164  0.01  0.8  0.2  0.8  0.2
0  5  2.25  0.01  0.01  0.9640688834668041  -0.4611033825685915  0.7503721672256776  14.260299361486119  14.260299361486119  1.0  0.834  0.157  0.009  0.8  0.2  0.8  0.2
0  5  2.25  0.01  0.01  0.6974828166665711  0.5906045406335452  0.8836504248976946  14.373446832965808  14.373446832965808  1.0  0.828  0.158  0.014  0.8  0.2  0.8  0.2
0  5  2.25  0.01  0.01  0.7756791330357782  0.7558418062331003  1.456196712892391  14.722780016401062  14.722780016401062  1.0  0.86  0.128  0.012  0.8  0.2  0.8  0.2
0  5  2.25  0.01  0.01  0.9792394404159925  -0.6370842753275117  0.6229215569360146  14.292814625739453  14.292814625739453  1.0  0.825  0.166  0.009  0.8  0.2  0.8  0.2
0  5  2.25  0.01  0.01  0.9303399675483326  -0.6947131243597302  0.37234006847902307  14.397704482123048  14.397704482123048  1.0  0.807  0.182  0.01  0.8  0.2  0.8  0.2
0  5  2.25  0.01  0.01  0.8669051435320086  0.4678913475922091  1.4251003855587345  14.591549238173718  14.591549238173718  1.0  0.867  0.123  0.01  0.8  0.2  0.8  0.2
0  5  2.25  0.01  0.01  0.7656873995104958  0.6483705606286221  1.273628164580473  14.398473602217564  14.398473602217564  1.0  0.851  0.137  0.012  0.8  0.2  0.8  0.2
1  5  2.25  0.01  0.01  0.38636336425128637  0.9824534884178617  1.043089915068153  14.804075442461542  14.804075442461542  1.0  0.75  0.228  0.022  0.745  0.255  0.745  0.255
1  5  2.25  0.01  0.01  0.33195495157156574  0.9694202760960218  0.38238813356545326  15.060792054950715  15.060792054950715  1.0  0.728  0.249  0.024  0.745  0.255  0.745  0.255
1  5  2.25  0.01  0.01  0.5154141524067422  0.24508591954640058  0.5864444566746828  14.845935178306583  14.845935178306583  1.0  0.74  0.239  0.021  0.745  0.255  0.745  0.255
1  5  2.25  0.01  0.01  0.5125875044723679  0.39382868632096657  0.8367887757853706  14.769945669522325  14.769945669522325  1.0  0.751  0.229  0.02  0.745  0.255  0.745  0.255
1  5  2.25  0.01  0.01  1.04470532919276  -0.9469486173618888  1.6654369563205669  16.89283576870376  16.89283576870376  1.0  0.819  0.173  0.008  0.745  0.255  0.745  0.255
1  5  2.25  0.01  0.01  0.8341000318362523  -0.4446432613862683  1.4426906802070425  15.50841449440464  15.50841449440464  1.0  0.797  0.19  0.012  0.745  0.255  0.745  0.255
1  5  2.25  0.01  0.01  0.5908621066841038  0.7860449017155575  2.417327646230932  23.783050475904247  23.783050475904247  1.0  0.808  0.175  0.017  0.745  0.255  0.745  0.255
1  5  2.25  0.01  0.01  0.93337778862524  -0.17273664776406927  2.505509194751811  25.558495871336497  25.558495871336497  1.0  0.845  0.145  0.009  0.745  0.255  0.745  0.255
1  5  2.25  0.01  0.01  0.6928691878964525  0.2886905734713112  1.889981004253622  17.75450427420365  17.75450427420365  1.0  0.806  0.179  0.015  0.745  0.255  0.745  0.255
1  5  2.25  0.01  0.01  0.840420626454614  -0.9903920465433331  0.7648754241951237  14.779284216864042  14.779284216864042  1.0  0.753  0.234  0.013  0.745  0.255  0.745  0.255
1  5  2.25  0.01  0.01  0.5104497108346268  0.2510160138804334  0.5438168374756098  14.864084387842267  14.864084387842267  1.0  0.739  0.241  0.021  0.745  0.255  0.745  0.255
1  5  2.25  0.01  0.01  0.6959430994099469  -0.6476237771750732  0.39717835409513746  14.876750124374675  14.876750124374675  1.0  0.732  0.251  0.017  0.745  0.255  0.745  0.255
1  5  2.25  0.01  0.01  0.7481866058003305  -0.6683646807024246  0.6872587162904866  14.776447592657409  14.776447592657409  1.0  0.75  0.235  0.015  0.745  0.255  0.745  0.255
1  5  2.25  0.01  0.01  0.9170606810933137  -0.8831385804544782  1.2312486963996996  14.90019462167519  14.90019462167519  1.0  0.788  0.201  0.011  0.745  0.255  0.745  0.255
1  5  2.25  0.01  0.01  0.6093386414288008  0.5090033443428639  1.8227559121527532  17.522144962647083  17.522144962647083  1.0  0.795  0.188  0.017  0.745  0.255  0.745  0.255
1  5  2.25  0.01  0.01  0.7056315561121855  -0.3202294576596454  0.9319848756233602  14.72126257776221  14.72126257776221  1.0  0.764  0.22  0.016  0.745  0.255  0.745  0.255
1  5  2.25  0.01  0.01  0.714234610874619  -0.6954910936809291  0.44567108208396256  14.85812251879925  14.85812251879925  1.0  0.735  0.249  0.016  0.745  0.255  0.745  0.255
1  5  2.25  0.01  0.01  0.4876372947926465  0.29305501908548504  0.42214323489744543  14.922369367667903  14.922369367667903  1.0  0.733  0.246  0.021  0.745  0.255  0.745  0.255
1  5  2.25  0.01  0.01  0.3828729198048157  0.9559860401495779  0.9601087367011063  14.816187820736015  14.816187820736015  1.0  0.747  0.231  0.022  0.745  0.255  0.745  0.255
1  5  2.25  0.01  0.01  0.3437237901953385  0.9336337763459144  0.4256298218409332  15.030490926691588  15.030490926691588  1.0  0.729  0.248  0.023  0.745  0.255  0.745  0.255
1  5  2.25  0.01  0.01  0.38894229847396644  0.7353802686942603  0.45458631521196863  14.977639391496854  14.977639391496854  1.0  0.731  0.246  0.023  0.745  0.255  0.745  0.255
1  5  2.25  0.01  0.01  0.6442660057997167  -0.31657302686911426  0.556982042468442  14.819014635314353  14.819014635314353  1.0  0.742  0.24  0.018  0.745  0.255  0.745  0.255
1  5  2.25  0.01  0.01  0.7371877768675142  -0.8463714060979215  0.37955691543048725  14.887166132352615  14.887166132352615  1.0  0.73  0.255  0.016  0.745  0.255  0.745  0.255
1  5  2.25  0.01  0.01  0.7770305515836501  -0.6387299440709049  0.8854975897245884  14.737916439113947  14.737916439113947  1.0  0.762  0.223  0.014  0.745  0.255  0.745  0.255
1  5  2.25  0.01  0.01  0.5906901243086371  -0.15692615849157865  0.4367855183046006  14.87494886943884  14.87494886943884  1.0  0.735  0.246  0.019  0.745  0.255  0.745  0.255
1  5  2.25  0.01  0.01  1.1890712774387886  -0.8822023580867528  2.4666856817148264  25.359215703060958  25.359215703060958  1.0  0.859  0.135  0.005  0.745  0.255  0.745  0.255
1  5  2.25  0.01  0.01  0.5434370839020387  0.09400108118540751  0.5122342157617639  14.860819759058444  14.860819759058444  1.0  0.738  0.242  0.02  0.745  0.255  0.745  0.255
1  5  2.25  0.01  0.01  1.0452490530516996  -0.4681856109065752  2.556660796120463  26.56796522360422  26.56796522360422  1.0  0.854  0.139  0.007  0.745  0.255  0.745  0.255
1  5  2.25  0.01  0.01  0.8224745297998521  -0.8650208225274107  0.821393660799834  14.759802123458506  14.759802123458506  1.0  0.758  0.229  0.013  0.745  0.255  0.745  0.255
1  5  2.25  0.01  0.01  0.437524750677366  0.8972387752720083  1.314524105726078  14.901865672356958  14.901865672356958  1.0  0.763  0.216  0.021  0.745  0.255  0.745  0.255
all sample data, x0 is free
-----------------------------------------------------------------------------------------------------------------------------------------------------------------------------------

