0.44999999999999996   0.5249999999999999   0.5249999999999999
0.44999999999999996   0.47499999999999987   0.5499999999999998
0.44999999999999996   0.47499999999999987   0.5499999999999998
0.38888888888888873   0.49999999999999967   0.5694444444444441
0.372222222222222   0.4249999999999996   0.6361111111111106
0.372222222222222   0.4249999999999996   0.6361111111111106
0.372222222222222   0.4249999999999996   0.6361111111111106
0.372222222222222   0.4249999999999996   0.6361111111111106
0.4458847736625515   0.3564814814814812   0.6220164609053498
0.4458847736625515   0.3564814814814812   0.6220164609053498
0.4252400548696844   0.2969135802469134   0.7082990397805209
0.4819615912208508   0.18549382716049356   0.7156721536351167
0.4819615912208508   0.18549382716049356   0.7156721536351167
0.5234339277549157   0.0832304526748972   0.7982395976223138
0.5234339277549157   0.0832304526748972   0.7982395976223138
0.5298480922623588   0.0022176497485138225   0.8174732002235434
0.5298480922623588   0.0022176497485138225   0.8174732002235434
0.5666706181871558   0.03225372148554596   0.7812065685560583
0.5677688586315328   -0.024944114210232543   0.7579750151004538
0.5677688586315328   -0.024944114210232543   0.7579750151004538
0.5677688586315328   -0.024944114210232543   0.7579750151004538
0.6465509184776248   -0.2546193274512137   0.7630909796822865
0.6465509184776248   -0.2546193274512137   0.7630909796822865
0.6146073181741318   -0.26720666075820426   0.6958046403813212
0.6146073181741318   -0.26720666075820426   0.6958046403813212
0.6146073181741318   -0.26720666075820426   0.6958046403813212
0.6146073181741318   -0.26720666075820426   0.6958046403813212
0.6146073181741318   -0.26720666075820426   0.6958046403813212
0.5959937558095119   -0.30638364747147107   0.6132360581820806
0.5959937558095119   -0.30638364747147107   0.6132360581820806
0.5959937558095119   -0.30638364747147107   0.6132360581820806
0.5959937558095119   -0.30638364747147107   0.6132360581820806
0.5959937558095119   -0.30638364747147107   0.6132360581820806
0.6269500676032794   -0.4075103761161713   0.6158853866392262
0.6178265654843331   -0.42257988689627046   0.593470199185135
0.6178265654843331   -0.42257988689627046   0.593470199185135
0.6084665330747765   -0.35778620112465287   0.6054162281267215
0.6084665330747765   -0.35778620112465287   0.6054162281267215
0.6054289986755331   -0.3803038850725068   0.5938903947086464
0.6185418680986275   -0.39606229861713454   0.6228565775185064
0.6185418680986275   -0.39606229861713454   0.6228565775185064
0.6111701179234597   -0.36479200079853014   0.6220809226179771
0.6148559930110435   -0.3804271497078323   0.6224687500682418
0.6148559930110435   -0.3804271497078323   0.6224687500682418
0.6137940457412391   -0.3786867444625728   0.6221056693579716
0.6137940457412391   -0.3786867444625728   0.6221056693579716
0.6134035506042453   -0.37564815985787703   0.6221902528505405
0.6134035506042453   -0.37564815985787703   0.6221902528505405
0.613274656176618   -0.3753772086876521   0.622401213743909
0.613274656176618   -0.3753772086876521   0.622401213743909
0.613274656176618   -0.3753772086876521   0.622401213743909
0.6132241018688752   -0.3753118574602553   0.6221234923933812
0.6132241018688752   -0.3753118574602553   0.6221234923933812
0.6132241018688752   -0.3753118574602553   0.6221234923933812
0.6130439201221305   -0.375097339492801   0.6223841668352046
0.6130439201221305   -0.375097339492801   0.6223841668352046
0.6130439201221305   -0.375097339492801   0.6223841668352046
0.6130439201221305   -0.375097339492801   0.6223841668352046
0.6128690435080639   -0.3750376435119993   0.6224954234325282
0.6128690435080639   -0.3750376435119993   0.6224954234325282
0.6128690435080639   -0.3750376435119993   0.6224954234325282
0.6128690435080639   -0.3750376435119993   0.6224954234325282
0.612809789950179   -0.37501794258451693   0.622377928301328
0.612809789950179   -0.37501794258451693   0.622377928301328
0.612809789950179   -0.37501794258451693   0.622377928301328
0.612809789950179   -0.37501794258451693   0.622377928301328
0.6126997086709931   -0.37502570752235886   0.6225696876852482
0.6125874643471159   -0.37503391735896674   0.6224136405759757
0.6125874643471159   -0.37503391735896674   0.6224136405759757
0.612425113316835   -0.3750694447613101   0.6226827834795543
0.6121972459367764   -0.3750376595445988   0.6227554880988051
0.6121972459367764   -0.3750376595445988   0.6227554880988051
0.6121972459367764   -0.3750376595445988   0.6227554880988051
0.6121972459367764   -0.3750376595445988   0.6227554880988051
0.6121972459367764   -0.3750376595445988   0.6227554880988051
0.6121972459367764   -0.3750376595445988   0.6227554880988051
0.6121972459367764   -0.3750376595445988   0.6227554880988051
