0  5  2.25  0.01  0.01  3.5  1.75  0.7309695954133856  -0.014922602635429494  0.6204865632078596  14.528246582600879  1.0  0.797  0.188  0.015  0.786  0.214
0  5  2.25  0.01  0.01  3.5  1.75  0.8276383687794536  -0.007982945718917639  0.8154764736978058  14.351801764311356  1.0  0.827  0.161  0.012  0.798  0.202
0  5  2.25  0.01  0.01  3.5  1.75  0.8165802909991247  0.0800666748040772  1.3937864564772546  15.186225923088067  1.0  0.83  0.158  0.012  0.786  0.214
0  5  2.25  0.01  0.01  3.5  1.75  0.49697076866788376  0.15863019735092188  0.36855108369491163  14.94066325935967  1.0  0.726  0.253  0.021  0.738  0.262
0  5  2.25  0.01  0.01  3.5  1.75  0.7622658175912805  -0.06886884019771272  1.0599122232482447  14.493627425546673  1.0  0.803  0.184  0.014  0.762  0.238
0  5  2.25  0.01  0.01  3.5  1.75  1.004503864265477  -0.14891698418594715  1.5711914621607594  16.372190829971494  1.0  0.864  0.128  0.008  0.762  0.238
0  5  2.25  0.01  0.01  3.5  1.75  0.5397835564556669  0.13909396183544204  0.5071402056985925  14.68507755500478  1.0  0.741  0.239  0.02  0.726  0.274
0  5  2.25  0.01  0.01  3.5  1.75  0.9639208133048247  -0.05726866408733952  1.9445588005725118  20.6576265841989  1.0  0.86  0.132  0.009  0.762  0.238
0  5  2.25  0.01  0.01  3.5  1.75  1.0149910111553972  -0.1425002888618585  0.8444080719030586  14.165717422544198  1.0  0.867  0.125  0.008  0.857  0.143
0  5  2.25  0.01  0.01  3.5  1.75  0.6320148629878831  -0.08001683595103432  0.44073947466798985  14.687207036613362  1.0  0.757  0.225  0.018  0.75  0.25
0  5  2.25  0.01  0.01  3.5  1.75  0.750321299015109  -0.09503596643639303  0.9285452531598158  14.545116089708566  1.0  0.797  0.189  0.014  0.762  0.238
0  5  2.25  0.01  0.01  3.5  1.75  0.7329571012390235  0.09995240732221922  0.41060416143398965  14.597697387290335  1.0  0.806  0.18  0.014  0.821  0.179
0  5  2.25  0.01  0.01  3.5  1.75  0.6888090546613542  0.026030476225273713  0.5476714885803062  14.545105255395308  1.0  0.786  0.198  0.016  0.774  0.226
0  5  2.25  0.01  0.01  3.5  1.75  0.7741549693197246  -0.03854188586804569  0.4652868137840508  14.480549248662777  1.0  0.809  0.178  0.013  0.81  0.19
0  5  2.25  0.01  0.01  3.5  1.75  0.6243235082387601  0.09659076171792769  1.2375719157764604  14.630656376586744  1.0  0.769  0.213  0.018  0.726  0.274
0  5  2.25  0.01  0.01  3.5  1.75  0.6801545657937483  0.027761044425896275  0.7797377337503484  14.545033066048322  1.0  0.783  0.201  0.016  0.762  0.238
0  5  2.25  0.01  0.01  3.5  1.75  0.7336060029073551  -0.06797840691560678  0.38788615970067414  14.653244416886091  1.0  0.793  0.192  0.015  0.81  0.19
0  5  2.25  0.01  0.01  3.5  1.75  0.7258899628346595  0.16951016372265548  0.8146045932024757  14.50348284054139  1.0  0.808  0.177  0.014  0.798  0.202
0  5  2.25  0.01  0.01  3.5  1.75  0.9198471934985802  -0.10875160146299008  1.2421594314503208  14.325749390759924  1.0  0.846  0.145  0.01  0.774  0.226
0  5  2.25  0.01  0.01  3.5  1.75  0.7322834198744756  0.09672360280441666  1.419797162165843  15.115992914523655  1.0  0.805  0.18  0.014  0.738  0.262
0  5  2.25  0.01  0.01  3.5  1.75  0.8725915838137709  0.08286023812787746  1.115699351792079  14.296803156790768  1.0  0.845  0.144  0.011  0.821  0.179
0  5  2.25  0.01  0.01  3.5  1.75  0.878519969605569  0.15203974639122037  1.1269551234739679  14.232045585395857  1.0  0.851  0.139  0.01  0.81  0.19
0  5  2.25  0.01  0.01  3.5  1.75  0.7752819495177454  -0.06355291491788875  0.4686959613346063  14.497713783386521  1.0  0.807  0.179  0.013  0.81  0.19
0  5  2.25  0.01  0.01  3.5  1.75  0.8857704707449057  0.06559447568385363  1.1176192601096768  14.290204145044138  1.0  0.848  0.142  0.01  0.798  0.202
0  5  2.25  0.01  0.01  3.5  1.75  0.45668428305456554  0.11745103357353798  0.776067862156454  14.793085235950835  1.0  0.706  0.271  0.023  0.69  0.31
0  5  2.25  0.01  0.01  3.5  1.75  1.0622980648484217  -0.08785753228892244  1.5987500050954013  19.598694825880322  1.0  0.881  0.113  0.007  0.774  0.226
0  5  2.25  0.01  0.01  3.5  1.75  0.7248529827282293  -0.08322259858603531  0.4324758489373002  14.629280251829993  1.0  0.79  0.195  0.015  0.798  0.202
0  5  2.25  0.01  0.01  3.5  1.75  0.987556944339981  0.09886306431265168  1.7977522833814625  16.61123622563587  1.0  0.875  0.118  0.008  0.798  0.202
0  5  2.25  0.01  0.01  3.5  1.75  1.0318414893964338  -0.06432447630994273  1.997800150937252  20.896879760644936  1.0  0.876  0.117  0.007  0.81  0.19
0  5  2.25  0.01  0.01  3.5  1.75  0.742007724593054  -0.009114936035891086  0.4807995375268781  14.420080161719955  1.0  0.801  0.185  0.014  0.774  0.226
1  5  2.25  0.01  0.01  3.5  1.75  0.8071341036236501  -0.10449232079883877  1.3824886409280372  14.62917341163327  1.0  0.814  0.173  0.013  0.776  0.224
1  5  2.25  0.01  0.01  3.5  1.75  0.8010818581323056  -0.04384445552277  1.9655873269417101  20.0020632460726  1.0  0.817  0.171  0.013  0.731  0.269
1  5  2.25  0.01  0.01  3.5  1.75  0.6963795553110855  -0.1765390055036106  1.7988366420058577  18.133583800014158  1.0  0.772  0.212  0.016  0.724  0.276
1  5  2.25  0.01  0.01  3.5  1.75  0.7121497712104683  -0.098885375577205  0.9764742577227123  14.617227217381988  1.0  0.784  0.201  0.015  0.744  0.256
1  5  2.25  0.01  0.01  3.5  1.75  1.0256838991315431  0.13083471004207647  1.7062519057602685  16.937255987408605  1.0  0.885  0.108  0.007  0.821  0.179
1  5  2.25  0.01  0.01  3.5  1.75  0.8062469152037418  -0.044931339350498256  1.4018024441838686  14.824308345837794  1.0  0.818  0.169  0.013  0.769  0.231
1  5  2.25  0.01  0.01  3.5  1.75  0.5208386819021759  0.11689504993918659  0.46499705238754957  14.866398670890334  1.0  0.732  0.247  0.021  0.737  0.263
1  5  2.25  0.01  0.01  3.5  1.75  0.6145094629242275  0.17660854760233508  1.1695646538429072  14.693327986408372  1.0  0.772  0.211  0.018  0.75  0.25
1  5  2.25  0.01  0.01  3.5  1.75  0.6602447431099098  0.09853298694176366  1.208486400441372  14.677825077040435  1.0  0.782  0.202  0.017  0.75  0.25
1  5  2.25  0.01  0.01  3.5  1.75  0.6620067154851457  -0.13221146722581462  0.693804813046265  14.765845851480622  1.0  0.764  0.219  0.017  0.769  0.231
1  5  2.25  0.01  0.01  3.5  1.75  0.5792816945237751  0.03810249699416071  0.9654556960999117  14.63198617376296  1.0  0.748  0.233  0.019  0.712  0.288
1  5  2.25  0.01  0.01  3.5  1.75  0.8072020746827216  -0.09491843275388932  1.6261540071180527  17.84978328560637  1.0  0.815  0.172  0.013  0.776  0.224
1  5  2.25  0.01  0.01  3.5  1.75  0.5740021264681351  0.1965722451963447  1.4634670978736022  17.61915528215359  1.0  0.759  0.223  0.019  0.712  0.288
1  5  2.25  0.01  0.01  3.5  1.75  0.6306161286531167  0.04699119619650566  0.4891007955680073  14.75809303051099  1.0  0.767  0.215  0.018  0.776  0.224
1  5  2.25  0.01  0.01  3.5  1.75  0.6855273544489576  -0.06983890612829399  1.2861340265228514  14.777780628196219  1.0  0.777  0.207  0.016  0.744  0.256
1  5  2.25  0.01  0.01  3.5  1.75  0.5290402667896015  0.010626624093116016  0.47559784542508143  14.942684194275008  1.0  0.726  0.254  0.021  0.737  0.263
1  5  2.25  0.01  0.01  3.5  1.75  0.6409259464787624  -0.08414383147794613  0.5647477718310372  14.754812658542214  1.0  0.761  0.222  0.018  0.763  0.237
1  5  2.25  0.01  0.01  3.5  1.75  0.7337907614385325  -0.08781801280594599  1.6787445003172772  17.539356049955213  1.0  0.792  0.193  0.015  0.718  0.282
1  5  2.25  0.01  0.01  3.5  1.75  0.6302654157852883  -0.03425801840704262  1.1057572824467974  14.817576757499188  1.0  0.761  0.222  0.018  0.744  0.256
1  5  2.25  0.01  0.01  3.5  1.75  0.7246544874011628  0.06668168768730903  1.1479166697144703  14.434019447014435  1.0  0.801  0.185  0.015  0.763  0.237
1  5  2.25  0.01  0.01  3.5  1.75  0.49243395867198647  -0.16955744749784574  0.595488893991587  14.976715980239561  1.0  0.695  0.283  0.022  0.699  0.301
1  5  2.25  0.01  0.01  3.5  1.75  0.7227177169688503  0.1927290774873795  1.451440165185907  15.613013628470066  1.0  0.809  0.177  0.014  0.756  0.244
1  5  2.25  0.01  0.01  3.5  1.75  0.6349790402893041  -0.18703376884383058  1.0519247667901028  14.795882201866894  1.0  0.749  0.233  0.018  0.731  0.269
1  5  2.25  0.01  0.01  3.5  1.75  0.5485031108242426  -0.1697196177463714  0.4452212724571195  15.004341946712085  1.0  0.718  0.262  0.021  0.737  0.263
1  5  2.25  0.01  0.01  3.5  1.75  0.5968010161718401  -0.16689777188387278  0.6081144550090369  14.840227715793652  1.0  0.737  0.244  0.019  0.744  0.256
1  5  2.25  0.01  0.01  3.5  1.75  0.7115813125608063  -0.04264924171127818  0.7035389883960966  14.62790437513583  1.0  0.788  0.196  0.015  0.788  0.212
1  5  2.25  0.01  0.01  3.5  1.75  0.7200119147140391  -0.07002734115236411  0.6218773422662541  14.691603671959811  1.0  0.789  0.196  0.015  0.801  0.199
1  5  2.25  0.01  0.01  3.5  1.75  0.6028729555481783  0.15072648327660876  0.6752378643327821  14.719499348246723  1.0  0.765  0.217  0.018  0.756  0.244
1  5  2.25  0.01  0.01  3.5  1.75  0.6114705455126621  0.023658586726982206  0.5878252878013454  14.734490954762801  1.0  0.758  0.224  0.018  0.756  0.244
1  5  2.25  0.01  0.01  3.5  1.75  0.7695280528703661  -0.19441039068039415  0.8900519381917755  14.499080862878355  1.0  0.796  0.19  0.014  0.763  0.237
0  5  2.25  0.01  0.8798947699569932  0.17203708470310325  0.9735065012442161  14.27965257620039  1.0  0.853  0.137  0.01  0.845  0.155
0  5  2.25  0.01  0.7225605525967158  0.04404099128558762  1.0944545378403596  14.395051781362627  1.0  0.798  0.187  0.015  0.738  0.262
0  5  2.25  0.01  0.7897564146213155  0.07349534835766444  1.0345498353964753  14.33683365955882  1.0  0.821  0.166  0.013  0.762  0.238
0  5  2.25  0.01  0.7489605492644675  0.026426919724360464  0.7742220056406794  14.501125857841549  1.0  0.806  0.18  0.014  0.786  0.214
0  5  2.25  0.01  0.6417711273206904  0.05211593562910859  0.9440341142231381  14.5256222578087  1.0  0.771  0.212  0.017  0.738  0.262
0  5  2.25  0.01  0.7738896230415405  -0.046761938476778925  1.1343358134264359  14.39934173935304  1.0  0.808  0.179  0.013  0.75  0.25
0  5  2.25  0.01  0.8906021765467496  0.19987948825551005  1.4047745606316222  14.1497088521968  1.0  0.857  0.133  0.01  0.786  0.214
0  5  2.25  0.01  0.8192343986243276  -0.023629252353269736  1.0344945207522829  14.484563122604417  1.0  0.824  0.164  0.012  0.798  0.202
0  5  2.25  0.01  0.9092044833846671  0.000641585492087402  1.154120657075625  14.338474036692999  1.0  0.85  0.141  0.01  0.821  0.179
0  5  2.25  0.01  0.9445696508865915  -0.10794926719285045  1.124612863771277  14.354817139202938  1.0  0.852  0.139  0.009  0.833  0.167
0  5  2.25  0.01  0.8544449744561937  -0.30505257719679135  0.9346263283014962  14.42874814703355  1.0  0.813  0.175  0.012  0.774  0.226
0  5  2.25  0.01  0.8722300275384778  0.06493955599568418  1.2572856371310612  14.301806968164147  1.0  0.844  0.146  0.011  0.798  0.202
0  5  2.25  0.01  0.7001920776921109  -0.015001591972049443  1.0549970314624941  14.594186375727313  1.0  0.786  0.198  0.016  0.75  0.25
0  5  2.25  0.01  0.7710243974505455  0.20619300603332508  1.2845100632629147  14.249650467496146  1.0  0.825  0.162  0.013  0.75  0.25
0  5  2.25  0.01  0.9088773658643332  -0.1981621578691775  1.0244529389699135  14.37666747973868  1.0  0.837  0.153  0.01  0.798  0.202
0  5  2.25  0.01  0.7930107603948264  -0.008876065312097042  1.1944450353752771  14.319879272755982  1.0  0.816  0.171  0.013  0.75  0.25
0  5  2.25  0.01  0.9168016830320675  -0.32005211219375274  1.0047137185713946  14.329465912010955  1.0  0.831  0.159  0.01  0.774  0.226
0  5  2.25  0.01  0.9652068309360136  -0.0563974154245063  1.5733444808316384  14.17047884238755  1.0  0.86  0.131  0.009  0.798  0.202
0  5  2.25  0.01  0.17658103679633552  1.1849971476208987  1.1757005077745397  14.613394492137223  1.0  0.682  0.292  0.026  0.75  0.25
0  5  2.25  0.01  0.7000466585060439  0.5049978085275837  1.114959574316659  14.3992332831518  1.0  0.823  0.163  0.014  0.81  0.19
0  5  2.25  0.01  0.9776791201275867  -0.7935761075269563  1.1375282791949066  14.522894236077306  1.0  0.813  0.178  0.009  0.81  0.19
0  5  2.25  0.01  0.9635548785799761  -0.8980877949093043  1.024484214883424  14.476413888251633  1.0  0.8  0.19  0.01  0.738  0.262
0  5  2.25  0.01  0.6616266013418906  0.34388176174516416  1.0045690325846914  14.526987586189236  1.0  0.8  0.184  0.016  0.762  0.238
0  5  2.25  0.01  0.8104845512439558  -0.1967807017488517  1.167329514043899  14.40858016462924  1.0  0.808  0.179  0.013  0.75  0.25
0  5  2.25  0.01  0.8358145506364218  -0.22543696770653704  0.9546099266151973  14.33962404729517  1.0  0.814  0.174  0.012  0.75  0.25
0  5  2.25  0.01  0.9004257000800839  -0.18625637391915312  1.194453197785876  14.482498292158807  1.0  0.835  0.155  0.01  0.833  0.167
0  5  2.25  0.01  0.8293785140594729  0.27479651034517893  1.024146834713659  14.369765098321258  1.0  0.845  0.143  0.011  0.821  0.179
0  5  2.25  0.01  1.0550791101192427  -0.2147585012489991  1.114266476107454  14.07674082775036  1.0  0.872  0.121  0.007  0.798  0.202
0  5  2.25  0.01  0.6894697774509395  -0.02603147471070784  0.9943953711894038  14.475877977924348  1.0  0.782  0.202  0.016  0.726  0.274
0  5  2.25  0.01  0.5843977973255288  0.49167406744865405  1.1978076818826517  14.567082502107635  1.0  0.785  0.198  0.018  0.75  0.25
1  5  2.25  0.01  0.5403477237722074  0.1721525788040425  1.2025922458521547  14.889333296474556  1.0  0.743  0.237  0.02  0.731  0.269
1  5  2.25  0.01  0.7313852723806571  -0.034508598942369476  1.3774701042070079  14.527721695110644  1.0  0.796  0.19  0.015  0.756  0.244
1  5  2.25  0.01  0.6364120651967109  0.30882788597337796  1.1468105464796214  14.553805306853898  1.0  0.789  0.194  0.017  0.756  0.244
1  5  2.25  0.01  0.754641529886059  -0.3016940825663768  0.902253735851075  14.556429068427004  1.0  0.783  0.203  0.014  0.737  0.263
1  5  2.25  0.01  0.6301768970477313  0.01579745361127006  0.9725660912320364  14.637031506224497  1.0  0.765  0.218  0.018  0.731  0.269
1  5  2.25  0.01  0.5284711558960319  0.04208729886714736  0.992470417229806  14.882671248969785  1.0  0.728  0.251  0.021  0.718  0.282
1  5  2.25  0.01  0.669849565184859  0.008549825062006168  1.2025540043689844  14.674984208652868  1.0  0.778  0.206  0.016  0.756  0.244
1  5  2.25  0.01  0.6903787433678465  -0.017980170241228895  1.042571734138388  14.74077618381055  1.0  0.783  0.201  0.016  0.763  0.237
1  5  2.25  0.01  0.547347937557658  0.4241483038996702  1.1965074098244657  14.595781464288306  1.0  0.766  0.215  0.019  0.731  0.269
1  5  2.25  0.01  0.6008006757863871  0.03021901156921536  0.8340000046695109  14.680769947719428  1.0  0.755  0.227  0.019  0.744  0.256
1  5  2.25  0.01  0.5623463059145122  0.19624666364537086  1.132497004199853  14.688796497367134  1.0  0.754  0.227  0.019  0.731  0.269
1  5  2.25  0.01  0.6504696096011353  0.09025511294143536  1.152605048441236  14.638933182340347  1.0  0.777  0.206  0.017  0.75  0.25
1  5  2.25  0.01  0.5427210370519946  0.02963927476080648  0.9927255358045246  14.796530675567652  1.0  0.733  0.247  0.02  0.712  0.288
1  5  2.25  0.01  0.41576324017951394  -0.010074724140341749  0.8527523549806254  14.95299603462917  1.0  0.677  0.299  0.024  0.667  0.333
1  5  2.25  0.01  0.47697163857730396  0.1810510258260572  1.1863444243142267  14.849710949431552  1.0  0.719  0.259  0.022  0.705  0.295
1  5  2.25  0.01  0.7385163516556816  -0.19878362761663565  1.0123594219915706  14.70105125728789  1.0  0.785  0.2  0.015  0.776  0.224
1  5  2.25  0.01  0.6618583156854123  0.1749972820246412  1.2668085790681987  14.584968853579925  1.0  0.787  0.196  0.016  0.763  0.237
1  5  2.25  0.01  0.7643896022228216  -0.026068431075465  1.0125182052422264  14.58783191127255  1.0  0.806  0.18  0.014  0.788  0.212
1  5  2.25  0.01  0.744666289560022  -0.030878986768351414  0.9922736369248547  14.551999277555128  1.0  0.8  0.186  0.014  0.769  0.231
1  5  2.25  0.01  0.8608126796908893  -0.7148481272483861  1.146003218928966  14.580339613776529  1.0  0.784  0.204  0.012  0.75  0.25
1  5  2.25  0.01  0.5393485122781174  -0.11332405836923312  0.9260516751287525  14.87590429355873  1.0  0.719  0.26  0.021  0.712  0.288
1  5  2.25  0.01  0.7912426246744431  -0.1995666103869641  0.9324726731671606  14.723820509757621  1.0  0.802  0.185  0.013  0.808  0.192
1  5  2.25  0.01  0.6312179171606891  -0.007731586989352579  0.9525559002910968  14.748291868759708  1.0  0.763  0.22  0.018  0.744  0.256
1  5  2.25  0.01  0.5705921204351325  -0.09927932077101864  0.9824673142279865  14.94822836189312  1.0  0.733  0.248  0.02  0.731  0.269
1  5  2.25  0.01  0.7216320462622723  -0.424928623880811  1.0010984693143405  14.694495176077531  1.0  0.762  0.223  0.016  0.731  0.269
1  5  2.25  0.01  0.5536981084786452  -0.1231346786573185  1.0123700378265514  14.776233565187905  1.0  0.724  0.255  0.02  0.699  0.301
1  5  2.25  0.01  0.6733752866514671  0.25499872931927914  0.9020368902496986  14.613620477939708  1.0  0.797  0.187  0.016  0.782  0.218
1  5  2.25  0.01  0.7981258624242316  -0.43854523407706847  0.8924837212082098  14.660177416122288  1.0  0.786  0.201  0.013  0.763  0.237
1  5  2.25  0.01  0.46573837886389824  0.3109963566550403  0.976403827539105  14.83686887644361  1.0  0.726  0.252  0.022  0.712  0.288
1  5  2.25  0.01  0.5374592445237482  0.6049998306799673  1.1340078415220787  14.866050304657955  1.0  0.776  0.205  0.019  0.75  0.25
0  5  2.25  0.01  0.6740416355595813  0.10093656535230056  1.0935393329716183  14.440360600787114  1.0  0.786  0.198  0.016  0.726  0.274
0  5  2.25  0.01  0.8570434739279387  0.053541589985435956  1.034799473783927  14.3790268318936  1.0  0.839  0.15  0.011  0.798  0.202
0  5  2.25  0.01  0.8249866074730831  -0.16094035121893657  1.2544678864643692  14.434686417394667  1.0  0.815  0.172  0.012  0.726  0.274
0  5  2.25  0.01  0.784833565182701  0.22198512067164072  1.2556282433796662  14.514910779518727  1.0  0.83  0.158  0.013  0.81  0.19
0  5  2.25  0.01  0.8442106056200807  0.07605919435910759  1.0846650029884062  14.410294281413423  1.0  0.837  0.151  0.011  0.81  0.19
0  5  2.25  0.01  0.9636816475498926  -0.06296814814383284  1.1043357807645806  14.310491430802115  1.0  0.86  0.132  0.009  0.845  0.155
0  5  2.25  0.01  0.736666418992489  -0.020699055185684063  0.944497495838233  14.534622491629566  1.0  0.798  0.187  0.014  0.762  0.238
0  5  2.25  0.01  0.8576017843126149  -0.12568955555741845  1.147288947135921  14.433805621849134  1.0  0.827  0.162  0.011  0.798  0.202
0  5  2.25  0.01  0.644151623157948  0.052263891822729454  1.1144153862987478  14.459690959993141  1.0  0.772  0.211  0.017  0.702  0.298
0  5  2.25  0.01  0.8725610571382656  -0.18720098695542725  0.9845440191502477  14.402282997045988  1.0  0.827  0.162  0.011  0.786  0.214
0  5  2.25  0.01  0.9468283087006202  -0.35534803142404364  0.9746664948069099  14.481249199902814  1.0  0.836  0.154  0.009  0.833  0.167
0  5  2.25  0.01  0.9154716296455027  -0.35757494408134116  1.204315736298145  14.331250189900718  1.0  0.828  0.162  0.01  0.774  0.226
0  5  2.25  0.01  0.6868896724061486  -0.016743702940575905  0.9945960968814083  14.477998028993671  1.0  0.781  0.203  0.016  0.726  0.274
0  5  2.25  0.01  0.6264911201391514  0.6406828804254818  1.0844653984630865  14.4073273690799  1.0  0.809  0.175  0.016  0.762  0.238
0  5  2.25  0.01  1.0272984256355007  -0.003796677210136427  1.217568269405432  14.133743925098978  1.0  0.878  0.115  0.007  0.845  0.155
0  5  2.25  0.01  0.9088100591278736  -0.08593792569332227  1.024485285655681  14.3297442680977  1.0  0.844  0.146  0.01  0.81  0.19
0  5  2.25  0.01  0.9599032538574102  -0.18136257959390034  1.1046571647096222  14.307334417719785  1.0  0.851  0.14  0.009  0.821  0.179
0  5  2.25  0.01  0.8172676250961699  -0.130036599326178  0.9742863234736746  14.44011291426638  1.0  0.815  0.172  0.012  0.774  0.226
0  5  2.25  0.01  0.6660597577214463  0.2549573529333441  0.32105655047381687  14.81344040320766  1.0  0.795  0.189  0.016  0.833  0.167
0  5  2.25  0.01  0.7667230933338245  0.19009639025609454  1.124432486553481  14.532156726393866  1.0  0.822  0.165  0.013  0.81  0.19
0  5  2.25  0.01  0.9436056608602974  0.029122847126689638  1.4193961599018983  14.22881641706824  1.0  0.86  0.131  0.009  0.798  0.202
0  5  2.25  0.01  0.7028932759863538  -0.005157347152511206  1.1244376103083424  14.539647084085424  1.0  0.788  0.197  0.015  0.75  0.25
0  5  2.25  0.01  0.693345020639293  0.029371359550601807  1.0140913891978491  14.562733671059815  1.0  0.787  0.197  0.016  0.75  0.25
0  5  2.25  0.01  1.0513501938243395  -0.595041348274667  0.9870054312859641  14.448637669949338  1.0  0.847  0.146  0.007  0.845  0.155
0  5  2.25  0.01  0.7990088778386666  -0.14684471430196833  0.9349907278209603  14.512449580296638  1.0  0.808  0.179  0.013  0.774  0.226
0  5  2.25  0.01  0.3919516314018482  0.6349948983564291  1.0249902363576138  14.591731628864917  1.0  0.723  0.254  0.023  0.798  0.202
0  5  2.25  0.01  0.6562195464896472  0.5544407698239651  0.9942475725546855  14.406339964567584  1.0  0.813  0.172  0.015  0.762  0.238
0  5  2.25  0.01  1.029480975452545  -0.9953483640027344  1.014961454909014  14.298710801818569  1.0  0.811  0.181  0.008  0.726  0.274
0  5  2.25  0.01  0.8499323794775284  0.06335848352049284  1.1256621971214695  14.338272326072254  1.0  0.838  0.151  0.011  0.786  0.214
0  5  2.25  0.01  0.8127671533339965  -0.011948468346972718  0.721060111189022  14.346732540899449  1.0  0.822  0.165  0.012  0.798  0.202
0  5  2.25  0.01  0.7910134578438239  -0.046971526279709394  1.084443524017537  14.410770046760891  1.0  0.813  0.174  0.013  0.762  0.238
0  5  2.25  0.01  0.7753160260291302  0.20371147986226168  1.2941631293810838  14.374583858744984  1.0  0.826  0.162  0.013  0.774  0.226
0  5  2.25  0.01  0.7791255726787651  -0.3074029586593114  0.2741364351778981  14.693338599786546  1.0  0.79  0.196  0.014  0.821  0.179
0  5  2.25  0.01  1.064092326964826  -0.1260734359553054  1.3393848920243998  14.052130836971173  1.0  0.879  0.115  0.007  0.81  0.19
0  5  2.25  0.01  0.891822209640091  0.1403659696792413  1.0643648545281263  14.301970975714111  1.0  0.854  0.136  0.01  0.821  0.179
0  5  2.25  0.01  0.0770777793386409  1.2949936748949702  1.2850011238837804  14.706560530886648  1.0  0.649  0.324  0.027  0.762  0.238
0  5  2.25  0.01  0.9967785583352955  -0.4921832008344057  1.1797867743847124  14.401359950966574  1.0  0.84  0.151  0.008  0.821  0.179
0  5  2.25  0.01  0.7138419564809649  -0.12675014720258557  0.018250008515698326  14.861546340980667  1.0  0.782  0.202  0.015  0.833  0.167
0  5  2.25  0.01  0.747951438541036  0.03897665432794413  0.9976638495135977  14.473466389396409  1.0  0.806  0.18  0.014  0.762  0.238
0  5  2.25  0.01  0.9199953171206692  -0.03391290488542463  1.2903448365060712  14.3267797043937  1.0  0.851  0.14  0.01  0.821  0.179
0  5  2.25  0.01  1.0668379790849143  -1.31788090292443  1.024716476246187  14.524011254083556  1.0  0.794  0.199  0.008  0.75  0.25
0  5  2.25  0.01  0.6570696925567497  -0.139053934649353  0.9845290137250887  14.567172781104752  1.0  0.762  0.221  0.017  0.714  0.286
0  5  2.25  0.01  0.7956653211572036  0.044992203067235906  1.014000604640362  14.440012399301866  1.0  0.821  0.167  0.013  0.798  0.202
0  5  2.25  0.01  0.6452894507194483  0.33210991140352275  1.112296620684786  14.716556083907934  1.0  0.794  0.19  0.016  0.774  0.226
0  5  2.25  0.01  0.6091372258538514  0.12279293103216274  0.9348594397478966  14.699649436480435  1.0  0.765  0.217  0.018  0.738  0.262
0  5  2.25  0.01  0.8661472766697595  -0.47283803162616567  1.0074416679300164  14.441659350042213  1.0  0.805  0.183  0.012  0.75  0.25
0  5  2.25  0.01  0.7813103741406804  0.23499676407931724  1.2808378755139465  14.40864386841917  1.0  0.829  0.158  0.013  0.81  0.19
0  5  2.25  0.01  0.8812803414880614  -0.09563239388000794  0.9946674669190604  14.376481205502065  1.0  0.836  0.154  0.011  0.798  0.202
0  5  2.25  0.01  0.06999591983077391  0.7949970125720045  1.0311616023067605  14.694686080941555  1.0  0.597  0.374  0.029  0.726  0.274
0  5  2.25  0.01  0.7690918023006261  0.17816963936221558  1.0348002259867324  14.43162229385994  1.0  0.822  0.165  0.013  0.786  0.214
0  5  2.25  0.01  0.864127382071006  0.12995559366086135  1.1740918323919476  14.33702139385509  1.0  0.846  0.143  0.011  0.81  0.19
0  5  2.25  0.01  0.8370032961224049  0.0006288571255569661  0.9644524381312972  14.468031917264563  1.0  0.83  0.158  0.012  0.81  0.19
0  5  2.25  0.01  0.6982251282815013  0.3125637815121908  0.45803470103238997  14.582468101753182  1.0  0.809  0.176  0.015  0.821  0.179
0  5  2.25  0.01  0.8955475601036278  0.06145597106463065  1.1343909026997978  14.343502346784211  1.0  0.85  0.14  0.01  0.821  0.179
0  5  2.25  0.01  0.9344364047017915  -0.13183661617262032  1.1845480110307858  14.367017950531434  1.0  0.848  0.143  0.009  0.821  0.179
0  5  2.25  0.01  0.8562123131774015  -0.061672903521539715  1.0875860559101254  14.272477027441369  1.0  0.831  0.157  0.011  0.762  0.238
0  5  2.25  0.01  0.9947699397980868  -0.020751839541479668  1.2195685446175877  14.251624598538724  1.0  0.87  0.123  0.008  0.845  0.155
0  5  2.25  0.01  0.7838632500606839  -0.17682850327760288  0.955558643169313  14.407068126492081  1.0  0.801  0.185  0.013  0.774  0.226
0  5  2.25  0.01  0.8141883546565599  -0.09032900894686467  1.3135013165238334  14.337308325589929  1.0  0.817  0.17  0.012  0.75  0.25
0  5  2.25  0.01  0.6249557433952948  -0.16796106710530812  0.9843511123087806  14.636711809555731  1.0  0.747  0.234  0.018  0.702  0.298
0  5  2.25  0.01  1.0032397887817912  -0.8910603179619387  1.0691523998384636  14.371946598797525  1.0  0.812  0.179  0.009  0.75  0.25
0  5  2.25  0.01  0.807671971085155  -0.2041759257839712  0.9647184829944225  14.418357447905134  1.0  0.807  0.18  0.013  0.75  0.25
0  5  2.25  0.01  0.7649613657058979  0.16906629086618064  1.0847694064945188  14.500460153409884  1.0  0.82  0.166  0.013  0.798  0.202
0  5  2.25  0.01  0.8500691608731712  0.057493951779331184  0.9644627238283808  14.35374345797016  1.0  0.838  0.151  0.011  0.798  0.202
0  5  2.25  0.01  0.8405015427823093  -0.1522415878584361  1.1945429112924781  14.51928357079024  1.0  0.821  0.167  0.012  0.798  0.202
0  5  2.25  0.01  0.7171515067997007  0.42495304275475054  1.0548203932864282  14.48484870887821  1.0  0.823  0.163  0.014  0.798  0.202
0  5  2.25  0.01  0.8237544639907637  0.04083205574256188  1.0044199276065975  14.335150983909939  1.0  0.829  0.159  0.012  0.774  0.226
0  5  2.25  0.01  1.209612784718852  -1.0564694496114657  1.1640071309236366  14.21712463119995  1.0  0.851  0.144  0.005  0.833  0.167
0  5  2.25  0.01  0.7224121846135818  0.1008961667183452  0.9744050651979  14.626730660585368  1.0  0.802  0.183  0.015  0.786  0.214
0  5  2.25  0.01  0.6526502931837354  0.33496538308232726  1.0279086283843741  14.481401359739737  1.0  0.796  0.188  0.016  0.75  0.25
1  5  2.25  0.01  0.7031288194045001  -0.21524266790280494  1.0834664427724823  14.68338704127004  1.0  0.771  0.213  0.016  0.75  0.25
1  5  2.25  0.01  0.5880797664365913  0.08699926934389493  0.8265291417796089  14.782309103080141  1.0  0.755  0.226  0.019  0.744  0.256
1  5  2.25  0.01  0.6176180705918528  -0.06434364808829925  1.0321925641765095  14.729887426915854  1.0  0.754  0.228  0.018  0.731  0.269
1  5  2.25  0.01  0.686609179477915  -0.14865478048300926  1.0515093128679216  14.705630903938495  1.0  0.771  0.213  0.016  0.75  0.25
1  5  2.25  0.01  0.7285077829475086  0.0004098451774633968  1.1063684774778468  14.671685821341006  1.0  0.797  0.188  0.015  0.788  0.212
1  5  2.25  0.01  0.6595984706269448  0.09588590586641894  1.1666704792415277  14.676993298242682  1.0  0.781  0.202  0.017  0.763  0.237
1  5  2.25  0.01  0.7426149105155497  0.0246693428862362  1.0523417549751453  14.515287690854352  1.0  0.803  0.183  0.014  0.769  0.231
1  5  2.25  0.01  0.7876719944258055  -0.19127361148330985  0.9526383312819838  14.627446664726502  1.0  0.802  0.185  0.013  0.788  0.212
1  5  2.25  0.01  0.5801015882597995  -0.06048324465781692  0.8824598263275821  14.869691790384591  1.0  0.74  0.241  0.019  0.731  0.269
1  5  2.25  0.01  0.6411850581404738  0.09004894170682003  1.0462792875307858  14.631575986643826  1.0  0.774  0.209  0.017  0.744  0.256
1  5  2.25  0.01  0.6616353372014472  0.03327881090673315  0.9921020376740534  14.637025290588868  1.0  0.777  0.207  0.017  0.75  0.25
1  5  2.25  0.01  0.6658430880090964  -0.025179936265365632  1.043302078399221  14.757626091459397  1.0  0.773  0.21  0.017  0.763  0.237
1  5  2.25  0.01  0.8342349707436834  -0.35945839937050333  1.0824337419259542  14.551222658477014  1.0  0.804  0.184  0.012  0.782  0.218
1  5  2.25  0.01  0.8106901738213602  -0.006115244368945059  1.0650693239046534  14.495141210308015  1.0  0.822  0.166  0.012  0.795  0.205
1  5  2.25  0.01  0.573565640343405  0.0304624441131814  1.066177506162811  14.773161977815539  1.0  0.745  0.236  0.019  0.724  0.276
1  5  2.25  0.01  0.6821515218055931  0.15366255625206168  1.2062194704412037  14.616013709628795  1.0  0.793  0.192  0.016  0.769  0.231
1  5  2.25  0.01  0.5762879821206026  0.006310513449049022  0.9823017278522447  14.833420949900805  1.0  0.744  0.237  0.019  0.731  0.269
1  5  2.25  0.01  0.763048676484556  -0.14563595824763395  1.1865388761735762  14.561852750882098  1.0  0.797  0.189  0.014  0.769  0.231
1  5  2.25  0.01  0.6824644519071486  0.2104458245666942  1.0661246913006026  14.60170641609302  1.0  0.797  0.187  0.016  0.776  0.224
1  5  2.25  0.01  0.5369426623423528  0.38711656927880345  1.0368380894984137  14.840044965410529  1.0  0.76  0.221  0.02  0.75  0.25
1  5  2.25  0.01  0.698133619612676  -0.1705153988343314  0.9421894701021333  14.677160639193744  1.0  0.774  0.21  0.016  0.75  0.25
1  5  2.25  0.01  0.4208402258256593  0.5449991828324435  1.0915122969143412  14.72561019729003  1.0  0.727  0.25  0.023  0.731  0.269
1  5  2.25  0.01  0.6810285680785217  0.07549821132104909  1.0264484298397578  14.707585911839336  1.0  0.787  0.197  0.016  0.776  0.224
1  5  2.25  0.01  0.5589727442601047  0.5140355198404059  1.1226788166077  14.656568032630148  1.0  0.777  0.204  0.019  0.756  0.244
1  5  2.25  0.01  0.6677751237696063  0.20296186515804043  0.9824180945393652  14.643391788992636  1.0  0.792  0.192  0.016  0.776  0.224
1  5  2.25  0.01  0.7958163932154687  0.07066214626115316  0.9663526490749338  14.549628244934626  1.0  0.823  0.165  0.013  0.814  0.186
1  5  2.25  0.01  0.6582078195559149  -0.09451126738151472  0.9824656926786541  14.71505733701449  1.0  0.766  0.217  0.017  0.744  0.256
1  5  2.25  0.01  0.60995642894114  0.3449216317538578  1.1243322614655207  14.642217982798128  1.0  0.782  0.2  0.017  0.756  0.244
1  5  2.25  0.01  0.9259544674988269  -0.40505883994834824  1.0539992202368806  14.387331804306559  1.0  0.827  0.163  0.01  0.795  0.205
1  5  2.25  0.01  0.5948842762710904  0.054272025535873666  0.9825594043978497  14.72188208797886  1.0  0.754  0.227  0.019  0.731  0.269
1  5  2.25  0.01  0.6183749360007844  0.22499188358306524  0.9320249888003845  14.725135773171383  1.0  0.776  0.206  0.018  0.763  0.237
1  5  2.25  0.01  0.628531364897621  0.33398963444260865  1.162648091395643  14.553310868192124  1.0  0.788  0.195  0.017  0.756  0.244
1  5  2.25  0.01  0.7233585766481766  0.0007866132592057305  1.297609674124257  14.60514828570625  1.0  0.795  0.19  0.015  0.769  0.231
1  5  2.25  0.01  0.6516136158025814  0.22173158457196687  1.012690736720701  14.61784741685445  1.0  0.788  0.196  0.016  0.763  0.237
1  5  2.25  0.01  0.610660504869889  -0.17080316832635478  0.908258305874439  14.743126167949436  1.0  0.742  0.239  0.019  0.724  0.276
1  5  2.25  0.01  0.48313915626968595  0.6685120480516846  1.0610004066096665  14.748023947731822  1.0  0.762  0.218  0.02  0.763  0.237
1  5  2.25  0.01  0.5278391585565394  -0.1615561143305761  0.8724013689633373  14.928181812347898  1.0  0.711  0.268  0.021  0.699  0.301
1  5  2.25  0.01  0.6169941256431222  0.023497681844333478  1.142582753580909  14.671055279077873  1.0  0.76  0.222  0.018  0.731  0.269
1  5  2.25  0.01  0.634468044181357  0.0012403565127081435  0.9327493549640259  14.869156304689469  1.0  0.765  0.218  0.018  0.769  0.231
1  5  2.25  0.01  0.5805790321036277  0.38492674061110776  0.9260857712757314  14.77726109908852  1.0  0.775  0.207  0.018  0.776  0.224
1  5  2.25  0.01  0.6544154106194003  0.15067463953903748  1.0326510731491703  14.620218597613151  1.0  0.783  0.2  0.017  0.756  0.244
1  5  2.25  0.01  0.45620433951615513  0.06214256776015576  1.007533612980303  14.911345043634629  1.0  0.701  0.277  0.023  0.692  0.308
1  5  2.25  0.01  0.6957149414200042  0.29338573614046703  1.0427723011030772  14.52431160393002  1.0  0.807  0.178  0.015  0.782  0.218
1  5  2.25  0.01  0.5769336988890932  0.15923022109148555  0.9616579019503646  14.749002971155779  1.0  0.756  0.225  0.019  0.737  0.263
1  5  2.25  0.01  0.6185680800829346  -0.12251233993585273  0.9613671442586961  14.832691105677808  1.0  0.749  0.233  0.018  0.737  0.263
1  5  2.25  0.01  0.7842412764875117  -0.16164496659069483  0.9225040596431129  14.623979438435626  1.0  0.803  0.184  0.013  0.788  0.212
1  5  2.25  0.01  0.7653725367309581  -0.040863806943612205  0.9826032161204714  14.499121658373246  1.0  0.806  0.181  0.014  0.769  0.231
1  5  2.25  0.01  0.6463161157151853  -0.20317397844085666  1.0729980307667824  14.67698156225311  1.0  0.753  0.23  0.018  0.718  0.282
1  5  2.25  0.01  0.6985743121359265  -0.04658432507868811  1.146801901990401  14.621570220016396  1.0  0.783  0.201  0.016  0.756  0.244
1  5  2.25  0.01  0.7722608242205666  -0.015129817530295  1.1368044113177165  14.492634238811833  1.0  0.809  0.177  0.013  0.776  0.224
1  5  2.25  0.01  0.6534912016029222  -0.1850740797905853  1.0638137683373325  14.779889238602076  1.0  0.756  0.226  0.017  0.737  0.263
1  5  2.25  0.01  0.761793307292013  -0.2195224021305629  0.9221990364205334  14.571937910640786  1.0  0.791  0.195  0.014  0.756  0.244
1  5  2.25  0.01  0.7567867432659059  -0.27884597345017115  1.0666400398872113  14.617725365752372  1.0  0.785  0.201  0.014  0.756  0.244
1  5  2.25  0.01  0.6307656786966551  0.20250508293538233  1.0563731797167613  14.696729545015256  1.0  0.779  0.204  0.017  0.756  0.244
1  5  2.25  0.01  0.6533244251466779  -0.005112463484279059  1.096800187473074  14.750723284405986  1.0  0.771  0.212  0.017  0.756  0.244
1  5  2.25  0.01  0.5884860499087232  -0.07502725736918014  0.28103315407826973  14.891944131217578  1.0  0.741  0.24  0.019  0.756  0.244
1  5  2.25  0.01  0.6133714936517126  0.017519786127995943  1.1697376648962736  14.649210851941003  1.0  0.759  0.223  0.018  0.724  0.276
1  5  2.25  0.01  0.703842855647451  -0.1974784587263835  0.9426644244734725  14.655572421602564  1.0  0.773  0.211  0.016  0.744  0.256
1  5  2.25  0.01  0.9964170477238952  -0.47958383215028666  1.143181358240092  14.34556980576213  1.0  0.841  0.151  0.008  0.808  0.192
1  5  2.25  0.01  0.6087757183154683  0.10581328350388017  0.9029204094942854  14.759711283984224  1.0  0.764  0.218  0.018  0.75  0.25
1  5  2.25  0.01  0.764502728600757  0.0024698637598558745  1.1361688285799223  14.536855342752164  1.0  0.808  0.178  0.014  0.782  0.218
1  5  2.25  0.01  0.5992207504808653  0.0003555554473220542  0.9024632783362183  14.70574131799603  1.0  0.752  0.23  0.019  0.724  0.276
1  5  2.25  0.01  0.6053898123602066  -0.008583907840916036  0.9667486346870207  14.837731582494829  1.0  0.753  0.228  0.018  0.744  0.256
1  5  2.25  0.01  0.6345584550561292  0.006202389551190292  1.0734981660759697  14.722976760524906  1.0  0.765  0.217  0.018  0.744  0.256
1  5  2.25  0.01  0.48773395691535465  0.03950525689780787  0.922261872838911  14.895070007060712  1.0  0.712  0.266  0.022  0.699  0.301
1  5  2.25  0.01  0.5910859008874092  -0.04962202212324171  0.982366516712602  14.732881604195276  1.0  0.745  0.236  0.019  0.718  0.282
1  5  2.25  0.01  0.6711082954186572  -0.060999374390180945  0.9926082695963785  14.67260584013516  1.0  0.773  0.211  0.017  0.75  0.25
1  5  2.25  0.01  0.6773335156354375  -0.13084821435209687  0.9728047844756182  14.68099684568283  1.0  0.77  0.214  0.016  0.744  0.256
1  5  2.25  0.01  0.6964398794657808  0.0011809347691903085  1.0424838453956184  14.650224380122353  1.0  0.786  0.198  0.016  0.769  0.231
1  5  2.25  0.01  0.7213349192798809  -0.20970220832369077  1.046712747443877  14.759086230762733  1.0  0.779  0.206  0.015  0.769  0.231
0  5  2.25  0.01  0.9279160520251568  0.011574146407003143  1.0744442706107853  14.238767029668049  1.0  0.855  0.136  0.009  0.821  0.179
0  5  2.25  0.01  0.8033777961330737  -0.19807658003668735  0.9844046490080449  14.528835788437672  1.0  0.806  0.181  0.013  0.774  0.226
0  5  2.25  0.01  0.8267668583317089  -0.27278546144825794  1.0144333921805224  14.523825181785112  1.0  0.808  0.18  0.012  0.774  0.226
0  5  2.25  0.01  0.7720192926223938  -0.023043191233761244  1.1846198564271035  14.386498818026283  1.0  0.809  0.177  0.013  0.75  0.25
0  5  2.25  0.01  0.852183836406744  0.09634407303220031  1.0542132410114506  14.379439974665694  1.0  0.841  0.148  0.011  0.81  0.19
0  5  2.25  0.01  0.9942666985546456  -0.08768822087122652  1.294292623426282  14.263091585621913  1.0  0.865  0.127  0.008  0.845  0.155
0  5  2.25  0.01  1.116937588522827  0.11465973116636372  1.5365690109883055  13.895580332954761  1.0  0.902  0.093  0.005  0.833  0.167
0  5  2.25  0.01  0.9440605005384269  -0.06900521791966313  1.2543381975038126  14.359978848104479  1.0  0.854  0.137  0.009  0.821  0.179
0  5  2.25  0.01  0.7193944669802059  0.20496626361857775  1.1043119727804724  14.429068162451935  1.0  0.808  0.177  0.015  0.762  0.238
0  5  2.25  0.01  0.7770263320547051  0.032685298767683155  1.2142700494291132  14.63632809991806  1.0  0.814  0.172  0.013  0.774  0.226
0  5  2.25  0.01  0.8083254174017336  0.11499894994579737  1.0648381111060337  14.450624212972647  1.0  0.829  0.159  0.012  0.786  0.214
0  5  2.25  0.01  0.8217787650073352  0.03080430508192506  1.0547372976046159  14.342718717431548  1.0  0.828  0.16  0.012  0.774  0.226
0  5  2.25  0.01  0.8083162822833583  -0.07925908389000616  1.1072854398725516  14.382672464258459  1.0  0.816  0.171  0.013  0.762  0.238
0  5  2.25  0.01  0.5508740175254541  0.3649951499262075  0.9130028333221557  14.712729562454088  1.0  0.763  0.218  0.019  0.762  0.238
0  5  2.25  0.01  1.1819892397455405  -0.032066154344382654  1.3230749458058193  13.880796370367747  1.0  0.907  0.089  0.004  0.845  0.155
0  5  2.25  0.01  0.7936180536262724  0.07389991909644107  1.0243000325669351  14.339895355136715  1.0  0.822  0.165  0.013  0.762  0.238
0  5  2.25  0.01  1.1338389287845108  -0.9549962058595887  1.0040012482765324  14.335771805921544  1.0  0.842  0.152  0.006  0.821  0.179
0  5  2.25  0.01  0.9131227146611165  0.020107764884947782  1.207495373688978  14.179017450066231  1.0  0.852  0.138  0.01  0.786  0.214
0  5  2.25  0.01  1.0580870552759274  -0.8184182225955556  1.0142575403341778  14.326253894318086  1.0  0.833  0.16  0.007  0.786  0.214
0  5  2.25  0.01  0.5262001449817693  1.414998199695269  1.2979744950878402  14.255345808108583  1.0  0.83  0.154  0.016  0.833  0.167
0  5  2.25  0.01  1.0424783066906889  0.003808759388046457  1.2178624708266923  14.118477117912716  1.0  0.881  0.112  0.007  0.857  0.143
0  5  2.25  0.01  0.8876627276886291  0.12086191444453032  1.1642447284204813  14.27946353758746  1.0  0.852  0.138  0.01  0.81  0.19
0  5  2.25  0.01  0.48507178596126777  0.714899566309936  1.3445367076538657  14.503040743874944  1.0  0.766  0.214  0.02  0.726  0.274
0  5  2.25  0.01  0.9592931387787016  -0.14570876450846704  1.2994998430433375  14.164517482328657  1.0  0.853  0.138  0.009  0.774  0.226
0  5  2.25  0.01  0.7572517342563916  0.06492917247901658  1.01407175048783  14.415095014640329  1.0  0.81  0.176  0.014  0.762  0.238
0  5  2.25  0.01  0.7841396335990292  0.01857816123048763  1.014777879387873  14.536049774093929  1.0  0.816  0.171  0.013  0.798  0.202
0  5  2.25  0.01  0.32904467024319617  1.0749994586965914  1.1249820783200084  14.766243783338862  1.0  0.735  0.242  0.023  0.81  0.19
0  5  2.25  0.01  0.8363700572477116  0.09945531165331734  1.0149223453596998  14.417908490459919  1.0  0.836  0.152  0.011  0.81  0.19
0  5  2.25  0.01  0.6259938147875199  0.2049999475459331  0.9540028979306268  14.563818645303833  1.0  0.777  0.205  0.017  0.726  0.274
0  5  2.25  0.01  0.8865372872071726  -0.008858993606668732  1.1141181666797229  14.222727297430781  1.0  0.843  0.147  0.01  0.774  0.226
0  5  2.25  0.01  0.7545717090613023  0.08807430674495882  1.1448082018219239  14.4536573962777  1.0  0.812  0.175  0.014  0.774  0.226
0  5  2.25  0.01  0.7750449100555987  0.06453592749881346  0.9630452005454828  14.502805133434503  1.0  0.816  0.171  0.013  0.786  0.214
0  5  2.25  0.01  0.9719998748614487  -0.056642958457207314  1.0111952540536508  14.199813739912766  1.0  0.862  0.13  0.008  0.798  0.202
0  5  2.25  0.01  0.7263540132628263  -0.0025632883317821802  1.1274191094835082  14.494224038342022  1.0  0.796  0.189  0.015  0.75  0.25
0  5  2.25  0.01  1.000196716010598  -0.06597957274780511  1.1776709488691688  14.273397746333925  1.0  0.868  0.124  0.008  0.857  0.143
0  5  2.25  0.01  1.143502526598751  0.008986432802952225  1.3843982512167787  14.017124053873804  1.0  0.902  0.093  0.005  0.893  0.107
0  5  2.25  0.01  0.9765624736085876  -0.23678716039221986  1.1945178995380592  14.331980425680843  1.0  0.852  0.14  0.009  0.798  0.202
0  5  2.25  0.01  0.7548047932513087  -0.27695210385808033  0.9244897841443058  14.5889965971414  1.0  0.784  0.201  0.014  0.75  0.25
0  5  2.25  0.01  0.7105783203760743  0.0754654129571796  1.067422423300146  14.414622441092645  1.0  0.797  0.188  0.015  0.738  0.262
0  5  2.25  0.01  0.8977363311139601  0.2140936623556446  1.1848621838686888  14.305481738535425  1.0  0.86  0.131  0.01  0.833  0.167
0  5  2.25  0.01  0.854403433221546  0.07117031963093215  1.2462102716651504  14.326219982369889  1.0  0.84  0.149  0.011  0.798  0.202
0  5  2.25  0.01  0.9202520997543129  0.09476839033438852  1.1047631136540856  14.289150274170078  1.0  0.858  0.133  0.009  0.833  0.167
0  5  2.25  0.01  0.7887081441954207  -0.11500088017730561  1.0847395387100398  14.403578769205053  1.0  0.807  0.18  0.013  0.762  0.238
0  5  2.25  0.01  0.7652072048544599  -0.02518135179609861  1.034711216465027  14.453183354862553  1.0  0.806  0.18  0.014  0.762  0.238
0  5  2.25  0.01  0.9733078835840878  -0.2243612470590346  1.2807417522044566  14.246039968972124  1.0  0.852  0.139  0.009  0.798  0.202
0  5  2.25  0.01  1.0664859507404074  -0.24499890804970442  1.0840892133025324  14.24146106356785  1.0  0.873  0.12  0.007  0.857  0.143
0  5  2.25  0.01  1.04874951068208  -1.1350429620031348  0.9949768934620922  14.461777637149396  1.0  0.805  0.188  0.008  0.762  0.238
0  5  2.25  0.01  0.5490661775762794  0.9049989823756031  1.5120278271010947  14.528366929897077  1.0  0.802  0.18  0.018  0.798  0.202
0  5  2.25  0.01  0.7732357147398423  0.3649193492539304  1.0546421098056604  14.399750678294387  1.0  0.835  0.152  0.013  0.798  0.202
0  5  2.25  0.01  1.0605416120068436  0.35499910990187855  0.9335048595926299  14.306218250843399  1.0  0.902  0.092  0.006  0.821  0.179
1  5  2.25  0.01  0.7940702280456788  -0.00033360422241850856  0.9124011322759903  14.454478537159222  1.0  0.817  0.17  0.013  0.801  0.199
1  5  2.25  0.01  0.6705767742611135  -0.10000066280332315  1.1114015521442417  14.64431042828939  1.0  0.77  0.214  0.017  0.737  0.263
1  5  2.25  0.01  0.6561744848978374  0.12090844476708876  1.0324068092189966  14.746946986122488  1.0  0.782  0.202  0.017  0.776  0.224
1  5  2.25  0.01  0.7238487177434971  -0.1241420311106417  0.9820322540249875  14.656501851421528  1.0  0.786  0.199  0.015  0.763  0.237
1  5  2.25  0.01  0.732009851577847  0.0012511011984790205  1.0020723667894107  14.726618900401292  1.0  0.798  0.187  0.015  0.788  0.212
1  5  2.25  0.01  0.7587402613852676  -0.13307478101396067  0.9524330544106523  14.608067752876865  1.0  0.797  0.189  0.014  0.776  0.224
1  5  2.25  0.01  0.5994448112986429  -0.030858604388343015  0.9423581575910895  14.849162819962475  1.0  0.749  0.232  0.019  0.744  0.256
1  5  2.25  0.01  0.6375929041434871  0.08119387720852086  0.9624078207266777  14.677144852345563  1.0  0.772  0.211  0.017  0.75  0.25
1  5  2.25  0.01  0.6201169885620335  -0.08500060232830234  1.14461175160743  14.712913533230275  1.0  0.752  0.23  0.018  0.724  0.276
1  5  2.25  0.01  0.4967873789356747  -0.48478083130200567  0.8323332681122818  15.0496685707627  1.0  0.668  0.309  0.023  0.66  0.34
1  5  2.25  0.01  0.5977552498044654  0.2939848339083286  1.0126901456336583  14.626901135090305  1.0  0.774  0.208  0.018  0.75  0.25
1  5  2.25  0.01  0.5664732948005251  0.07987499855629915  0.9927330691298876  14.694066263855115  1.0  0.746  0.235  0.019  0.718  0.282
1  5  2.25  0.01  0.708133246494455  -0.11630243034401896  1.2363406594903728  14.541366251186556  1.0  0.781  0.203  0.016  0.737  0.263
1  5  2.25  0.01  0.5251670122351724  0.034290870785661405  0.9828521341643253  14.863764774525693  1.0  0.726  0.253  0.021  0.712  0.288
1  5  2.25  0.01  0.7237382486061577  0.05242534787127142  1.2134184466267988  14.4926891289577  1.0  0.799  0.186  0.015  0.756  0.244
1  5  2.25  0.01  0.6390918011262372  -0.004587863686061339  1.0822227575153198  14.68852863268638  1.0  0.766  0.216  0.017  0.744  0.256
1  5  2.25  0.01  0.6464691511707534  0.10583484291981948  1.0422929714311246  14.702710691556282  1.0  0.777  0.206  0.017  0.763  0.237
1  5  2.25  0.01  0.6508546394553154  -0.06499791333466087  0.9510007061943986  14.727546987300055  1.0  0.766  0.217  0.017  0.769  0.231
1  5  2.25  0.01  0.5971892854254597  -0.02115234730513838  1.283498655722666  14.68903016212721  1.0  0.749  0.232  0.019  0.718  0.282
1  5  2.25  0.01  0.5989405993256514  0.09298542337493276  0.9825843463815505  14.785928240463951  1.0  0.759  0.223  0.018  0.744  0.256
1  5  2.25  0.01  0.640936430358559  -0.1468715055402221  0.9323083654712785  14.810640399792378  1.0  0.755  0.227  0.018  0.744  0.256
1  5  2.25  0.01  0.7191368385064532  -0.2145786182855096  0.9616271261569737  14.660343966315835  1.0  0.778  0.207  0.015  0.75  0.25
1  5  2.25  0.01  0.841197593912187  -0.003167538309371212  1.146748254834584  14.496258964308137  1.0  0.831  0.157  0.011  0.821  0.179
1  5  2.25  0.01  0.4552766320218642  0.7330815510954836  1.1123430447416587  14.719595750663688  1.0  0.756  0.223  0.021  0.744  0.256
1  5  2.25  0.01  0.6170055035106387  -0.10512961054766401  1.0022997005489147  14.863342824260872  1.0  0.749  0.232  0.018  0.744  0.256
1  5  2.25  0.01  0.8334876239976333  -0.2615127340722999  0.9465032987566031  14.572412508122799  1.0  0.811  0.177  0.012  0.795  0.205
1  5  2.25  0.01  0.5674194560334429  0.23499993746454984  1.2060055593418213  14.665620319690888  1.0  0.758  0.222  0.019  0.724  0.276
1  5  2.25  0.01  0.8562574753537638  -0.14574843386340386  1.073852279763164  14.46311259553058  1.0  0.825  0.163  0.011  0.795  0.205
1  5  2.25  0.01  0.644253539628157  -0.09311672481996983  0.9121624103674466  14.790160340538469  1.0  0.761  0.222  0.017  0.75  0.25
1  5  2.25  0.01  0.16444664901146544  1.0744871007609151  1.0729989604284902  14.928872899159959  1.0  0.666  0.307  0.027  0.744  0.256
1  5  2.25  0.01  0.5906766222276862  -0.03546434880066122  1.0011019226626243  14.799307990656358  1.0  0.745  0.236  0.019  0.737  0.263
1  5  2.25  0.01  0.8219426351652523  -0.1748647665378283  1.092330847183217  14.426858543355152  1.0  0.814  0.174  0.012  0.769  0.231
1  5  2.25  0.01  0.7885682047183321  -0.4147146934394623  1.0114576997304534  14.571075493713778  1.0  0.785  0.201  0.014  0.744  0.256
1  5  2.25  0.01  0.6498759266110885  -0.13350111449112884  1.0117414691576723  14.808132415913207  1.0  0.76  0.223  0.017  0.744  0.256
1  5  2.25  0.01  0.5173951808332409  0.5248551180523908  1.1366394650857905  14.78141565270309  1.0  0.763  0.217  0.02  0.75  0.25
1  5  2.25  0.01  0.6344250215416827  -0.003231423543957408  0.8920357043353199  14.68820796842285  1.0  0.765  0.218  0.018  0.737  0.263
1  5  2.25  0.01  0.7296525134591605  -0.1549696599530468  1.261168496378512  14.548103870185841  1.0  0.786  0.199  0.015  0.744  0.256
1  5  2.25  0.01  0.7744324832280869  -0.05569188583941137  0.9126859539014515  14.540229794758078  1.0  0.807  0.179  0.013  0.776  0.224
1  5  2.25  0.01  0.6475162103692815  0.5649612989376025  1.1029837166500294  14.536618368181909  1.0  0.811  0.174  0.016  0.788  0.212
1  5  2.25  0.01  0.7687823610033526  -0.2915721841485228  1.0222671202495308  14.604038611169136  1.0  0.788  0.198  0.014  0.763  0.237
1  5  2.25  0.01  0.8415300130321717  -0.08608176489974168  1.2015671842309354  14.356249800167351  1.0  0.825  0.163  0.012  0.776  0.224
1  5  2.25  0.01  0.6336168651305712  0.5849947943161238  0.9829981580755545  14.508860436703598  1.0  0.807  0.176  0.016  0.801  0.199
1  5  2.25  0.01  0.734444413471075  0.3203311481909722  1.1232334331179203  14.489598580385726  1.0  0.821  0.165  0.014  0.795  0.205
1  5  2.25  0.01  0.025193519173682996  0.31500371841409414  1.3079492515812905  14.926786743694802  1.0  0.529  0.441  0.03  0.756  0.244
1  5  2.25  0.01  0.6332812493456876  -0.029585703061929806  1.1036483261192034  14.629471250454097  1.0  0.762  0.221  0.018  0.724  0.276
1  5  2.25  0.01  0.6425173291003565  0.06179359690179263  1.0464103738432695  14.605503049480681  1.0  0.772  0.211  0.017  0.737  0.263
1  5  2.25  0.01  0.7010224058294076  -0.1150036411127544  0.9220072399749115  14.677302800419296  1.0  0.779  0.206  0.016  0.75  0.25
1  5  2.25  0.01  0.46879047082728076  0.4137766598755709  1.2462677757510874  14.723843907334308  1.0  0.735  0.243  0.022  0.712  0.288
1  5  2.25  0.01  0.6489382381160422  0.3349996469712613  1.1001931774659464  14.67526265918911  1.0  0.795  0.189  0.016  0.756  0.244
1  5  2.25  0.01  0.43631078419076147  0.74238229752064  1.156870357605803  14.690649704843022  1.0  0.75  0.229  0.021  0.731  0.269
-----------------------------------------------------------------------------------------------------------------------------------------------------
0  3.5  1.75  0.01  0.01  0.5889920548944347  0.10275299151868202  1.9317645552760117  14.657948977617295  1.0  0.8  0.194  0.006  0.81  0.19
0  3.5  1.75  0.01  0.01  0.4858618710575096  0.05105454073657515  1.4947480317539308  14.292423230974672  1.0  0.753  0.24  0.007  0.726  0.274
0  3.5  1.75  0.01  0.01  0.5508564731743146  0.0526895485400026  0.8121078941872559  14.373459951692285  1.0  0.78  0.214  0.006  0.798  0.202
0  3.5  1.75  0.01  0.01  0.6858908430507226  -0.08700581158324905  1.648335877898321  14.46905729672081  1.0  0.816  0.18  0.004  0.821  0.179
0  3.5  1.75  0.01  0.01  0.5212004797136431  0.018343837591111432  1.649102222708716  14.559332383103259  1.0  0.765  0.229  0.007  0.762  0.238
0  3.5  1.75  0.01  0.01  0.6040399532772132  -0.035064132827039046  1.1323366847961363  14.442735181095841  1.0  0.791  0.203  0.006  0.81  0.19
0  3.5  1.75  0.01  0.01  0.6846965700043974  -0.2563408399818965  1.2543251645507343  14.243803542000697  1.0  0.797  0.198  0.005  0.786  0.214
0  3.5  1.75  0.01  0.01  0.5895934088024033  0.11519051314592399  1.6504204014653598  14.628506007815743  1.0  0.802  0.192  0.006  0.833  0.167
0  3.5  1.75  0.01  0.01  0.6767423040638387  -0.17201823190207183  1.2444523557892406  14.21881096991806  1.0  0.804  0.191  0.005  0.786  0.214
0  3.5  1.75  0.01  0.01  0.5098566898146356  0.2730718917619799  1.1746949631847636  14.43038390770404  1.0  0.787  0.206  0.007  0.798  0.202
0  3.5  1.75  0.01  0.01  0.7630623552289473  -0.19955887019274074  1.4394609775970078  14.004787851474465  1.0  0.83  0.166  0.004  0.798  0.202
0  3.5  1.75  0.01  0.01  0.49031191257186885  0.042918374704841  1.1346588917092693  14.55676547563468  1.0  0.754  0.239  0.007  0.762  0.238
0  3.5  1.75  0.01  0.01  0.5749796921305361  -0.1397171885153162  1.1844822375144743  14.4550918604427  1.0  0.768  0.225  0.006  0.774  0.226
0  3.5  1.75  0.01  0.01  0.4869413254323686  0.10372168644427743  1.1541131709954835  14.500208689509051  1.0  0.759  0.233  0.007  0.762  0.238
0  3.5  1.75  0.01  0.01  0.5868099308644341  -0.13730348712687956  0.4711155078025009  14.644068580666957  1.0  0.773  0.221  0.006  0.845  0.155
0  3.5  1.75  0.01  0.01  0.7338971159406427  -0.17035605904821943  1.9315852872139165  14.74989065668008  1.0  0.824  0.173  0.004  0.821  0.179
0  3.5  1.75  0.01  0.01  0.6196375396512286  -0.05338978282480024  1.5263225552560944  14.157650713435938  1.0  0.796  0.199  0.005  0.762  0.238
0  3.5  1.75  0.01  0.01  0.6110778077805806  -0.30803542854694216  1.1244012817621913  14.430656282485385  1.0  0.763  0.231  0.006  0.762  0.238
0  3.5  1.75  0.01  0.01  0.4893484901997796  0.14941808043480242  1.204861024826082  14.602949882289428  1.0  0.766  0.227  0.007  0.786  0.214
0  3.5  1.75  0.01  0.01  0.5632584060098561  -0.2949984306254861  1.2576329047816088  14.689501943373465  1.0  0.746  0.248  0.006  0.774  0.226
0  3.5  1.75  0.01  0.01  0.6057173138110215  -0.13373630751105292  1.5667880242632743  15.084032751506268  1.0  0.782  0.213  0.006  0.786  0.214
0  3.5  1.75  0.01  0.01  0.49816757731353795  0.264853459436714  1.5942389417737202  14.26194260843889  1.0  0.782  0.211  0.007  0.762  0.238
0  3.5  1.75  0.01  0.01  0.58883664138635  -0.19663312295003543  1.2141604533638581  14.31485900995454  1.0  0.767  0.227  0.006  0.75  0.25
0  3.5  1.75  0.01  0.01  0.5649524013964846  0.02727049208366969  1.314721963221359  14.436117334727195  1.0  0.783  0.21  0.006  0.798  0.202
0  3.5  1.75  0.01  0.01  0.07058721061848817  0.4249121267039323  1.1649950963100035  14.699985683413384  1.0  0.593  0.395  0.012  0.75  0.25
0  3.5  1.75  0.01  0.01  0.6123918627526315  -0.14637226508676637  1.2445029969338781  14.444013875037225  1.0  0.782  0.212  0.006  0.798  0.202
0  3.5  1.75  0.01  0.01  0.6346770498914952  -0.14574527286285377  1.2772805088985306  14.286679461278192  1.0  0.791  0.204  0.005  0.786  0.214
0  3.5  1.75  0.01  0.01  0.7351735935192176  0.06265989083346166  1.5672049536573844  14.022533746351314  1.0  0.846  0.15  0.004  0.833  0.167
0  3.5  1.75  0.01  0.01  0.7222853391074322  -0.12739499762056108  1.2078327650117942  14.085900755881777  1.0  0.824  0.172  0.004  0.798  0.202
0  3.5  1.75  0.01  0.01  -0.004571854604182491  -0.07499971722822407  1.5769909355339544  15.829744690650543  1.0  0.481  0.506  0.013  0.762  0.238
0  3.5  1.75  0.01  0.01  0.6397315435353921  0.07992879739973885  1.3071672020884462  14.179631316995234  1.0  0.817  0.179  0.005  0.81  0.19
0  3.5  1.75  0.01  0.01  0.5179878594489111  -0.050786532586350665  1.6502588754735892  14.73133356088838  1.0  0.755  0.238  0.007  0.738  0.262
0  3.5  1.75  0.01  0.01  0.6436485487091608  -0.08473295454564006  1.284271063981872  14.21731855124257  1.0  0.802  0.193  0.005  0.786  0.214
0  3.5  1.75  0.01  0.01  0.4117807317678538  0.4895087993695631  1.6543695255940423  14.505764000225446  1.0  0.771  0.221  0.008  0.75  0.25
0  3.5  1.75  0.01  0.01  0.6177885102683105  -0.1956341123768415  1.1543156344690881  14.289041162846596  1.0  0.779  0.216  0.006  0.762  0.238
0  3.5  1.75  0.01  0.01  0.4607205678384947  -0.04308019878251275  1.916284200197424  15.007807718892323  1.0  0.731  0.261  0.008  0.738  0.262
0  3.5  1.75  0.01  0.01  0.6282638729730192  -0.20907244257306334  1.1843701829337547  14.326555713030105  1.0  0.782  0.213  0.005  0.774  0.226
0  3.5  1.75  0.01  0.01  0.6821190351309985  -0.1350273352001925  1.1440047845622279  14.232080681297345  1.0  0.809  0.186  0.005  0.821  0.179
0  3.5  1.75  0.01  0.01  0.7005073177346958  -0.303761791937061  1.1241099673569577  14.338626926686661  1.0  0.798  0.197  0.004  0.81  0.19
0  3.5  1.75  0.01  0.01  0.6363275717246213  -0.36455521852382855  1.1242420065729257  14.465160435086023  1.0  0.767  0.227  0.005  0.774  0.226
0  3.5  1.75  0.01  0.01  0.6238218097886568  0.2833938253674906  1.653177400522333  14.320272139895533  1.0  0.83  0.165  0.005  0.833  0.167
0  3.5  1.75  0.01  0.01  0.7922192746422574  -0.48499743366554215  1.1978707840337053  14.222082855351402  1.0  0.81  0.187  0.003  0.821  0.179
0  3.5  1.75  0.01  0.01  0.40841758147545504  0.10449607114426146  1.1849174953631116  14.588279121192775  1.0  0.724  0.267  0.009  0.726  0.274
0  3.5  1.75  0.01  0.01  0.5504047241540633  0.02889390908569575  1.9336400582205953  14.822267620182796  1.0  0.778  0.216  0.006  0.774  0.226
0  3.5  1.75  0.01  0.01  0.4470932568161464  0.2558279592357578  1.943852453836907  14.710206999986402  1.0  0.76  0.232  0.008  0.738  0.262
0  3.5  1.75  0.01  0.01  0.3308909536919099  0.5649992166495474  1.2140012385202144  14.59867131747672  1.0  0.743  0.248  0.009  0.786  0.214
0  3.5  1.75  0.01  0.01  0.5222519978835235  -0.24617038793014567  1.014614750553972  14.586041588889705  1.0  0.733  0.26  0.007  0.738  0.262
0  3.5  1.75  0.01  0.01  0.6008798931762254  0.16498382755754146  1.3175491713729772  14.19011948480093  1.0  0.811  0.184  0.005  0.798  0.202
0  3.5  1.75  0.01  0.01  0.6216612140939004  -0.25448758161119006  1.1078307033611072  14.451628401802969  1.0  0.774  0.22  0.006  0.786  0.214
0  3.5  1.75  0.01  0.01  0.515380221619788  -0.24074605258071047  1.1345014200267358  14.449169464213355  1.0  0.731  0.262  0.007  0.714  0.286
0  3.5  1.75  0.01  0.01  0.4677857828393107  0.10868336390786726  0.9440428357984391  14.411856117029721  1.0  0.752  0.24  0.008  0.75  0.25
0  3.5  1.75  0.01  0.01  0.4517405423466413  0.03459085944296279  1.0649679802634842  14.641221093456519  1.0  0.736  0.256  0.008  0.75  0.25
0  3.5  1.75  0.01  0.01  0.49411328081848205  0.13471737890480828  1.3045217048272648  14.241797919644533  1.0  0.766  0.227  0.007  0.738  0.262
0  3.5  1.75  0.01  0.01  0.5103553314200202  0.1420671929397399  1.23444429445696  14.361799308666036  1.0  0.774  0.22  0.007  0.762  0.238
0  3.5  1.75  0.01  0.01  0.6280850370485809  -0.19174033546050417  1.1846108302864962  14.311888184444998  1.0  0.784  0.211  0.005  0.774  0.226
0  3.5  1.75  0.01  0.01  0.6771167350702267  -0.16322917466854597  1.2376603586292323  14.136543702332558  1.0  0.805  0.19  0.005  0.774  0.226
0  3.5  1.75  0.01  0.01  0.8328380902751247  -0.9833094752566749  1.094547133697401  14.392311219464142  1.0  0.762  0.235  0.003  0.786  0.214
0  3.5  1.75  0.01  0.01  0.5039390643400925  0.37499602509966423  1.5660926555281356  14.443221794244735  1.0  0.795  0.198  0.007  0.845  0.155
0  3.5  1.75  0.01  0.01  0.5600376412566512  0.1949353436055074  1.1249546245799453  14.320593436512684  1.0  0.799  0.195  0.006  0.798  0.202
0  3.5  1.75  0.01  0.01  0.5165617722567692  0.0035446070481916147  1.6512914206086744  14.613264816051577  1.0  0.76  0.233  0.007  0.774  0.226
0  3.5  1.75  0.01  0.01  0.584824108163006  -0.22804935392268771  1.2046098511216432  14.359435632480679  1.0  0.762  0.232  0.006  0.75  0.25
0  3.5  1.75  0.01  0.01  0.564225818159082  0.033199293093586005  1.1846802511816668  14.327813506437746  1.0  0.783  0.211  0.006  0.774  0.226
0  3.5  1.75  0.01  0.01  0.48592008694870714  -0.021724294463569552  1.124779242314343  14.5665979414376  1.0  0.745  0.248  0.007  0.75  0.25
0  3.5  1.75  0.01  0.01  0.6226283124094669  -0.03544550979030589  1.264812305176379  14.171967655080271  1.0  0.798  0.197  0.005  0.774  0.226
0  3.5  1.75  0.01  0.01  0.6588955761252373  -0.047779240497616005  1.541778465607572  14.03037443161398  1.0  0.81  0.185  0.005  0.75  0.25
0  3.5  1.75  0.01  0.01  0.7565207301573342  -0.6675114797781783  1.2941817727056113  14.369411529652114  1.0  0.775  0.221  0.004  0.786  0.214
0  3.5  1.75  0.01  0.01  0.4911696193425931  0.13767960648554145  1.6532956583562568  14.487995906140007  1.0  0.766  0.227  0.007  0.762  0.238
0  3.5  1.75  0.01  0.01  0.6875846416388793  -0.4958925272456207  1.214428727675703  14.286019670317822  1.0  0.77  0.225  0.005  0.75  0.25
0  3.5  1.75  0.01  0.01  0.6691278909326712  -0.15682716658380622  1.2046564467041068  14.220436071857556  1.0  0.802  0.193  0.005  0.786  0.214
0  3.5  1.75  0.01  0.01  0.7392731765031066  -0.1907630698165877  1.2973573244770267  14.15249542085736  1.0  0.823  0.173  0.004  0.821  0.179
0  3.5  1.75  0.01  0.01  0.6262890844566364  -0.24672171204471022  1.2344990751531828  14.362737599703976  1.0  0.776  0.218  0.005  0.774  0.226
0  3.5  1.75  0.01  0.01  0.6374508798077683  -0.002322422902956471  1.2643786347067398  14.157907427281028  1.0  0.808  0.187  0.005  0.786  0.214
0  3.5  1.75  0.01  0.01  0.5533263527321299  -0.01011085336138752  1.3743720922166878  14.275242504521636  1.0  0.774  0.219  0.006  0.75  0.25
0  3.5  1.75  0.01  0.01  0.5436121962287646  -0.031061482436845974  1.1845726526219615  14.475978575094306  1.0  0.768  0.225  0.007  0.774  0.226
0  3.5  1.75  0.01  0.01  0.4202936280562094  0.14353152744361147  1.2445397236813338  14.498618648623241  1.0  0.735  0.257  0.008  0.726  0.274
0  3.5  1.75  0.01  0.01  0.5112372459418081  0.004067389171128751  1.2040977298655209  14.32703960049961  1.0  0.758  0.235  0.007  0.738  0.262
0  3.5  1.75  0.01  0.01  0.6461341679076472  0.15500982528320834  1.5679977196169297  14.71585371347289  1.0  0.827  0.169  0.005  0.81  0.19
0  3.5  1.75  0.01  0.01  0.6976307915917319  -0.0504120367175165  1.3632673355612186  14.141224694891836  1.0  0.824  0.172  0.004  0.81  0.19
0  3.5  1.75  0.01  0.01  0.6279540677583664  -0.2849954056222509  1.154000483448527  14.222395400706764  1.0  0.773  0.221  0.005  0.738  0.262
0  3.5  1.75  0.01  0.01  0.643492068600928  0.019398016163721978  1.931674897725154  14.93240538937248  1.0  0.812  0.183  0.005  0.798  0.202
0  3.5  1.75  0.01  0.01  0.6013014813043391  -0.09047044056889769  1.1946107306406324  14.375016753005681  1.0  0.785  0.21  0.006  0.786  0.214
0  3.5  1.75  0.01  0.01  0.4981222616664954  -0.12692185654836188  1.237334608470386  14.383459973133611  1.0  0.737  0.256  0.007  0.714  0.286
0  3.5  1.75  0.01  0.01  0.6315007117156392  -0.00011062324244509659  1.2945113089835125  14.308506693671239  1.0  0.805  0.189  0.005  0.81  0.19
0  3.5  1.75  0.01  0.01  0.7013507179090667  -0.10220449021369642  1.650755889810429  14.302881604744622  1.0  0.82  0.176  0.004  0.798  0.202
0  3.5  1.75  0.01  0.01  0.4598487484760293  0.4305519897935386  1.297268170583319  14.574352493637775  1.0  0.784  0.209  0.007  0.81  0.19
0  3.5  1.75  0.01  0.01  0.6988616206428317  0.09018359968323719  1.3044757350801677  14.056711354363873  1.0  0.837  0.159  0.004  0.821  0.179
0  3.5  1.75  0.01  0.01  0.6574380849170782  0.014583178227913444  1.1545358919572866  14.181834136070993  1.0  0.816  0.18  0.005  0.81  0.19
0  3.5  1.75  0.01  0.01  0.5215931728150613  -0.14494753613149114  1.9320610299918706  15.077083662533877  1.0  0.746  0.247  0.007  0.726  0.274
0  3.5  1.75  0.01  0.01  0.5164133359664209  0.36499459500875475  1.1940000620835434  14.1251190566816  1.0  0.799  0.194  0.006  0.774  0.226
0  3.5  1.75  0.01  0.01  0.7098086536980059  0.11982091059864568  1.5368484092384422  14.00308823938855  1.0  0.844  0.153  0.004  0.821  0.179
0  3.5  1.75  0.01  0.01  0.6837442500773898  -0.09243757186123683  1.9164252547141012  14.982861687834255  1.0  0.815  0.181  0.004  0.798  0.202
0  3.5  1.75  0.01  0.01  0.5178149936133692  0.1811758065008519  1.2242522234907085  14.343724029167097  1.0  0.781  0.212  0.007  0.774  0.226
0  3.5  1.75  0.01  0.01  0.5908829160849436  0.022738008952361256  1.1745351459633517  14.4160621081686  1.0  0.792  0.202  0.006  0.81  0.19
0  3.5  1.75  0.01  0.01  0.5338001663816021  0.03791442616457981  0.9324527905852139  14.41131931292891  1.0  0.772  0.221  0.007  0.786  0.214
0  3.5  1.75  0.01  0.01  0.6428105773023547  -0.24499994525839824  1.931994700120907  14.70401710973945  1.0  0.784  0.211  0.005  0.774  0.226
0  3.5  1.75  0.01  0.01  0.7073910832113397  -0.246064361235864  1.016153376782327  14.146033420471786  1.0  0.806  0.189  0.004  0.81  0.19
0  3.5  1.75  0.01  0.01  0.5196052415160015  0.13285427250872497  1.1048238857200665  14.406508965785257  1.0  0.776  0.217  0.007  0.774  0.226
0  3.5  1.75  0.01  0.01  0.6958837230057635  0.4449934224119916  1.549008602293667  13.89470717568768  1.0  0.867  0.13  0.004  0.857  0.143
0  3.5  1.75  0.01  0.01  0.5347746685061529  -0.07692726767730207  1.2045973896489546  14.481374686817157  1.0  0.759  0.234  0.007  0.762  0.238
0  3.5  1.75  0.01  0.01  0.7280704248971114  -0.08152283861984663  1.4944390193897057  14.09921883692456  1.0  0.831  0.166  0.004  0.821  0.179
0  3.5  1.75  0.01  0.01  0.5982571760325859  0.15832141327196708  1.2740763358696512  14.271314999833661  1.0  0.81  0.185  0.005  0.81  0.19
0  3.5  1.75  0.01  0.01  0.5609590742026467  0.012864611250901355  1.3377283021734145  14.4282704940628  1.0  0.78  0.214  0.006  0.786  0.214
0  3.5  1.75  0.01  0.01  0.7210407812496313  -0.08881166200106291  1.457523459480685  14.265272639397736  1.0  0.827  0.169  0.004  0.845  0.155
0  3.5  1.75  0.01  0.01  0.7706698631151716  -0.25892501751468444  1.2044898760276304  14.116917072415658  1.0  0.826  0.17  0.003  0.821  0.179
0  3.5  1.75  0.01  0.01  0.6973730672713391  -0.1502212754385508  1.0447766315487237  14.265575596714747  1.0  0.813  0.182  0.004  0.821  0.179
0  3.5  1.75  0.01  0.01  0.6418850511359613  -0.28499918806876445  1.1870002805655455  14.18049446190326  1.0  0.779  0.216  0.005  0.726  0.274
0  3.5  1.75  0.01  0.01  0.006054137407245596  0.15500787636200514  1.2240134719649591  14.398552695947538  1.0  0.52  0.467  0.013  0.714  0.286
0  3.5  1.75  0.01  0.01  0.3486750972676478  0.10125989984771606  0.9965105489263124  14.428464873697298  1.0  0.696  0.295  0.01  0.679  0.321
0  3.5  1.75  0.01  0.01  0.5655775806180734  0.014577833879913737  1.0442851203694667  14.41950157517393  1.0  0.782  0.212  0.006  0.798  0.202
0  3.5  1.75  0.01  0.01  0.46884570964314515  -0.15354090117970753  1.3593926697306824  14.444706123197617  1.0  0.721  0.271  0.008  0.702  0.298
0  3.5  1.75  0.01  0.01  0.6567709199757366  0.05422137012512761  1.011000427397443  14.092597052577796  1.0  0.82  0.176  0.005  0.798  0.202
0  3.5  1.75  0.01  0.01  0.7455076835487695  -0.060091909191955485  1.9317235929877823  14.603693164902111  1.0  0.838  0.158  0.004  0.786  0.214
0  3.5  1.75  0.01  0.01  0.5578366362360105  0.0637282927641574  1.0846054736291793  14.235893324923062  1.0  0.784  0.21  0.006  0.762  0.238
0  3.5  1.75  0.01  0.01  0.4829306573272718  0.09770804245447376  1.9316922898077273  14.875030928583612  1.0  0.758  0.235  0.007  0.75  0.25
0  3.5  1.75  0.01  0.01  0.6740074108955514  0.11483690358338376  1.1246554901420245  14.105653988797041  1.0  0.831  0.164  0.004  0.821  0.179
0  3.5  1.75  0.01  0.01  0.5141845984937361  -0.09503963067921797  1.1447480620672126  14.350810896387678  1.0  0.748  0.245  0.007  0.726  0.274
0  3.5  1.75  0.01  0.01  -0.04202425758337727  0.9249633526288934  1.5710004021948338  14.516603284307182  1.0  0.603  0.385  0.012  0.726  0.274
0  3.5  1.75  0.01  0.01  0.8590997925727559  -0.6300564605839452  1.1743137298071056  14.17782168218251  1.0  0.815  0.182  0.003  0.833  0.167
0  3.5  1.75  0.01  0.01  0.42095650862016404  0.244359264433421  1.2674881979684391  14.423025381179468  1.0  0.747  0.245  0.008  0.738  0.262
0  3.5  1.75  0.01  0.01  0.7619826757425617  -0.4553781107720216  1.1540766784675114  14.212860539357264  1.0  0.802  0.194  0.004  0.798  0.202
0  3.5  1.75  0.01  0.01  0.40492658295541445  0.2848356577925193  1.1345114556869975  14.352457866371228  1.0  0.744  0.247  0.008  0.726  0.274
0  3.5  1.75  0.01  0.01  0.4548059103435853  0.5729549444501347  1.7215334372517632  14.4258256471722  1.0  0.797  0.196  0.007  0.798  0.202
0  3.5  1.75  0.01  0.01  0.5046465005674403  0.35362382865329245  0.675316054023634  14.407326513472603  1.0  0.794  0.2  0.007  0.821  0.179
0  3.5  1.75  0.01  0.01  0.5137078598125744  0.074860414227999  1.1847970528804939  14.408920993516233  1.0  0.767  0.226  0.007  0.762  0.238
0  3.5  1.75  0.01  0.01  0.736946489365362  -0.021383024770658864  1.630451224813638  14.172207211200568  1.0  0.839  0.157  0.004  0.833  0.167
0  3.5  1.75  0.01  0.01  0.7264278952214753  -0.20597031847870953  1.1746929478800656  14.200764723212947  1.0  0.817  0.179  0.004  0.821  0.179
0  3.5  1.75  0.01  0.01  0.7648661118403651  -0.18850140818850264  1.5694168590613211  14.253395540807317  1.0  0.832  0.165  0.003  0.833  0.167
0  3.5  1.75  0.01  0.01  0.4989083232886494  -0.19504374222075938  1.244150488976672  14.623287956113835  1.0  0.729  0.264  0.007  0.738  0.262
0  3.5  1.75  0.01  0.01  0.5470991812409551  -0.009284276745854959  1.0747540654990688  14.444482678837655  1.0  0.772  0.222  0.006  0.774  0.226
0  3.5  1.75  0.01  0.01  0.2882606414244008  0.7249989040428475  1.653698552324532  14.519997663524036  1.0  0.742  0.248  0.009  0.798  0.202
0  3.5  1.75  0.01  0.01  0.5809041812926248  -0.06616232610465425  1.5695766978115566  14.711953468803879  1.0  0.779  0.215  0.006  0.81  0.19
0  3.5  1.75  0.01  0.01  0.5072280427836515  -0.06644121432228389  1.1041724027641813  14.43203565443242  1.0  0.748  0.245  0.007  0.738  0.262
0  3.5  1.75  0.01  0.01  0.5965266031243674  -0.06690099604575955  1.1741963089632312  14.378716426831504  1.0  0.785  0.209  0.006  0.786  0.214
0  3.5  1.75  0.01  0.01  0.5764828544716358  -0.11747783659600053  1.064192464560789  14.2656034149833  1.0  0.771  0.223  0.006  0.762  0.238
0  3.5  1.75  0.01  0.01  0.5643911681744485  -0.22913435100962054  1.094733825060165  14.408205835290747  1.0  0.754  0.24  0.006  0.738  0.262
0  3.5  1.75  0.01  0.01  0.4779453240024737  0.3049986449548593  1.1140018167148995  14.417744810524212  1.0  0.778  0.215  0.007  0.798  0.202
0  3.5  1.75  0.01  0.01  0.8699239547233457  -0.8547659081593292  1.0840775382687642  14.16532673522517  1.0  0.792  0.206  0.003  0.786  0.214
0  3.5  1.75  0.01  0.01  0.5055453689944884  0.3549791696253938  1.7190134374234742  14.135753143370158  1.0  0.794  0.199  0.007  0.786  0.214
0  3.5  1.75  0.01  0.01  0.4289151794761642  0.331891117677828  1.0744184528533378  14.498875598887967  1.0  0.76  0.232  0.008  0.762  0.238
0  3.5  1.75  0.01  0.01  0.6847483237014163  -0.2897727771330997  1.360517157570226  14.187608920093794  1.0  0.794  0.202  0.005  0.762  0.238
0  3.5  1.75  0.01  0.01  0.5890908319967296  -0.2867318573401636  1.1246036670778274  14.334950784649621  1.0  0.757  0.237  0.006  0.738  0.262
0  3.5  1.75  0.01  0.01  0.4661953753693503  0.06516008362856832  1.6490171774182194  14.736841614547302  1.0  0.747  0.245  0.008  0.738  0.262
0  3.5  1.75  0.01  0.01  0.6423739038233744  -0.3050244431408775  1.2942269638459991  14.258925473051905  1.0  0.776  0.219  0.005  0.762  0.238
0  3.5  1.75  0.01  0.01  0.697186056654457  -0.13508554554614713  1.134726271019028  14.287131511549893  1.0  0.814  0.181  0.004  0.833  0.167
0  3.5  1.75  0.01  0.01  0.7416947590520251  -0.42196719200605165  1.1170300351768616  14.432463416359683  1.0  0.8  0.196  0.004  0.833  0.167
0  3.5  1.75  0.01  0.01  0.520412323247507  0.3350061514964209  1.931002093636921  14.689714902376144  1.0  0.799  0.195  0.006  0.798  0.202
0  3.5  1.75  0.01  0.01  0.6078107351405933  -0.4049884744794082  1.3409581864304732  14.37426693353838  1.0  0.751  0.243  0.006  0.726  0.274
0  3.5  1.75  0.01  0.01  0.5568258203507965  0.13184872006617937  1.2405294209091888  14.306950981670411  1.0  0.791  0.203  0.006  0.786  0.214
0  3.5  1.75  0.01  0.01  0.6047383186823041  -0.13499638473680903  1.5699937779416129  14.455333235919651  1.0  0.781  0.213  0.006  0.798  0.202
0  3.5  1.75  0.01  0.01  0.4009388612240564  0.5249785315195401  1.154999157632524  14.66369097430746  1.0  0.769  0.222  0.008  0.786  0.214
1  3.5  1.75  0.01  0.01  0.39907529354427684  0.010628930904290632  0.9724445335071897  14.708067659021122  1.0  0.709  0.282  0.009  0.724  0.276
1  3.5  1.75  0.01  0.01  0.5264938239419628  -0.05162041798227119  1.166468479144686  14.490379108498578  1.0  0.759  0.234  0.007  0.763  0.237
1  3.5  1.75  0.01  0.01  0.4235831644907221  0.11221772133554636  1.2713284037976034  14.651497858657025  1.0  0.732  0.259  0.008  0.744  0.256
1  3.5  1.75  0.01  0.01  0.5090275225428796  -0.09760085794381387  0.762407412964788  14.539185953160073  1.0  0.745  0.247  0.007  0.769  0.231
1  3.5  1.75  0.01  0.01  0.46208873947707063  0.016563062009550336  1.1127029838401727  14.512678348776335  1.0  0.739  0.253  0.008  0.737  0.263
1  3.5  1.75  0.01  0.01  0.4678160415006608  0.0862864947495281  1.182247875231078  14.543289530433652  1.0  0.75  0.242  0.008  0.756  0.244
1  3.5  1.75  0.01  0.01  0.5535718355051138  -0.10711756948035413  1.0622539782375562  14.46355390129448  1.0  0.763  0.23  0.006  0.769  0.231
1  3.5  1.75  0.01  0.01  0.4868700406690042  -0.3145062516998112  1.1333756796348289  14.774243035757932  1.0  0.709  0.283  0.008  0.731  0.269
1  3.5  1.75  0.01  0.01  0.4899688819379579  0.12123121691811162  1.172372501983827  14.436638013685123  1.0  0.763  0.23  0.007  0.763  0.237
1  3.5  1.75  0.01  0.01  0.47276842431165866  -0.15060475129322032  1.3035206690592565  14.70515674093476  1.0  0.723  0.269  0.008  0.737  0.263
1  3.5  1.75  0.01  0.01  0.5525715096948919  -0.1559044682572746  1.1926019558199235  14.526976630727585  1.0  0.757  0.237  0.007  0.769  0.231
1  3.5  1.75  0.01  0.01  0.45980991198850263  -0.42015775007662437  1.0824294605231823  14.992539280342612  1.0  0.682  0.31  0.008  0.718  0.282
1  3.5  1.75  0.01  0.01  0.46234333786821435  0.03231784105988028  1.1868472362653975  14.609883190548288  1.0  0.74  0.252  0.008  0.75  0.25
1  3.5  1.75  0.01  0.01  0.4429639819746146  0.07287575590192974  1.0927149615125655  14.764227763582525  1.0  0.736  0.255  0.008  0.763  0.237
1  3.5  1.75  0.01  0.01  0.37789164816616994  -0.0047411620365748215  1.3493179844177619  14.80037318488358  1.0  0.697  0.293  0.009  0.712  0.288
1  3.5  1.75  0.01  0.01  0.4325183465773562  0.24979232120476402  1.182143624969813  14.504233051146224  1.0  0.753  0.239  0.008  0.756  0.244
1  3.5  1.75  0.01  0.01  0.6319977548008623  -0.3418536478045228  1.2331721849656179  14.538726614629153  1.0  0.768  0.227  0.005  0.788  0.212
1  3.5  1.75  0.01  0.01  0.47525936479486275  0.10322247941484522  1.1425975080858408  14.493231935571526  1.0  0.754  0.238  0.008  0.756  0.244
1  3.5  1.75  0.01  0.01  0.4150700530867105  -0.1795541261994577  1.06264141146608  14.960410049067852  1.0  0.692  0.299  0.009  0.724  0.276
1  3.5  1.75  0.01  0.01  0.5419882232270155  -0.26813349960477684  1.1623771690356828  14.603016228785695  1.0  0.739  0.254  0.007  0.75  0.25
1  3.5  1.75  0.01  0.01  0.5722719541324447  -0.20129848114989296  1.2167730083854729  14.440364065482836  1.0  0.76  0.233  0.006  0.756  0.244
1  3.5  1.75  0.01  0.01  0.4990077947188306  0.16109128963939723  1.7817277131965232  14.724889173399015  1.0  0.771  0.222  0.007  0.769  0.231
1  3.5  1.75  0.01  0.01  0.45540112313417325  0.12242491533600616  1.0321354089611257  14.624116638265296  1.0  0.748  0.244  0.008  0.763  0.237
1  3.5  1.75  0.01  0.01  0.40520603558080415  -0.08893664459324563  1.136472656576819  14.691571629900315  1.0  0.699  0.292  0.009  0.705  0.295
1  3.5  1.75  0.01  0.01  0.42279273670470313  -0.13499234219688042  1.7829812085864503  15.168333884942045  1.0  0.702  0.289  0.009  0.718  0.282
1  3.5  1.75  0.01  0.01  0.4667847169621464  0.1757372076475898  1.1625492719533288  14.626411620956164  1.0  0.76  0.233  0.008  0.782  0.218
1  3.5  1.75  0.01  0.01  0.5516331469893246  -0.40406706291871897  0.9326970088326477  14.707846419515555  1.0  0.727  0.266  0.007  0.75  0.25
1  3.5  1.75  0.01  0.01  0.513342521587647  -0.01284744009522985  1.1221253694401627  14.67367716728927  1.0  0.758  0.235  0.007  0.788  0.212
1  3.5  1.75  0.01  0.01  0.6153826915170055  -0.2641603038292405  1.3372819839902272  14.452354667317469  1.0  0.771  0.224  0.006  0.776  0.224
1  3.5  1.75  0.01  0.01  0.3188899248950664  0.08500740607586826  1.2160844094350376  14.711836688817474  1.0  0.68  0.31  0.01  0.686  0.314
1  3.5  1.75  0.01  0.01  0.28701754267454455  0.4849910237635362  1.3660011696624466  14.661509502066975  1.0  0.713  0.277  0.01  0.744  0.256
1  3.5  1.75  0.01  0.01  0.47285658533163555  -0.09456497096132876  1.1322608635295763  14.708520497300638  1.0  0.731  0.262  0.008  0.75  0.25
1  3.5  1.75  0.01  0.01  0.5566458615764883  -0.25677753581557916  1.1567796331869005  14.64880128922675  1.0  0.747  0.247  0.007  0.769  0.231
1  3.5  1.75  0.01  0.01  0.620430438887865  -0.057036973929952085  1.477608909833966  14.357150095748647  1.0  0.795  0.2  0.005  0.801  0.199
1  3.5  1.75  0.01  0.01  0.4312839577737227  0.2056617343567983  1.1325546025631459  14.596302182787745  1.0  0.748  0.244  0.008  0.756  0.244
1  3.5  1.75  0.01  0.01  0.3868311608894207  0.22498766264880615  1.1429779577565857  14.692249957140726  1.0  0.729  0.262  0.009  0.744  0.256
1  3.5  1.75  0.01  0.01  0.5456567026448985  -0.11442353581443375  1.2664363611705436  14.57107404209809  1.0  0.76  0.234  0.007  0.776  0.224
1  3.5  1.75  0.01  0.01  0.5150632636047378  -0.1637227792426636  1.0626614813797022  14.533825637593578  1.0  0.741  0.252  0.007  0.744  0.256
1  3.5  1.75  0.01  0.01  0.4296463678323561  -0.02933782767037191  1.7149299775049935  14.956629300261538  1.0  0.718  0.273  0.008  0.731  0.269
1  3.5  1.75  0.01  0.01  0.3608719200322974  0.2843619701718395  1.0825539101668746  14.693444603174253  1.0  0.724  0.267  0.009  0.737  0.263
1  3.5  1.75  0.01  0.01  0.44405645036278313  0.05842721107851718  1.507608594054962  14.67303086929502  1.0  0.736  0.256  0.008  0.75  0.25
1  3.5  1.75  0.01  0.01  0.4701860181584281  -0.14652966616590876  1.142270188689364  14.696659967008092  1.0  0.722  0.27  0.008  0.737  0.263
1  3.5  1.75  0.01  0.01  0.40826288105561503  0.24349406104023896  1.1524416260577788  14.638117897976441  1.0  0.741  0.251  0.008  0.756  0.244
1  3.5  1.75  0.01  0.01  0.33270915099905074  0.4235032563353669  1.1429261994506636  14.726623117564628  1.0  0.728  0.263  0.009  0.744  0.256
1  3.5  1.75  0.01  0.01  0.44318215178901843  -0.07092433670337667  1.1367246654368597  14.751111100455613  1.0  0.72  0.272  0.008  0.737  0.263
1  3.5  1.75  0.01  0.01  0.39676439772604366  0.10776041955708376  1.597733540262647  15.04385730774481  1.0  0.72  0.271  0.009  0.731  0.269
1  3.5  1.75  0.01  0.01  0.5241905244461751  -0.1822679524906038  1.022230888876316  14.618434749764184  1.0  0.742  0.251  0.007  0.756  0.244
1  3.5  1.75  0.01  0.01  0.24447863887256202  -0.0005337539342607069  1.0624949280009677  14.928497422825316  1.0  0.629  0.359  0.011  0.641  0.359
1  3.5  1.75  0.01  0.01  0.4271521012933389  -0.05109212650373642  1.1265277768188988  14.749586177929606  1.0  0.715  0.277  0.009  0.731  0.269
1  3.5  1.75  0.01  0.01  0.4393360288450478  0.029573717700255898  1.0828120280487432  14.617848932006183  1.0  0.73  0.262  0.008  0.737  0.263
1  3.5  1.75  0.01  0.01  0.36328582132146175  0.1905073478554118  1.5976904011312862  14.836383094037146  1.0  0.714  0.277  0.009  0.724  0.276
1  3.5  1.75  0.01  0.01  0.4996482710486665  0.06115187881878268  1.152271176258497  14.610131520446727  1.0  0.76  0.233  0.007  0.782  0.218
1  3.5  1.75  0.01  0.01  0.4649015191216561  0.21499950042341828  1.0820090943110579  14.61968429728103  1.0  0.762  0.23  0.008  0.776  0.224
1  3.5  1.75  0.01  0.01  0.5294778777297444  -0.23494643441349994  1.413025204451891  14.567347640797474  1.0  0.739  0.254  0.007  0.731  0.269
1  3.5  1.75  0.01  0.01  0.326530973962712  0.10496720973385984  1.1821515819200115  14.755814442817542  1.0  0.685  0.305  0.01  0.692  0.308
1  3.5  1.75  0.01  0.01  0.42094959533465504  0.2265108378683321  1.192417504495718  14.648621163971983  1.0  0.745  0.246  0.008  0.763  0.237
1  3.5  1.75  0.01  0.01  0.3015355645138492  0.18436447778781043  0.9581237394419555  14.764806976219747  1.0  0.683  0.307  0.01  0.699  0.301
1  3.5  1.75  0.01  0.01  0.4262692652456321  0.24462360687586998  1.2165009730011558  14.698115147509288  1.0  0.749  0.243  0.008  0.769  0.231
1  3.5  1.75  0.01  0.01  0.4861747652460847  0.025020622170916905  0.999286011750951  14.645050204071909  1.0  0.751  0.242  0.007  0.776  0.224
1  3.5  1.75  0.01  0.01  0.35049680389988  0.014846375998508562  1.2267443996666323  14.74342210105389  1.0  0.685  0.305  0.01  0.692  0.308
1  3.5  1.75  0.01  0.01  0.554167879101888  0.04415483550889983  1.1727618839700973  14.551219481252655  1.0  0.78  0.213  0.006  0.808  0.192
1  3.5  1.75  0.01  0.01  0.4050572719378772  0.15499980352305792  1.6429989295931429  14.610256241002471  1.0  0.729  0.263  0.009  0.769  0.231
1  3.5  1.75  0.01  0.01  0.6013154043358437  -0.3046798224533566  1.0626478767002807  14.711062227662351  1.0  0.76  0.234  0.006  0.801  0.199
1  3.5  1.75  0.01  0.01  0.4399755804855835  0.027953549165401347  1.3123553005252615  14.685469742377567  1.0  0.73  0.261  0.008  0.744  0.256
1  3.5  1.75  0.01  0.01  0.3510261791530004  0.10808441655796285  1.1525502025102732  15.00479612874698  1.0  0.698  0.292  0.01  0.731  0.269
1  3.5  1.75  0.01  0.01  0.42939894082274266  0.39495719388614625  1.172186326564161  14.561005990850116  1.0  0.767  0.225  0.008  0.782  0.218
1  3.5  1.75  0.01  0.01  0.4160682543201982  0.16499534568049137  1.2466975409325824  14.599413165176246  1.0  0.735  0.257  0.008  0.744  0.256
1  3.5  1.75  0.01  0.01  0.40234415338155627  0.18699406263577756  1.3222691572476335  14.537928360145344  1.0  0.732  0.259  0.009  0.731  0.269
1  3.5  1.75  0.01  0.01  0.3605850972220783  0.02627774629822999  1.032500838979726  14.854784810990482  1.0  0.693  0.298  0.01  0.712  0.288
1  3.5  1.75  0.01  0.01  0.5572340172864922  -0.3914733680001073  1.1025319169736887  14.72829694482385  1.0  0.731  0.263  0.007  0.756  0.244
1  3.5  1.75  0.01  0.01  0.5867922433625485  -0.30331764567984  1.5473940729402886  14.510828163787343  1.0  0.754  0.239  0.006  0.75  0.25
1  3.5  1.75  0.01  0.01  0.48620503240214674  -0.18499984029434985  1.206996833183322  14.681041536469639  1.0  0.726  0.267  0.008  0.731  0.269
1  3.5  1.75  0.01  0.01  0.4760419689872769  0.2550396991515296  1.6124824862487128  14.723528654768737  1.0  0.773  0.22  0.007  0.788  0.212
1  3.5  1.75  0.01  0.01  0.42136361064564065  0.27370265919960557  1.316466004977299  14.61626840166682  1.0  0.75  0.242  0.008  0.763  0.237
1  3.5  1.75  0.01  0.01  0.49231043321311796  -0.3413441700974963  1.0829550963251933  14.82465722740214  1.0  0.708  0.284  0.008  0.737  0.263
1  3.5  1.75  0.01  0.01  0.407165112336513  0.21284636556819042  1.0192192133820797  14.741939489019373  1.0  0.737  0.255  0.008  0.763  0.237
1  3.5  1.75  0.01  0.01  0.4664721681214151  0.03381113372931625  1.222407967384946  14.596822136379009  1.0  0.742  0.25  0.008  0.75  0.25
1  3.5  1.75  0.01  0.01  0.49085734234859935  -0.07526145513270585  1.1739523040530722  14.65926043459508  1.0  0.74  0.253  0.007  0.756  0.244
1  3.5  1.75  0.01  0.01  0.3898916860815833  0.13584454669310103  1.1164755102344106  14.687611978573258  1.0  0.721  0.271  0.009  0.731  0.269
1  3.5  1.75  0.01  0.01  0.46374944323000145  0.008793147467184364  1.2767823429213547  14.628672502120217  1.0  0.739  0.254  0.008  0.75  0.25
1  3.5  1.75  0.01  0.01  0.43139835998536746  -0.12879287981139642  1.042339415559443  14.759986939465051  1.0  0.707  0.285  0.009  0.724  0.276
1  3.5  1.75  0.01  0.01  0.40186310963141364  0.0089256573988685  1.1123974913326726  14.865600851257504  1.0  0.71  0.281  0.009  0.737  0.263
1  3.5  1.75  0.01  0.01  0.5174238388780088  -0.1949774493526442  0.971146333505768  14.582720983786453  1.0  0.738  0.255  0.007  0.756  0.244
1  3.5  1.75  0.01  0.01  0.5294679980895387  -0.13675349764080685  0.8791712057145626  14.592662657920231  1.0  0.749  0.244  0.007  0.776  0.224
1  3.5  1.75  0.01  0.01  0.40785082454383437  -0.03897089114383547  1.5975610857512277  14.989332050121325  1.0  0.707  0.284  0.009  0.705  0.295
1  3.5  1.75  0.01  0.01  0.5240526946291177  -0.23462191172532376  1.0825062436307593  14.65703578113475  1.0  0.736  0.257  0.007  0.75  0.25
1  3.5  1.75  0.01  0.01  0.43360503392109095  -0.006473722858375277  1.1122692115186215  14.638740027036201  1.0  0.723  0.269  0.008  0.731  0.269
1  3.5  1.75  0.01  0.01  0.5806744282017599  -0.31317645514434667  1.0114699116674395  14.610346373862011  1.0  0.751  0.243  0.006  0.769  0.231
1  3.5  1.75  0.01  0.01  0.4893197525159787  -0.008338104965129566  1.7805065779482878  14.79307209847734  1.0  0.748  0.245  0.007  0.763  0.237
1  3.5  1.75  0.01  0.01  0.5133267094479785  -0.0499414928196997  1.2263022075958736  14.608256607370022  1.0  0.753  0.24  0.007  0.769  0.231
1  3.5  1.75  0.01  0.01  0.48138060657573456  -0.007955407996972617  1.2617077713548441  14.562935385728588  1.0  0.744  0.248  0.008  0.75  0.25
1  3.5  1.75  0.01  0.01  0.6382463474354945  -0.252315025177765  1.2019417797487135  14.378577753843807  1.0  0.781  0.214  0.005  0.782  0.218
1  3.5  1.75  0.01  0.01  0.6000604544339412  -0.11211235734916047  1.152471411516556  14.507064707523353  1.0  0.782  0.212  0.006  0.808  0.192
1  3.5  1.75  0.01  0.01  0.6952696073551081  -0.49411124905310616  1.4171667982050056  14.516297541398881  1.0  0.775  0.221  0.005  0.788  0.212
1  3.5  1.75  0.01  0.01  0.3525964239808224  0.2350072790606526  1.4215621344848761  14.808788299773965  1.0  0.715  0.275  0.009  0.731  0.269
1  3.5  1.75  0.01  0.01  0.49156372452141056  -0.04574953232789151  1.243427391060126  14.621842232899562  1.0  0.744  0.249  0.007  0.756  0.244
1  3.5  1.75  0.01  0.01  0.4321394544503767  0.1168155151357955  1.1525684697291558  14.752950464933834  1.0  0.738  0.254  0.008  0.763  0.237
1  3.5  1.75  0.01  0.01  0.6583285011419497  -0.44382692480269914  1.3265953749087107  14.475536735624564  1.0  0.766  0.229  0.005  0.776  0.224
1  3.5  1.75  0.01  0.01  0.4106408771746236  -0.07356400335991546  1.2226254689185188  14.711671455806085  1.0  0.704  0.287  0.009  0.712  0.288
1  3.5  1.75  0.01  0.01  0.340825167490175  0.2849997247880377  1.1229999319377206  14.653545836981516  1.0  0.714  0.276  0.009  0.737  0.263
1  3.5  1.75  0.01  0.01  0.5305198450350965  0.004008660533009013  1.1923036914195773  14.57005028368289  1.0  0.766  0.227  0.007  0.788  0.212
1  3.5  1.75  0.01  0.01  0.3813769169457021  -0.1345341294554666  1.413592170612233  15.034913207537516  1.0  0.682  0.308  0.009  0.692  0.308
1  3.5  1.75  0.01  0.01  0.6515880190063081  -0.3546137386866475  1.4131529785925778  14.900349828235461  1.0  0.774  0.22  0.005  0.788  0.212
1  3.5  1.75  0.01  0.01  0.3981468171094732  -0.0009460263522926666  1.1326199000041464  14.658632456594509  1.0  0.707  0.284  0.009  0.712  0.288
1  3.5  1.75  0.01  0.01  0.47362041491948653  0.07473097996237299  1.1010095001207651  14.601533318785624  1.0  0.75  0.242  0.008  0.763  0.237
1  3.5  1.75  0.01  0.01  0.4868015430327389  -0.16747757746710468  1.142217888806078  14.737164281880808  1.0  0.727  0.265  0.008  0.737  0.263
1  3.5  1.75  0.01  0.01  0.5146156898784533  4.4796636028363e-05  0.7424138990282196  14.574500323482589  1.0  0.76  0.233  0.007  0.788  0.212
1  3.5  1.75  0.01  0.01  0.4315913755558298  0.24048369421529264  1.1523265490136894  14.523010404901756  1.0  0.751  0.241  0.008  0.756  0.244
1  3.5  1.75  0.01  0.01  0.524933920876377  -0.18642338258930213  1.5477923972322274  14.715213174771085  1.0  0.742  0.251  0.007  0.731  0.269
1  3.5  1.75  0.01  0.01  0.4256456145973708  -0.031741025988920916  1.5976850702346632  14.769202379083794  1.0  0.716  0.275  0.009  0.718  0.282
1  3.5  1.75  0.01  0.01  0.5088684625775395  -0.06936102783730494  1.24644799114937  14.521682709338902  1.0  0.749  0.244  0.007  0.75  0.25
1  3.5  1.75  0.01  0.01  0.45112717620547693  -0.07066879041827734  0.9690630441061194  14.649255891236763  1.0  0.723  0.269  0.008  0.744  0.256
1  3.5  1.75  0.01  0.01  0.40565408568849637  0.07002024549996683  0.9643154628350306  14.78167867959534  1.0  0.719  0.272  0.009  0.75  0.25
1  3.5  1.75  0.01  0.01  0.5006416210944415  -0.08825259441873665  1.0722199382953286  14.569960523179594  1.0  0.743  0.25  0.007  0.75  0.25
1  3.5  1.75  0.01  0.01  0.5075857991695907  -0.338334966166961  0.8728446352025017  14.729131404357753  1.0  0.715  0.278  0.007  0.737  0.263
1  3.5  1.75  0.01  0.01  0.4599432987125519  -0.016388709226226792  0.9829250211457481  14.671872463984888  1.0  0.733  0.259  0.008  0.75  0.25
1  3.5  1.75  0.01  0.01  0.0818616636480804  0.7349999908330839  1.1511297421500704  14.961490848204539  1.0  0.642  0.346  0.012  0.718  0.282
1  3.5  1.75  0.01  0.01  0.5112722596768269  -0.22325581552351226  1.1627123746512316  14.6809210900603  1.0  0.732  0.261  0.007  0.75  0.25
1  3.5  1.75  0.01  0.01  0.5455080986244671  -0.1422852400197024  1.1324027975063689  14.485404312400737  1.0  0.756  0.237  0.007  0.756  0.244
1  3.5  1.75  0.01  0.01  0.37720474988362873  0.03384669917611455  1.0085676778138268  14.71056154117287  1.0  0.701  0.29  0.009  0.712  0.288
1  3.5  1.75  0.01  0.01  0.3840365711077854  -0.16499580912228853  1.1650008611902958  14.865013533264122  1.0  0.68  0.311  0.009  0.712  0.288
1  3.5  1.75  0.01  0.01  0.3124567673509073  0.23365957549927707  1.29261743579844  14.695684320175266  1.0  0.694  0.296  0.01  0.699  0.301
1  3.5  1.75  0.01  0.01  0.28743166265688636  0.5549987798257728  1.1120018087579324  14.899491793908556  1.0  0.722  0.268  0.01  0.788  0.212
1  3.5  1.75  0.01  0.01  0.4499820085587009  -0.11434372196266507  1.2365830340878352  14.706888011140578  1.0  0.718  0.274  0.008  0.731  0.269
1  3.5  1.75  0.01  0.01  0.47047076592284853  -0.18228333302807265  1.2563252006913945  14.638399300012733  1.0  0.718  0.274  0.008  0.724  0.276
1  3.5  1.75  0.01  0.01  0.465994081005463  0.025212413940454693  1.0825651681566748  14.691048189539137  1.0  0.742  0.25  0.008  0.763  0.237
1  3.5  1.75  0.01  0.01  0.5067365527561365  -0.008265537713864238  1.7806230995358234  14.920894022331726  1.0  0.755  0.238  0.007  0.763  0.237
1  3.5  1.75  0.01  0.01  0.47953694881467046  0.10395462480606465  1.1324505350476315  14.466633193933657  1.0  0.756  0.236  0.007  0.756  0.244
1  3.5  1.75  0.01  0.01  0.4985752420696549  -0.09595291356510086  1.5215158216257476  14.577134405375906  1.0  0.741  0.252  0.007  0.744  0.256
1  3.5  1.75  0.01  0.01  0.5142740352602522  -0.09607952801494643  1.0926217306602248  14.51855598484779  1.0  0.748  0.245  0.007  0.756  0.244
1  3.5  1.75  0.01  0.01  0.48709512163571167  0.07974159956866225  1.4217846535218253  14.409470535701862  1.0  0.757  0.236  0.007  0.744  0.256
1  3.5  1.75  0.01  0.01  0.5472265831274674  -0.190583709950589  1.2464153907535631  14.542998732267169  1.0  0.751  0.242  0.007  0.763  0.237
1  3.5  1.75  0.01  0.01  0.5172389342651551  0.036853692341534156  1.7804150475630758  14.476420367033079  1.0  0.765  0.228  0.007  0.744  0.256
1  3.5  1.75  0.01  0.01  0.3445318995189717  0.12048176364185553  1.0526521323097353  14.823346327753224  1.0  0.696  0.294  0.01  0.712  0.288
1  3.5  1.75  0.01  0.01  0.40728761481613884  -0.1257191635826903  1.0724140266131397  14.877240314465297  1.0  0.695  0.296  0.009  0.718  0.282
1  3.5  1.75  0.01  0.01  0.3517606559980198  -0.08716117751842123  1.166348671800559  14.916516030965832  1.0  0.673  0.317  0.01  0.692  0.308
1  3.5  1.75  0.01  0.01  0.40452973573629547  0.2634817100892271  1.2029703844540027  14.520598957183301  1.0  0.742  0.25  0.008  0.744  0.256
1  3.5  1.75  0.01  0.01  0.5243720075026199  0.03319197030709704  1.112421121593208  14.54037797129753  1.0  0.767  0.226  0.007  0.782  0.218
1  3.5  1.75  0.01  0.01  0.5110165214042742  0.002748994721668227  1.7816619515705814  14.919095137664298  1.0  0.758  0.235  0.007  0.769  0.231
1  3.5  1.75  0.01  0.01  0.3862673694494122  0.0013954038984760144  0.9973985729065437  14.726967616813244  1.0  0.701  0.289  0.009  0.718  0.282
1  3.5  1.75  0.01  0.01  0.5715321471014917  -0.07499609106536688  1.7149898262233827  14.947256741648324  1.0  0.775  0.219  0.006  0.756  0.244
1  3.5  1.75  0.01  0.01  0.48225816180025644  0.1910878345168765  2.015650633566379  15.53950868922851  1.0  0.767  0.225  0.007  0.763  0.237
1  3.5  1.75  0.01  0.01  0.4961060006285447  -0.35494107845347034  1.2062567135852975  14.677129924659292  1.0  0.708  0.284  0.008  0.718  0.282
1  3.5  1.75  0.01  0.01  0.59228031013392  -0.044999205365939945  1.5989997745806575  14.467155269932373  1.0  0.787  0.208  0.006  0.776  0.224
1  3.5  1.75  0.01  0.01  0.3366048024600029  0.3749980396561168  1.1920089268640195  14.787286736538308  1.0  0.723  0.267  0.009  0.744  0.256
1  3.5  1.75  0.01  0.01  0.4829011545453235  -0.04856876839226945  1.1525677003766117  14.68105423321099  1.0  0.74  0.252  0.008  0.763  0.237
1  3.5  1.75  0.01  0.01  0.3568224305785263  0.30364647540289325  1.1026649259852694  14.722268359864984  1.0  0.724  0.266  0.009  0.737  0.263
1  3.5  1.75  0.01  0.01  0.3760583671833101  0.12498594231307641  1.0994712252487793  14.820272787424647  1.0  0.712  0.279  0.009  0.737  0.263
1  3.5  1.75  0.01  0.01  0.3878495024479346  0.08500130527696331  1.2965567210703113  14.696939398285707  1.0  0.713  0.278  0.009  0.724  0.276
1  3.5  1.75  0.01  0.01  0.1526668625326858  0.7449988454201477  1.2297125333164836  14.663211132719956  1.0  0.68  0.309  0.011  0.75  0.25
