0  5  2.25  0.01  0.01  0.8983857528107454  1.38746119556924  14.763704252468182  14.763704252468182  1.0  0.847  0.143  0.01  0.8  0.2  0.8  0.2
0  5  2.25  0.01  0.01  0.7659318850267011  0.8035387633347506  14.506248698326086  14.506248698326086  1.0  0.809  0.178  0.014  0.8  0.2  0.8  0.2
0  5  2.25  0.01  0.01  1.0708462164086512  2.071679806445754  18.184188575248037  18.184188575248037  1.0  0.887  0.107  0.006  0.8  0.2  0.8  0.2
0  5  2.25  0.01  0.01  1.015811541602685  1.8729110759866578  16.262407898179546  16.262407898179546  1.0  0.875  0.117  0.007  0.8  0.2  0.8  0.2
0  5  2.25  0.01  0.01  0.7179193820700437  0.5406964189846339  14.616679116033346  14.616679116033346  1.0  0.793  0.192  0.015  0.8  0.2  0.8  0.2
0  5  2.25  0.01  0.01  0.7426743111286587  0.6795198236313403  14.55459922219969  14.55459922219969  1.0  0.801  0.184  0.014  0.8  0.2  0.8  0.2
0  5  2.25  0.01  0.01  1.079619282760396  2.13725717480782  19.473953199023562  19.473953199023562  1.0  0.889  0.105  0.006  0.8  0.2  0.8  0.2
0  5  2.25  0.01  0.01  0.8604907537382321  1.2409363439900383  14.491569824840292  14.491569824840292  1.0  0.837  0.152  0.011  0.8  0.2  0.8  0.2
0  5  2.25  0.01  0.01  0.9468384243332482  1.6096771837991097  15.299606319552153  15.299606319552153  1.0  0.859  0.132  0.009  0.8  0.2  0.8  0.2
0  5  2.25  0.01  0.01  0.8530942750974104  1.2068395783455563  14.473780333443932  14.473780333443932  1.0  0.835  0.154  0.011  0.8  0.2  0.8  0.2
0  5  2.25  0.01  0.01  1.1142316910491636  2.357522319910031  23.058675298039965  23.058675298039965  1.0  0.896  0.099  0.005  0.8  0.2  0.8  0.2
0  5  2.25  0.01  0.01  0.7894966621514039  0.91888385362309  14.470385453564042  14.470385453564042  1.0  0.816  0.171  0.013  0.8  0.2  0.8  0.2
0  5  2.25  0.01  0.01  0.7417757324529172  0.6746384052149832  14.556387938195943  14.556387938195943  1.0  0.801  0.185  0.014  0.8  0.2  0.8  0.2
0  5  2.25  0.01  0.01  0.914329667138947  1.49549934426321  15.150089553136443  15.150089553136443  1.0  0.851  0.139  0.01  0.8  0.2  0.8  0.2
0  5  2.25  0.01  0.01  0.8934887960437248  1.4188601408701143  15.106054233916588  15.106054233916588  1.0  0.846  0.144  0.01  0.8  0.2  0.8  0.2
0  5  2.25  0.01  0.01  0.7255594284629504  0.585675387906023  14.595269902187606  14.595269902187606  1.0  0.796  0.189  0.015  0.8  0.2  0.8  0.2
0  5  2.25  0.01  0.01  1.0284598893634433  1.910930319213463  16.41922559054725  16.41922559054725  1.0  0.878  0.115  0.007  0.8  0.2  0.8  0.2
0  5  2.25  0.01  0.01  0.697938355488427  0.41924400931699723  14.67475460089051  14.67475460089051  1.0  0.787  0.198  0.016  0.8  0.2  0.8  0.2
0  5  2.25  0.01  0.01  0.7217689809814307  0.5610914466231782  14.60597876119644  14.60597876119644  1.0  0.795  0.19  0.015  0.8  0.2  0.8  0.2
0  5  2.25  0.01  0.01  0.6988104233835452  0.42488107607011216  14.671851607631885  14.671851607631885  1.0  0.787  0.197  0.016  0.8  0.2  0.8  0.2
0  5  2.25  0.01  0.01  0.801742148664319  0.9802620013684619  14.456662366748498  14.456662366748498  1.0  0.82  0.168  0.013  0.8  0.2  0.8  0.2
0  5  2.25  0.01  0.01  0.9009378865048622  1.3960566910477912  14.816236372314851  14.816236372314851  1.0  0.848  0.142  0.01  0.8  0.2  0.8  0.2
0  5  2.25  0.01  0.01  0.7191476702063453  0.5490158972105805  14.612328709014383  14.612328709014383  1.0  0.794  0.191  0.015  0.8  0.2  0.8  0.2
0  5  2.25  0.01  0.01  0.7730863781119808  0.8405086387773144  14.493609397583985  14.493609397583985  1.0  0.811  0.176  0.013  0.8  0.2  0.8  0.2
0  5  2.25  0.01  0.01  0.6924047103320454  0.3848426491314259  14.691699274826536  14.691699274826536  1.0  0.785  0.199  0.016  0.8  0.2  0.8  0.2
0  5  2.25  0.01  0.01  0.8678483535845969  1.2676899192097126  14.515524563899046  14.515524563899046  1.0  0.839  0.151  0.011  0.8  0.2  0.8  0.2
0  5  2.25  0.01  0.01  0.7923632131056532  0.9341357824969841  14.46665913167461  14.46665913167461  1.0  0.817  0.17  0.013  0.8  0.2  0.8  0.2
0  5  2.25  0.01  0.01  0.7436348712363056  0.6859218548420914  14.551606210962143  14.551606210962143  1.0  0.802  0.184  0.014  0.8  0.2  0.8  0.2
0  5  2.25  0.01  0.01  0.8370294889286559  1.1385120857666553  14.451925763920563  14.451925763920563  1.0  0.83  0.158  0.012  0.8  0.2  0.8  0.2
0  5  2.25  0.01  0.01  0.7983048549336825  0.9636631296171162  14.460400814007611  14.460400814007611  1.0  0.819  0.169  0.013  0.8  0.2  0.8  0.2
1  5  2.25  0.01  0.01  0.7705618237656784  1.6987813812791135  17.7634718081733  17.7634718081733  1.0  0.81  0.176  0.013  0.728  0.272  0.728  0.272
1  5  2.25  0.01  0.01  0.5964066171570752  0.8224192583611316  14.688623654768207  14.688623654768207  1.0  0.751  0.231  0.019  0.728  0.272  0.728  0.272
1  5  2.25  0.01  0.01  0.6946589198719295  1.3699504270163423  14.993552975774815  14.993552975774815  1.0  0.786  0.199  0.016  0.728  0.272  0.728  0.272
1  5  2.25  0.01  0.01  0.6217123432773273  0.9780987706880321  14.673149298260665  14.673149298260665  1.0  0.76  0.222  0.018  0.728  0.272  0.728  0.272
1  5  2.25  0.01  0.01  0.8435825072968463  2.086396598909596  21.283250754618763  21.283250754618763  1.0  0.832  0.157  0.011  0.728  0.272  0.728  0.272
1  5  2.25  0.01  0.01  0.5956239246023093  0.8175719030421815  14.690100158652053  14.690100158652053  1.0  0.75  0.231  0.019  0.728  0.272  0.728  0.272
1  5  2.25  0.01  0.01  0.6092623522335129  0.9067475473117698  14.675918189864895  14.675918189864895  1.0  0.755  0.226  0.018  0.728  0.272  0.728  0.272
1  5  2.25  0.01  0.01  0.6966480800388615  1.3780785401101576  15.020288499205607  15.020288499205607  1.0  0.786  0.198  0.016  0.728  0.272  0.728  0.272
1  5  2.25  0.01  0.01  0.5510167709846401  0.5064355652610777  14.787774923561251  14.787774923561251  1.0  0.733  0.246  0.02  0.728  0.272  0.728  0.272
1  5  2.25  0.01  0.01  0.5819715155722146  0.7289255277311137  14.711313812354986  14.711313812354986  1.0  0.745  0.236  0.019  0.728  0.272  0.728  0.272
1  5  2.25  0.01  0.01  0.5741644684524907  0.6748498599939969  14.727409618068728  14.727409618068728  1.0  0.742  0.238  0.019  0.728  0.272  0.728  0.272
1  5  2.25  0.01  0.01  0.6968691403509096  1.3799043063851304  15.020167386784031  15.020167386784031  1.0  0.786  0.198  0.016  0.728  0.272  0.728  0.272
1  5  2.25  0.01  0.01  0.7235250435983914  1.5048630441471886  15.600288054429367  15.600288054429367  1.0  0.795  0.19  0.015  0.728  0.272  0.728  0.272
1  5  2.25  0.01  0.01  0.5609448213752929  0.5806243484467233  14.759522945360297  14.759522945360297  1.0  0.737  0.243  0.02  0.728  0.272  0.728  0.272
1  5  2.25  0.01  0.01  0.7966577315445421  1.9185592420264324  19.64000558329131  19.64000558329131  1.0  0.818  0.169  0.013  0.728  0.272  0.728  0.272
1  5  2.25  0.01  0.01  0.8436443182870969  2.1426723464300457  22.24363116849616  22.24363116849616  1.0  0.832  0.157  0.011  0.728  0.272  0.728  0.272
1  5  2.25  0.01  0.01  0.8081230866973248  1.9049869545199984  19.262224895833004  19.262224895833004  1.0  0.822  0.166  0.012  0.728  0.272  0.728  0.272
1  5  2.25  0.01  0.01  0.6915594604251077  1.356627155389313  14.955191751507947  14.955191751507947  1.0  0.785  0.2  0.016  0.728  0.272  0.728  0.272
1  5  2.25  0.01  0.01  0.8016353772089491  1.879124927008019  18.998688713069566  18.998688713069566  1.0  0.82  0.168  0.013  0.728  0.272  0.728  0.272
1  5  2.25  0.01  0.01  0.6685272373468546  1.2391323050106064  14.77771994207782  14.77771994207782  1.0  0.777  0.207  0.016  0.728  0.272  0.728  0.272
1  5  2.25  0.01  0.01  0.7640387561254648  1.674451460357145  17.687772398139433  17.687772398139433  1.0  0.808  0.178  0.014  0.728  0.272  0.728  0.272
1  5  2.25  0.01  0.01  0.5353519742842746  0.38131028951088575  14.838850676149429  14.838850676149429  1.0  0.727  0.252  0.021  0.728  0.272  0.728  0.272
1  5  2.25  0.01  0.01  0.5399358485885917  0.4209431843153655  14.822628368041116  14.822628368041116  1.0  0.729  0.25  0.02  0.728  0.272  0.728  0.272
1  5  2.25  0.01  0.01  0.8175511659334953  2.228263012789158  23.74599252880204  23.74599252880204  1.0  0.824  0.163  0.012  0.728  0.272  0.728  0.272
1  5  2.25  0.01  0.01  0.6776463599742533  1.2865067128501924  14.830011934172587  14.830011934172587  1.0  0.78  0.204  0.016  0.728  0.272  0.728  0.272
1  5  2.25  0.01  0.01  0.5783989348761392  0.7022814982958038  14.718803994683007  14.718803994683007  1.0  0.744  0.237  0.019  0.728  0.272  0.728  0.272
1  5  2.25  0.01  0.01  0.6101729223229203  0.908567411068228  14.676003469984403  14.676003469984403  1.0  0.756  0.226  0.018  0.728  0.272  0.728  0.272
1  5  2.25  0.01  0.01  0.5960886602379838  0.8221150884563304  14.688623731425636  14.688623731425636  1.0  0.751  0.231  0.019  0.728  0.272  0.728  0.272
1  5  2.25  0.01  0.01  0.5708021662790659  0.6493592268852599  14.735486188986327  14.735486188986327  1.0  0.741  0.239  0.019  0.728  0.272  0.728  0.272
1  5  2.25  0.01  0.01  0.5396413359853451  0.4177765510943622  14.823988785829698  14.823988785829698  1.0  0.729  0.251  0.02  0.728  0.272  0.728  0.272
------------------------------------------------------------------------------------------------------------------------------------------------------------
0  5  2.25  0.01  0.01  1.2073418186993492  2.576315025512106  24.942706039861392  35.07286021057014  1.0  0.912  0.084  0.004  0.811  0.189  0.75  0.25
0  5  2.25  0.01  0.01  1.1350141243876166  2.2889440728108754  21.550877709047263  21.13969653216771  1.0  0.9  0.095  0.005  0.811  0.189  0.75  0.25
0  5  2.25  0.01  0.01  0.7688102150615361  0.48317039484953345  14.557031994605838  15.048800197531595  1.0  0.81  0.177  0.014  0.822  0.178  0.7  0.3
0  5  2.25  0.01  0.01  0.8054379644820606  1.4077003893240734  14.531143856393488  17.690322535929234  1.0  0.821  0.167  0.012  0.778  0.222  0.9  0.1
0  5  2.25  0.01  0.01  1.1201116566989249  1.7820161489262423  16.25156202872628  15.058492641249563  1.0  0.897  0.098  0.005  0.811  0.189  0.75  0.25
0  5  2.25  0.01  0.01  0.7517819298808076  0.5882957750814687  14.503570935805586  15.004524741322962  1.0  0.804  0.182  0.014  0.8  0.2  0.8  0.2
0  5  2.25  0.01  0.01  0.829218723771679  1.2419942682997163  14.557236629441395  14.195049045622408  1.0  0.828  0.16  0.012  0.789  0.211  0.85  0.15
0  5  2.25  0.01  0.01  0.6939091736403097  0.3899218710049674  14.684714063036573  14.71185520006964  1.0  0.785  0.199  0.016  0.8  0.2  0.8  0.2
0  5  2.25  0.01  0.01  1.0914981956602805  2.4789016633097263  25.879640589927405  17.101374179545314  1.0  0.891  0.103  0.006  0.789  0.211  0.85  0.15
0  5  2.25  0.01  0.01  0.7421822432750934  0.6719837638859784  14.56138004857854  14.53805025203745  1.0  0.801  0.184  0.014  0.8  0.2  0.8  0.2
0  5  2.25  0.01  0.01  0.8783805658706223  1.1430522899525666  14.396974523972208  14.717852932333809  1.0  0.842  0.148  0.011  0.8  0.2  0.8  0.2
0  5  2.25  0.01  0.01  0.8211724969029413  1.0854399055761432  14.482808970636185  14.28804219487873  1.0  0.825  0.162  0.012  0.8  0.2  0.8  0.2
0  5  2.25  0.01  0.01  0.7372083441644368  0.868536827464329  14.436467610368338  14.707887506393476  1.0  0.8  0.186  0.014  0.767  0.233  0.95  0.05
0  5  2.25  0.01  0.01  0.9222704058460768  1.1940768623200941  14.381109009093631  14.889105644737967  1.0  0.853  0.137  0.009  0.822  0.178  0.7  0.3
0  5  2.25  0.01  0.01  0.7420510514782249  0.5716993725801321  14.582327334463756  14.688651777678098  1.0  0.801  0.184  0.014  0.811  0.189  0.75  0.25
0  5  2.25  0.01  0.01  0.6659377643958418  0.4015233110400768  14.66527721273267  14.766314767548002  1.0  0.776  0.208  0.017  0.778  0.222  0.9  0.1
0  5  2.25  0.01  0.01  1.0919253771844575  2.3938835958491107  24.45942187991648  18.081124835217025  1.0  0.891  0.103  0.006  0.789  0.211  0.85  0.15
0  5  2.25  0.01  0.01  1.144535129717151  2.2389469949627743  20.70312269765731  20.13576425336995  1.0  0.901  0.094  0.005  0.811  0.189  0.75  0.25
0  5  2.25  0.01  0.01  0.7474602232875371  0.47127632811004866  14.612027733542947  14.820725642781317  1.0  0.803  0.183  0.014  0.822  0.178  0.7  0.3
0  5  2.25  0.01  0.01  0.8175723856302638  1.1352490563604871  14.373345259941907  14.80716352646228  1.0  0.824  0.163  0.012  0.789  0.211  0.85  0.15
0  5  2.25  0.01  0.01  0.9330138376370444  1.051879874398681  14.261967303434519  15.330353550267684  1.0  0.856  0.135  0.009  0.822  0.178  0.7  0.3
0  5  2.25  0.01  0.01  1.1227899176806448  1.7094893022633766  16.035527232436102  15.440648053907356  1.0  0.897  0.097  0.005  0.822  0.178  0.7  0.3
0  5  2.25  0.01  0.01  0.9488844486426342  1.6974606315481213  15.272922641393704  17.13368527760008  1.0  0.86  0.131  0.009  0.8  0.2  0.8  0.2
0  5  2.25  0.01  0.01  1.237864186360766  2.6362350710340934  28.71687319363146  30.972435886135646  1.0  0.917  0.079  0.004  0.811  0.189  0.75  0.25
0  5  2.25  0.01  0.01  0.7000062079739854  0.6083631651783731  14.627991348243553  14.396231190648084  1.0  0.787  0.197  0.016  0.789  0.211  0.85  0.15
0  5  2.25  0.01  0.01  0.8382405657742383  1.471028433130526  15.301596004483917  14.381916316555433  1.0  0.83  0.158  0.012  0.789  0.211  0.85  0.15
0  5  2.25  0.01  0.01  1.0940004820767821  2.144568945113295  20.20400721519945  16.51620205838075  1.0  0.892  0.102  0.006  0.789  0.211  0.85  0.15
0  5  2.25  0.01  0.01  0.7503574856992791  0.5939026052339204  14.52314663203542  14.904427988088383  1.0  0.804  0.182  0.014  0.8  0.2  0.8  0.2
0  5  2.25  0.01  0.01  0.7237600131405985  0.5748227599831911  14.606797445019165  14.571719533040232  1.0  0.795  0.19  0.015  0.8  0.2  0.8  0.2
0  5  2.25  0.01  0.01  0.833546055584637  0.48494159567003914  14.448541963065908  15.587921917723813  1.0  0.829  0.159  0.012  0.844  0.156  0.6  0.4
1  5  2.25  0.01  0.01  0.7009709483566392  2.630631399750575  33.503131828320434  17.800491974998522  1.0  0.788  0.197  0.016  0.702  0.298  0.85  0.15
1  5  2.25  0.01  0.01  0.4973903963130599  0.4037084086341861  14.882345330535498  14.592511826731798  1.0  0.712  0.266  0.022  0.713  0.287  0.8  0.2
1  5  2.25  0.01  0.01  0.5841719847259181  0.8284226540997257  14.694149481855387  14.657724679052402  1.0  0.746  0.235  0.019  0.723  0.277  0.75  0.25
1  5  2.25  0.01  0.01  0.5941869600631567  0.5081276324007642  14.725342718190083  15.08219732006771  1.0  0.75  0.231  0.019  0.745  0.255  0.65  0.35
1  5  2.25  0.01  0.01  0.5213758900901851  0.46884671034515046  14.865227062985541  14.510251019212308  1.0  0.722  0.257  0.021  0.723  0.277  0.75  0.25
1  5  2.25  0.01  0.01  0.5080128294421375  0.4244810966747023  14.840054926326227  14.736702065029501  1.0  0.716  0.262  0.021  0.713  0.287  0.8  0.2
1  5  2.25  0.01  0.01  0.7015809987118988  1.4582631046740504  15.55705557280328  14.263995356355661  1.0  0.788  0.197  0.015  0.734  0.266  0.7  0.3
1  5  2.25  0.01  0.01  0.6380624838434563  1.4715656517320168  15.598134832555091  14.436197742121132  1.0  0.766  0.217  0.017  0.691  0.309  0.9  0.1
1  5  2.25  0.01  0.01  0.4998224584375223  0.4519239976218474  14.878372324469737  14.493974043027436  1.0  0.713  0.265  0.022  0.713  0.287  0.8  0.2
1  5  2.25  0.01  0.01  0.5666472183505016  0.6826183175341237  14.718702713884868  14.75423765696936  1.0  0.739  0.241  0.02  0.723  0.277  0.75  0.25
1  5  2.25  0.01  0.01  0.532028404662981  0.5678820380581449  14.744772977774598  14.860028562653872  1.0  0.726  0.253  0.021  0.713  0.287  0.8  0.2
1  5  2.25  0.01  0.01  0.5227129773936274  0.5554052339737059  14.872681834967146  14.286018881428515  1.0  0.722  0.257  0.021  0.723  0.277  0.75  0.25
1  5  2.25  0.01  0.01  0.612817901704014  1.135836707281838  14.771739599411957  14.392529370727994  1.0  0.757  0.225  0.018  0.713  0.287  0.8  0.2
1  5  2.25  0.01  0.01  0.636699244139142  1.188394608197663  14.591673434697617  15.414753852151236  1.0  0.765  0.217  0.017  0.713  0.287  0.8  0.2
1  5  2.25  0.01  0.01  0.5351382656768581  0.8475079817091812  14.746913851532915  14.409240100899387  1.0  0.727  0.252  0.021  0.702  0.298  0.85  0.15
1  5  2.25  0.01  0.01  0.49549560057080555  0.4480408470246346  14.891236838445487  14.442740801130412  1.0  0.711  0.267  0.022  0.713  0.287  0.8  0.2
1  5  2.25  0.01  0.01  0.8762711984197586  2.0030621317251214  20.77779025576841  18.852824364998988  1.0  0.841  0.148  0.011  0.745  0.255  0.65  0.35
1  5  2.25  0.01  0.01  0.5579073476259907  1.1344613025033465  14.777313506899894  14.383613713526234  1.0  0.736  0.244  0.02  0.691  0.309  0.9  0.1
1  5  2.25  0.01  0.01  1.0040153989688563  2.647718597984107  32.304662469203095  23.823033414149773  1.0  0.873  0.12  0.008  0.755  0.245  0.6  0.4
1  5  2.25  0.01  0.01  0.5751700357264258  1.195137908706122  14.901603208541683  14.000583159931168  1.0  0.743  0.238  0.019  0.713  0.287  0.8  0.2
1  5  2.25  0.01  0.01  0.6289447021798169  1.03614493092115  14.668101215076925  14.716827414716425  1.0  0.763  0.22  0.018  0.723  0.277  0.75  0.25
1  5  2.25  0.01  0.01  0.5214453256824076  0.5241028658175725  14.787484760386652  14.75280405343457  1.0  0.722  0.257  0.021  0.713  0.287  0.8  0.2
1  5  2.25  0.01  0.01  0.617013579276675  1.1103628872780025  14.68106462562654  14.764988395281742  1.0  0.758  0.224  0.018  0.713  0.287  0.8  0.2
1  5  2.25  0.01  0.01  0.5244058539999601  0.5222237960063552  14.854107925014185  14.442450254981233  1.0  0.723  0.256  0.021  0.723  0.277  0.75  0.25
1  5  2.25  0.01  0.01  0.6956307466105603  1.1279430723242936  14.611290989104981  15.138889829655406  1.0  0.786  0.198  0.016  0.745  0.255  0.65  0.35
1  5  2.25  0.01  0.01  0.7555284245129607  2.4695255406919165  28.107845640756118  20.912232568749126  1.0  0.806  0.181  0.014  0.702  0.298  0.85  0.15
1  5  2.25  0.01  0.01  0.6150672450704969  0.6018421186328059  14.68561441389705  15.073317916534313  1.0  0.758  0.224  0.018  0.745  0.255  0.65  0.35
1  5  2.25  0.01  0.01  0.7058327838664125  1.2521780841061105  14.786371119676414  14.807407658117985  1.0  0.789  0.195  0.015  0.745  0.255  0.65  0.35
1  5  2.25  0.01  0.01  0.6255621363635099  1.291415898460818  14.904664621437604  14.543723998186255  1.0  0.761  0.221  0.018  0.713  0.287  0.8  0.2
1  5  2.25  0.01  0.01  0.7744718333069371  1.9528488704423619  20.804025173833164  16.603298912588798  1.0  0.811  0.175  0.013  0.723  0.277  0.75  0.25
------------------------------------------------------------------------------------------------------------------------------------------------------------------------------
0  5  2.25  0.01  0.01  0.9388202532080847  -0.5625150348899315  0.6858502105581893  14.485340270581165  14.712672992969932  1.0  0.82  0.17  0.01  0.833  0.167  0.65  0.35
0  5  2.25  0.01  0.01  0.5720385111497927  0.9794041232479802  1.069310488845417  14.479926693791969  14.826860771787528  1.0  0.815  0.168  0.017  0.8  0.2  0.8  0.2
0  5  2.25  0.01  0.01  1.4880418152100658  -0.8892307728270681  2.5590176143097567  28.287743096162465  21.536617770663675  1.0  0.912  0.086  0.002  0.8  0.2  0.8  0.2
0  5  2.25  0.01  0.01  1.0386909439564074  -0.15302440680602913  1.4012212258937635  14.752152908302564  15.260882569672848  1.0  0.872  0.121  0.007  0.811  0.189  0.75  0.25
0  5  2.25  0.01  0.01  0.48807045345934724  0.8360774456316467  0.4553491984301271  14.795800866992451  14.810079848876327  1.0  0.777  0.204  0.02  0.789  0.211  0.85  0.15
0  5  2.25  0.01  0.01  1.1763238177541007  -0.3907378697520383  2.1050972789041773  19.350169274012575  19.70774298197829  1.0  0.887  0.108  0.005  0.8  0.2  0.8  0.2
0  5  2.25  0.01  0.01  1.2154981785550973  -0.2464792637043407  2.2451613754125512  21.795270358426684  16.49247402746739  1.0  0.902  0.094  0.004  0.811  0.189  0.75  0.25
0  5  2.25  0.01  0.01  0.6500049338418332  0.23729729772325991  0.4094111907362842  14.678089503961264  14.858443612110642  1.0  0.789  0.195  0.016  0.8  0.2  0.8  0.2
0  5  2.25  0.01  0.01  0.7292228373962683  0.4172351870501476  0.9991069940996599  14.445950913794313  14.651419842389453  1.0  0.826  0.16  0.014  0.811  0.189  0.75  0.25
0  5  2.25  0.01  0.01  0.7890432618026626  -0.13940756223195372  0.5538380461459717  14.544570400773013  14.841019770976752  1.0  0.806  0.181  0.013  0.811  0.189  0.75  0.25
0  5  2.25  0.01  0.01  1.0841675844662515  0.16578557175600017  2.4455767839173714  23.738672124036828  23.74288189199265  1.0  0.898  0.096  0.006  0.811  0.189  0.75  0.25
0  5  2.25  0.01  0.01  1.108310864103306  -0.26401990750568727  1.991751552670718  16.69993012563379  18.54428603272124  1.0  0.881  0.113  0.006  0.789  0.211  0.85  0.15
0  5  2.25  0.01  0.01  1.026778842260073  -0.484199079662303  1.0810479966145243  14.367901229482218  14.868441896131111  1.0  0.849  0.144  0.008  0.811  0.189  0.75  0.25
0  5  2.25  0.01  0.01  1.1399490483835761  -0.10971639480789896  1.9369898190628005  14.94311573240484  23.843007337977237  1.0  0.895  0.1  0.005  0.8  0.2  0.8  0.2
0  5  2.25  0.01  0.01  0.7451480374860878  0.5942048291141988  1.928336203640251  16.831149608443624  14.493591928283143  1.0  0.842  0.145  0.013  0.789  0.211  0.85  0.15
0  5  2.25  0.01  0.01  1.1509255059020593  -0.47303950973588194  1.5977630300025294  15.49899184265877  14.702247765874441  1.0  0.877  0.117  0.005  0.811  0.189  0.75  0.25
0  5  2.25  0.01  0.01  1.0143586008203467  -0.8164347802900724  0.5373987998203673  14.401995597116805  15.419342112525873  1.0  0.821  0.171  0.008  0.833  0.167  0.65  0.35
0  5  2.25  0.01  0.01  0.9026112982751672  -0.5704395817166272  0.6526590531914915  14.467455717692804  14.843583167543818  1.0  0.808  0.181  0.011  0.811  0.189  0.75  0.25
0  5  2.25  0.01  0.01  0.595750075783194  0.40154827053475173  0.46076939555707025  14.694623842573838  14.77803439281413  1.0  0.782  0.201  0.018  0.789  0.211  0.85  0.15
0  5  2.25  0.01  0.01  1.0551638807172072  -0.741256286726439  1.1176771652384931  14.496771894931204  14.443032439647714  1.0  0.838  0.155  0.007  0.811  0.189  0.75  0.25
0  5  2.25  0.01  0.01  1.482432009787597  -0.8380810151748483  2.477205379675196  24.04012996558185  28.07725104995411  1.0  0.914  0.084  0.002  0.833  0.167  0.65  0.35
0  5  2.25  0.01  0.01  0.7790835415991911  0.34030931910795226  0.9885896298632674  14.389758857944392  14.88887262232473  1.0  0.836  0.152  0.012  0.822  0.178  0.7  0.3
0  5  2.25  0.01  0.01  0.9342185892912198  -0.7163621225752388  0.7212931267567035  14.513897643037843  14.505135486268504  1.0  0.806  0.184  0.01  0.8  0.2  0.8  0.2
0  5  2.25  0.01  0.01  0.5552368429768783  0.7853717078739202  0.6975256616837933  14.653185468144228  14.69166613073148  1.0  0.796  0.186  0.018  0.8  0.2  0.8  0.2
0  5  2.25  0.01  0.01  0.7425211126413246  -0.25248657164864197  0.3718565513774952  14.696976948466222  14.565444485838091  1.0  0.783  0.203  0.015  0.8  0.2  0.8  0.2
0  5  2.25  0.01  0.01  0.5295521720559846  0.9522346953933545  0.5836927902474051  14.696262090103126  15.02336644399901  1.0  0.799  0.183  0.018  0.811  0.189  0.75  0.25
0  5  2.25  0.01  0.01  0.6909082661877727  -0.01962633664920932  0.5093939219513158  14.664249641188624  14.473826839830384  1.0  0.783  0.201  0.016  0.789  0.211  0.85  0.15
0  5  2.25  0.01  0.01  0.9555883458201535  -0.6206414560180558  1.0544247213711375  14.46179210259808  14.472618901428373  1.0  0.82  0.171  0.01  0.778  0.222  0.9  0.1
0  5  2.25  0.01  0.01  0.9642452443893021  -0.24170897835423788  1.8794434111827578  16.78433112231253  14.458120839196562  1.0  0.849  0.143  0.009  0.767  0.233  0.95  0.05
0  5  2.25  0.01  0.01  0.7974390087617012  -0.27832082745640885  0.4091312953431523  14.59148209034894  14.937014819430974  1.0  0.798  0.189  0.013  0.811  0.189  0.75  0.25
1  5  2.25  0.01  0.01  0.6859770000234237  -0.04244696713218854  0.9885271858665411  14.593622683719925  15.046611706983217  1.0  0.78  0.204  0.016  0.745  0.255  0.65  0.35
1  5  2.25  0.01  0.01  0.8093709159954962  -0.14222716438510719  2.5964437629680384  30.41711821959626  30.17304965836974  1.0  0.812  0.175  0.013  0.713  0.287  0.8  0.2
1  5  2.25  0.01  0.01  0.4126172872729406  0.9339023120513932  1.2973076996563058  14.85436817959651  15.314571811146745  1.0  0.756  0.223  0.021  0.734  0.266  0.7  0.3
1  5  2.25  0.01  0.01  0.5779956161902388  -0.06591296912037192  0.40959464950277424  14.780405913967176  15.010392533048224  1.0  0.738  0.243  0.019  0.734  0.266  0.7  0.3
1  5  2.25  0.01  0.01  0.7790433695867954  0.1465845661079863  1.7025776020856906  18.371025997064475  14.889240250267013  1.0  0.823  0.164  0.013  0.734  0.266  0.7  0.3
1  5  2.25  0.01  0.01  0.6336554824247158  0.22759772876331574  1.513778993816806  15.959010314460771  14.345335318479055  1.0  0.782  0.201  0.017  0.723  0.277  0.75  0.25
1  5  2.25  0.01  0.01  1.2685182861168396  -0.9974783047571756  2.129625761353066  24.03358814204317  15.787322469648917  1.0  0.868  0.128  0.004  0.734  0.266  0.7  0.3
1  5  2.25  0.01  0.01  0.5846026555926942  -0.06369516666304453  0.9899262779923442  14.776569186031915  14.181414694034405  1.0  0.741  0.239  0.019  0.713  0.287  0.8  0.2
1  5  2.25  0.01  0.01  0.34911026590760014  0.8659682897505434  0.9967135927442713  14.82953577446741  14.58069740768055  1.0  0.726  0.25  0.023  0.713  0.287  0.8  0.2
1  5  2.25  0.01  0.01  0.47186209659280715  0.5876831232100239  0.7938497674990472  14.65860723278452  15.285256967188781  1.0  0.751  0.228  0.021  0.734  0.266  0.7  0.3
1  5  2.25  0.01  0.01  0.7615247425022503  -0.8917456656107219  0.5801601818916515  14.767744670914121  14.559221442267804  1.0  0.735  0.25  0.015  0.723  0.277  0.75  0.25
1  5  2.25  0.01  0.01  0.5898258152303999  0.31627232086813506  1.5284956383303288  16.026462132187135  15.230772684544192  1.0  0.774  0.208  0.018  0.713  0.287  0.8  0.2
1  5  2.25  0.01  0.01  0.48662460482460346  0.2437088449311573  0.9234522497915751  14.830673465694577  14.07235673211001  1.0  0.728  0.25  0.021  0.713  0.287  0.8  0.2
1  5  2.25  0.01  0.01  0.4163045433222332  0.873110119684487  2.511677274662494  28.408060726760812  26.635315425272218  1.0  0.752  0.226  0.022  0.723  0.277  0.75  0.25
1  5  2.25  0.01  0.01  0.6965549780872512  -0.3006319732565168  0.9718172554885601  14.61953121504097  14.854926883604037  1.0  0.763  0.221  0.016  0.723  0.277  0.75  0.25
1  5  2.25  0.01  0.01  0.716595300908063  0.1653986996630914  1.9428091364618298  20.07182337259132  19.606819080140422  1.0  0.805  0.18  0.015  0.734  0.266  0.7  0.3
1  5  2.25  0.01  0.01  0.5415502682246502  -0.06969515350536826  0.4122309633133913  14.84524848137445  14.697074357422412  1.0  0.724  0.256  0.021  0.723  0.277  0.75  0.25
1  5  2.25  0.01  0.01  0.63686728071259  -0.03436717457907412  0.7850812488491377  14.672399039109987  14.80466782908268  1.0  0.763  0.219  0.018  0.745  0.255  0.65  0.35
1  5  2.25  0.01  0.01  0.789891962870724  -0.6806923010765498  0.8675920950120556  14.67276297393192  14.633813177801196  1.0  0.763  0.223  0.014  0.734  0.266  0.7  0.3
1  5  2.25  0.01  0.01  0.4447164191708575  0.38793681634959465  0.45291799149513073  14.839922952591328  14.948861226209274  1.0  0.724  0.253  0.022  0.723  0.277  0.75  0.25
1  5  2.25  0.01  0.01  0.9510735503815643  -0.3946128609469304  2.382300426178559  25.85111779724439  23.80212169252037  1.0  0.835  0.155  0.009  0.723  0.277  0.75  0.25
1  5  2.25  0.01  0.01  0.4710339722163262  0.8209817509196287  2.493967850484107  27.02460483923659  31.60830834422843  1.0  0.769  0.211  0.02  0.713  0.287  0.8  0.2
1  5  2.25  0.01  0.01  0.8346694499263125  -0.9414764564175349  0.7853003507659697  14.678118682237386  14.72102335572979  1.0  0.756  0.231  0.013  0.723  0.277  0.75  0.25
1  5  2.25  0.01  0.01  0.6248763296501587  -0.22880088208214788  0.9877628692110476  14.66219160658465  14.686783657529404  1.0  0.742  0.239  0.018  0.691  0.309  0.9  0.1
1  5  2.25  0.01  0.01  0.6234954975124612  0.040709201577860066  1.4424572498207016  15.425814126031094  14.356198645971352  1.0  0.764  0.218  0.018  0.713  0.287  0.8  0.2
1  5  2.25  0.01  0.01  0.537546196591833  0.1755488611197049  0.387796625468917  14.80676549729764  15.105860637470723  1.0  0.743  0.237  0.02  0.745  0.255  0.65  0.35
1  5  2.25  0.01  0.01  0.6603893022101298  -0.2510308395695191  0.8720653442674041  14.698655683979027  14.516146477084224  1.0  0.754  0.229  0.017  0.723  0.277  0.75  0.25
1  5  2.25  0.01  0.01  0.6832255256784323  0.06410110975676653  2.466524939170562  25.439368134937453  33.02454075715914  1.0  0.786  0.198  0.016  0.713  0.287  0.8  0.2
1  5  2.25  0.01  0.01  0.7372093879823788  0.7554248589227188  2.2906604052896644  24.380672680833452  23.717787240672898  1.0  0.85  0.137  0.013  0.766  0.234  0.55  0.45
1  5  2.25  0.01  0.01  0.5340455409824665  0.33023457927380284  0.7301483107524834  14.720247794757164  14.876912213070312  1.0  0.754  0.226  0.02  0.745  0.255  0.65  0.35
