0  3.5  1.75  0.01  0.01  [0.79714203 0.79990388]  1.1268892339362877  16.025001015065644  16.025001015065644  1.0  0.884  0.077  0.04  0.885  0.115  0.885  0.115
0  3.5  1.75  0.01  0.01  [ 1.69637988 -0.21449054]  2.261594345822662  29.48902267006034  29.48902267006034  1.0  0.971  0.025  0.004  0.885  0.115  0.885  0.115
0  3.5  1.75  0.01  0.01  [0.89515836 0.37634261]  0.8594870371670552  14.792040691550222  14.792040691550222  1.0  0.879  0.084  0.038  0.885  0.115  0.885  0.115
0  3.5  1.75  0.01  0.01  [0.6434524 0.9573242]  0.6856935669820765  13.806747570643632  13.806747570643632  1.0  0.853  0.097  0.05  0.885  0.115  0.885  0.115
0  3.5  1.75  0.01  0.01  [0.64299862 0.97694488]  0.713648445256989  13.837890341221797  13.837890341221797  1.0  0.855  0.096  0.05  0.885  0.115  0.885  0.115
0  3.5  1.75  0.01  0.01  [ 1.32185476 -0.20726602]  1.35166474403068  17.81798932938222  17.81798932938222  1.0  0.93  0.055  0.015  0.885  0.115  0.885  0.115
0  3.5  1.75  0.01  0.01  [1.01000721 0.97756538]  2.45449031826378  31.99177929976424  31.99177929976424  1.0  0.938  0.04  0.022  0.885  0.115  0.885  0.115
0  3.5  1.75  0.01  0.01  [ 1.74678608 -0.06922588]  2.4808061803372623  33.32134170014173  33.32134170014173  1.0  0.978  0.019  0.003  0.885  0.115  0.885  0.115
0  3.5  1.75  0.01  0.01  [ 1.05764269 -0.39020627]  0.47143475822486397  13.650022574678468  13.650022574678468  1.0  0.861  0.106  0.033  0.885  0.115  0.885  0.115
0  3.5  1.75  0.01  0.01  [ 1.29891335 -0.04384083]  1.4921522005642667  19.52316931399483  19.52316931399483  1.0  0.935  0.049  0.015  0.885  0.115  0.885  0.115
0  3.5  1.75  0.01  0.01  [ 1.13314917 -0.46333169]  0.6050027375256979  13.71266913470331  13.71266913470331  1.0  0.874  0.098  0.028  0.885  0.115  0.885  0.115
0  3.5  1.75  0.01  0.01  [0.67339289 0.80662891]  0.5823096413734323  13.76382809821868  13.76382809821868  1.0  0.85  0.1  0.05  0.885  0.115  0.885  0.115
0  3.5  1.75  0.01  0.01  [ 1.22379253 -0.68521513]  0.624184066822855  13.780324340054245  13.780324340054245  1.0  0.876  0.1  0.024  0.885  0.115  0.885  0.115
0  3.5  1.75  0.01  0.01  [0.90750365 0.47016543]  0.9948428375829136  14.867692907478627  14.867692907478627  1.0  0.888  0.076  0.035  0.885  0.115  0.885  0.115
0  3.5  1.75  0.01  0.01  [0.66892567 0.76320321]  0.48999854752755306  13.787492628296006  13.787492628296006  1.0  0.844  0.104  0.052  0.885  0.115  0.885  0.115
0  3.5  1.75  0.01  0.01  [0.83921718 0.93865671]  1.8651823853290572  26.503500132376146  26.503500132376146  1.0  0.903  0.063  0.034  0.885  0.115  0.885  0.115
0  3.5  1.75  0.01  0.01  [ 1.41507037 -0.9771186 ]  0.8497499134847298  14.982645415205488  14.982645415205488  1.0  0.891  0.095  0.015  0.885  0.115  0.885  0.115
0  3.5  1.75  0.01  0.01  [ 1.09129196 -0.17530151]  0.8116602089048671  14.790782534850122  14.790782534850122  1.0  0.886  0.085  0.029  0.885  0.115  0.885  0.115
0  3.5  1.75  0.01  0.01  [0.88402979 0.6556251 ]  1.2010440692859838  16.073694940813084  16.073694940813084  1.0  0.895  0.07  0.035  0.885  0.115  0.885  0.115
0  3.5  1.75  0.01  0.01  [ 2.02249236 -0.38944144]  2.7012070447267753  38.33834998011068  38.33834998011068  1.0  0.983  0.016  0.001  0.885  0.115  0.885  0.115
0  3.5  1.75  0.01  0.01  [1.45096917 0.23704437]  2.5386077025327047  35.814423650097005  35.814423650097005  1.0  0.965  0.027  0.008  0.885  0.115  0.885  0.115
0  3.5  1.75  0.01  0.01  [0.74770503 0.52717547]  0.4879175076700553  13.72830641724134  13.72830641724134  1.0  0.849  0.103  0.049  0.885  0.115  0.885  0.115
0  3.5  1.75  0.01  0.01  [0.99713589 0.36789119]  1.1690201933109017  16.077728618689196  16.077728618689196  1.0  0.903  0.068  0.03  0.885  0.115  0.885  0.115
0  3.5  1.75  0.01  0.01  [0.84991267 0.33714919]  0.6141584947519695  13.686303762852987  13.686303762852987  1.0  0.863  0.094  0.042  0.885  0.115  0.885  0.115
0  3.5  1.75  0.01  0.01  [0.75666518 0.57343894]  0.5757226326982697  13.711105030878421  13.711105030878421  1.0  0.855  0.098  0.047  0.885  0.115  0.885  0.115
0  3.5  1.75  0.01  0.01  [ 1.31392493 -0.39794094]  1.1427750338143012  16.239393379416363  16.239393379416363  1.0  0.917  0.066  0.017  0.885  0.115  0.885  0.115
0  3.5  1.75  0.01  0.01  [ 1.65667501 -0.80316146]  1.4396595498733338  19.053801468995744  19.053801468995744  1.0  0.941  0.053  0.006  0.885  0.115  0.885  0.115
0  3.5  1.75  0.01  0.01  [ 1.06398822 -0.15785997]  0.706016686292609  13.822721953397128  13.822721953397128  1.0  0.881  0.088  0.031  0.885  0.115  0.885  0.115
0  3.5  1.75  0.01  0.01  [ 1.42136751 -0.87365885]  0.9390265561674108  15.091715704729046  15.091715704729046  1.0  0.902  0.084  0.014  0.885  0.115  0.885  0.115
0  3.5  1.75  0.01  0.01  [0.81980428 0.61086925]  0.9021473592968552  14.807743129639302  14.807743129639302  1.0  0.876  0.084  0.041  0.885  0.115  0.885  0.115
1  3.5  1.75  0.01  0.01  [0.39927429 0.13474684]  0.5774441902717165  14.504797973914878  14.504797973914878  1.0  0.666  0.244  0.089  0.696  0.304  0.696  0.304
1  3.5  1.75  0.01  0.01  [0.42089972 0.23999478]  1.074181473772024  15.056029077515511  15.056029077515511  1.0  0.69  0.224  0.086  0.696  0.304  0.696  0.304
1  3.5  1.75  0.01  0.01  [0.55176662 0.17420987]  2.282599843858721  32.77839539308364  32.77839539308364  1.0  0.74  0.186  0.074  0.696  0.304  0.696  0.304
1  3.5  1.75  0.01  0.01  [0.21613388 0.70867345]  0.6244592497154035  14.642915857889697  14.642915857889697  1.0  0.655  0.251  0.094  0.696  0.304  0.696  0.304
1  3.5  1.75  0.01  0.01  [0.18959307 0.7713741 ]  0.5082381694884659  14.540090780146448  14.540090780146448  1.0  0.651  0.254  0.095  0.696  0.304  0.696  0.304
1  3.5  1.75  0.01  0.01  [ 0.81552312 -0.74776521]  1.1448007405423646  15.357900397788097  15.357900397788097  1.0  0.739  0.203  0.058  0.696  0.304  0.696  0.304
1  3.5  1.75  0.01  0.01  [ 0.56511386 -0.50418176]  0.3763920732587165  14.463719377656371  14.463719377656371  1.0  0.662  0.258  0.081  0.696  0.304  0.696  0.304
1  3.5  1.75  0.01  0.01  [0.1377096  0.92249972]  0.39634114259773473  14.605913007832322  14.605913007832322  1.0  0.647  0.258  0.095  0.696  0.304  0.696  0.304
1  3.5  1.75  0.01  0.01  [0.16910285 0.83127619]  0.47629607543123753  14.557079158987737  14.557079158987737  1.0  0.65  0.256  0.095  0.696  0.304  0.696  0.304
1  3.5  1.75  0.01  0.01  [ 0.73703103 -0.88988631]  0.6739652015784366  15.025102442516127  15.025102442516127  1.0  0.686  0.248  0.066  0.696  0.304  0.696  0.304
1  3.5  1.75  0.01  0.01  [ 0.50445765 -0.233977  ]  0.5139760279406898  14.459008674921755  14.459008674921755  1.0  0.669  0.247  0.084  0.696  0.304  0.696  0.304
1  3.5  1.75  0.01  0.01  [0.1922906  0.86666449]  2.491799745280541  34.476724992954686  34.476724992954686  1.0  0.666  0.242  0.092  0.696  0.304  0.696  0.304
1  3.5  1.75  0.01  0.01  [ 1.13733988 -0.97759094]  1.8019031060892432  23.758633079683232  23.758633079683232  1.0  0.823  0.146  0.031  0.696  0.304  0.696  0.304
1  3.5  1.75  0.01  0.01  [0.65020413 0.03176015]  1.7557708392893465  22.164719636680324  22.164719636680324  1.0  0.765  0.169  0.066  0.696  0.304  0.696  0.304
1  3.5  1.75  0.01  0.01  [0.22703864 0.73944661]  1.013667837583548  15.06255907549725  15.06255907549725  1.0  0.665  0.243  0.093  0.696  0.304  0.696  0.304
1  3.5  1.75  0.01  0.01  [ 0.70989896 -0.90506005]  0.47586941955452516  14.55276018838323  14.55276018838323  1.0  0.671  0.26  0.069  0.696  0.304  0.696  0.304
1  3.5  1.75  0.01  0.01  [0.15291526 0.9933911 ]  1.3729612230141144  17.291835066078107  17.291835066078107  1.0  0.664  0.244  0.092  0.696  0.304  0.696  0.304
1  3.5  1.75  0.01  0.01  [ 0.57944893 -0.309415  ]  0.8472969263256511  14.94272263296562  14.94272263296562  1.0  0.694  0.229  0.078  0.696  0.304  0.696  0.304
1  3.5  1.75  0.01  0.01  [0.21800392 0.65153412]  0.37224273899889226  14.539390808135455  14.539390808135455  1.0  0.648  0.257  0.095  0.696  0.304  0.696  0.304
1  3.5  1.75  0.01  0.01  [0.22743243 0.64757927]  0.5106762825263944  14.513234938181762  14.513234938181762  1.0  0.653  0.253  0.094  0.696  0.304  0.696  0.304
1  3.5  1.75  0.01  0.01  [0.60114287 0.18559098]  1.840918128591485  23.97616552377681  23.97616552377681  1.0  0.763  0.168  0.069  0.696  0.304  0.696  0.304
1  3.5  1.75  0.01  0.01  [ 0.52268396 -0.13832151]  0.861591004397944  14.936998582437681  14.936998582437681  1.0  0.689  0.229  0.081  0.696  0.304  0.696  0.304
1  3.5  1.75  0.01  0.01  [ 0.59565892 -0.40501474]  0.7575639865729118  14.949246234486223  14.949246234486223  1.0  0.688  0.235  0.077  0.696  0.304  0.696  0.304
1  3.5  1.75  0.01  0.01  [ 0.6304183  -0.52483714]  0.7461009256221045  14.96057564362543  14.96057564362543  1.0  0.689  0.236  0.075  0.696  0.304  0.696  0.304
1  3.5  1.75  0.01  0.01  [ 0.76475798 -0.26392917]  1.6950918348184854  21.064717484423966  21.064717484423966  1.0  0.778  0.164  0.058  0.696  0.304  0.696  0.304
1  3.5  1.75  0.01  0.01  [0.35442007 0.34655929]  0.8855592181352328  14.961363104187091  14.961363104187091  1.0  0.673  0.237  0.09  0.696  0.304  0.696  0.304
1  3.5  1.75  0.01  0.01  [0.13966444 0.97697682]  1.0407288980167553  15.142862173298123  15.142862173298123  1.0  0.657  0.25  0.093  0.696  0.304  0.696  0.304
1  3.5  1.75  0.01  0.01  [0.46959858 0.11871833]  1.0931086735048454  15.084135658973695  15.084135658973695  1.0  0.698  0.219  0.083  0.696  0.304  0.696  0.304
1  3.5  1.75  0.01  0.01  [0.23885135 0.62309212]  0.5363839480966465  14.516607845808185  14.516607845808185  1.0  0.654  0.252  0.094  0.696  0.304  0.696  0.304
1  3.5  1.75  0.01  0.01  [0.16622516 0.91440668]  1.0462439130474421  15.123871417620817  15.123871417620817  1.0  0.659  0.248  0.093  0.696  0.304  0.696  0.304
0  3.5  1.75  0.01  0.01  1.1841612216309492  1.2231982780904525  16.293575747799807  16.293575747799807  1.0  0.918  0.061  0.021  0.885  0.115  0.885  0.115
0  3.5  1.75  0.01  0.01  0.9973314470232697  0.6862021062963535  13.758608446435305  13.758608446435305  1.0  0.877  0.089  0.034  0.885  0.115  0.885  0.115
0  3.5  1.75  0.01  0.01  1.213735483582751  1.2812229191139701  16.53313893185856  16.53313893185856  1.0  0.923  0.057  0.019  0.885  0.115  0.885  0.115
0  3.5  1.75  0.01  0.01  0.9334188332610488  0.499307219291629  13.650381066868224  13.650381066868224  1.0  0.859  0.101  0.039  0.885  0.115  0.885  0.115
0  3.5  1.75  0.01  0.01  1.1359004376560258  1.126135485327362  16.10184869263104  16.10184869263104  1.0  0.909  0.067  0.024  0.885  0.115  0.885  0.115
0  3.5  1.75  0.01  0.01  1.097045540491427  0.9901838120016487  14.921860486967267  14.921860486967267  1.0  0.901  0.073  0.027  0.885  0.115  0.885  0.115
0  3.5  1.75  0.01  0.01  1.2899389337629352  1.4624239545732973  18.623509728116623  18.623509728116623  1.0  0.936  0.049  0.015  0.885  0.115  0.885  0.115
0  3.5  1.75  0.01  0.01  1.150198663625213  1.156324039913284  16.147850111711662  16.147850111711662  1.0  0.912  0.065  0.023  0.885  0.115  0.885  0.115
0  3.5  1.75  0.01  0.01  0.912167810294277  0.431449612799351  13.667097507005554  13.667097507005554  1.0  0.853  0.105  0.041  0.885  0.115  0.885  0.115
0  3.5  1.75  0.01  0.01  1.1496674462418839  1.104425902775517  15.445991780204434  15.445991780204434  1.0  0.912  0.065  0.023  0.885  0.115  0.885  0.115
0  3.5  1.75  0.01  0.01  0.8987377975243135  0.3861008215138708  13.681351909819108  13.681351909819108  1.0  0.849  0.108  0.042  0.885  0.115  0.885  0.115
0  3.5  1.75  0.01  0.01  1.1403316871318647  1.0859399209405096  15.277055052325899  15.277055052325899  1.0  0.91  0.067  0.024  0.885  0.115  0.885  0.115
0  3.5  1.75  0.01  0.01  1.039389829721212  0.8529001381582805  14.789282996458708  14.789282996458708  1.0  0.887  0.082  0.031  0.885  0.115  0.885  0.115
0  3.5  1.75  0.01  0.01  1.0001310974552673  0.6931752059591386  13.774802145085493  13.774802145085493  1.0  0.878  0.089  0.034  0.885  0.115  0.885  0.115
0  3.5  1.75  0.01  0.01  1.7559110350764582  2.7144537196210416  38.151487510229074  38.151487510229074  1.0  0.98  0.017  0.003  0.885  0.115  0.885  0.115
0  3.5  1.75  0.01  0.01  0.9656605629991867  0.5969449591675756  13.667758900515045  13.667758900515045  1.0  0.868  0.095  0.037  0.885  0.115  0.885  0.115
0  3.5  1.75  0.01  0.01  1.1324708826357004  1.1193974240526852  16.087691873620994  16.087691873620994  1.0  0.908  0.068  0.024  0.885  0.115  0.885  0.115
0  3.5  1.75  0.01  0.01  0.9239638434391811  0.4694885179347494  13.654895529087977  13.654895529087977  1.0  0.857  0.103  0.04  0.885  0.115  0.885  0.115
0  3.5  1.75  0.01  0.01  1.2188834415644367  1.2902198121641495  16.591492480094338  16.591492480094338  1.0  0.924  0.057  0.019  0.885  0.115  0.885  0.115
0  3.5  1.75  0.01  0.01  1.066916896196958  0.920684728877309  14.829561525516942  14.829561525516942  1.0  0.894  0.077  0.029  0.885  0.115  0.885  0.115
0  3.5  1.75  0.01  0.01  1.0444209360605965  0.8659898052783315  14.798993206776512  14.798993206776512  1.0  0.889  0.081  0.03  0.885  0.115  0.885  0.115
0  3.5  1.75  0.01  0.01  1.1710162316426607  1.1986946217108099  16.232236442312523  16.232236442312523  1.0  0.916  0.063  0.022  0.885  0.115  0.885  0.115
0  3.5  1.75  0.01  0.01  1.5923741463421608  2.3789636909636687  32.018785010678066  32.018785010678066  1.0  0.969  0.025  0.006  0.885  0.115  0.885  0.115
0  3.5  1.75  0.01  0.01  0.9012003663982208  0.3944084291931622  13.678257081016605  13.678257081016605  1.0  0.85  0.108  0.042  0.885  0.115  0.885  0.115
0  3.5  1.75  0.01  0.01  1.6372622261638694  2.513659089288361  35.13736061974856  35.13736061974856  1.0  0.973  0.023  0.005  0.885  0.115  0.885  0.115
0  3.5  1.75  0.01  0.01  1.234285712755434  1.3661501661388982  17.799721383816998  17.799721383816998  1.0  0.927  0.055  0.018  0.885  0.115  0.885  0.115
0  3.5  1.75  0.01  0.01  1.0207647707642415  0.8045853804201756  14.784160585651625  14.784160585651625  1.0  0.883  0.085  0.032  0.885  0.115  0.885  0.115
0  3.5  1.75  0.01  0.01  1.194765200442825  1.2448554682285582  16.36373205326303  16.36373205326303  1.0  0.92  0.059  0.02  0.885  0.115  0.885  0.115
0  3.5  1.75  0.01  0.01  1.308624078186586  1.6360316225671303  22.234668217715083  22.234668217715083  1.0  0.939  0.047  0.015  0.885  0.115  0.885  0.115
0  3.5  1.75  0.01  0.01  0.9602833150252258  0.5812715634161573  13.664794663085264  13.664794663085264  1.0  0.867  0.096  0.037  0.885  0.115  0.885  0.115
1  3.5  1.75  0.01  0.01  0.4460686510949893  0.6828936936262321  14.959222161417884  14.959222161417884  1.0  0.672  0.242  0.087  0.696  0.304  0.696  0.304
1  3.5  1.75  0.01  0.01  0.6494019379056496  1.7082255128717747  21.048690875520126  21.048690875520126  1.0  0.761  0.172  0.067  0.696  0.304  0.696  0.304
1  3.5  1.75  0.01  0.01  0.4190505333868408  0.41476378660974006  14.445621228714568  14.445621228714568  1.0  0.659  0.252  0.089  0.696  0.304  0.696  0.304
1  3.5  1.75  0.01  0.01  0.459179417569017  0.7695012142026904  14.941099438906347  14.941099438906347  1.0  0.678  0.237  0.086  0.696  0.304  0.696  0.304
1  3.5  1.75  0.01  0.01  0.4225622604819052  0.44080297878267904  14.441335493647582  14.441335493647582  1.0  0.66  0.251  0.089  0.696  0.304  0.696  0.304
1  3.5  1.75  0.01  0.01  0.44535288765230635  0.6781758055282626  14.96054154591736  14.96054154591736  1.0  0.671  0.242  0.087  0.696  0.304  0.696  0.304
1  3.5  1.75  0.01  0.01  0.6436400096321787  2.305105263425085  32.99984160021051  32.99984160021051  1.0  0.759  0.174  0.067  0.696  0.304  0.696  0.304
1  3.5  1.75  0.01  0.01  0.465259207956357  0.8090649857800548  14.936979642142385  14.936979642142385  1.0  0.681  0.234  0.085  0.696  0.304  0.696  0.304
1  3.5  1.75  0.01  0.01  0.42037384319445853  0.4242802077068921  14.444873673601357  14.444873673601357  1.0  0.659  0.252  0.089  0.696  0.304  0.696  0.304
1  3.5  1.75  0.01  0.01  0.48600411177806424  0.9336376855536359  14.95144330700627  14.95144330700627  1.0  0.69  0.227  0.083  0.696  0.304  0.696  0.304
1  3.5  1.75  0.01  0.01  0.546324824649475  1.2451337555710056  15.636113227458681  15.636113227458681  1.0  0.718  0.205  0.077  0.696  0.304  0.696  0.304
1  3.5  1.75  0.01  0.01  0.4260506431448805  0.46834178300874496  14.443989500368716  14.443989500368716  1.0  0.662  0.249  0.089  0.696  0.304  0.696  0.304
1  3.5  1.75  0.01  0.01  0.49176035506451543  0.9660280450898051  14.963087510077727  14.963087510077727  1.0  0.693  0.224  0.083  0.696  0.304  0.696  0.304
1  3.5  1.75  0.01  0.01  0.5249594710769795  1.1433991672438073  15.19269354028638  15.19269354028638  1.0  0.708  0.213  0.079  0.696  0.304  0.696  0.304
1  3.5  1.75  0.01  0.01  0.6106429534316307  1.953114606356055  27.644150211133827  27.644150211133827  1.0  0.745  0.184  0.071  0.696  0.304  0.696  0.304
1  3.5  1.75  0.01  0.01  0.5565087303760347  1.3472604743580037  17.16334288260328  17.16334288260328  1.0  0.722  0.202  0.076  0.696  0.304  0.696  0.304
1  3.5  1.75  0.01  0.01  0.4305576681783179  0.5028339226843106  14.448269952595226  14.448269952595226  1.0  0.664  0.248  0.088  0.696  0.304  0.696  0.304
1  3.5  1.75  0.01  0.01  0.625926767531385  2.00895977247224  28.05092179259537  28.05092179259537  1.0  0.752  0.179  0.069  0.696  0.304  0.696  0.304
1  3.5  1.75  0.01  0.01  0.4563449307530679  0.7515747706395858  14.943556340992007  14.943556340992007  1.0  0.676  0.238  0.086  0.696  0.304  0.696  0.304
1  3.5  1.75  0.01  0.01  0.43853451341035726  0.5600449343198398  14.483684491979957  14.483684491979957  1.0  0.668  0.244  0.088  0.696  0.304  0.696  0.304
1  3.5  1.75  0.01  0.01  0.6332803755920328  1.650650399315916  20.45908778486825  20.45908778486825  1.0  0.755  0.177  0.069  0.696  0.304  0.696  0.304
1  3.5  1.75  0.01  0.01  0.6909223112095717  1.8427953842751366  24.161835330212902  24.161835330212902  1.0  0.778  0.16  0.063  0.696  0.304  0.696  0.304
1  3.5  1.75  0.01  0.01  0.4353343606841776  0.5378326321723605  14.468990390289157  14.468990390289157  1.0  0.666  0.246  0.088  0.696  0.304  0.696  0.304
1  3.5  1.75  0.01  0.01  0.6636356922892698  2.6153965617919974  37.21040908044334  37.21040908044334  1.0  0.767  0.168  0.065  0.696  0.304  0.696  0.304
1  3.5  1.75  0.01  0.01  0.6424307364315078  1.580663344581526  19.217201196729278  19.217201196729278  1.0  0.758  0.174  0.068  0.696  0.304  0.696  0.304
1  3.5  1.75  0.01  0.01  0.41668040489314884  0.3943032008817257  14.448087158286995  14.448087158286995  1.0  0.657  0.253  0.09  0.696  0.304  0.696  0.304
1  3.5  1.75  0.01  0.01  0.44762489681183865  0.6245344675887112  14.615124325349708  14.615124325349708  1.0  0.672  0.241  0.087  0.696  0.304  0.696  0.304
1  3.5  1.75  0.01  0.01  0.5418468244440389  1.2259536904493489  15.50209477927922  15.50209477927922  1.0  0.716  0.207  0.078  0.696  0.304  0.696  0.304
1  3.5  1.75  0.01  0.01  0.5595803401829581  1.3617132052834524  17.19540665158795  17.19540665158795  1.0  0.723  0.201  0.076  0.696  0.304  0.696  0.304
1  3.5  1.75  0.01  0.01  0.43213490446258085  0.5138058850200931  14.451179251646131  14.451179251646131  1.0  0.665  0.247  0.088  0.696  0.304  0.696  0.304
---------------------------------------------------------------------------------------------------------------------------------------------------------------
0  3.5  1.75  0.01  0.01  1.3103748601034815  1.3715275392879274  15.600267404415321  24.560710843492412  1.0  0.939  0.047  0.015  0.891  0.109  0.867  0.133
0  3.5  1.75  0.01  0.01  1.8459913644533517  2.615433081797977  41.105281345742924  25.237007898454188  1.0  0.984  0.014  0.002  0.913  0.087  0.8  0.2
0  3.5  1.75  0.01  0.01  1.0102528717557724  0.3943153251468889  13.428529380163456  14.49130276433509  1.0  0.88  0.087  0.033  0.891  0.109  0.867  0.133
0  3.5  1.75  0.01  0.01  1.507593805341944  1.8547672887575157  27.456924399777137  24.335748352936925  1.0  0.962  0.03  0.008  0.913  0.087  0.8  0.2
0  3.5  1.75  0.01  0.01  1.5517334419483628  1.3859605022952497  15.591943062685036  25.239963938399935  1.0  0.966  0.028  0.006  0.913  0.087  0.8  0.2
0  3.5  1.75  0.01  0.01  0.9776620293274945  0.6167318620905585  13.73464761344454  13.509120977439883  1.0  0.872  0.093  0.036  0.891  0.109  0.867  0.133
0  3.5  1.75  0.01  0.01  0.8856872905294844  0.3863560187789991  13.61136398819289  13.896661533397273  1.0  0.845  0.111  0.044  0.87  0.13  0.933  0.067
0  3.5  1.75  0.01  0.01  1.6160714917550667  1.4295939627414966  19.098558049703453  15.88352238834494  1.0  0.971  0.024  0.005  0.957  0.043  0.667  0.333
0  3.5  1.75  0.01  0.01  0.9832063377813123  0.6095593316305965  13.453134983610676  14.339176592665085  1.0  0.873  0.092  0.035  0.87  0.13  0.933  0.067
0  3.5  1.75  0.01  0.01  1.0754073098603794  0.3971010640603865  13.256443064593622  15.084700640226856  1.0  0.896  0.076  0.028  0.935  0.065  0.733  0.267
0  3.5  1.75  0.01  0.01  1.9073288365002956  2.3182110967470693  30.04522213177017  29.36824578579445  1.0  0.986  0.012  0.001  0.87  0.13  0.933  0.067
0  3.5  1.75  0.01  0.01  1.1544513323405639  0.7137957193064765  13.680336045181843  14.324110443852316  1.0  0.912  0.065  0.023  0.935  0.065  0.733  0.267
0  3.5  1.75  0.01  0.01  1.4266552038541327  1.454196926506504  16.784809010775927  24.076883162161213  1.0  0.954  0.036  0.01  0.87  0.13  0.933  0.067
0  3.5  1.75  0.01  0.01  1.5800981122067819  1.5934184010567132  22.59749815858964  19.639157186897705  1.0  0.968  0.026  0.006  0.913  0.087  0.8  0.2
0  3.5  1.75  0.01  0.01  0.9330587021845781  0.4027921160360854  13.569885705351668  14.002915214853749  1.0  0.859  0.101  0.039  0.87  0.13  0.933  0.067
0  3.5  1.75  0.01  0.01  1.0232846175165988  0.3748310270892433  13.322428731156188  14.86692181810535  1.0  0.883  0.085  0.032  0.913  0.087  0.8  0.2
0  3.5  1.75  0.01  0.01  1.8058119504336443  2.695864925118266  42.2206692198505  24.567920761159794  1.0  0.982  0.016  0.002  0.891  0.109  0.867  0.133
0  3.5  1.75  0.01  0.01  1.527532791542282  1.9906214880292434  27.28251901148805  29.359341465230145  1.0  0.964  0.029  0.007  0.913  0.087  0.8  0.2
0  3.5  1.75  0.01  0.01  1.4264540463944422  1.9103674181194688  24.983322242941387  35.389624025983366  1.0  0.954  0.036  0.01  0.87  0.13  0.933  0.067
0  3.5  1.75  0.01  0.01  1.5115289520588762  2.2756417869150507  29.44583053840577  29.531702917757766  1.0  0.962  0.03  0.007  0.87  0.13  0.933  0.067
0  3.5  1.75  0.01  0.01  1.2918896664595203  1.1154552638282995  16.566363347437253  14.6692572916249  1.0  0.936  0.048  0.015  0.891  0.109  0.867  0.133
0  3.5  1.75  0.01  0.01  1.031571524982975  0.5677246290050709  13.55511033285153  13.986963695918634  1.0  0.885  0.083  0.031  0.913  0.087  0.8  0.2
0  3.5  1.75  0.01  0.01  2.1924777437157013  2.689350866015388  34.87861492457471  47.02639617832865  1.0  0.993  0.007  0.0  0.913  0.087  0.8  0.2
0  3.5  1.75  0.01  0.01  1.1039352916948975  0.7633206312699757  14.08545002920756  13.803882576147851  1.0  0.902  0.072  0.026  0.891  0.109  0.867  0.133
0  3.5  1.75  0.01  0.01  1.0951189192314474  0.7976779560326899  13.406473706563716  19.02775353609234  1.0  0.9  0.073  0.027  0.891  0.109  0.867  0.133
0  3.5  1.75  0.01  0.01  1.6927800901389478  2.1647282510324843  28.594914023531913  30.05942791943697  1.0  0.976  0.02  0.004  0.913  0.087  0.8  0.2
0  3.5  1.75  0.01  0.01  1.131754977593619  0.7074437573663437  13.620364599230522  14.397842547122048  1.0  0.908  0.068  0.024  0.913  0.087  0.8  0.2
0  3.5  1.75  0.01  0.01  1.3782379576933372  1.6436414459213655  23.562739686655544  18.45996538306774  1.0  0.948  0.04  0.012  0.891  0.109  0.867  0.133
0  3.5  1.75  0.01  0.01  1.1816535576662826  0.9529495375688122  14.95284268573169  14.607400208280012  1.0  0.918  0.061  0.021  0.913  0.087  0.8  0.2
1  3.5  1.75  0.01  0.01  0.4858608153669257  1.141204146104153  15.47819817909752  14.064980366287394  1.0  0.69  0.227  0.083  0.681  0.319  0.75  0.25
1  3.5  1.75  0.01  0.01  0.41786920531524363  0.6662236343220903  15.132719641212299  14.32609300800634  1.0  0.658  0.252  0.089  0.681  0.319  0.75  0.25
1  3.5  1.75  0.01  0.01  0.5358373184485156  2.132295537071665  32.12789526404318  26.5294667776184  1.0  0.713  0.209  0.078  0.681  0.319  0.75  0.25
1  3.5  1.75  0.01  0.01  0.4189562759964684  0.4985894853387393  14.354319357908574  14.814147139448181  1.0  0.659  0.252  0.089  0.692  0.308  0.708  0.292
1  3.5  1.75  0.01  0.01  0.6534199872750904  2.0265025056989816  29.202858466155405  24.614621250114272  1.0  0.763  0.171  0.066  0.703  0.297  0.667  0.333
1  3.5  1.75  0.01  0.01  0.6090273459684096  2.6779503557408626  39.397691518428154  31.86710864319724  1.0  0.745  0.184  0.071  0.67  0.33  0.792  0.208
1  3.5  1.75  0.01  0.01  0.41014518546938117  0.39156931269734624  14.467607133713535  14.36553203271169  1.0  0.654  0.256  0.09  0.692  0.308  0.708  0.292
1  3.5  1.75  0.01  0.01  0.6589058843354461  2.2472778217121103  34.20480279505993  27.072125220642675  1.0  0.765  0.169  0.066  0.692  0.308  0.708  0.292
1  3.5  1.75  0.01  0.01  0.6847355576631516  2.4964703948638305  36.2137309947833  29.73456470227436  1.0  0.775  0.161  0.063  0.703  0.297  0.667  0.333
1  3.5  1.75  0.01  0.01  0.4301441595950869  0.5741551457106132  14.328009118989192  15.193128108809809  1.0  0.664  0.248  0.088  0.692  0.308  0.708  0.292
1  3.5  1.75  0.01  0.01  0.5254046035628331  0.9195925270269827  15.109180873332066  14.34002979501541  1.0  0.708  0.212  0.079  0.714  0.286  0.625  0.375
1  3.5  1.75  0.01  0.01  0.46803750302972635  1.0084143256641425  15.166170658705848  14.325145713679568  1.0  0.682  0.233  0.085  0.681  0.319  0.75  0.25
1  3.5  1.75  0.01  0.01  0.4240713054634693  0.373424762675598  14.48242177616623  14.322875082485139  1.0  0.661  0.25  0.089  0.703  0.297  0.667  0.333
1  3.5  1.75  0.01  0.01  0.40018816232832166  0.5128404807309206  14.51505007025182  14.216406644149226  1.0  0.649  0.26  0.091  0.681  0.319  0.75  0.25
1  3.5  1.75  0.01  0.01  0.3981853767777071  0.43306063296949227  14.446908729219448  14.417958188278035  1.0  0.648  0.26  0.091  0.681  0.319  0.75  0.25
1  3.5  1.75  0.01  0.01  0.5893754794663753  1.3450468828299507  16.948580632942104  17.958201610596458  1.0  0.736  0.191  0.073  0.703  0.297  0.667  0.333
1  3.5  1.75  0.01  0.01  0.6992685510766158  1.7559849115076338  22.234402114779723  22.003762572421028  1.0  0.781  0.157  0.062  0.703  0.297  0.667  0.333
1  3.5  1.75  0.01  0.01  0.5038868367640408  1.4225573900627346  17.452656135469933  17.163088023743725  1.0  0.698  0.22  0.082  0.67  0.33  0.792  0.208
1  3.5  1.75  0.01  0.01  0.4387081836518499  0.5319658298042097  14.536215371607389  14.17851468758551  1.0  0.668  0.244  0.088  0.703  0.297  0.667  0.333
1  3.5  1.75  0.01  0.01  0.6947671015824566  2.2964287149070612  32.65301025485689  34.03011898556303  1.0  0.779  0.159  0.062  0.714  0.286  0.625  0.375
1  3.5  1.75  0.01  0.01  0.44993516440153286  0.4542970049182969  14.419588404385362  14.544403624127758  1.0  0.673  0.24  0.087  0.703  0.297  0.667  0.333
1  3.5  1.75  0.01  0.01  0.555350130384568  1.6588241146327507  21.009768873942807  18.678525730587605  1.0  0.722  0.202  0.076  0.67  0.33  0.792  0.208
1  3.5  1.75  0.01  0.01  0.40800593579404865  0.687454691143538  15.172678947998692  14.149112870271379  1.0  0.653  0.256  0.09  0.681  0.319  0.75  0.25
1  3.5  1.75  0.01  0.01  0.7140360070583069  2.0313388056331525  28.39437425322452  28.137597166689876  1.0  0.787  0.153  0.06  0.703  0.297  0.667  0.333
1  3.5  1.75  0.01  0.01  0.3548779253042729  0.6933881977962273  15.241660628682803  13.915876954625725  1.0  0.627  0.278  0.095  0.659  0.341  0.833  0.167
1  3.5  1.75  0.01  0.01  0.6548884878965856  1.585335294889659  19.709921080301992  17.635966110468928  1.0  0.764  0.17  0.066  0.692  0.308  0.708  0.292
1  3.5  1.75  0.01  0.01  0.45655828782202157  0.7154408535842516  15.064046944226357  14.521101072781834  1.0  0.676  0.238  0.086  0.692  0.308  0.708  0.292
1  3.5  1.75  0.01  0.01  0.4454553189163976  0.5249419651787542  14.327780600966042  14.983962467581831  1.0  0.671  0.242  0.087  0.703  0.297  0.667  0.333
1  3.5  1.75  0.01  0.01  0.41308251314351857  0.39539196413190936  14.457382745146823  14.409037444353194  1.0  0.656  0.254  0.09  0.692  0.308  0.708  0.292
1  3.5  1.75  0.01  0.01  0.41786655983320964  0.5763739514128765  14.55325473537369  14.335594224480374  1.0  0.658  0.252  0.089  0.681  0.319  0.75  0.25
---------------------------------------------------------------------------------------------------------------------------------------------------------------------------------------
0  3.5  1.75  0.01  0.01  1.3710313781026917  -0.1245715394617676  1.604957684443272  25.523825596757305  29.638185063869788  1.0  0.942  0.046  0.013  0.87  0.13  0.933  0.067
0  3.5  1.75  0.01  0.01  1.116352155575437  -0.11530876797437287  0.6986663946506201  13.79672611654055  13.794968107365658  1.0  0.897  0.077  0.026  0.913  0.087  0.8  0.2
0  3.5  1.75  0.01  0.01  1.0018197206811679  -0.15555973821468794  0.6760696497813711  13.537987206476107  14.453390429542534  1.0  0.865  0.099  0.035  0.87  0.13  0.933  0.067
0  3.5  1.75  0.01  0.01  0.932188834175632  0.11569948801056468  0.502298383232568  13.4897950455186  14.1934261859429  1.0  0.869  0.093  0.038  0.891  0.109  0.867  0.133
0  3.5  1.75  0.01  0.01  1.2385957868755806  0.07499508175901876  1.0445364198844205  16.36190536961431  14.194885407849602  1.0  0.931  0.051  0.017  0.913  0.087  0.8  0.2
0  3.5  1.75  0.01  0.01  1.123332070893691  0.042183972227662736  1.0365155870667995  13.861881911975066  21.718362432190432  1.0  0.909  0.067  0.024  0.891  0.109  0.867  0.133
0  3.5  1.75  0.01  0.01  1.0223186226445016  -0.13207860629733698  0.6001276899418188  13.700697667515996  13.571785298202602  1.0  0.873  0.093  0.033  0.891  0.109  0.867  0.133
0  3.5  1.75  0.01  0.01  1.029014110132295  0.0056150711269349896  0.4287852359420174  13.462363057589041  14.35149984661694  1.0  0.886  0.083  0.031  0.935  0.065  0.733  0.267
0  3.5  1.75  0.01  0.01  1.0160002638209107  -0.14874588137398081  0.4150986787152712  13.564140372517969  13.962223631636194  1.0  0.87  0.096  0.034  0.891  0.109  0.867  0.133
0  3.5  1.75  0.01  0.01  1.3207368419030447  -0.1395877253652471  1.1368312795311004  16.254000149958273  22.029192915994784  1.0  0.933  0.052  0.015  0.891  0.109  0.867  0.133
0  3.5  1.75  0.01  0.01  1.526203674974928  -0.08397290293442189  1.4556232574464298  20.425607641491062  22.54306247414875  1.0  0.961  0.032  0.007  0.891  0.109  0.867  0.133
0  3.5  1.75  0.01  0.01  1.3505152161916503  0.10526492869574877  1.6006185966115674  19.638569171063594  46.85038646543611  1.0  0.949  0.039  0.012  0.891  0.109  0.867  0.133
0  3.5  1.75  0.01  0.01  1.457520924216193  0.10500654320529657  1.5335992852963216  23.089128563846693  22.52106674711832  1.0  0.961  0.03  0.009  0.891  0.109  0.867  0.133
0  3.5  1.75  0.01  0.01  0.9154902993311014  0.15843671747377303  0.5211114635994298  13.508189130651596  14.145582061087127  1.0  0.867  0.094  0.039  0.891  0.109  0.867  0.133
0  3.5  1.75  0.01  0.01  1.2010676904531055  0.14627129457921917  1.0199752977254497  16.226325008191694  14.192947043402558  1.0  0.929  0.052  0.019  0.891  0.109  0.867  0.133
0  3.5  1.75  0.01  0.01  0.9347864592156161  0.028010486533661977  0.56342404590957  13.53686357912023  14.024926378996495  1.0  0.862  0.099  0.039  0.87  0.13  0.933  0.067
0  3.5  1.75  0.01  0.01  1.2291727962903614  0.13624886765838728  1.5634453873492673  21.85571230027992  39.08267270764292  1.0  0.934  0.049  0.017  0.87  0.13  0.933  0.067
0  3.5  1.75  0.01  0.01  1.2999862478442668  -0.02208862463241487  1.1867844419465854  16.28229223175261  22.196160168868445  1.0  0.936  0.048  0.015  0.913  0.087  0.8  0.2
0  3.5  1.75  0.01  0.01  1.0405785605326066  0.07691265764157762  0.5675557644331883  13.308924680450609  14.77552700264235  1.0  0.893  0.077  0.03  0.913  0.087  0.8  0.2
0  3.5  1.75  0.01  0.01  1.0451641327496077  0.1662048589147721  0.6351279959907915  13.528066102436373  14.248238310250676  1.0  0.9  0.071  0.029  0.935  0.065  0.733  0.267
0  3.5  1.75  0.01  0.01  1.347438884414501  0.0030855719052686192  0.9873799694381782  13.222846327029552  23.410874706283177  1.0  0.944  0.043  0.013  0.935  0.065  0.733  0.267
0  3.5  1.75  0.01  0.01  1.140679065478415  -0.00907867018257108  0.46274407032345644  13.25946951032645  15.058308698839255  1.0  0.909  0.067  0.024  0.957  0.043  0.667  0.333
0  3.5  1.75  0.01  0.01  1.020796157363183  -0.186053189057918  0.4948029810919882  13.476912055079847  14.169580745135685  1.0  0.868  0.098  0.034  0.87  0.13  0.933  0.067
0  3.5  1.75  0.01  0.01  1.0253583478245092  -0.12814531344184327  0.508917012810062  13.630421495526017  13.700877702194862  1.0  0.874  0.093  0.033  0.913  0.087  0.8  0.2
0  3.5  1.75  0.01  0.01  1.4480306698514767  -0.19364319181588607  1.35106469993473  21.70198852410267  15.121220032282476  1.0  0.948  0.042  0.01  0.891  0.109  0.867  0.133
0  3.5  1.75  0.01  0.01  1.0073826386303473  0.08624258368332549  0.752021603136342  13.98445539776281  13.819788726350726  1.0  0.886  0.082  0.032  0.891  0.109  0.867  0.133
0  3.5  1.75  0.01  0.01  1.0338138103368342  0.006738193806012649  0.5522361374385557  13.479565014153822  14.222870887798333  1.0  0.887  0.082  0.031  0.891  0.109  0.867  0.133
0  3.5  1.75  0.01  0.01  1.1452133995768692  -0.18703299035973134  0.5883198433224711  13.5024353629169  14.225378017960422  1.0  0.898  0.077  0.025  0.891  0.109  0.867  0.133
--------------------------------------------------------------------------------------------------

0  3.5  1.75  0.01  0.01  1.2136434127729068  0.07887862883956354  0.9625778551303202  16.009454612135116  14.486494387425065  1.0  0.928  0.053  0.019  0.935  0.065  0.733  0.267
0  3.5  1.75  0.01  0.01  0.9034868911123435  0.195277805654266  0.4290384535314172  13.54094596269112  14.161218323585123  1.0  0.867  0.093  0.039  0.891  0.109  0.867  0.133
0  3.5  1.75  0.01  0.01  1.0058214013151194  -0.06178120305555668  0.43033404391813124  13.536997916079  14.054203438843818  1.0  0.874  0.092  0.034  0.913  0.087  0.8  0.2
0  3.5  1.75  0.01  0.01  1.0743806444423014  -0.08636918728408585  0.6973692138770418  13.400518950389495  14.981712141758344  1.0  0.889  0.082  0.029  0.891  0.109  0.867  0.133
0  3.5  1.75  0.01  0.01  1.0797771308680126  -0.09045294054634052  0.6327698407523955  13.644585334037245  13.885807025024777  1.0  0.89  0.081  0.029  0.913  0.087  0.8  0.2
0  3.5  1.75  0.01  0.01  0.9893574850251438  0.11349298766588783  0.4705181632573796  13.447018317311638  14.370278759262208  1.0  0.883  0.084  0.033  0.891  0.109  0.867  0.133
0  3.5  1.75  0.01  0.01  0.8983284736926509  0.13899336812551283  0.5672309752617153  13.538483613555751  14.034405567024173  1.0  0.861  0.098  0.041  0.87  0.13  0.933  0.067
0  3.5  1.75  0.01  0.01  1.0417214546313358  0.00395301104853002  0.6246450014858994  13.564014352925671  14.077969344250574  1.0  0.888  0.082  0.031  0.891  0.109  0.867  0.133
0  3.5  1.75  0.01  0.01  1.0165903127296907  0.0819113729094833  0.911117532242111  16.24273924569428  13.498631854027064  1.0  0.888  0.081  0.032  0.87  0.13  0.933  0.067
0  3.5  1.75  0.01  0.01  1.1717994277668573  -0.1461046469305054  0.4724999391064462  13.27300446986222  14.948237067941148  1.0  0.906  0.071  0.023  0.935  0.065  0.733  0.267
0  3.5  1.75  0.01  0.01  1.1246883557303122  -0.1537109476338011  0.5121274099794552  13.423510188221194  14.406331566998242  1.0  0.896  0.078  0.026  0.913  0.087  0.8  0.2
0  3.5  1.75  0.01  0.01  1.2198937181928222  -0.056698928451178826  0.8879076496670243  13.365964149156381  22.400661022762844  1.0  0.921  0.059  0.019  0.913  0.087  0.8  0.2
0  3.5  1.75  0.01  0.01  1.118260118120447  0.0955965299332237  0.7776948535131469  13.960029372633059  14.409693785480167  1.0  0.911  0.064  0.024  0.913  0.087  0.8  0.2
0  3.5  1.75  0.01  0.01  0.8813877473547291  0.08627043306166177  0.47973085967903  13.742009806741374  13.411459926899113  1.0  0.852  0.105  0.043  0.891  0.109  0.867  0.133
0  3.5  1.75  0.01  0.01  1.0275219618445537  0.02936448247392165  0.8115885220628842  13.51021746710557  21.751798770671865  1.0  0.887  0.082  0.031  0.87  0.13  0.933  0.067
0  3.5  1.75  0.01  0.01  1.0594466664644069  0.07182226087044008  0.5129770137915474  13.392946492810518  14.54551632742003  1.0  0.897  0.075  0.029  0.913  0.087  0.8  0.2
0  3.5  1.75  0.01  0.01  1.3519157562640538  -0.1795205702150577  0.8842636937469817  13.177775496094197  23.14007822319004  1.0  0.936  0.05  0.014  0.935  0.065  0.733  0.267
0  3.5  1.75  0.01  0.01  1.034497629223165  -0.053244747301584294  0.6586935308271814  13.749572739109636  13.623797816900817  1.0  0.882  0.086  0.032  0.891  0.109  0.867  0.133
0  3.5  1.75  0.01  0.01  0.9022595257846904  0.10035371008806598  0.5349000062055204  13.693849710349332  13.545095764469513  1.0  0.859  0.1  0.041  0.87  0.13  0.933  0.067
0  3.5  1.75  0.01  0.01  1.1444919242109326  -0.037196894431161975  0.6789149457981025  13.44474903131628  14.731238429111055  1.0  0.908  0.068  0.024  0.935  0.065  0.733  0.267
0  3.5  1.75  0.01  0.01  0.9606418634199078  0.1764861896069228  0.775171805431404  14.127600773790784  13.781725372628104  1.0  0.881  0.084  0.035  0.87  0.13  0.933  0.067
0  3.5  1.75  0.01  0.01  1.01569403394993  -0.17451081199843893  0.5122160499520251  13.645422983533212  13.657339591879838  1.0  0.868  0.098  0.034  0.891  0.109  0.867  0.133
0  3.5  1.75  0.01  0.01  0.9828668063928693  0.007086278829243897  0.7372351427141711  13.491711683053177  15.072410421344442  1.0  0.874  0.091  0.035  0.87  0.13  0.933  0.067
0  3.5  1.75  0.01  0.01  0.9323414799445449  0.0676953746780542  0.5014916721963106  13.615740101404096  13.79191894322619  1.0  0.865  0.096  0.039  0.87  0.13  0.933  0.067
0  3.5  1.75  0.01  0.01  1.0058658055237422  0.05328257625046312  0.7213804374963855  13.437622619952416  15.08303175671733  1.0  0.883  0.084  0.033  0.891  0.109  0.867  0.133
0  3.5  1.75  0.01  0.01  0.9191419217554592  0.13330947765860768  0.4468557992868612  13.587195635396336  13.953642439310462  1.0  0.866  0.095  0.039  0.891  0.109  0.867  0.133
0  3.5  1.75  0.01  0.01  1.0822271007306508  -0.07332851083464981  0.5033671233175151  13.433807143874038  14.36465770432049  1.0  0.892  0.079  0.028  0.935  0.065  0.733  0.267
0  3.5  1.75  0.01  0.01  1.1302621420486099  -0.05685978637992514  0.5772461458937451  13.424823584309989  14.461840918365585  1.0  0.904  0.071  0.025  0.913  0.087  0.8  0.2
0  3.5  1.75  0.01  0.01  1.07910790666818  -0.1877406377718594  0.6081183025848661  13.6674563437328  13.729047884658632  1.0  0.883  0.088  0.03  0.891  0.109  0.867  0.133
0  3.5  1.75  0.01  0.01  1.223766387446494  -0.13162165310928448  0.938514153368008  13.232192753783586  23.00475459620288  1.0  0.918  0.063  0.02  0.913  0.087  0.8  0.2
1  3.5  1.75  0.01  0.01  0.4175857738635148  -0.08089857283918477  0.41359898670009376  14.460053604928085  14.368639388683226  1.0  0.647  0.262  0.09  0.681  0.319  0.75  0.25
1  3.5  1.75  0.01  0.01  0.4890990806686752  0.033694333893802775  0.6413870842640629  14.698311498291178  14.494428848735959  1.0  0.695  0.222  0.083  0.714  0.286  0.625  0.375
1  3.5  1.75  0.01  0.01  0.4815235824719491  0.1766101282030445  0.9511055645273607  15.553746330403806  14.644989534017848  1.0  0.711  0.208  0.081  0.714  0.286  0.625  0.375
1  3.5  1.75  0.01  0.01  0.3747905651297195  0.02947304905890369  0.47927701179417975  14.455993091489992  14.415766305685004  1.0  0.641  0.266  0.093  0.67  0.33  0.792  0.208
1  3.5  1.75  0.01  0.01  0.3120045521452721  0.14527565051622504  0.41476832822262516  14.567247883896423  14.041303980919201  1.0  0.626  0.277  0.096  0.67  0.33  0.792  0.208
1  3.5  1.75  0.01  0.01  0.3971080345101806  -0.03223536385695716  0.42958732960798207  14.51096720935372  14.185624700261288  1.0  0.644  0.264  0.092  0.681  0.319  0.75  0.25
1  3.5  1.75  0.01  0.01  0.3765469585446996  0.09335168831471113  0.42961824818066996  14.43145430351461  14.503922077267445  1.0  0.65  0.258  0.092  0.692  0.308  0.708  0.292
1  3.5  1.75  0.01  0.01  0.388805115408002  0.09022880766854663  0.8345818456189539  15.722302218874113  13.900728591221744  1.0  0.656  0.253  0.091  0.681  0.319  0.75  0.25
1  3.5  1.75  0.01  0.01  0.4568951411516808  -0.16521652221595784  0.493774869943771  14.49695551957785  14.265786685361425  1.0  0.654  0.258  0.088  0.681  0.319  0.75  0.25
1  3.5  1.75  0.01  0.01  0.310383145708369  0.09774596003882807  0.4487057241990858  14.552415981038054  14.07756208335366  1.0  0.619  0.284  0.097  0.659  0.341  0.833  0.167
1  3.5  1.75  0.01  0.01  0.4260420765306875  -0.1913558535032046  0.7025257191892882  15.72770000757308  13.950743138650521  1.0  0.637  0.273  0.091  0.659  0.341  0.833  0.167
1  3.5  1.75  0.01  0.01  0.48415763271223583  -0.10914876771171311  0.5232231374297397  14.485570455569354  14.353704028638921  1.0  0.675  0.24  0.085  0.703  0.297  0.667  0.333
1  3.5  1.75  0.01  0.01  0.36844557972752784  0.04497710212116371  0.3752174681873131  14.515442490295625  14.221128588937653  1.0  0.639  0.268  0.093  0.681  0.319  0.75  0.25
1  3.5  1.75  0.01  0.01  0.4810768508174163  -0.15048281457913784  0.4175598379311215  14.45341339624538  14.401376048424687  1.0  0.669  0.246  0.085  0.703  0.297  0.667  0.333
1  3.5  1.75  0.01  0.01  0.41649637558861996  0.01094477339410238  0.5713678913600512  14.506271311936041  14.446655596083568  1.0  0.659  0.252  0.089  0.681  0.319  0.75  0.25
1  3.5  1.75  0.01  0.01  0.32118001581553474  0.17572771754701988  0.5170790917930714  14.534072735242047  14.201441822413882  1.0  0.635  0.27  0.095  0.67  0.33  0.792  0.208
1  3.5  1.75  0.01  0.01  0.4837836802771526  -0.005189377622079716  0.8252413445729819  15.525455013020483  14.617135848288163  1.0  0.688  0.229  0.084  0.692  0.308  0.708  0.292
1  3.5  1.75  0.01  0.01  0.47850606706343257  0.020584206641578312  0.7249997501278657  15.638990971325322  14.262234296387568  1.0  0.689  0.227  0.084  0.714  0.286  0.625  0.375
1  3.5  1.75  0.01  0.01  0.35901528228322194  0.10511325031425306  0.3879192617129833  14.45223577811173  14.463855911849727  1.0  0.644  0.263  0.093  0.681  0.319  0.75  0.25
1  3.5  1.75  0.01  0.01  0.46325853201333  -0.053351033134977105  0.9570213668200638  15.739628812491164  13.928580728310145  1.0  0.673  0.241  0.086  0.681  0.319  0.75  0.25
1  3.5  1.75  0.01  0.01  0.5379061672155261  -0.12521791211288424  0.9712353717634382  15.625990759551414  14.406436053147482  1.0  0.698  0.223  0.08  0.692  0.308  0.708  0.292
1  3.5  1.75  0.01  0.01  0.5209508437076744  -0.13423596662928308  0.7911850998056547  14.210272584858231  19.6073933841281  1.0  0.69  0.229  0.081  0.692  0.308  0.708  0.292
1  3.5  1.75  0.01  0.01  0.3964278411151562  -0.04165839227176066  0.38975382378616247  14.406245660415845  14.602152352766858  1.0  0.642  0.266  0.092  0.681  0.319  0.75  0.25
1  3.5  1.75  0.01  0.01  0.4017504202021977  0.06952288415877217  0.9821187988629544  15.751599350281245  13.949772162915147  1.0  0.659  0.251  0.09  0.67  0.33  0.792  0.208
1  3.5  1.75  0.01  0.01  0.5206676734750704  -0.08837098049607586  0.9442679600999595  15.62020844678484  14.361911316705372  1.0  0.695  0.224  0.081  0.692  0.308  0.708  0.292
1  3.5  1.75  0.01  0.01  0.3956665085901942  -0.03667171392288848  0.38278707550764224  14.494652469812454  14.267268203678384  1.0  0.642  0.266  0.092  0.681  0.319  0.75  0.25
1  3.5  1.75  0.01  0.01  0.498867369292799  0.13711482465627278  0.8088056034075263  15.540294003800284  14.629711322694632  1.0  0.713  0.207  0.08  0.725  0.275  0.583  0.417
1  3.5  1.75  0.01  0.01  0.383726286874557  0.12918832361741672  0.5366144456484238  14.533004941582199  14.231881000286123  1.0  0.659  0.251  0.091  0.692  0.308  0.708  0.292
1  3.5  1.75  0.01  0.01  0.4520691970535523  -0.06871628558768275  0.843222367762135  15.628976657515887  14.233229332691126  1.0  0.665  0.247  0.087  0.681  0.319  0.75  0.25
1  3.5  1.75  0.01  0.01  0.4196815334077203  -0.08993083038081183  0.376873561681939  14.547739794500895  14.071312328872423  1.0  0.647  0.263  0.09  0.692  0.308  0.708  0.292
0  3.5  1.75  0.01  0.01  1.1339012206911785  -0.14512671481772732  0.6774929810980275  13.314750766883042  15.145291679338564  1.0  0.898  0.076  0.025  0.913  0.087  0.8  0.2
0  3.5  1.75  0.01  0.01  0.9849389466338638  -0.15256021297719138  0.386136624423561  13.57771963362128  13.946843960621585  1.0  0.861  0.102  0.037  0.891  0.109  0.867  0.133
0  3.5  1.75  0.01  0.01  0.9701087416162343  -0.09864725780165468  0.39940675324420977  13.540111255424184  14.05552242910475  1.0  0.861  0.101  0.037  0.913  0.087  0.8  0.2
0  3.5  1.75  0.01  0.01  1.178592050362476  -0.1488880747040402  0.776512477330287  14.153500207007395  14.035455344264784  1.0  0.908  0.07  0.023  0.891  0.109  0.867  0.133
0  3.5  1.75  0.01  0.01  1.128009968266214  -0.045613598009166034  0.9179572815179512  16.18197959277009  13.792533932487812  1.0  0.904  0.071  0.025  0.891  0.109  0.867  0.133
0  3.5  1.75  0.01  0.01  0.9775874944908333  -0.12430423965280686  0.4347984762515431  13.630366479754748  13.736224309333986  1.0  0.862  0.101  0.037  0.891  0.109  0.867  0.133
0  3.5  1.75  0.01  0.01  1.2509368566119827  0.024365936893843865  0.97711188350605  16.008060392784447  14.668494134686291  1.0  0.931  0.052  0.017  0.913  0.087  0.8  0.2
0  3.5  1.75  0.01  0.01  0.9468164025030353  -0.07746464150815169  0.4618785097439876  13.693967980476677  13.532179767195402  1.0  0.857  0.104  0.039  0.891  0.109  0.867  0.133
0  3.5  1.75  0.01  0.01  0.9062568898143936  0.18549787896052078  0.5542954234887777  13.677121144771869  13.625346095751897  1.0  0.867  0.093  0.039  0.891  0.109  0.867  0.133
0  3.5  1.75  0.01  0.01  0.9759416333925777  0.151857328635446  0.8421307983540341  13.53002178014129  21.69423340149688  1.0  0.883  0.083  0.034  0.87  0.13  0.933  0.067
0  3.5  1.75  0.01  0.01  1.0574481879187871  -0.05271915653618997  0.6334075343068589  13.667281656761745  13.797532421651653  1.0  0.888  0.082  0.03  0.891  0.109  0.867  0.133
0  3.5  1.75  0.01  0.01  1.0930702637425422  -0.05715195093051273  0.8368235387728874  16.037746431242805  14.053603254503232  1.0  0.896  0.077  0.027  0.891  0.109  0.867  0.133
0  3.5  1.75  0.01  0.01  1.148303357794279  0.013590307911284405  0.9952018035335002  15.905058932215631  15.052453191315724  1.0  0.912  0.065  0.023  0.891  0.109  0.867  0.133
0  3.5  1.75  0.01  0.01  0.980779301996457  0.0341427569774857  0.43440799204047226  13.419013299602872  14.454703121411255  1.0  0.875  0.09  0.035  0.913  0.087  0.8  0.2
0  3.5  1.75  0.01  0.01  1.163715189451503  -0.005800647720928198  0.9351142150943577  15.785002758627115  15.079679386003967  1.0  0.914  0.064  0.022  0.935  0.065  0.733  0.267
0  3.5  1.75  0.01  0.01  0.9347912903099168  -0.0789029697747524  0.5104408446129711  13.741078565740086  13.35544889741568  1.0  0.853  0.107  0.04  0.87  0.13  0.933  0.067
0  3.5  1.75  0.01  0.01  0.9517083888311375  0.1878292198976544  0.7863871698118772  14.259804549977446  13.71093073471781  1.0  0.879  0.085  0.036  0.87  0.13  0.933  0.067
0  3.5  1.75  0.01  0.01  1.1236275212950364  -0.13961759687936304  0.7669963226228326  13.390016088796568  16.0717581230956  1.0  0.897  0.077  0.026  0.891  0.109  0.867  0.133
0  3.5  1.75  0.01  0.01  0.9562018778283377  -0.04962352256915398  0.6286522521576288  13.49614564210941  14.279319032521466  1.0  0.862  0.1  0.038  0.87  0.13  0.933  0.067
0  3.5  1.75  0.01  0.01  1.0933811454120124  -0.09831706422904257  0.5045609604987138  13.425942034974284  14.388509167681255  1.0  0.893  0.079  0.028  0.891  0.109  0.867  0.133
0  3.5  1.75  0.01  0.01  1.0727111895901582  0.001105774791212516  0.7170081535437709  13.828308833724243  13.815875982106041  1.0  0.895  0.077  0.028  0.913  0.087  0.8  0.2
0  3.5  1.75  0.01  0.01  0.9792355407060022  0.0994694361731649  0.6367756513544529  13.626934483031425  13.89274277317545  1.0  0.88  0.086  0.034  0.891  0.109  0.867  0.133
0  3.5  1.75  0.01  0.01  0.8994602730542225  0.19075271036322516  0.43983976745454906  13.57483000792969  14.03094585345792  1.0  0.865  0.095  0.04  0.891  0.109  0.867  0.133
0  3.5  1.75  0.01  0.01  1.2821895047564782  -0.1708107173962147  0.566711125748814  13.176441179276827  15.405892264529973  1.0  0.926  0.058  0.017  0.957  0.043  0.667  0.333
0  3.5  1.75  0.01  0.01  1.1245001780582218  0.012860968183407484  0.43654967980988224  13.264407492561745  15.073995004551096  1.0  0.907  0.068  0.025  0.957  0.043  0.667  0.333
0  3.5  1.75  0.01  0.01  1.0529948840269798  -0.04745096482789188  0.4096086462312405  13.438133560123026  14.435658697035535  1.0  0.887  0.083  0.03  0.935  0.065  0.733  0.267
0  3.5  1.75  0.01  0.01  0.9756075230076015  -0.0021101021422774424  0.3932896279207607  13.502834318764585  14.237369574415176  1.0  0.871  0.093  0.036  0.891  0.109  0.867  0.133
0  3.5  1.75  0.01  0.01  1.1148555764308645  -0.07807400952742759  0.826764755932789  16.10109731712631  13.858726436294994  1.0  0.899  0.075  0.026  0.913  0.087  0.8  0.2
0  3.5  1.75  0.01  0.01  1.1419467853089396  -0.1014826355803764  0.6041535984846101  13.465920307213796  14.392923552375317  1.0  0.903  0.072  0.024  0.913  0.087  0.8  0.2
0  3.5  1.75  0.01  0.01  1.1908664267624456  -0.07676732483445488  0.6916494572494548  13.582114513511867  14.508249706512395  1.0  0.915  0.064  0.021  0.913  0.087  0.8  0.2
1  3.5  1.75  0.01  0.01  0.41326674966194415  0.054611592880363824  0.7778570619299291  15.61630393811304  14.304191598549927  1.0  0.662  0.248  0.089  0.681  0.319  0.75  0.25
1  3.5  1.75  0.01  0.01  0.39280106305387047  0.11301869069317388  0.41365942485311336  14.499797985599296  14.248785959035464  1.0  0.66  0.249  0.09  0.703  0.297  0.667  0.333
1  3.5  1.75  0.01  0.01  0.5272465978727097  -0.022824110590328406  0.8189299070822424  15.554760531439122  14.51891005362342  1.0  0.707  0.214  0.079  0.714  0.286  0.625  0.375
1  3.5  1.75  0.01  0.01  0.4447268196776504  -0.06203162871550125  0.4255651255455232  14.304736175324651  14.966862831851877  1.0  0.663  0.249  0.088  0.692  0.308  0.708  0.292
1  3.5  1.75  0.01  0.01  0.37334645852885  0.18043103656008513  0.525545894275138  14.486459858140107  14.391631439850514  1.0  0.66  0.249  0.091  0.692  0.308  0.708  0.292
1  3.5  1.75  0.01  0.01  0.4114579346083918  -0.1167755445586733  0.3939025004646343  14.54628651054933  14.057044645342609  1.0  0.639  0.27  0.091  0.681  0.319  0.75  0.25
1  3.5  1.75  0.01  0.01  0.44436915509481656  -0.018346895150954834  0.6037389045959185  14.611981692636162  14.251662499807386  1.0  0.668  0.245  0.087  0.692  0.308  0.708  0.292
1  3.5  1.75  0.01  0.01  0.5220264544615288  -0.17787806284050578  0.6415736283350701  14.775011666839493  14.284434546558856  1.0  0.684  0.234  0.082  0.703  0.297  0.667  0.333
1  3.5  1.75  0.01  0.01  0.3411614395676025  0.1930325574840958  0.5257194266303418  14.523618683453275  14.257996276094033  1.0  0.646  0.261  0.093  0.681  0.319  0.75  0.25
1  3.5  1.75  0.01  0.01  0.5042927662181631  -0.12415960723375169  0.6962762893156175  15.62231660638325  14.32618756596971  1.0  0.683  0.234  0.083  0.703  0.297  0.667  0.333
1  3.5  1.75  0.01  0.01  0.4261608295456859  0.17293059078392242  0.957914927225828  14.259888990826896  19.539726252154576  1.0  0.684  0.23  0.086  0.692  0.308  0.708  0.292
1  3.5  1.75  0.01  0.01  0.35743192455016404  0.010655055418420434  0.8063627495327857  15.748441482940146  13.825517951257028  1.0  0.63  0.276  0.094  0.659  0.341  0.833  0.167
1  3.5  1.75  0.01  0.01  0.44905945820160165  -0.08034237749106166  0.46190403110846506  14.439961553502044  14.445452858264039  1.0  0.662  0.25  0.088  0.692  0.308  0.708  0.292
1  3.5  1.75  0.01  0.01  0.46731394781800817  0.10302331317290514  0.7003461816395644  15.55101538963071  14.655191104722073  1.0  0.694  0.222  0.084  0.714  0.286  0.625  0.375
1  3.5  1.75  0.01  0.01  0.5094446565705434  -0.1640298894395726  0.5795731277693955  14.273231017817485  15.436380340526378  1.0  0.681  0.236  0.083  0.703  0.297  0.667  0.333
1  3.5  1.75  0.01  0.01  0.4733094385329083  -0.1434519994467486  0.5428695696141511  14.52353700636738  14.276133753638613  1.0  0.666  0.248  0.086  0.692  0.308  0.708  0.292
1  3.5  1.75  0.01  0.01  0.3940284251971123  0.028385081194259643  0.8471053386933973  15.684498586067669  14.035856838984605  1.0  0.65  0.258  0.091  0.67  0.33  0.792  0.208
1  3.5  1.75  0.01  0.01  0.43528419831819176  0.0027270588172686183  0.6256113423225029  14.312737742703455  15.758742272374358  1.0  0.666  0.246  0.088  0.692  0.308  0.708  0.292
1  3.5  1.75  0.01  0.01  0.4307685150416197  0.07983351337654859  0.6979044556045536  14.238304855992457  19.615674936141172  1.0  0.675  0.238  0.087  0.692  0.308  0.708  0.292
1  3.5  1.75  0.01  0.01  0.3659960730949291  0.1341319143411766  0.5184753986504674  14.489424963817141  14.349043892141365  1.0  0.65  0.258  0.092  0.681  0.319  0.75  0.25
1  3.5  1.75  0.01  0.01  0.45332044478228406  -0.11998961040378747  0.4471316794227067  14.470376487751652  14.335358357837151  1.0  0.659  0.253  0.088  0.692  0.308  0.708  0.292
1  3.5  1.75  0.01  0.01  0.41275795122103365  0.0037641479676073786  0.9239197188161618  15.758232824605033  13.818159438723894  1.0  0.656  0.255  0.09  0.67  0.33  0.792  0.208
1  3.5  1.75  0.01  0.01  0.28605387564882784  0.1956423488559404  0.44860358981198567  14.515507986417374  14.242884179515954  1.0  0.62  0.282  0.098  0.659  0.341  0.833  0.167
1  3.5  1.75  0.01  0.01  0.3988798533626297  0.13472691035516599  0.8216830585529994  15.565752637103355  14.497874207605014  1.0  0.666  0.245  0.089  0.681  0.319  0.75  0.25
1  3.5  1.75  0.01  0.01  0.5097657433029295  -0.09042473346532316  0.9631317929229207  15.65869840357162  14.260699365755803  1.0  0.69  0.228  0.082  0.692  0.308  0.708  0.292
1  3.5  1.75  0.01  0.01  0.45353722355790316  0.009153242505239023  0.8137749794952359  15.64428365540678  14.173986336597588  1.0  0.676  0.238  0.086  0.692  0.308  0.708  0.292
1  3.5  1.75  0.01  0.01  0.4032728656410043  -0.0077151302099002506  0.6079577611541361  14.382984536684654  15.232822709747746  1.0  0.65  0.259  0.091  0.681  0.319  0.75  0.25
1  3.5  1.75  0.01  0.01  0.45813525802085936  0.06752638762375618  0.3723331912315212  14.400039160707125  14.678636192802124  1.0  0.686  0.229  0.085  0.725  0.275  0.583  0.417
1  3.5  1.75  0.01  0.01  0.44099423910135843  -0.1431467485316111  0.5499583199269676  14.512560454190341  14.3710632925025  1.0  0.651  0.26  0.089  0.67  0.33  0.792  0.208
1  3.5  1.75  0.01  0.01  0.524628116152977  -0.14966900168727826  0.6399661099289206  14.74365103030999  14.393379807508689  1.0  0.689  0.23  0.081  0.703  0.297  0.667  0.333
0  3.5  1.75  0.01  0.01  1.0577132738385584  0.02682648987151357  0.7531714422697542  13.407191207223343  15.636157508977579  1.0  0.894  0.077  0.029  0.913  0.087  0.8  0.2  True
0  3.5  1.75  0.01  0.01  1.0280730983375326  0.0049809156993300355  0.5009177353673279  13.496536482887777  14.152505995732026  1.0  0.885  0.084  0.032  0.913  0.087  0.8  0.2  True
0  3.5  1.75  0.01  0.01  1.0766113008413685  -0.04367699416443288  0.4808870039291895  13.425585806480381  14.407185518612295  1.0  0.893  0.078  0.028  0.935  0.065  0.733  0.267  True
0  3.5  1.75  0.01  0.01  1.0808273978857426  -0.07242292257197067  0.4904313400129038  13.414939853984063  14.419038477024294  1.0  0.892  0.08  0.028  0.913  0.087  0.8  0.2  True
0  3.5  1.75  0.01  0.01  0.9022932804568196  0.017299516149110218  0.4808671287762553  13.704429225122421  13.499010430451227  1.0  0.852  0.106  0.042  0.87  0.13  0.933  0.067  True
0  3.5  1.75  0.01  0.01  0.9300836712905741  0.06948201582357053  0.49016292615423124  13.601998494893136  13.823026106560137  1.0  0.864  0.097  0.039  0.87  0.13  0.933  0.067  True
0  3.5  1.75  0.01  0.01  1.0694145016426964  0.1333562400337649  0.7835709827111176  13.304502473327092  16.697923478644203  1.0  0.903  0.07  0.027  0.891  0.109  0.867  0.133  True
0  3.5  1.75  0.01  0.01  0.931913138713475  -0.03232924002791866  0.46052946710463216  13.64968854048372  13.666486771128005  1.0  0.857  0.104  0.04  0.87  0.13  0.933  0.067  True
0  3.5  1.75  0.01  0.01  0.9766581916055728  -0.0019780798636199535  0.49029386773641714  13.621354181724783  13.74853889102027  1.0  0.871  0.093  0.036  0.913  0.087  0.8  0.2  True
0  3.5  1.75  0.01  0.01  1.158237426647585  -0.23083957616048684  0.7434186996544134  13.358921249789017  15.831489982576496  1.0  0.898  0.077  0.025  0.913  0.087  0.8  0.2  True
0  3.5  1.75  0.01  0.01  1.0099749257757065  0.00935556159019863  0.4909563310696546  13.517395456955354  14.088232139677457  1.0  0.881  0.086  0.033  0.913  0.087  0.8  0.2  True
0  3.5  1.75  0.01  0.01  0.9202843696215708  0.08015704693998132  0.7336997273716289  13.635836969972683  14.589492605774959  1.0  0.862  0.098  0.04  0.87  0.13  0.933  0.067  True
0  3.5  1.75  0.01  0.01  1.1473312360779375  -0.05068970331486198  0.961539487346405  13.277158802489275  22.88110585238055  1.0  0.908  0.068  0.024  0.891  0.109  0.867  0.133  True
0  3.5  1.75  0.01  0.01  1.0906549579351177  -0.12547341189735192  0.48049345725516485  13.454258897884246  14.285771833035597  1.0  0.89  0.082  0.028  0.935  0.065  0.733  0.267  True
0  3.5  1.75  0.01  0.01  1.1474224868309995  0.17465204372541338  0.7938424773095543  13.157693583624228  22.965730520112526  1.0  0.921  0.057  0.022  0.935  0.065  0.733  0.267  True
0  3.5  1.75  0.01  0.01  1.197811377817557  -0.0888270711271045  0.7732405059945144  13.178678392264127  16.97441493721302  1.0  0.915  0.064  0.021  0.913  0.087  0.8  0.2  True
0  3.5  1.75  0.01  0.01  1.0724170674645022  0.04953191945014185  0.5108966847725713  13.36746684620391  14.612228281506576  1.0  0.898  0.074  0.028  0.913  0.087  0.8  0.2  True
0  3.5  1.75  0.01  0.01  1.1835566372536763  -0.11776391548774653  0.9114638588332727  13.245144130642176  22.807100420283533  1.0  0.911  0.067  0.022  0.891  0.109  0.867  0.133  True
0  3.5  1.75  0.01  0.01  1.182969108030424  -0.6126493370465018  0.3606509048421171  13.517877165684284  14.141302391258566  1.0  0.873  0.101  0.026  0.913  0.087  0.8  0.2  True
0  3.5  1.75  0.01  0.01  1.1459075649140043  -0.9237884250839845  0.000112460370688776  13.646726052625267  14.352478242308125  1.0  0.832  0.137  0.03  0.913  0.087  0.8  0.2  True
0  3.5  1.75  0.01  0.01  0.9941613521306052  -0.14038129213554734  0.4605059399642778  13.5813955079244  13.852628922590672  1.0  0.865  0.099  0.036  0.87  0.13  0.933  0.067  True
0  3.5  1.75  0.01  0.01  0.95430887812334  0.19300480791398678  0.5105905679595877  13.498790412698751  14.196153014624702  1.0  0.88  0.085  0.035  0.891  0.109  0.867  0.133  True
0  3.5  1.75  0.01  0.01  0.8046489672132427  0.2996558303053768  0.5103332677596556  13.743762352845383  13.476933247862576  1.0  0.847  0.106  0.047  0.87  0.13  0.933  0.067  True
0  3.5  1.75  0.01  0.01  0.986441788882586  0.04497096518147457  0.4906253478933816  13.553919544789196  13.977197343779755  1.0  0.877  0.088  0.034  0.913  0.087  0.8  0.2  True
0  3.5  1.75  0.01  0.01  1.2055548789567814  -0.05499579702960925  0.7639601030669039  13.14314036438164  16.806167271352887  1.0  0.919  0.061  0.02  0.913  0.087  0.8  0.2  True
0  3.5  1.75  0.01  0.01  0.9685587049237293  0.339790267511771  0.6306279672249379  13.513119690322053  14.266390851144216  1.0  0.894  0.074  0.032  0.913  0.087  0.8  0.2  True
0  3.5  1.75  0.01  0.01  0.9045437097145796  -0.055590022691066054  0.46000256492413494  13.757990513406906  13.331322369763765  1.0  0.846  0.112  0.043  0.87  0.13  0.933  0.067  True
0  3.5  1.75  0.01  0.01  0.9361401440790673  -0.0968068948372553  0.4509138419817413  13.70790185165141  13.478731188724655  1.0  0.852  0.108  0.04  0.87  0.13  0.933  0.067  True
0  3.5  1.75  0.01  0.01  0.8823240988393901  0.4048574453565501  0.5905261909220654  13.596783484889833  13.95711684870612  1.0  0.877  0.085  0.039  0.913  0.087  0.8  0.2  True
0  3.5  1.75  0.01  0.01  1.1181878534026992  0.03396277670841828  0.7635081724778126  13.283813814055453  16.25335902842072  1.0  0.907  0.068  0.025  0.913  0.087  0.8  0.2  True
1  3.5  1.75  0.01  0.01  0.33209563022129285  0.09692123939325475  0.3734926287805428  14.494429363710022  14.318463987075082  1.0  0.629  0.275  0.095  0.67  0.33  0.792  0.208  True
1  3.5  1.75  0.01  0.01  0.39894656594284716  -0.12477663278203824  0.4038442017893412  14.51336877817287  14.182536683891774  1.0  0.633  0.275  0.092  0.67  0.33  0.792  0.208  True
1  3.5  1.75  0.01  0.01  0.3455878770126528  0.024211008569411753  0.4031879755869169  14.581896043108687  13.9442958366241  1.0  0.625  0.279  0.095  0.67  0.33  0.792  0.208  True
1  3.5  1.75  0.01  0.01  0.45275757845192366  -0.11499788597364985  0.4136441212086046  14.442179879327975  14.432003371981276  1.0  0.66  0.252  0.088  0.692  0.308  0.708  0.292  True
1  3.5  1.75  0.01  0.01  0.5254065056825673  -0.2509622299487074  0.7075141381918042  15.642769956958771  14.23565218248123  1.0  0.676  0.241  0.082  0.692  0.308  0.708  0.292  True
1  3.5  1.75  0.01  0.01  0.3375365798766443  0.008007193131567013  0.40338280691479855  14.518554353174148  14.190715731649641  1.0  0.62  0.284  0.096  0.659  0.341  0.833  0.167  True
1  3.5  1.75  0.01  0.01  0.4924006788231873  -0.14039884090009386  0.43357464209358587  14.39115530376699  14.625372717880358  1.0  0.675  0.24  0.084  0.703  0.297  0.667  0.333  True
1  3.5  1.75  0.01  0.01  0.4243417482229432  -0.18214890306720305  0.32319047800390405  14.5309502945562  14.184653316997045  1.0  0.637  0.272  0.091  0.681  0.319  0.75  0.25  True
1  3.5  1.75  0.01  0.01  0.3332718226714359  0.15467558226936057  0.3232219028208105  14.50705626680697  14.354419964554166  1.0  0.637  0.269  0.095  0.681  0.319  0.75  0.25  True
1  3.5  1.75  0.01  0.01  0.3839673918322921  0.034386926517638056  0.41345514969585523  14.471586986111735  14.338733937079908  1.0  0.646  0.262  0.092  0.681  0.319  0.75  0.25  True
1  3.5  1.75  0.01  0.01  0.4202375459434622  -0.00358609292122381  0.3339202938980951  14.486502232854013  14.358450011407784  1.0  0.659  0.252  0.089  0.703  0.297  0.667  0.333  True
1  3.5  1.75  0.01  0.01  0.5766192061625529  -0.2831851095174368  0.49220452378809043  14.437925231312194  14.535386143098265  1.0  0.696  0.226  0.078  0.725  0.275  0.583  0.417  True
1  3.5  1.75  0.01  0.01  0.46996673837616565  0.18279446565409474  0.8075742998005405  15.604115112548202  14.390470214225735  1.0  0.705  0.212  0.082  0.725  0.275  0.583  0.417  True
1  3.5  1.75  0.01  0.01  0.4556755881284712  -0.10710672966483148  0.39359107865031395  14.411740201646065  14.558850852144813  1.0  0.662  0.251  0.087  0.692  0.308  0.708  0.292  True
1  3.5  1.75  0.01  0.01  0.38168778130945547  -0.05878290883164257  0.44338699157738176  14.532826303859013  14.101381802005482  1.0  0.632  0.274  0.093  0.67  0.33  0.792  0.208  True
1  3.5  1.75  0.01  0.01  0.5411351252630435  -0.2658221995241649  0.81264784004705  15.653459501513876  14.148079603306309  1.0  0.681  0.238  0.081  0.692  0.308  0.708  0.292  True
1  3.5  1.75  0.01  0.01  0.46805980011691567  -0.17913781856316371  0.8074271262011407  14.321546713287349  19.19618998991195  1.0  0.658  0.255  0.087  0.67  0.33  0.792  0.208  True
1  3.5  1.75  0.01  0.01  0.4962681545046792  -0.10809723234315693  0.4037032227120597  14.404054314985517  14.591911931166342  1.0  0.681  0.235  0.084  0.714  0.286  0.625  0.375  True
1  3.5  1.75  0.01  0.01  0.39876359146323154  -0.0068401989987978  0.4036089746526916  14.444536455455559  14.439775468518624  1.0  0.647  0.261  0.091  0.681  0.319  0.75  0.25  True
1  3.5  1.75  0.01  0.01  0.21878462133751098  0.5149987186313032  0.45397596214185204  14.407973070191002  14.80224090575905  1.0  0.629  0.273  0.098  0.714  0.286  0.625  0.375  True
1  3.5  1.75  0.01  0.01  0.3769997547818825  0.025003879323178282  0.4133182284013575  14.471389294832898  14.341584376356911  1.0  0.642  0.265  0.093  0.681  0.319  0.75  0.25  True
1  3.5  1.75  0.01  0.01  0.3844852712125991  0.01116895783547815  0.7975259651356839  14.318781555534528  19.22606394098249  1.0  0.643  0.265  0.092  0.659  0.341  0.833  0.167  True
1  3.5  1.75  0.01  0.01  0.39586462258454536  0.0906135488866078  0.4232147134790304  14.416965141151417  14.550544467041917  1.0  0.659  0.25  0.09  0.692  0.308  0.708  0.292  True
1  3.5  1.75  0.01  0.01  0.44018767450498797  0.0047422330292036935  0.4138344483490933  14.428171632739037  14.49683316523148  1.0  0.669  0.244  0.087  0.703  0.297  0.667  0.333  True
1  3.5  1.75  0.01  0.01  0.3865008884687411  0.17017819522471866  0.4338672600280949  14.45845518984978  14.414366827834977  1.0  0.665  0.245  0.09  0.703  0.297  0.667  0.333  True
1  3.5  1.75  0.01  0.01  0.43725232639279177  -0.025000899774674713  0.41300619106511227  14.461716021502514  14.363610428903485  1.0  0.663  0.248  0.088  0.703  0.297  0.667  0.333  True
1  3.5  1.75  0.01  0.01  0.3739286484804677  0.07498537426431057  0.4239981415468691  14.464529447673224  14.368300979808987  1.0  0.646  0.262  0.092  0.692  0.308  0.708  0.292  True
1  3.5  1.75  0.01  0.01  0.5343539331569884  -0.12562392123654453  0.8125361606644924  14.245929061737392  19.466773834482584  1.0  0.696  0.224  0.08  0.703  0.297  0.667  0.333  True
1  3.5  1.75  0.01  0.01  0.3526462771807979  0.4049518557130216  0.4435295530609725  14.386431895655532  14.81192372499571  1.0  0.679  0.232  0.089  0.714  0.286  0.625  0.375  True
1  3.5  1.75  0.01  0.01  0.3434742253684828  0.47499879683329627  0.4537328432967597  14.431326770366171  14.691744326030994  1.0  0.684  0.228  0.089  0.725  0.275  0.583  0.417  True
