0  3.5  1.75  0.01  0.01  0.5846260146937865  0.2542490329038266  0.3301318992992883  13.897299111927857  13.897299111927857  1.0  0.763  0.167  0.07  0.856  0.144  0.856  0.144  True
0  3.5  1.75  0.01  0.01  0.8449999724084916  -0.07225453152350228  0.9434434912312505  13.811416343983883  13.811416343983883  1.0  0.826  0.126  0.048  0.867  0.133  0.867  0.133  True
0  3.5  1.75  0.01  0.01  0.5626745575992045  0.22461482732312377  0.5004125035710979  13.962526335872932  13.962526335872932  1.0  0.751  0.177  0.072  0.833  0.167  0.833  0.167  True
0  3.5  1.75  0.01  0.01  0.5752391056270614  0.1847226687112884  0.30011645271731036  14.003103309861983  14.003103309861983  1.0  0.751  0.177  0.072  0.856  0.144  0.856  0.144  True
0  3.5  1.75  0.01  0.01  0.6703538904913636  0.027145752792790412  0.510420108624298  13.867774857285546  13.867774857285546  1.0  0.773  0.163  0.064  0.856  0.144  0.856  0.144  True
0  3.5  1.75  0.01  0.01  0.7030815025715308  -0.18397660991911116  0.31024998651799285  13.875848110271736  13.875848110271736  1.0  0.763  0.174  0.064  0.856  0.144  0.856  0.144  True
0  3.5  1.75  0.01  0.01  0.574192272083787  0.19276334967679762  0.4603186478992487  13.936727849378897  13.936727849378897  1.0  0.752  0.176  0.072  0.833  0.167  0.833  0.167  True
0  3.5  1.75  0.01  0.01  0.5321797561141293  0.26030179362739636  0.5806104476126965  13.952939184547327  13.952939184547327  1.0  0.742  0.183  0.075  0.822  0.178  0.822  0.178  True
0  3.5  1.75  0.01  0.01  0.6709615627502818  -0.01633243851071251  0.4703469937873948  13.833478574599733  13.833478574599733  1.0  0.768  0.167  0.065  0.833  0.167  0.833  0.167  True
0  3.5  1.75  0.01  0.01  0.7553514550050361  -0.13454520770975997  0.5303396288977159  13.769353239179463  13.769353239179463  1.0  0.788  0.154  0.058  0.856  0.144  0.856  0.144  True
0  3.5  1.75  0.01  0.01  0.7009165988899069  -0.049792023782963754  0.8034402404929653  13.827968096935498  13.827968096935498  1.0  0.776  0.161  0.062  0.844  0.156  0.844  0.156  True
0  3.5  1.75  0.01  0.01  0.7389546896547158  -0.526420646448562  1.5961891519219412e-05  14.030764034291776  14.030764034291776  1.0  0.735  0.201  0.064  0.856  0.144  0.856  0.144  True
0  3.5  1.75  0.01  0.01  0.6898974657131931  -0.06430067215432725  0.4505170192504916  13.834952400295123  13.834952400295123  1.0  0.771  0.166  0.064  0.844  0.156  0.844  0.156  True
0  3.5  1.75  0.01  0.01  0.6090268121176938  0.40138002144514967  0.8636981070023424  13.737312185326706  13.737312185326706  1.0  0.789  0.147  0.065  0.856  0.144  0.856  0.144  True
0  3.5  1.75  0.01  0.01  0.4508770179578102  0.46499956108032653  0.42000003122201335  13.90949145593357  13.90949145593357  1.0  0.731  0.19  0.079  0.844  0.156  0.844  0.156  True
0  3.5  1.75  0.01  0.01  0.675786469915048  -0.0847914480400905  0.4204852144855464  13.904608683125518  13.904608683125518  1.0  0.763  0.172  0.065  0.844  0.156  0.844  0.156  True
0  3.5  1.75  0.01  0.01  0.6967563858548063  0.035892540576264384  0.8424082468583286  13.7921894290328  13.7921894290328  1.0  0.784  0.154  0.061  0.844  0.156  0.844  0.156  True
0  3.5  1.75  0.01  0.01  0.5797087676435815  0.09653160854937501  0.5506055440454667  14.0174783188617  14.0174783188617  1.0  0.744  0.184  0.073  0.833  0.167  0.833  0.167  True
0  3.5  1.75  0.01  0.01  0.5981536033329415  0.07897210437318275  0.510514493229043  13.895761983132566  13.895761983132566  1.0  0.749  0.18  0.071  0.822  0.178  0.822  0.178  True
0  3.5  1.75  0.01  0.01  0.7466659532305588  -0.02151666303798748  0.8235718645696917  13.705160480045407  13.705160480045407  1.0  0.797  0.146  0.057  0.856  0.144  0.856  0.144  True
0  3.5  1.75  0.01  0.01  0.43943901317400247  0.5788667226111932  0.9226190715061228  13.916716708960081  13.916716708960081  1.0  0.74  0.182  0.078  0.811  0.189  0.811  0.189  True
0  3.5  1.75  0.01  0.01  0.6168634731492066  0.0869187253498919  0.47030612894200013  13.947878452399149  13.947878452399149  1.0  0.758  0.173  0.069  0.844  0.156  0.844  0.156  True
0  3.5  1.75  0.01  0.01  0.7156016367093174  -0.06808255202057331  0.5505337118321255  13.83672105079936  13.83672105079936  1.0  0.78  0.159  0.061  0.856  0.144  0.856  0.144  True
0  3.5  1.75  0.01  0.01  0.4888589529407563  0.3549952811757331  0.36900009311285853  13.989349400907605  13.989349400907605  1.0  0.734  0.188  0.077  0.844  0.156  0.844  0.156  True
0  3.5  1.75  0.01  0.01  0.5192466515846041  0.3949970475306076  0.6270360784781873  14.009029341211274  14.009029341211274  1.0  0.752  0.175  0.074  0.811  0.189  0.811  0.189  True
0  3.5  1.75  0.01  0.01  0.7782363668683177  -0.15913828373222128  0.8234150681515221  13.756732817407066  13.756732817407066  1.0  0.794  0.15  0.056  0.856  0.144  0.856  0.144  True
0  3.5  1.75  0.01  0.01  0.6140495432605482  0.21314810598135037  0.5703844644648133  13.8344672274444  13.8344672274444  1.0  0.77  0.162  0.067  0.844  0.156  0.844  0.156  True
0  3.5  1.75  0.01  0.01  0.4706056162323569  0.2794270611552664  0.49045027336955227  14.064056652659145  14.064056652659145  1.0  0.718  0.202  0.08  0.8  0.2  0.8  0.2  True
0  3.5  1.75  0.01  0.01  0.7510491424624579  -0.0726571705520752  0.5404184399253572  13.781253736096161  13.781253736096161  1.0  0.793  0.149  0.057  0.867  0.133  0.867  0.133  True
0  3.5  1.75  0.01  0.01  0.7008408364685486  0.09627630599492235  0.550688483126296  13.76479777988497  13.76479777988497  1.0  0.792  0.148  0.06  0.867  0.133  0.867  0.133  True
1  3.5  1.75  0.01  0.01  0.3208907943425201  0.2038771247316128  0.4732161986720855  14.224722612654318  14.224722612654318  1.0  0.637  0.268  0.095  0.715  0.285  0.715  0.285  True
1  3.5  1.75  0.01  0.01  0.40151600570306556  0.06485102038773097  0.8773177404353768  14.035343899597605  14.035343899597605  1.0  0.658  0.252  0.09  0.715  0.285  0.715  0.285  True
1  3.5  1.75  0.01  0.01  0.416090933118503  -0.08462561374215574  0.47352973319901037  14.186315416190636  14.186315416190636  1.0  0.647  0.263  0.091  0.722  0.278  0.722  0.278  True
1  3.5  1.75  0.01  0.01  0.36703132335378824  -0.005003594225256626  0.4737664894748236  14.229217283197825  14.229217283197825  1.0  0.632  0.274  0.094  0.708  0.292  0.708  0.292  True
1  3.5  1.75  0.01  0.01  0.38592338671280957  -0.02434278727925606  0.8529018545391186  14.09595401814855  14.09595401814855  1.0  0.64  0.268  0.092  0.701  0.299  0.701  0.299  True
1  3.5  1.75  0.01  0.01  0.38578400106249655  0.08769942234367885  0.8675392000535213  14.061655040056488  14.061655040056488  1.0  0.654  0.254  0.091  0.715  0.285  0.715  0.285  True
1  3.5  1.75  0.01  0.01  0.3367917795414355  0.09499689502470099  0.4837830012524814  14.252253640142534  14.252253640142534  1.0  0.63  0.274  0.095  0.708  0.292  0.708  0.292  True
1  3.5  1.75  0.01  0.01  0.3390873493832207  0.022736212319982803  0.45216253136614865  14.274398503487324  14.274398503487324  1.0  0.622  0.282  0.096  0.701  0.299  0.701  0.299  True
1  3.5  1.75  0.01  0.01  0.38458873843903696  0.08752997980763505  0.887474935343178  14.077409632974609  14.077409632974609  1.0  0.654  0.255  0.091  0.715  0.285  0.715  0.285  True
1  3.5  1.75  0.01  0.01  0.36878005845047424  0.0747336300912701  0.45343886293584923  14.20821667266637  14.20821667266637  1.0  0.643  0.264  0.093  0.722  0.278  0.722  0.278  True
1  3.5  1.75  0.01  0.01  0.320601953416232  0.20347289414747738  0.46354954167923906  14.221650444014568  14.221650444014568  1.0  0.637  0.268  0.095  0.715  0.285  0.715  0.285  True
1  3.5  1.75  0.01  0.01  0.43052644907418536  -0.11499240129460447  0.8370111335658146  14.06744984396901  14.06744984396901  1.0  0.65  0.261  0.09  0.708  0.292  0.708  0.292  True
1  3.5  1.75  0.01  0.01  0.40703723902220357  -0.1226623160636936  0.4531018810570868  14.231886787895222  14.231886787895222  1.0  0.637  0.271  0.092  0.715  0.285  0.715  0.285  True
1  3.5  1.75  0.01  0.01  0.3955147589171021  -0.07756014685663157  0.4636936375858709  14.23530067035115  14.23530067035115  1.0  0.636  0.271  0.092  0.715  0.285  0.715  0.285  True
1  3.5  1.75  0.01  0.01  0.3344864174094644  0.2215637084657894  0.9075821126067066  14.073939689880092  14.073939689880092  1.0  0.647  0.26  0.094  0.708  0.292  0.708  0.292  True
1  3.5  1.75  0.01  0.01  0.384902545917447  0.03218269850476102  0.47368238181238903  14.188879470430035  14.188879470430035  1.0  0.646  0.262  0.092  0.722  0.278  0.722  0.278  True
1  3.5  1.75  0.01  0.01  0.39088813337058526  -0.03857088178746121  0.4834026387520558  14.209858612684421  14.209858612684421  1.0  0.64  0.268  0.092  0.715  0.285  0.715  0.285  True
1  3.5  1.75  0.01  0.01  0.39586160266319137  0.015910607119928047  0.7470220409778788  14.063477692011837  14.063477692011837  1.0  0.65  0.259  0.091  0.715  0.285  0.715  0.285  True
1  3.5  1.75  0.01  0.01  0.507558934860369  -0.3034527063431466  0.8472694049742293  14.067250979305502  14.067250979305502  1.0  0.661  0.254  0.085  0.715  0.285  0.715  0.285  True
1  3.5  1.75  0.01  0.01  0.42569621463142704  -0.1249279082397744  0.45322036963871976  14.1902501533844  14.1902501533844  1.0  0.646  0.264  0.09  0.722  0.278  0.722  0.278  True
1  3.5  1.75  0.01  0.01  0.38728029966937216  0.08434244770830221  0.8776795532788503  14.072855013943231  14.072855013943231  1.0  0.654  0.255  0.091  0.715  0.285  0.715  0.285  True
1  3.5  1.75  0.01  0.01  0.29116993000244995  0.20433991244790017  0.4830885614779516  14.285925247098792  14.285925247098792  1.0  0.623  0.28  0.097  0.701  0.299  0.701  0.299  True
1  3.5  1.75  0.01  0.01  0.3639891640277637  0.05354071630213594  0.4835010840944978  14.217999442870623  14.217999442870623  1.0  0.638  0.268  0.093  0.715  0.285  0.715  0.285  True
1  3.5  1.75  0.01  0.01  0.416337378073981  -0.06193084276574573  0.4402291506417626  14.196368412834484  14.196368412834484  1.0  0.649  0.26  0.09  0.729  0.271  0.729  0.271  True
1  3.5  1.75  0.01  0.01  0.3078384033894107  0.27688882324801634  0.9997059791072358  14.130091175332735  14.130091175332735  1.0  0.642  0.263  0.095  0.701  0.299  0.701  0.299  True
1  3.5  1.75  0.01  0.01  0.38929176656086456  -0.11732852244800882  0.4439275706489635  14.26806851578391  14.26806851578391  1.0  0.628  0.279  0.093  0.708  0.292  0.708  0.292  True
1  3.5  1.75  0.01  0.01  0.40993238836080426  0.014999719801060756  0.48300838310053407  14.186033630556356  14.186033630556356  1.0  0.656  0.254  0.09  0.729  0.271  0.729  0.271  True
1  3.5  1.75  0.01  0.01  0.45299080499738087  -0.08210927884488112  0.8575478598146357  14.043206512683305  14.043206512683305  1.0  0.664  0.248  0.087  0.722  0.278  0.722  0.278  True
1  3.5  1.75  0.01  0.01  0.2252143441830346  0.2849990490903376  0.4830072196175484  14.242950561394126  14.242950561394126  1.0  0.601  0.299  0.101  0.708  0.292  0.708  0.292  True
1  3.5  1.75  0.01  0.01  0.41821129737933194  -0.3018171800804147  0.44326917725074244  14.276940182294684  14.276940182294684  1.0  0.618  0.29  0.092  0.694  0.306  0.694  0.306  True
