0  3.5  1.75  0.01  0.01  0.758870106971679  0.13580117901355435  0.9827252835427999  13.730503852949038  13.730503852949038  1.0  0.817  0.129  0.054  0.867  0.133  0.867  0.133  True
0  3.5  1.75  0.01  0.01  0.5925007651775096  0.2404459929313253  0.8333917270421336  13.829007565953576  13.829007565953576  1.0  0.765  0.166  0.069  0.833  0.167  0.833  0.167  True
0  3.5  1.75  0.01  0.01  0.7121806817558953  -0.011506924877834689  0.46065293101155835  13.873436657008249  13.873436657008249  1.0  0.785  0.155  0.061  0.878  0.122  0.878  0.122  True
0  3.5  1.75  0.01  0.01  0.7056271308699762  0.09030328101331105  0.5703965280449558  13.760208417045941  13.760208417045941  1.0  0.793  0.147  0.06  0.867  0.133  0.867  0.133  True
0  3.5  1.75  0.01  0.01  0.5128556945101853  0.27448141853654184  0.5802881209868106  13.949402942749321  13.949402942749321  1.0  0.735  0.188  0.077  0.811  0.189  0.811  0.189  True
0  3.5  1.75  0.01  0.01  0.5801183778658293  0.19886558528460524  0.5606897959021674  13.911365655340559  13.911365655340559  1.0  0.755  0.174  0.071  0.833  0.167  0.833  0.167  True
0  3.5  1.75  0.01  0.01  0.507306844462717  0.32282137890149976  0.4904695465130892  13.911119008188962  13.911119008188962  1.0  0.739  0.185  0.076  0.811  0.189  0.811  0.189  True
0  3.5  1.75  0.01  0.01  0.6621550367596242  -0.1743394617770213  0.34057731849229533  14.020011946440741  14.020011946440741  1.0  0.747  0.185  0.068  0.844  0.156  0.844  0.156  True
0  3.5  1.75  0.01  0.01  0.6234376186036987  0.1577307106256255  0.5703381481644973  13.850133481848818  13.850133481848818  1.0  0.769  0.164  0.067  0.844  0.156  0.844  0.156  True
0  3.5  1.75  0.01  0.01  0.6581824140816408  -0.18159814492499343  0.4907993628618141  13.938536019852654  13.938536019852654  1.0  0.744  0.187  0.068  0.822  0.178  0.822  0.178  True
0  3.5  1.75  0.01  0.01  0.5987380678185132  0.11804540084581072  0.5907967320549312  13.868147971191267  13.868147971191267  1.0  0.754  0.176  0.07  0.822  0.178  0.822  0.178  True
0  3.5  1.75  0.01  0.01  0.7826203128568736  -0.2920990373273251  0.8225453382861321  13.91102189337235  13.91102189337235  1.0  0.781  0.162  0.057  0.833  0.167  0.833  0.167  True
0  3.5  1.75  0.01  0.01  0.6223499136104925  0.2982399626944544  0.903999921867329  13.859460738229718  13.859460738229718  1.0  0.783  0.152  0.065  0.822  0.178  0.822  0.178  True
0  3.5  1.75  0.01  0.01  0.6035505761730742  0.1657383430198185  0.44072281327387886  13.928743096976818  13.928743096976818  1.0  0.762  0.169  0.069  0.844  0.156  0.844  0.156  True
0  3.5  1.75  0.01  0.01  0.5950288069607367  0.16475892736290315  0.5606280092624086  13.877022812855994  13.877022812855994  1.0  0.757  0.173  0.07  0.833  0.167  0.833  0.167  True
0  3.5  1.75  0.01  0.01  0.6391139367014498  0.19722017682027992  0.6206161165045737  13.84461551052503  13.84461551052503  1.0  0.779  0.156  0.065  0.856  0.144  0.856  0.144  True
0  3.5  1.75  0.01  0.01  0.6581095963425745  0.11604047599388864  0.5903103728782275  13.841298212717627  13.841298212717627  1.0  0.778  0.158  0.064  0.856  0.144  0.856  0.144  True
0  3.5  1.75  0.01  0.01  0.7510217949356018  -0.46498830356571574  0.43000214682197974  13.917141233872657  13.917141233872657  1.0  0.749  0.189  0.062  0.833  0.167  0.833  0.167  True
0  3.5  1.75  0.01  0.01  0.657197439691491  0.035081664441384296  0.4704583202916877  13.868164817045514  13.868164817045514  1.0  0.769  0.166  0.066  0.844  0.156  0.844  0.156  True
0  3.5  1.75  0.01  0.01  0.6239134204208416  -0.007601422487840385  0.4505116593156579  13.962402357934415  13.962402357934415  1.0  0.75  0.181  0.07  0.833  0.167  0.833  0.167  True
0  3.5  1.75  0.01  0.01  0.7243797387876643  -0.2594804427946029  0.5103397199430552  13.873733315901465  13.873733315901465  1.0  0.762  0.176  0.063  0.833  0.167  0.833  0.167  True
0  3.5  1.75  0.01  0.01  0.7064433049200555  -0.034961740170996895  0.4505666017779232  13.858819022513371  13.858819022513371  1.0  0.781  0.158  0.061  0.867  0.133  0.867  0.133  True
0  3.5  1.75  0.01  0.01  0.6396931076572201  0.19868558491696953  0.5903549063676345  13.811636190917913  13.811636190917913  1.0  0.779  0.156  0.065  0.856  0.144  0.856  0.144  True
0  3.5  1.75  0.01  0.01  0.5615300240582132  0.20314564128628793  0.5605589741735874  13.90075988685578  13.90075988685578  1.0  0.748  0.179  0.073  0.822  0.178  0.822  0.178  True
0  3.5  1.75  0.01  0.01  0.5566778311867342  0.11758303461666769  0.540854363208642  13.948086427987228  13.948086427987228  1.0  0.736  0.189  0.075  0.811  0.189  0.811  0.189  True
0  3.5  1.75  0.01  0.01  0.6007119556322148  0.016051730588311067  0.46032110267171217  13.976150771874295  13.976150771874295  1.0  0.743  0.185  0.072  0.822  0.178  0.822  0.178  True
0  3.5  1.75  0.01  0.01  0.5686569255256348  0.5249985109987532  0.8939102191952528  13.742877919763012  13.742877919763012  1.0  0.786  0.148  0.066  0.856  0.144  0.856  0.144  True
0  3.5  1.75  0.01  0.01  0.41387035353919777  0.6749075837522998  0.8180007637062617  13.809497049351908  13.809497049351908  1.0  0.74  0.182  0.078  0.844  0.156  0.844  0.156  True
0  3.5  1.75  0.01  0.01  0.6530086388194931  -0.04422162026853548  0.4502253522961763  13.944629920917603  13.944629920917603  1.0  0.758  0.175  0.067  0.844  0.156  0.844  0.156  True
0  3.5  1.75  0.01  0.01  0.6132789657679807  0.21499949458806378  0.44800084534341433  13.894026686077734  13.894026686077734  1.0  0.77  0.163  0.067  0.867  0.133  0.867  0.133  True
1  3.5  1.75  0.01  0.01  0.3469575581207138  0.11415857337391733  0.4733182641045184  14.214728307201625  14.214728307201625  1.0  0.638  0.268  0.094  0.715  0.285  0.715  0.285  True
1  3.5  1.75  0.01  0.01  0.3310029084507887  0.06120037779127897  0.47328687371022404  14.264997282809203  14.264997282809203  1.0  0.623  0.281  0.096  0.701  0.299  0.701  0.299  True
1  3.5  1.75  0.01  0.01  0.4305776773309835  -0.052242339577928024  0.8573832964176954  14.04584803952239  14.04584803952239  1.0  0.658  0.253  0.089  0.715  0.285  0.715  0.285  True
1  3.5  1.75  0.01  0.01  0.3212080279932098  0.21184980130125236  0.49362613121545296  14.215885478561866  14.215885478561866  1.0  0.639  0.266  0.095  0.715  0.285  0.715  0.285  True
1  3.5  1.75  0.01  0.01  0.3947547200125036  -0.06248601109922658  0.3634275648358516  14.229428365263239  14.229428365263239  1.0  0.639  0.269  0.092  0.722  0.278  0.722  0.278  True
1  3.5  1.75  0.01  0.01  0.39766391436343307  0.041890919813900585  0.7179251132084843  14.071188334131753  14.071188334131753  1.0  0.654  0.256  0.091  0.722  0.278  0.722  0.278  True
1  3.5  1.75  0.01  0.01  0.3552806641241313  0.2637489149482415  0.8806266277584635  14.017940649051285  14.017940649051285  1.0  0.662  0.247  0.091  0.722  0.278  0.722  0.278  True
1  3.5  1.75  0.01  0.01  0.452977326920068  -0.17308875507756374  0.8629198789009022  14.068167174779612  14.068167174779612  1.0  0.652  0.259  0.088  0.708  0.292  0.708  0.292  True
1  3.5  1.75  0.01  0.01  0.3518540434378999  -0.01635283648799346  0.46378514725917075  14.268902878902797  14.268902878902797  1.0  0.623  0.282  0.095  0.701  0.299  0.701  0.299  True
1  3.5  1.75  0.01  0.01  0.3650164887820849  0.17499997206413168  0.8876734664918383  14.014685148999655  14.014685148999655  1.0  0.655  0.253  0.092  0.722  0.278  0.722  0.278  True
1  3.5  1.75  0.01  0.01  0.36488447282201947  0.04422958230639882  0.4835265028409651  14.2317471366431  14.2317471366431  1.0  0.638  0.269  0.094  0.715  0.285  0.715  0.285  True
1  3.5  1.75  0.01  0.01  0.3476592954937871  -0.0052266520837629254  0.373801299724126  14.237682243608466  14.237682243608466  1.0  0.622  0.282  0.095  0.701  0.299  0.701  0.299  True
1  3.5  1.75  0.01  0.01  0.4058569849461421  -0.13414242477975108  0.8475375640148004  14.118307285673259  14.118307285673259  1.0  0.635  0.273  0.092  0.694  0.306  0.694  0.306  True
1  3.5  1.75  0.01  0.01  0.38391104964407186  -0.03043581469333413  0.46368984625311777  14.22182274432229  14.22182274432229  1.0  0.637  0.27  0.093  0.715  0.285  0.715  0.285  True
1  3.5  1.75  0.01  0.01  0.4422707049063396  -0.11223581905322651  0.8475585936186432  14.078489283959701  14.078489283959701  1.0  0.655  0.256  0.089  0.715  0.285  0.715  0.285  True
1  3.5  1.75  0.01  0.01  0.3609537631754779  -0.011286267401881786  0.48343126992911045  14.271338338148711  14.271338338148711  1.0  0.629  0.277  0.094  0.708  0.292  0.708  0.292  True
1  3.5  1.75  0.01  0.01  0.3011828965018477  0.1810217457103519  0.49373687989575454  14.254287023155005  14.254287023155005  1.0  0.625  0.278  0.097  0.701  0.299  0.701  0.299  True
1  3.5  1.75  0.01  0.01  0.48912836607673127  -0.3449972844112028  0.45300217343945226  14.158767425509724  14.158767425509724  1.0  0.647  0.266  0.087  0.729  0.271  0.729  0.271  True
1  3.5  1.75  0.01  0.01  0.28346071701364506  0.16499339470033358  0.4730110028021413  14.27513534080705  14.27513534080705  1.0  0.613  0.288  0.098  0.694  0.306  0.694  0.306  True
1  3.5  1.75  0.01  0.01  0.4720781109828405  -0.12887165583442545  0.8478554248495983  14.026822833372067  14.026822833372067  1.0  0.667  0.247  0.086  0.722  0.278  0.722  0.278  True
1  3.5  1.75  0.01  0.01  0.43627556585421146  -0.16189248257667052  0.7923797388395402  14.090470359517887  14.090470359517887  1.0  0.646  0.265  0.09  0.708  0.292  0.708  0.292  True
1  3.5  1.75  0.01  0.01  0.36340543978516615  0.015082089684000856  0.87789280026583  14.102191285475856  14.102191285475856  1.0  0.634  0.272  0.094  0.694  0.306  0.694  0.306  True
1  3.5  1.75  0.01  0.01  0.3814923574976217  -0.04623376797787983  0.48346265383145  14.21643052609763  14.21643052609763  1.0  0.634  0.273  0.093  0.708  0.292  0.708  0.292  True
1  3.5  1.75  0.01  0.01  0.30750526691688335  0.22407410575959963  0.4936450435242651  14.209321147772338  14.209321147772338  1.0  0.633  0.271  0.096  0.708  0.292  0.708  0.292  True
1  3.5  1.75  0.01  0.01  0.48596321028595346  -0.28163472029825154  0.8271682936599316  14.07533730866043  14.07533730866043  1.0  0.654  0.26  0.086  0.708  0.292  0.708  0.292  True
1  3.5  1.75  0.01  0.01  0.3225782045940946  0.17218945695463522  0.42339747549885115  14.250326274147803  14.250326274147803  1.0  0.634  0.271  0.095  0.715  0.285  0.715  0.285  True
1  3.5  1.75  0.01  0.01  0.36684721622423677  0.05473602169188688  0.4437638077113522  14.17918504759535  14.17918504759535  1.0  0.64  0.267  0.093  0.715  0.285  0.715  0.285  True
1  3.5  1.75  0.01  0.01  0.3435844586554636  0.07297035925702733  0.4835803312597591  14.24250496753265  14.24250496753265  1.0  0.631  0.274  0.095  0.708  0.292  0.708  0.292  True
1  3.5  1.75  0.01  0.01  0.3559998754068201  0.024860959060639218  0.4930001704120272  14.212935822331595  14.212935822331595  1.0  0.63  0.275  0.094  0.715  0.285  0.715  0.285  True
1  3.5  1.75  0.01  0.01  0.3765648152289216  0.11181520784200727  0.7350000899210927  14.101360431428947  14.101360431428947  1.0  0.653  0.256  0.092  0.708  0.292  0.708  0.292  True
