1  4.5  2.75  0.01  0.01  0.9647030410157587  -0.17554875028086186  1.2420013596997563  303.3975964344108  1.0  0.743  0.257  0.0  0.844  0.156
1  4.5  2.75  0.01  0.01  0.9806412757649727  -0.38500556366836314  1.403993389932247  318.62149259389395  1.0  0.726  0.273  0.0  0.812  0.188
1  4.5  2.75  0.01  0.01  0.83022227850104  -0.11537605996990287  1.2520354951003296  282.65434814544784  1.0  0.718  0.282  0.0  0.812  0.188
1  4.5  2.75  0.01  0.01  1.3037692536138414  -1.8514326194697157  0.892000845614359  283.4598334625671  1.0  0.628  0.372  0.0  0.823  0.177
------------------------------------------------
1  4.5  2.75  0.01  0.01  1.3731372770297985  -1.949641826670244  0.942004968829904  1744.1984534164858  1.0  0.629  0.371  0.0  0.828  0.172
-------------------------------------------------
0  4.5  2.75  0.01  0.01  1.2834306126744828  -1.8222271454317185  0.8780001624669245  3399.518127623129  1.0  0.628  0.372  0.0  0.763  0.237
1  5.5  2.75  0.01  0.01  1.284922382806554  -1.8249993601682322  0.8793932998862635  284.88554514349113  1.0  0.732  0.268  0.0  0.823  0.177
0  5.5  2.75  0.01  0.01  1.2062398605656663  -1.7134402063304561  0.8260034280955564  3289.168784762465  1.0  0.721  0.275  0.004  0.763  0.237
0  5.5  2.75  0.01  0.01  0.5739309598389569  0.5  0.5000849109543858  3332.7722720592633  1.0  0.73  0.261  0.009  0.763  0.237
0  5.5  2.75  0.01  0.01  0.488377095999142  0.2  0.2001238304128767  302.9013705959329  1.0  0.681  0.309  0.01  0.716  0.284  0.6  0.4
0  5.5  2.75  0.01  0.01  0.32036394249548994  0.2  0.2001168741524197  297.02730581303996  1.0  0.625  0.364  0.011  0.648  0.352  0.9  0.1
0  5.5  2.75  0.01  0.01  0.4229514265159049  0.2  0.20011567362848992  294.71303826341995  1.0  0.659  0.33  0.011  0.693  0.307  0.7  0.3
0  5.5  2.75  0.01  0.01  0.40562134856065957  0.2  0.20011687430967  299.9771494668674  1.0  0.654  0.336  0.011  0.682  0.318  0.75  0.25
0  5.5  2.75  0.01  0.01  0.5133716592414205  0.2  0.20012765823467274  303.0072550188081  1.0  0.688  0.302  0.01  0.727  0.273  0.55  0.45
0  5.5  2.75  0.01  0.01  0.5180471573770747  0.2  0.20012538683012207  305.4672789611801  1.0  0.69  0.3  0.01  0.727  0.273  0.55  0.45
0  5.5  2.75  0.01  0.01  0.5097764415271934  0.2  0.20012907207013403  301.695941744323  1.0  0.687  0.303  0.01  0.727  0.273  0.55  0.45
0  5.5  2.75  0.01  0.01  0.44511818714802354  0.2  0.20011349742896703  307.2283265564701  1.0  0.667  0.323  0.01  0.693  0.307  0.7  0.3
0  5.5  2.75  0.01  0.01  0.5072561227691536  0.2  0.20012041434949246  300.0157180106348  1.0  0.687  0.304  0.01  0.727  0.273  0.55  0.45
0  5.5  2.75  0.01  0.01  0.4503765676576682  0.2  0.200093552793881  310.4567504344143  1.0  0.668  0.321  0.01  0.693  0.307  0.7  0.3
1  5.5  2.75  0.01  0.01  0.7372549889829292  0.2  0.20007947476510235  296.4777943411874  1.0  0.755  0.238  0.008  0.823  0.177  0.85  0.15
1  5.5  2.75  0.01  0.01  0.7185018371951172  0.2  0.20006862505054612  296.8064834331159  1.0  0.749  0.243  0.008  0.812  0.188  0.9  0.1
1  5.5  2.75  0.01  0.01  0.7644830855234448  0.2  0.20006865789400233  299.3880541209232  1.0  0.762  0.231  0.007  0.833  0.167  0.8  0.2
1  5.5  2.75  0.01  0.01  0.7760994082990779  0.2  0.2000796386065106  295.89203969359994  1.0  0.765  0.228  0.007  0.844  0.156  0.75  0.25
1  5.5  2.75  0.01  0.01  0.7527050181509043  0.2  0.20007494641317153  302.40984122414295  1.0  0.759  0.234  0.007  0.823  0.177  0.85  0.15
1  5.5  2.75  0.01  0.01  0.7257903101049086  0.2  0.20009938224914364  291.95128332410235  1.0  0.751  0.241  0.008  0.823  0.177  0.85  0.15
1  5.5  2.75  0.01  0.01  0.7671302711119019  0.2  0.20007515232247558  300.3790074088236  1.0  0.763  0.23  0.007  0.833  0.167  0.8  0.2
1  5.5  2.75  0.01  0.01  0.7562610702513294  0.2  0.2000754636816842  295.7448475172315  1.0  0.76  0.233  0.007  0.833  0.167  0.8  0.2
1  5.5  2.75  0.01  0.01  0.7358403414952572  0.2  0.20007539610025887  295.4444535184488  1.0  0.754  0.238  0.008  0.823  0.177  0.85  0.15
1  5.5  2.75  0.01  0.01  0.7280007138449262  0.2  0.20007519341649788  292.3329240186191  1.0  0.752  0.24  0.008  0.823  0.177  0.85  0.15
--------------------------------------------------------------------------------------------------------------------------------------------

0  5.5  2.75  0.01  0.01  0.5473151862802433  0.026506676949321184  0.47830310353895156  293.1385299975847  1.0  0.685  0.305  0.01  0.716  0.284  0.6  0.4
0  5.5  2.75  0.01  0.01  0.3872781905543877  0.34725143594722985  0.8149796148590347  301.78350193709446  1.0  0.66  0.329  0.011  0.659  0.341  0.85  0.15
0  5.5  2.75  0.01  0.01  0.8000127349904526  -0.5792576012632069  0.9253381386871379  306.2429289316906  1.0  0.712  0.281  0.007  0.705  0.295  0.65  0.35
0  5.5  2.75  0.01  0.01  0.2572471054366562  0.9997353249267289  0.04878434864773595  316.90257465585375  1.0  0.672  0.317  0.011  0.693  0.307  0.7  0.3
0  5.5  2.75  0.01  0.01  0.5692945181742755  0.17650385959923476  0.7894034028901795  297.2198006757699  1.0  0.704  0.287  0.009  0.716  0.284  0.6  0.4
0  5.5  2.75  0.01  0.01  0.34712463547888645  0.38902266201098645  0.381496020663477  295.5879324490337  1.0  0.65  0.339  0.011  0.67  0.33  0.8  0.2
0  5.5  2.75  0.01  0.01  0.3453537616609268  0.3849522993502352  0.022581511158650702  298.4324867275785  1.0  0.649  0.34  0.011  0.682  0.318  0.75  0.25
0  5.5  2.75  0.01  0.01  0.3717427056882761  0.29988354479734025  0.4721264805256531  292.23017768285195  1.0  0.651  0.338  0.011  0.67  0.33  0.8  0.2
0  5.5  2.75  0.01  0.01  0.4820981767572489  -0.10787545408141042  0.412762775560089  301.15142891606007  1.0  0.653  0.337  0.01  0.67  0.33  0.8  0.2
0  5.5  2.75  0.01  0.01  0.6589650156926194  -0.6486419644509711  0.7265774935393174  296.02626399764773  1.0  0.663  0.328  0.009  0.67  0.33  0.8  0.2
0  5.5  2.75  0.01  0.01  0.40611104747076415  0.452648765534875  0.5010813195304235  298.98885317266735  1.0  0.675  0.315  0.011  0.693  0.307  0.7  0.3
0  5.5  2.75  0.01  0.01  0.42591405445298014  0.4758773532531053  0.4156272222566749  303.55010114187365  1.0  0.683  0.306  0.01  0.705  0.295  0.65  0.35
0  5.5  2.75  0.01  0.01  0.4183517300831783  -0.003463421988315618  0.09716053349422649  302.7837549372401  1.0  0.641  0.348  0.011  0.67  0.33  0.8  0.2
0  5.5  2.75  0.01  0.01  0.5041822475964978  0.16563167552225  0.7064241569854431  298.6490401200764  1.0  0.683  0.307  0.01  0.693  0.307  0.7  0.3
0  5.5  2.75  0.01  0.01  0.5059014565827828  -0.0012712745359741984  0.5082216634630806  292.7282008598946  1.0  0.67  0.32  0.01  0.693  0.307  0.7  0.3
0  5.5  2.75  0.01  0.01  0.6644308099288257  -0.5031877404974736  0.46525200065100514  301.01964382759064  1.0  0.678  0.314  0.009  0.705  0.295  0.65  0.35
0  5.5  2.75  0.01  0.01  0.6171824461246782  -0.15223332226028408  0.8326758159398674  301.14365692867915  1.0  0.692  0.299  0.009  0.693  0.307  0.7  0.3
0  5.5  2.75  0.01  0.01  0.43880861196418774  0.5588275659612549  0.2187808940924325  319.8220459215514  1.0  0.694  0.296  0.01  0.716  0.284  0.6  0.4
0  5.5  2.75  0.01  0.01  0.610966680799247  -0.45489964301402575  0.6028837765389873  295.8270271413862  1.0  0.665  0.326  0.009  0.682  0.318  0.75  0.25
0  5.5  2.75  0.01  0.01  0.2611145509999177  0.8508875305966705  0.1644116284519438  306.98229712584595  1.0  0.66  0.328  0.011  0.682  0.318  0.75  0.25
0  5.5  2.75  0.01  0.01  0.49271691329186584  0.34875756873965935  0.9084266574077199  289.7180646135847  1.0  0.694  0.296  0.01  0.705  0.295  0.65  0.35
0  5.5  2.75  0.01  0.01  0.5901917242346714  0.09413839770097665  0.9746851417011232  294.06585583863176  1.0  0.703  0.287  0.009  0.705  0.295  0.65  0.35
0  5.5  2.75  0.01  0.01  0.2992746192653391  0.7761029571453328  0.225835509352053  296.9579460385377  1.0  0.667  0.322  0.011  0.693  0.307  0.7  0.3
0  5.5  2.75  0.01  0.01  0.33548587302023297  0.7114609073328  0.5438809334190118  310.25799675089615  1.0  0.673  0.316  0.011  0.682  0.318  0.75  0.25
0  5.5  2.75  0.01  0.01  0.33768652605949584  0.5879477840153808  0.8447508412864108  291.0491501495076  1.0  0.664  0.325  0.011  0.67  0.33  0.8  0.2
0  5.5  2.75  0.01  0.01  0.5092018310598317  0.1535597094498966  0.3175240538333035  299.79825643199314  1.0  0.683  0.307  0.01  0.716  0.284  0.6  0.4
0  5.5  2.75  0.01  0.01  0.7896845264423321  -0.7274101394510681  0.8589680511540241  295.78232110923176  1.0  0.696  0.296  0.008  0.705  0.295  0.65  0.35
0  5.5  2.75  0.01  0.01  0.3727319028023742  0.253228486237995  0.039869931744554554  296.5326674300108  1.0  0.647  0.342  0.011  0.682  0.318  0.75  0.25
0  5.5  2.75  0.01  0.01  0.34555622749089704  0.7672521988044692  0.8782469250796523  304.4917218311234  1.0  0.681  0.308  0.011  0.682  0.318  0.75  0.25
0  5.5  2.75  0.01  0.01  0.3683641266529633  0.7857077428545034  0.8356246663070361  286.0877840361544  1.0  0.69  0.299  0.011  0.705  0.295  0.65  0.35
0  5.5  2.75  0.01  0.01  0.40433262325800323  0.3363276735790457  0.46555724397238296  300.3591074884593  1.0  0.665  0.324  0.011  0.682  0.318  0.75  0.25
0  5.5  2.75  0.01  0.01  0.28763134076760444  0.9152002562737991  0.04269866075038209  303.51276040678596  1.0  0.675  0.314  0.011  0.705  0.295  0.65  0.35
0  5.5  2.75  0.01  0.01  0.43420923851875837  0.31469457256756006  0.1504347526603501  304.0655528330002  1.0  0.672  0.317  0.01  0.705  0.295  0.65  0.35
0  5.5  2.75  0.01  0.01  0.40390236864737217  0.7522103360182819  0.6682798731532056  311.9183494517497  1.0  0.698  0.292  0.01  0.705  0.295  0.65  0.35
0  5.5  2.75  0.01  0.01  0.4555073986054937  0.25017625630589824  0.09442030917779543  312.23820263780794  1.0  0.674  0.316  0.01  0.705  0.295  0.65  0.35
0  5.5  2.75  0.01  0.01  0.4060828718315302  0.630350883939748  0.8609248652168675  299.6077375847521  1.0  0.689  0.3  0.01  0.693  0.307  0.7  0.3
0  5.5  2.75  0.01  0.01  0.6686125524278126  -0.277282528931976  0.6018808669639468  294.5482485973245  1.0  0.697  0.294  0.009  0.727  0.273  0.55  0.45
0  5.5  2.75  0.01  0.01  0.28182120132563415  0.8267710046701158  0.5111071925170924  296.05502602641906  1.0  0.666  0.323  0.011  0.682  0.318  0.75  0.25
0  5.5  2.75  0.01  0.01  0.7894715680984346  -0.8044045161623188  0.8893639392899473  297.5055268682961  1.0  0.69  0.303  0.008  0.693  0.307  0.7  0.3
0  5.5  2.75  0.01  0.01  0.6379941008635336  -0.45487082181753524  0.5724432046860434  307.8284090929638  1.0  0.674  0.317  0.009  0.682  0.318  0.75  0.25
0  5.5  2.75  0.01  0.01  0.532344582331189  -0.09569764828833471  0.12268912745200211  308.5584585421991  1.0  0.67  0.32  0.01  0.705  0.295  0.65  0.35
0  5.5  2.75  0.01  0.01  0.5832359131698385  -0.38638239736600144  0.6418359492045888  288.09818439151906  1.0  0.661  0.329  0.01  0.682  0.318  0.75  0.25
0  5.5  2.75  0.01  0.01  0.645450576392659  -0.7632831896960377  0.3801518210124798  296.359609136319  1.0  0.649  0.342  0.009  0.682  0.318  0.75  0.25
0  5.5  2.75  0.01  0.01  0.6118851073364665  -0.49034095634541175  0.5812923625731403  294.0712296487092  1.0  0.662  0.329  0.009  0.682  0.318  0.75  0.25
0  5.5  2.75  0.01  0.01  0.569360121598411  -0.26306755241648583  0.07540701147707018  301.62040054451734  1.0  0.668  0.322  0.01  0.716  0.284  0.6  0.4
0  5.5  2.75  0.01  0.01  0.46571744154872324  0.4164236708819593  0.9748544145126906  292.3670428507529  1.0  0.691  0.299  0.01  0.693  0.307  0.7  0.3
0  5.5  2.75  0.01  0.01  0.6342484617416169  -0.3662511231551071  0.30658255680545643  312.19051056555395  1.0  0.679  0.312  0.009  0.705  0.295  0.65  0.35
0  5.5  2.75  0.01  0.01  0.43480669812919726  0.270352761051599  0.5589738701106757  300.97596719355744  1.0  0.669  0.32  0.01  0.682  0.318  0.75  0.25
0  5.5  2.75  0.01  0.01  0.5747738790092293  -0.4141560312347836  0.5616553575284703  299.17122693032996  1.0  0.657  0.333  0.01  0.67  0.33  0.8  0.2
0  5.5  2.75  0.01  0.01  0.629126879977923  -0.46958596891386306  0.38017590058701367  304.83989253394253  1.0  0.669  0.322  0.009  0.693  0.307  0.7  0.3
0  5.5  2.75  0.01  0.01  0.6993568491458613  -0.36400235316890805  0.5552267934511863  300.9082275317799  1.0  0.7  0.292  0.008  0.727  0.273  0.55  0.45
0  5.5  2.75  0.01  0.01  0.7139813606331745  -0.3822123312236878  0.8531658471167598  291.74252299582486  1.0  0.703  0.289  0.008  0.716  0.284  0.6  0.4
0  5.5  2.75  0.01  0.01  0.40040792270238773  0.28853067797408793  0.8215099926148598  299.52996241825605  1.0  0.659  0.33  0.011  0.659  0.341  0.85  0.15
0  5.5  2.75  0.01  0.01  0.7258716017885561  -0.6943979233832074  0.744267955138617  294.8586978851213  1.0  0.68  0.312  0.008  0.693  0.307  0.7  0.3
0  5.5  2.75  0.01  0.01  0.6840040534336169  -0.7826916759419622  0.4720867086520032  292.93102011433217  1.0  0.659  0.332  0.009  0.693  0.307  0.7  0.3
0  5.5  2.75  0.01  0.01  0.42511931128358493  0.3504977331631356  0.820424329178859  304.95427614172723  1.0  0.673  0.317  0.011  0.67  0.33  0.8  0.2
0  5.5  2.75  0.01  0.01  0.39811029100784395  0.5906112187701285  0.31652123774507235  310.4590625987691  1.0  0.683  0.306  0.011  0.705  0.295  0.65  0.35
-------------------------------------------------------------------------------------------------------------------------------------------------
0  5.5  2.75  0.01  0.01  0.7490744522569519  -0.4002198326613287  1.136893346224291  294.7362668294401  1.0  0.712  0.281  0.008  0.705  0.295  0.65  0.35
0  5.5  2.75  0.01  0.01  0.4322017824749201  0.10996202199376189  0.017021774359135156  300.7190803009171  1.0  0.655  0.335  0.011  0.693  0.307  0.7  0.3
0  5.5  2.75  0.01  0.01  0.49888320515719947  0.37473027256901553  1.1560531420598852  301.2966955013677  1.0  0.698  0.293  0.01  0.682  0.318  0.75  0.25
0  5.5  2.75  0.01  0.01  0.7317490631102184  0.2549874829314123  1.1869782119797243  297.8502509942656  1.0  0.757  0.236  0.008  0.739  0.261  0.5  0.5
0  5.5  2.75  0.01  0.01  0.5895221193354494  -0.16617170895387928  1.066271939597879  292.7612997152349  1.0  0.682  0.309  0.009  0.67  0.33  0.8  0.2
0  5.5  2.75  0.01  0.01  0.5817597628848781  -0.12293412301104714  1.1065569212567135  293.8506134313049  1.0  0.684  0.307  0.009  0.67  0.33  0.8  0.2
0  5.5  2.75  0.01  0.01  0.6151363107733485  0.15159787858404278  1.1264537741424625  289.2975186475068  1.0  0.716  0.275  0.009  0.716  0.284  0.6  0.4
0  5.5  2.75  0.01  0.01  0.586738458783185  -0.08023214232548856  1.1261703601419581  288.12926644153634  1.0  0.689  0.302  0.009  0.682  0.318  0.75  0.25
0  5.5  2.75  0.01  0.01  0.6941849833761833  -0.1094673939500553  1.1064342189515988  292.04760114177844  1.0  0.719  0.273  0.008  0.716  0.284  0.6  0.4
0  5.5  2.75  0.01  0.01  0.9158036781664879  -0.6639341093698357  1.0768671763656983  311.9579759638701  1.0  0.738  0.256  0.006  0.716  0.284  0.6  0.4
0  5.5  2.75  0.01  0.01  -0.039054935390769666  0.9449887285564444  1.1862316714537635  295.90751542094506  1.0  0.565  0.422  0.012  0.705  0.295  0.65  0.35
0  5.5  2.75  0.01  0.01  0.7724333928425844  -0.23811253480887884  1.116362618440194  297.41037667855534  1.0  0.731  0.261  0.007  0.727  0.273  0.55  0.45
0  5.5  2.75  0.01  0.01  0.7900998347443411  -0.4483214445285988  1.156358321587565  301.9140143824539  1.0  0.72  0.273  0.007  0.705  0.295  0.65  0.35
0  5.5  2.75  0.01  0.01  0.6610974406578343  -0.18286010007159054  1.1466317917672084  293.4764580203281  1.0  0.703  0.288  0.009  0.693  0.307  0.7  0.3
0  5.5  2.75  0.01  0.01  0.25174528396579465  0.6949966675515034  1.1669990205758038  294.16226833234816  1.0  0.644  0.345  0.012  0.67  0.33  0.8  0.2
0  5.5  2.75  0.01  0.01  0.7613603245946159  -0.14521721849726837  1.1760077795040789  310.7507157103096  1.0  0.735  0.257  0.008  0.705  0.295  0.65  0.35
0  5.5  2.75  0.01  0.01  0.620420115070589  -0.16499424993207412  1.0960438761309725  295.0625076804227  1.0  0.692  0.299  0.009  0.682  0.318  0.75  0.25
0  5.5  2.75  0.01  0.01  0.49078700440328576  0.41448417429085027  1.1466577267464504  291.256015543868  1.0  0.698  0.292  0.01  0.693  0.307  0.7  0.3
0  5.5  2.75  0.01  0.01  0.46501806094935927  0.08496681144928417  1.1467162184447528  289.43096651113774  1.0  0.663  0.327  0.01  0.648  0.352  0.9  0.1
0  5.5  2.75  0.01  0.01  0.6880314189757544  -0.2749277131271417  1.0869972279975426  297.5095267486662  1.0  0.704  0.288  0.008  0.682  0.318  0.75  0.25
0  5.5  2.75  0.01  0.01  0.5451444165212587  0.13180228918772444  1.1067891740369646  295.24622229604034  1.0  0.693  0.298  0.01  0.682  0.318  0.75  0.25
0  5.5  2.75  0.01  0.01  0.4859994116700386  0.0350103344567919  1.0960009170805067  291.4020318569785  1.0  0.667  0.323  0.01  0.67  0.33  0.8  0.2
0  5.5  2.75  0.01  0.01  0.5574699486927757  -0.23609810203915566  1.0862722568686545  286.78916944926  1.0  0.666  0.324  0.01  0.659  0.341  0.85  0.15
----------------------------------------------------------------------------------------------------------------------------------------------------
0  5.5  2.75  0.01  0.01  0.6308753712878449  1.096663601884698  14.0  14.546744076036877  1.0  0.699  0.292  0.009  0.693  0.307  0.7  0.3
0  5.5  2.75  0.01  0.01  0.5599043450599559  0.9563798745375846  14.0  14.307976132941267  1.0  0.668  0.322  0.01  0.67  0.33  0.8  0.2
0  5.5  2.75  0.01  0.01  0.713655737621782  1.12647901966917  14.0  15.065422946939169  1.0  0.711  0.281  0.008  0.693  0.307  0.7  0.3
0  5.5  2.75  0.01  0.01  0.7585092241463416  1.1167763925553507  14.0  15.069001291865977  1.0  0.737  0.256  0.008  0.727  0.273  0.55  0.45
0  5.5  2.75  0.01  0.01  0.7997813148172246  1.0265844343209682  14.0  14.546486772753067  1.0  0.677  0.315  0.007  0.67  0.33  0.8  0.2
0  5.5  2.75  0.01  0.01  0.6926552289642842  1.1869319452582596  14.0  14.680472292055503  1.0  0.712  0.28  0.008  0.705  0.295  0.65  0.35
0  5.5  2.75  0.01  0.01  0.7561097795942522  1.1168248185329066  14.0  15.304553787300483  1.0  0.741  0.251  0.008  0.727  0.273  0.55  0.45
0  5.5  2.75  0.01  0.01  -0.10350809367590416  1.1969993294309247  14.0  14.587823228620328  1.0  0.533  0.454  0.012  0.716  0.284  0.6  0.4
0  5.5  2.75  0.01  0.01  0.5200748131733031  1.1062281985972549  14.0  14.463997167318965  1.0  0.677  0.313  0.01  0.67  0.33  0.8  0.2
0  5.5  2.75  0.01  0.01  0.593245874075151  1.116650471988946  14.0  14.896522608328329  1.0  0.697  0.294  0.009  0.682  0.318  0.75  0.25
0  5.5  2.75  0.01  0.01  0.6079276617504383  1.0960000061575372  14.0  14.423029159571058  1.0  0.698  0.293  0.009  0.705  0.295  0.65  0.35
0  5.5  2.75  0.01  0.01  0.6578729005521036  1.0267820773152974  14.0  15.095201900033118  1.0  0.721  0.271  0.008  0.716  0.284  0.6  0.4
0  5.5  2.75  0.01  0.01  0.8890446777747356  1.114550643141864  14.0  15.671393663771742  1.0  0.734  0.26  0.006  0.716  0.284  0.6  0.4
0  5.5  2.75  0.01  0.01  0.6211386465395223  1.1260022000115577  14.0  14.892022843470922  1.0  0.75  0.242  0.008  0.693  0.307  0.7  0.3
0  5.5  2.75  0.01  0.01  0.6192588906946888  1.106118849481151  14.0  14.556566363491152  1.0  0.701  0.29  0.009  0.693  0.307  0.7  0.3
0  5.5  2.75  0.01  0.01  0.6595346145966982  1.116056492526339  14.0  14.514292991111967  1.0  0.723  0.268  0.008  0.716  0.284  0.6  0.4
0  5.5  2.75  0.01  0.01  0.579206422176954  1.1268470346797248  14.0  14.780187560264022  1.0  0.692  0.299  0.009  0.682  0.318  0.75  0.25
0  5.5  2.75  0.01  0.01  0.5278813648236866  1.176568595035342  14.0  14.42738653361405  1.0  0.687  0.303  0.01  0.682  0.318  0.75  0.25
0  5.5  2.75  0.01  0.01  0.787755725657377  1.0963029746716981  14.0  15.20441202033162  1.0  0.746  0.247  0.007  0.739  0.261  0.5  0.5
0  5.5  2.75  0.01  0.01  0.2595557072624254  1.1561584419966258  14.0  14.438043625665973  1.0  0.608  0.381  0.012  0.682  0.318  0.75  0.25
0  5.5  2.75  0.01  0.01  0.7748718369186309  1.1768939326059091  14.0  15.135991032369862  1.0  0.753  0.24  0.007  0.75  0.25  0.45  0.55
0  5.5  2.75  0.01  0.01  0.6153110648192881  1.106518190275461  14.0  14.315046206968066  1.0  0.696  0.295  0.009  0.693  0.307  0.7  0.3
0  5.5  2.75  0.01  0.01  0.6675482381426243  1.1461389930610852  14.0  14.786244967048138  1.0  0.737  0.255  0.008  0.682  0.318  0.75  0.25
0  5.5  2.75  0.01  0.01  0.5313331866114814  1.1550861439245668  14.0  14.94854383423625  1.0  0.715  0.275  0.009  0.705  0.295  0.65  0.35
0  5.5  2.75  0.01  0.01  0.6427097600972256  1.2463079827825743  14.0  14.967663990831223  1.0  0.715  0.276  0.009  0.705  0.295  0.65  0.35
0  5.5  2.75  0.01  0.01  0.5817210668220636  1.1067581403326276  14.0  15.20407672914251  1.0  0.702  0.289  0.009  0.682  0.318  0.75  0.25
0  5.5  2.75  0.01  0.01  0.31790252486281567  1.291247458818894  14.0  15.492502278531273  1.0  0.718  0.272  0.01  0.716  0.284  0.6  0.4
0  5.5  2.75  0.01  0.01  0.6787725486752216  1.2269906188815551  14.0  15.235866343715639  1.0  0.746  0.246  0.008  0.739  0.261  0.5  0.5
0  5.5  2.75  0.01  0.01  -0.09914654815405621  1.246004038598616  14.0  15.473716493865695  1.0  0.553  0.435  0.012  0.705  0.295  0.65  0.35
0  5.5  2.75  0.01  0.01  0.17708730359931785  1.1461922928457378  14.0  14.840336217415825  1.0  0.651  0.337  0.012  0.727  0.273  0.55  0.45
---------------------------------------------------------------------------------------------------------------------------------------------------------
0  5.5  2.75  0.01  0.01  0.5617023454520881  0.17408152245772324  0.9193746692953423  14.0  14.85337099700099  1.0  0.701  0.29  0.009  0.705  0.295  0.65  0.35
0  5.5  2.75  0.01  0.01  0.6981493724605115  -0.43894633549664874  0.5073667498257524  14.0  15.727332123601167  1.0  0.693  0.299  0.008  0.705  0.295  0.65  0.35
0  5.5  2.75  0.01  0.01  0.6989753319895837  -0.11162453069229916  1.548459717353991  16.0  14.261901380291903  1.0  0.72  0.272  0.008  0.693  0.307  0.7  0.3
---------------------------------------------------------------------------------------------------------------------------------------------------------
0  5.5  2.75  0.01  0.01  0.6418290026637854  -0.19896233493828008  0.9341889069568091  14.739839246089383  14.483095521412082  1.0  0.696  0.295  0.009  0.705  0.295  0.65  0.35
0  5.5  2.75  0.01  0.01  0.9799686922446996  -0.4946799010564238  1.8529605080483225  17.4490778637084  18.70060473017626  1.0  0.768  0.227  0.005  0.693  0.307  0.7  0.3
0  5.5  2.75  0.01  0.01  0.6735788076881247  -0.1765095422706353  1.1271762852715443  14.680261565420027  14.556977779790794  1.0  0.707  0.284  0.008  0.705  0.295  0.65  0.35
0  5.5  2.75  0.01  0.01  0.7287303570733952  0.0036855613426931555  1.2951974728161937  14.597544069285853  15.164432710367246  1.0  0.737  0.255  0.008  0.716  0.284  0.6  0.4
0  5.5  2.75  0.01  0.01  1.0078763489181755  -0.07623717284901388  1.7905594201489436  17.524739093867346  16.01732267079977  1.0  0.804  0.191  0.005  0.739  0.261  0.5  0.5
0  5.5  2.75  0.01  0.01  0.5904884192233291  0.06982455129965892  1.5813606368342488  16.37960503695449  14.191620916499465  1.0  0.702  0.289  0.009  0.682  0.318  0.75  0.25
0  5.5  2.75  0.01  0.01  0.6748795531067369  -0.2730082326958765  1.0222597994309413  14.594782193558041  14.994713582444016  1.0  0.7  0.291  0.009  0.693  0.307  0.7  0.3
0  5.5  2.75  0.01  0.01  0.565494950716175  0.2693266238664793  1.6005130890280976  15.836310458542146  18.464397814808844  1.0  0.71  0.281  0.009  0.67  0.33  0.8  0.2
0  5.5  2.75  0.01  0.01  0.8800861799043089  -0.8648250430700173  1.244233051789167  14.63247852890073  15.176822443053911  1.0  0.711  0.282  0.007  0.693  0.307  0.7  0.3
0  5.5  2.75  0.01  0.01  0.6357690742542003  -0.21131314208483887  0.8235426585874265  14.6493303059197  15.106598666722864  1.0  0.693  0.298  0.009  0.693  0.307  0.7  0.3
0  5.5  2.75  0.01  0.01  0.6439129623276765  -0.10969961102320713  0.6136211090713208  14.698615658153182  15.469289170163767  1.0  0.704  0.288  0.009  0.716  0.284  0.6  0.4
0  5.5  2.75  0.01  0.01  0.8782238355789628  -0.23135494270086587  1.6950588063400729  17.491899382359836  14.725698347060128  1.0  0.761  0.233  0.006  0.716  0.284  0.6  0.4
0  5.5  2.75  0.01  0.01  0.4409739534731469  0.495568204325449  0.6786535886809161  14.84998185623098  14.864537298223947  1.0  0.69  0.3  0.01  0.705  0.295  0.65  0.35
0  5.5  2.75  0.01  0.01  0.6656111121390157  -0.4383320045741317  0.4855274697477545  14.915960273260422  14.812756464388537  1.0  0.683  0.308  0.009  0.716  0.284  0.6  0.4
0  5.5  2.75  0.01  0.01  0.5386336671886941  0.3416941194817007  0.8420439718972985  14.73236235272239  14.864054018653926  1.0  0.707  0.283  0.009  0.716  0.284  0.6  0.4
0  5.5  2.75  0.01  0.01  0.5597465765627531  0.2944899448230578  1.1842744754260872  14.594844698595994  14.974618456189333  1.0  0.71  0.281  0.009  0.693  0.307  0.7  0.3
0  5.5  2.75  0.01  0.01  0.6532494722097326  -0.0803218484911763  1.4250694831589654  15.000647876879244  14.34230281842606  1.0  0.709  0.282  0.009  0.682  0.318  0.75  0.25
0  5.5  2.75  0.01  0.01  0.945033141744115  -0.21419552359763339  2.096741212228118  20.79313339665109  25.659440630186367  1.0  0.779  0.215  0.006  0.705  0.295  0.65  0.35
0  5.5  2.75  0.01  0.01  0.35072036944674967  0.8672345314988197  0.6500424278533533  14.864564785864427  15.167955911586063  1.0  0.691  0.298  0.011  0.705  0.295  0.65  0.35
0  5.5  2.75  0.01  0.01  0.8120187669535016  -0.2667445968269504  2.44103858577685  30.16618413751164  19.143366294201805  1.0  0.74  0.253  0.007  0.705  0.295  0.65  0.35
0  5.5  2.75  0.01  0.01  0.5213367191462961  0.1269215549156144  0.6880303579348404  14.747826422813832  15.096683529521778  1.0  0.685  0.305  0.01  0.693  0.307  0.7  0.3
0  5.5  2.75  0.01  0.01  0.8872694764346828  -0.458020431296148  2.492472243007748  30.259816807772385  24.42576754818457  1.0  0.746  0.248  0.006  0.705  0.295  0.65  0.35
0  5.5  2.75  0.01  0.01  1.0413846348945774  -0.4657708022429474  2.4685325439245815  27.929920527979323  31.108980536318164  1.0  0.784  0.211  0.005  0.739  0.261  0.5  0.5
0  5.5  2.75  0.01  0.01  0.3566394281055107  0.3174986245134004  0.39533680677944555  14.899473182517204  15.419508710156197  1.0  0.647  0.341  0.011  0.659  0.341  0.85  0.15
0  5.5  2.75  0.01  0.01  1.140362553497524  -0.898217946693282  2.675330112397004  33.49586075307503  38.70919033685503  1.0  0.776  0.22  0.004  0.716  0.284  0.6  0.4
0  5.5  2.75  0.01  0.01  0.5380897005200904  0.24836247106976006  1.6644716191624904  17.40849391720208  14.499552111828768  1.0  0.7  0.29  0.01  0.67  0.33  0.8  0.2
0  5.5  2.75  0.01  0.01  0.3726525023942614  0.6143746244244697  0.8610271915608202  14.77051534558622  14.791957357777084  1.0  0.677  0.312  0.011  0.682  0.318  0.75  0.25
0  5.5  2.75  0.01  0.01  0.6140318697041991  -0.02879002592433122  0.6508222433421088  14.863896264971583  14.65230116658594  1.0  0.701  0.29  0.009  0.727  0.273  0.55  0.45
0  5.5  2.75  0.01  0.01  0.6087037683401809  -0.6453670504289477  0.41759161938165096  14.932148326096627  14.942989825145293  1.0  0.647  0.344  0.009  0.67  0.33  0.8  0.2
0  5.5  2.75  0.01  0.01  0.4561525054017844  0.46825527946459244  1.855197418081256  17.200141252570045  18.75277005571835  1.0  0.692  0.298  0.01  0.67  0.33  0.8  0.2
1  5.5  2.75  0.01  0.01  1.4102052305374624  -0.33808925984056515  2.2230377806491344  20.401380462326006  13.831225896034638  1.0  0.867  0.131  0.002  0.823  0.177  0.85  0.15
1  5.5  2.75  0.01  0.01  0.8597667745651965  -0.06858601198670433  0.5128081225183196  14.69707749827574  14.628765751921339  1.0  0.768  0.226  0.006  0.823  0.177  0.85  0.15
1  5.5  2.75  0.01  0.01  0.7632982997441041  0.7975943718314147  0.8899403129507236  14.525377985486708  14.91921813994199  1.0  0.803  0.191  0.007  0.833  0.167  0.8  0.2
1  5.5  2.75  0.01  0.01  0.847783007412501  -0.06562386787146934  0.5882912615741801  14.677270342482835  14.452843143006646  1.0  0.765  0.229  0.007  0.812  0.188  0.9  0.1
1  5.5  2.75  0.01  0.01  0.7713608762198901  0.5647688019457222  0.9784822658037337  14.589883498435405  14.091643049945379  1.0  0.789  0.204  0.007  0.823  0.177  0.85  0.15
1  5.5  2.75  0.01  0.01  0.9324707336143544  0.11791216580067565  0.6259402235416053  14.524173995580007  15.20870908377832  1.0  0.799  0.195  0.006  0.854  0.146  0.7  0.3
1  5.5  2.75  0.01  0.01  1.0033395743029616  0.9398108081559406  1.9376908165505184  17.390698828721323  14.732292865509976  1.0  0.862  0.133  0.004  0.844  0.156  0.75  0.25
1  5.5  2.75  0.01  0.01  0.8782913439085203  0.18536865568010463  0.7461233590542171  14.469901745224462  15.080990205551279  1.0  0.791  0.203  0.006  0.823  0.177  0.85  0.15
1  5.5  2.75  0.01  0.01  1.6485378339536982  -0.9000832081039738  2.4857792178803226  23.83424131446076  14.93047128312229  1.0  0.872  0.127  0.001  0.802  0.198  0.95  0.05
1  5.5  2.75  0.01  0.01  0.7142687335208066  0.4463331081120898  0.46397451250741106  14.77418915757155  14.895596245728594  1.0  0.766  0.226  0.008  0.812  0.188  0.9  0.1
1  5.5  2.75  0.01  0.01  1.1356324862078697  -0.3793946276164233  1.269982615984898  14.291789372368529  15.060351181927754  1.0  0.812  0.184  0.004  0.833  0.167  0.8  0.2
1  5.5  2.75  0.01  0.01  1.3581904563142708  -0.8260471095640054  1.4962316228247745  15.305078192363354  14.428418222456463  1.0  0.827  0.17  0.003  0.812  0.188  0.9  0.1
1  5.5  2.75  0.01  0.01  0.895677947018822  -0.0441580315877288  0.3886837768020299  14.680002986600249  15.204446078499132  1.0  0.779  0.215  0.006  0.844  0.156  0.75  0.25
1  5.5  2.75  0.01  0.01  0.9195269478793798  0.033382928744629226  0.5782725178254877  14.617564984253846  14.850677761356447  1.0  0.79  0.204  0.006  0.854  0.146  0.7  0.3
1  5.5  2.75  0.01  0.01  0.8587167425774348  -0.13618006801057114  0.3844010067563607  14.810996630686958  14.511224689734917  1.0  0.762  0.231  0.006  0.833  0.167  0.8  0.2
1  5.5  2.75  0.01  0.01  0.7569291810242569  0.6646246619482361  0.6464442017496372  14.623863089868463  15.15421652610174  1.0  0.792  0.201  0.007  0.833  0.167  0.8  0.2
1  5.5  2.75  0.01  0.01  0.6557076517833642  0.6553379754794415  0.47329087193577685  14.936109029354968  14.316355981412116  1.0  0.765  0.227  0.008  0.823  0.177  0.85  0.15
1  5.5  2.75  0.01  0.01  0.839537381258359  -0.07239133993363644  0.47246253555972795  14.695277744092854  14.786504984618077  1.0  0.762  0.231  0.007  0.812  0.188  0.9  0.1
1  5.5  2.75  0.01  0.01  0.8482264989397423  0.2645063452207461  1.1077824564135001  14.570558309280079  13.706871682610346  1.0  0.788  0.206  0.006  0.812  0.188  0.9  0.1
1  5.5  2.75  0.01  0.01  1.3763294156620447  -0.5026505626688222  1.8536781578196428  16.591167433743674  18.51789811692437  1.0  0.852  0.146  0.002  0.833  0.167  0.8  0.2
1  5.5  2.75  0.01  0.01  0.5899543842166768  0.9597633867473796  0.3945756288436297  14.8926471612248  15.222139716249657  1.0  0.769  0.223  0.008  0.812  0.188  0.9  0.1
1  5.5  2.75  0.01  0.01  1.2207664249048642  -0.6499927386081887  1.4410482392063335  15.284127393247443  13.911256612385248  1.0  0.812  0.185  0.003  0.812  0.188  0.9  0.1
1  5.5  2.75  0.01  0.01  0.9591871614981222  0.2817810413025126  1.2191497989486346  14.428320147971222  14.371101834931418  1.0  0.816  0.179  0.005  0.833  0.167  0.8  0.2
1  5.5  2.75  0.01  0.01  0.9382901338584145  0.5752229023775968  1.520792213653774  15.47431702237013  14.19179301697497  1.0  0.829  0.165  0.005  0.833  0.167  0.8  0.2
1  5.5  2.75  0.01  0.01  1.1170404989619482  -0.4833809883967384  1.160420831906791  14.348157365565255  14.529489038978227  1.0  0.801  0.195  0.004  0.823  0.177  0.85  0.15
1  5.5  2.75  0.01  0.01  0.9942358212903544  -0.7242133508456268  0.4137980800083418  14.692317956133301  14.702870339887529  1.0  0.754  0.241  0.005  0.823  0.177  0.85  0.15
1  5.5  2.75  0.01  0.01  1.323387579578744  -0.5812040766344635  1.5312144866742836  15.4634016507565  14.148915211094907  1.0  0.837  0.16  0.003  0.833  0.167  0.8  0.2
1  5.5  2.75  0.01  0.01  0.8729906061613544  -0.05828309944688015  0.608810758974362  14.642405677476154  14.55117608507911  1.0  0.772  0.222  0.006  0.823  0.177  0.85  0.15
1  5.5  2.75  0.01  0.01  0.9440477853305458  0.910897078403508  2.3718628370933064  21.777954054550197  14.018177910294531  1.0  0.849  0.146  0.005  0.812  0.188  0.9  0.1
1  5.5  2.75  0.01  0.01  0.8959702735594562  -0.06893658446123263  0.4523588357066862  14.626939553334765  15.19148316634283  1.0  0.777  0.217  0.006  0.833  0.167  0.8  0.2
---------------------------------------------------------------------------
0  5  2.25  0.01  0.01  0.36617678588387237  0.42004939172649913  0.4590044585044307  14.905522123480239  14.905522123480239  1.0  0.694  0.281  0.024  0.694  0.306  0.694  0.306
0  5  2.25  0.01  0.01  0.4929332644810614  0.04982734013162782  0.7827925173881728  14.76042823824017  14.76042823824017  1.0  0.715  0.264  0.022  0.694  0.306  0.694  0.306
0  5  2.25  0.01  0.01  0.6588860792001924  -0.8281768269642784  0.41887442710664274  14.868389638969418  14.868389638969418  1.0  0.702  0.28  0.018  0.694  0.306  0.694  0.306
0  5  2.25  0.01  0.01  0.8969376057713453  -0.543089479708706  2.0305168490990977  21.048679680074226  21.048679680074226  1.0  0.809  0.18  0.011  0.694  0.306  0.694  0.306
0  5  2.25  0.01  0.01  0.4676024871906081  0.04080517382008386  0.5549095414459658  14.830469841337049  14.830469841337049  1.0  0.703  0.274  0.023  0.694  0.306  0.694  0.306
0  5  2.25  0.01  0.01  0.36116379012991157  0.5003714932798422  0.6248392951933478  14.850550469383272  14.850550469383272  1.0  0.699  0.276  0.024  0.694  0.306  0.694  0.306
0  5  2.25  0.01  0.01  0.5279068708937166  -0.11859801473541265  0.7193626363405923  14.769506641998634  14.769506641998634  1.0  0.714  0.265  0.021  0.694  0.306  0.694  0.306
0  5  2.25  0.01  0.01  0.6849981241343883  -0.8742602846133158  0.5229885859771408  14.835534052797982  14.835534052797982  1.0  0.708  0.275  0.017  0.694  0.306  0.694  0.306
0  5  2.25  0.01  0.01  0.3558765803981275  0.4805797483038017  0.5087060941941169  14.892892342188576  14.892892342188576  1.0  0.695  0.28  0.025  0.694  0.306  0.694  0.306
0  5  2.25  0.01  0.01  0.28735134565293396  0.7332426793346976  0.39677962400046773  14.979857561693017  14.979857561693017  1.0  0.688  0.286  0.026  0.694  0.306  0.694  0.306
0  5  2.25  0.01  0.01  0.463841272658935  0.4947192533150777  1.5000989861773655  15.418778415605313  15.418778415605313  1.0  0.74  0.238  0.021  0.694  0.306  0.694  0.306
0  5  2.25  0.01  0.01  0.732519067331143  -0.9031256798714105  0.7482169358699396  14.78267735865896  14.78267735865896  1.0  0.723  0.261  0.016  0.694  0.306  0.694  0.306
0  5  2.25  0.01  0.01  0.9830430362469813  -0.7958928260839542  2.0698792951190668  21.88304970550002  21.88304970550002  1.0  0.814  0.177  0.009  0.694  0.306  0.694  0.306
0  5  2.25  0.01  0.01  0.23986515226347055  0.9584706516262884  0.5161444929219192  14.971335763813691  14.971335763813691  1.0  0.689  0.285  0.026  0.694  0.306  0.694  0.306
0  5  2.25  0.01  0.01  0.6929637610106888  -0.2546216013709357  1.473155924505345  15.349689365217197  15.349689365217197  1.0  0.765  0.218  0.016  0.694  0.306  0.694  0.306
0  5  2.25  0.01  0.01  0.5386514155124141  0.5103502815094603  2.1019651156527335  21.973391867579927  21.973391867579927  1.0  0.77  0.211  0.019  0.694  0.306  0.694  0.306
0  5  2.25  0.01  0.01  0.25709069400480583  0.8669920668823958  0.44145007510534545  14.985406514366208  14.985406514366208  1.0  0.688  0.286  0.026  0.694  0.306  0.694  0.306
0  5  2.25  0.01  0.01  0.9517381081145201  -0.9799827850538674  1.588451362669081  16.89363624190153  16.89363624190153  1.0  0.79  0.2  0.01  0.694  0.306  0.694  0.306
0  5  2.25  0.01  0.01  0.48693184790505906  -0.012325760241330252  0.6149404617278653  14.806173906329697  14.806173906329697  1.0  0.707  0.271  0.022  0.694  0.306  0.694  0.306
0  5  2.25  0.01  0.01  0.677117063798269  -0.7436897184674824  0.667862886882953  14.788186614531408  14.788186614531408  1.0  0.717  0.265  0.017  0.694  0.306  0.694  0.306
0  5  2.25  0.01  0.01  0.6605619286299743  -0.5895176930366244  0.7952720048135621  14.755115828676761  14.755115828676761  1.0  0.725  0.258  0.018  0.694  0.306  0.694  0.306
0  5  2.25  0.01  0.01  0.33790083590668246  0.7993857111678921  1.2415954250369086  14.846372013583379  14.846372013583379  1.0  0.716  0.26  0.024  0.694  0.306  0.694  0.306
0  5  2.25  0.01  0.01  0.44213863205572884  0.23255315100850216  0.7485846762703702  14.781568396883719  14.781568396883719  1.0  0.71  0.268  0.023  0.694  0.306  0.694  0.306
0  5  2.25  0.01  0.01  0.7183724738454775  -0.5814444338942204  1.119241232111033  14.782862984417871  14.782862984417871  1.0  0.747  0.237  0.016  0.694  0.306  0.694  0.306
0  5  2.25  0.01  0.01  0.9360474245462723  -0.7501620902684454  2.5500949155918553  31.827371838978227  31.827371838978227  1.0  0.804  0.186  0.01  0.694  0.306  0.694  0.306
0  5  2.25  0.01  0.01  0.5808139118889771  0.3214495359517435  2.0680204023421167  21.403687151899515  21.403687151899515  1.0  0.77  0.211  0.018  0.694  0.306  0.694  0.306
0  5  2.25  0.01  0.01  0.4157990008698961  0.5663951254412245  1.326406225246249  14.902773513598506  14.902773513598506  1.0  0.728  0.25  0.023  0.694  0.306  0.694  0.306
0  5  2.25  0.01  0.01  0.6630227877472419  -0.6551393175288007  0.703413159798046  14.776028118879465  14.776028118879465  1.0  0.719  0.263  0.018  0.694  0.306  0.694  0.306
0  5  2.25  0.01  0.01  0.2447680725113624  0.9472952936995382  0.5593711655251844  14.951536151567437  14.951536151567437  1.0  0.69  0.284  0.026  0.694  0.306  0.694  0.306
0  5  2.25  0.01  0.01  0.5939561007759788  -0.5158990913262065  0.48057465702399743  14.839159875495765  14.839159875495765  1.0  0.705  0.275  0.02  0.694  0.306  0.694  0.306
1  5  2.25  0.01  0.01  1.1456463277870255  0.1307468784603789  2.163468930437831  18.876386845835594  18.876386845835594  1.0  0.908  0.087  0.005  0.828  0.172  0.828  0.172
1  5  2.25  0.01  0.01  1.0190183833235194  -0.3264977963192648  1.1978565926286444  14.409471668979293  14.409471668979293  1.0  0.856  0.136  0.008  0.828  0.172  0.828  0.172
1  5  2.25  0.01  0.01  1.007460416227807  -0.5641862219128821  0.9267972703040025  14.367516750537936  14.367516750537936  1.0  0.838  0.153  0.008  0.828  0.172  0.828  0.172
1  5  2.25  0.01  0.01  0.8450434644891855  -0.4147227667850406  0.36828353010571  14.581465071365335  14.581465071365335  1.0  0.803  0.185  0.012  0.828  0.172  0.828  0.172
1  5  2.25  0.01  0.01  0.9495773979681857  -0.25525624193194907  1.0060568063968716  14.365982116291324  14.365982116291324  1.0  0.844  0.147  0.009  0.828  0.172  0.828  0.172
1  5  2.25  0.01  0.01  1.0206711359625447  -0.995886810105024  0.5422401219577586  14.477577101046165  14.477577101046165  1.0  0.808  0.183  0.008  0.828  0.172  0.828  0.172
1  5  2.25  0.01  0.01  0.8898276127249665  -0.5989888998141675  0.376036592662211  14.563485407083622  14.563485407083622  1.0  0.802  0.187  0.011  0.828  0.172  0.828  0.172
1  5  2.25  0.01  0.01  0.6706016669050634  0.3921860802186192  0.4242062789252619  14.665236441576347  14.665236441576347  1.0  0.806  0.178  0.015  0.828  0.172  0.828  0.172
1  5  2.25  0.01  0.01  0.6924317381542587  0.3525186678798704  0.5044082656433383  14.615936639972146  14.615936639972146  1.0  0.81  0.175  0.015  0.828  0.172  0.828  0.172
1  5  2.25  0.01  0.01  1.1013942956894076  -0.5561746808240191  1.2539505163314881  14.475420644460593  14.475420644460593  1.0  0.861  0.133  0.006  0.828  0.172  0.828  0.172
1  5  2.25  0.01  0.01  0.787566013450231  0.2504987870864166  0.889171379104068  14.431250757329014  14.431250757329014  1.0  0.832  0.155  0.012  0.828  0.172  0.828  0.172
1  5  2.25  0.01  0.01  0.9406361307172479  0.11089094636170094  1.4150670801096252  15.10911746582061  15.10911746582061  1.0  0.864  0.127  0.009  0.828  0.172  0.828  0.172
1  5  2.25  0.01  0.01  1.0947275321511492  -0.46644514582660634  1.3157941757939748  14.56964310666246  14.56964310666246  1.0  0.865  0.128  0.006  0.828  0.172  0.828  0.172
1  5  2.25  0.01  0.01  1.4038183165594555  -0.3857535517898907  2.271203796865182  19.983412038287376  19.983412038287376  1.0  0.924  0.073  0.002  0.828  0.172  0.828  0.172
1  5  2.25  0.01  0.01  1.0032832604673274  0.7884628017956448  2.5860248808555713  23.96004194474086  23.96004194474086  1.0  0.911  0.082  0.006  0.828  0.172  0.828  0.172
1  5  2.25  0.01  0.01  0.7634875597525601  -0.017677479856986977  0.41257097896311934  14.60362722100609  14.60362722100609  1.0  0.807  0.18  0.014  0.828  0.172  0.828  0.172
1  5  2.25  0.01  0.01  0.9834541435174681  -0.8658723310742034  0.5164997431076667  14.489653450766419  14.489653450766419  1.0  0.808  0.182  0.009  0.828  0.172  0.828  0.172
1  5  2.25  0.01  0.01  0.7228708954151692  0.4204532493345019  0.7799558375532473  14.497710513700682  14.497710513700682  1.0  0.825  0.162  0.014  0.828  0.172  0.828  0.172
1  5  2.25  0.01  0.01  1.0768036520307007  -0.25186759946226656  1.505702661691423  15.289341244505371  15.289341244505371  1.0  0.875  0.119  0.006  0.828  0.172  0.828  0.172
1  5  2.25  0.01  0.01  0.6611029857107774  0.41852816184473585  0.405263993669583  14.681282743818269  14.681282743818269  1.0  0.805  0.179  0.016  0.828  0.172  0.828  0.172
1  5  2.25  0.01  0.01  0.8366047459028108  -0.3582998777408273  0.381253416963092  14.5793977570047  14.5793977570047  1.0  0.804  0.183  0.012  0.828  0.172  0.828  0.172
1  5  2.25  0.01  0.01  0.576170649456874  0.8851331014048611  0.5862233682008213  14.691667678932598  14.691667678932598  1.0  0.81  0.173  0.017  0.828  0.172  0.828  0.172
1  5  2.25  0.01  0.01  0.9970938076516503  0.7874872996813223  2.569493502925205  23.710199455854724  23.710199455854724  1.0  0.91  0.083  0.006  0.828  0.172  0.828  0.172
1  5  2.25  0.01  0.01  1.1579698982735163  0.30707675132060297  2.309754116208453  19.972596988628865  19.972596988628865  1.0  0.918  0.078  0.004  0.828  0.172  0.828  0.172
1  5  2.25  0.01  0.01  0.7352863828100682  0.38903009232849795  0.8053241873783324  14.48230141783864  14.48230141783864  1.0  0.826  0.16  0.014  0.828  0.172  0.828  0.172
1  5  2.25  0.01  0.01  1.3532759360205338  -0.304390459094215  2.2379391930233585  19.684178822484082  19.684178822484082  1.0  0.921  0.076  0.003  0.828  0.172  0.828  0.172
1  5  2.25  0.01  0.01  1.1628413577526324  0.307932121815248  2.39610554977753  21.103540410009206  21.103540410009206  1.0  0.918  0.077  0.004  0.828  0.172  0.828  0.172
1  5  2.25  0.01  0.01  0.9733636254840945  0.6129481305221018  2.1686104079683677  18.810088259177924  18.810088259177924  1.0  0.898  0.095  0.007  0.828  0.172  0.828  0.172
1  5  2.25  0.01  0.01  0.9691412798319188  -0.7186544831491768  0.6080917573697305  14.455559942576322  14.455559942576322  1.0  0.816  0.175  0.009  0.828  0.172  0.828  0.172
1  5  2.25  0.01  0.01  0.8082620532971238  0.8033266442365896  1.6585206222713054  15.85138978646616  15.85138978646616  1.0  0.871  0.119  0.011  0.828  0.172  0.828  0.172
all data, x0 is free
-----------------------------------------------------------------------------------------------------------------------------------------------------------------------------
all data, x0 is 0

0  5  2.25  0.01  0.01  0.6764860831873583  1.988687825662283  19.99046892302145  19.99046892302145  1.0  0.779  0.204  0.016  0.694  0.306  0.694  0.306
0  5  2.25  0.01  0.01  0.538941293117134  1.0237885833538898  14.733382930554281  14.733382930554281  1.0  0.729  0.251  0.02  0.694  0.306  0.694  0.306
0  5  2.25  0.01  0.01  0.4569683752578382  0.3716871166889143  14.899605236946725  14.899605236946725  1.0  0.696  0.282  0.023  0.694  0.306  0.694  0.306
0  5  2.25  0.01  0.01  0.5668064519362545  1.201785546377149  14.78899227860176  14.78899227860176  1.0  0.74  0.241  0.02  0.694  0.306  0.694  0.306
0  5  2.25  0.01  0.01  0.4763562649765497  0.5457039574929462  14.83096352167958  14.83096352167958  1.0  0.704  0.274  0.022  0.694  0.306  0.694  0.306
0  5  2.25  0.01  0.01  0.5390977401204595  1.025709719536478  14.73314313970949  14.73314313970949  1.0  0.729  0.251  0.02  0.694  0.306  0.694  0.306
0  5  2.25  0.01  0.01  0.5597622991568263  1.1602161288215331  14.767727051837856  14.767727051837856  1.0  0.737  0.243  0.02  0.694  0.306  0.694  0.306
0  5  2.25  0.01  0.01  0.5153887440748228  0.8576277703487318  14.743432327098292  14.743432327098292  1.0  0.719  0.259  0.021  0.694  0.306  0.694  0.306
0  5  2.25  0.01  0.01  0.6754804993462444  2.609781673928048  33.667889170106214  33.667889170106214  1.0  0.779  0.205  0.016  0.694  0.306  0.694  0.306
0  5  2.25  0.01  0.01  0.6256879331620577  1.5310579212958046  15.712835317753104  15.712835317753104  1.0  0.761  0.221  0.018  0.694  0.306  0.694  0.306
0  5  2.25  0.01  0.01  0.663094885208705  1.9326500267636684  19.406576997015232  19.406576997015232  1.0  0.775  0.209  0.017  0.694  0.306  0.694  0.306
0  5  2.25  0.01  0.01  0.7214258129741615  2.098694669601136  22.17969454940445  22.17969454940445  1.0  0.795  0.191  0.015  0.694  0.306  0.694  0.306
0  5  2.25  0.01  0.01  0.4700038528403381  0.48941933684883815  14.852355808875481  14.852355808875481  1.0  0.701  0.276  0.023  0.694  0.306  0.694  0.306
0  5  2.25  0.01  0.01  0.48377392055349655  0.6098692470646958  14.808645625220993  14.808645625220993  1.0  0.707  0.271  0.022  0.694  0.306  0.694  0.306
0  5  2.25  0.01  0.01  0.46863087021337246  0.48407495875986156  14.854211820264606  14.854211820264606  1.0  0.7  0.277  0.023  0.694  0.306  0.694  0.306
0  5  2.25  0.01  0.01  0.5580237826416984  1.1478660036538584  14.762393632758263  14.762393632758263  1.0  0.736  0.244  0.02  0.694  0.306  0.694  0.306
0  5  2.25  0.01  0.01  0.6158965892479876  1.4816856103451688  15.358397976660585  15.358397976660585  1.0  0.758  0.224  0.018  0.694  0.306  0.694  0.306
0  5  2.25  0.01  0.01  0.47007268300819444  0.491347973216336  14.851069119336822  14.851069119336822  1.0  0.701  0.276  0.023  0.694  0.306  0.694  0.306
0  5  2.25  0.01  0.01  0.6103852577374203  1.4527096183044277  15.225213801001136  15.225213801001136  1.0  0.756  0.226  0.018  0.694  0.306  0.694  0.306
0  5  2.25  0.01  0.01  0.5090505631464032  0.8102757771842033  14.752245137570943  14.752245137570943  1.0  0.717  0.262  0.021  0.694  0.306  0.694  0.306
0  5  2.25  0.01  0.01  0.46275043795707244  0.4250271130033554  14.877552805729241  14.877552805729241  1.0  0.698  0.279  0.023  0.694  0.306  0.694  0.306
0  5  2.25  0.01  0.01  0.4681276639872921  0.4691869689980331  14.860158241387635  14.860158241387635  1.0  0.7  0.277  0.023  0.694  0.306  0.694  0.306
0  5  2.25  0.01  0.01  0.5300227521218347  0.9623433561184362  14.732319308753471  14.732319308753471  1.0  0.725  0.254  0.021  0.694  0.306  0.694  0.306
0  5  2.25  0.01  0.01  0.5853068730404606  1.3119858275744491  14.893825971216769  14.893825971216769  1.0  0.747  0.234  0.019  0.694  0.306  0.694  0.306
0  5  2.25  0.01  0.01  0.5122618627425383  0.8349504491903067  14.74700994762284  14.74700994762284  1.0  0.718  0.261  0.021  0.694  0.306  0.694  0.306
0  5  2.25  0.01  0.01  0.5002838965825925  0.7438816595486342  14.767890925921016  14.767890925921016  1.0  0.713  0.265  0.022  0.694  0.306  0.694  0.306
0  5  2.25  0.01  0.01  0.6996027623531401  2.0850845971154963  21.773944425797694  21.773944425797694  1.0  0.787  0.197  0.016  0.694  0.306  0.694  0.306
0  5  2.25  0.01  0.01  0.5078094157712437  0.8000453062787845  14.754372678951789  14.754372678951789  1.0  0.716  0.262  0.021  0.694  0.306  0.694  0.306
0  5  2.25  0.01  0.01  0.7451891115658872  2.7104778354728856  34.842723669228974  34.842723669228974  1.0  0.802  0.184  0.014  0.694  0.306  0.694  0.306
0  5  2.25  0.01  0.01  0.6054732636283987  1.426772617176067  15.124482273856401  15.124482273856401  1.0  0.754  0.227  0.018  0.694  0.306  0.694  0.306
1  5  2.25  0.01  0.01  0.8703641247609472  0.970192556664174  14.384778154813322  14.384778154813322  1.0  0.839  0.15  0.011  0.828  0.172  0.828  0.172
1  5  2.25  0.01  0.01  0.9879716231129865  1.4659473374492318  15.18530026581251  15.18530026581251  1.0  0.869  0.123  0.008  0.828  0.172  0.828  0.172
1  5  2.25  0.01  0.01  0.8827950931038127  1.0218081077885308  14.376919926369531  14.376919926369531  1.0  0.843  0.147  0.01  0.828  0.172  0.828  0.172
1  5  2.25  0.01  0.01  0.8690443216451736  0.9631149664265605  14.386412705611805  14.386412705611805  1.0  0.839  0.15  0.011  0.828  0.172  0.828  0.172
1  5  2.25  0.01  0.01  0.9384449423760421  1.2440920422531196  14.44509650532347  14.44509650532347  1.0  0.857  0.134  0.009  0.828  0.172  0.828  0.172
1  5  2.25  0.01  0.01  0.8172569343126563  0.7220283849992238  14.46138319224172  14.46138319224172  1.0  0.824  0.164  0.012  0.828  0.172  0.828  0.172
1  5  2.25  0.01  0.01  0.7852646227476252  0.5608096764660034  14.53408051472597  14.53408051472597  1.0  0.815  0.172  0.013  0.828  0.172  0.828  0.172
1  5  2.25  0.01  0.01  1.0375165678934422  1.5817787416715625  15.752969445820073  15.752969445820073  1.0  0.88  0.113  0.007  0.828  0.172  0.828  0.172
1  5  2.25  0.01  0.01  0.8214315664707954  0.7436715512963205  14.453730156685621  14.453730156685621  1.0  0.826  0.162  0.012  0.828  0.172  0.828  0.172
1  5  2.25  0.01  0.01  0.8109296257651615  0.6911676947009994  14.474210843551997  14.474210843551997  1.0  0.822  0.165  0.012  0.828  0.172  0.828  0.172
1  5  2.25  0.01  0.01  1.1579329560543796  2.002322404006499  17.423661935956122  17.423661935956122  1.0  0.904  0.091  0.005  0.828  0.172  0.828  0.172
1  5  2.25  0.01  0.01  1.0041814379010707  1.5203120603772955  15.32766817839958  15.32766817839958  1.0  0.873  0.12  0.008  0.828  0.172  0.828  0.172
1  5  2.25  0.01  0.01  0.8012510982046889  0.6413005707540582  14.495969567093622  14.495969567093622  1.0  0.82  0.168  0.013  0.828  0.172  0.828  0.172
1  5  2.25  0.01  0.01  0.892438340266733  1.06358271994402  14.377155949869222  14.377155949869222  1.0  0.845  0.145  0.01  0.828  0.172  0.828  0.172
1  5  2.25  0.01  0.01  0.7902208116226281  0.5844221209152202  14.5224331730936  14.5224331730936  1.0  0.816  0.171  0.013  0.828  0.172  0.828  0.172
1  5  2.25  0.01  0.01  0.7853241084696364  0.5589052295909517  14.534521799298451  14.534521799298451  1.0  0.815  0.172  0.013  0.828  0.172  0.828  0.172
1  5  2.25  0.01  0.01  0.7853528461574222  0.5584968914440159  14.534521798942624  14.534521798942624  1.0  0.815  0.172  0.013  0.828  0.172  0.828  0.172
1  5  2.25  0.01  0.01  1.3193147491516874  2.472191580183025  22.072458926670045  22.072458926670045  1.0  0.929  0.068  0.003  0.828  0.172  0.828  0.172
1  5  2.25  0.01  0.01  0.9550284182721652  1.3066326193309243  14.5252611471288  14.5252611471288  1.0  0.861  0.13  0.009  0.828  0.172  0.828  0.172
1  5  2.25  0.01  0.01  1.2898672169884438  2.41130545276588  21.373006341703054  21.373006341703054  1.0  0.925  0.072  0.003  0.828  0.172  0.828  0.172
1  5  2.25  0.01  0.01  0.804604639235289  0.659586696992618  14.488603133135568  14.488603133135568  1.0  0.821  0.167  0.012  0.828  0.172  0.828  0.172
1  5  2.25  0.01  0.01  0.8948574984520181  1.0719354374027934  14.375322360507488  14.375322360507488  1.0  0.846  0.144  0.01  0.828  0.172  0.828  0.172
1  5  2.25  0.01  0.01  0.8039926020258863  0.6560662720288029  14.490224659346278  14.490224659346278  1.0  0.82  0.167  0.013  0.828  0.172  0.828  0.172
1  5  2.25  0.01  0.01  0.9974001115452715  1.4955087231470132  15.25802429541382  15.25802429541382  1.0  0.871  0.121  0.008  0.828  0.172  0.828  0.172
1  5  2.25  0.01  0.01  0.9222196866329845  1.1813657000519688  14.398865766563286  14.398865766563286  1.0  0.853  0.137  0.009  0.828  0.172  0.828  0.172
1  5  2.25  0.01  0.01  0.9812751306373568  1.4420374292708353  15.133536917142365  15.133536917142365  1.0  0.868  0.124  0.008  0.828  0.172  0.828  0.172
1  5  2.25  0.01  0.01  0.7731499726506563  0.4917304973933538  14.56664651147492  14.56664651147492  1.0  0.811  0.176  0.013  0.828  0.172  0.828  0.172
1  5  2.25  0.01  0.01  0.9546865685570435  1.3043219392490586  14.521716022610507  14.521716022610507  1.0  0.861  0.13  0.009  0.828  0.172  0.828  0.172
1  5  2.25  0.01  0.01  0.8233314658327648  0.7516024167024858  14.449706788824502  14.449706788824502  1.0  0.826  0.162  0.012  0.828  0.172  0.828  0.172
1  5  2.25  0.01  0.01  0.8220323541830009  0.745721629730688  14.452801067506776  14.452801067506776  1.0  0.826  0.162  0.012  0.828  0.172  0.828  0.172
------------------------------------------------------------------------------------------------------------------------------------------------------------
x0 is 0, resample
