0.44999999999999996   0.5249999999999999   0.5249999999999999
0.44999999999999996   0.47499999999999987   0.5499999999999998
0.3999999999999999   0.4999999999999998   0.5999999999999996
0.2999999999999998   0.49999999999999956   0.6249999999999993
0.24999999999999978   0.4249999999999994   0.7249999999999988
0.24999999999999978   0.4249999999999994   0.7249999999999988
0.24999999999999978   0.4249999999999994   0.7249999999999988
0.24999999999999978   0.4249999999999994   0.7249999999999988
0.3037037037037034   0.42222222222222183   0.7666666666666653
0.23518518518518472   0.2861111111111103   0.8833333333333311
0.23518518518518472   0.2861111111111103   0.8833333333333311
0.19444444444444375   0.2416666666666658   1.0416666666666634
0.19444444444444375   0.2416666666666658   1.0416666666666634
0.1884773662551432   0.09197530864197417   1.160185185185181
0.3256515775034288   0.22798353909464958   0.9790123456790094
0.3256515775034288   0.22798353909464958   0.9790123456790094
0.30643956713915477   0.03050983081847186   1.2092935528120665
0.39104811258446315   0.13922420362749527   1.1235139460448058
0.39104811258446315   0.13922420362749527   1.1235139460448058
0.43593738533534226   0.0030652508933252387   1.2232840522278052
0.43593738533534226   0.0030652508933252387   1.2232840522278052
0.43593738533534226   0.0030652508933252387   1.2232840522278052
0.4034418422950258   0.09207570391946865   1.1260409904391975
0.4034418422950258   0.09207570391946865   1.1260409904391975
0.46354710211260874   0.06840089893258025   1.1569161069201945
0.4283594317884663   0.044148724983604996   1.1836713590798187
0.46821009381359735   0.04119689085416388   1.161866737190035
0.46821009381359735   0.04119689085416388   1.161866737190035
0.41977059879985024   0.03627102568468289   1.1712845322050012
0.41977059879985024   0.03627102568468289   1.1712845322050012
0.41977059879985024   0.03627102568468289   1.1712845322050012
0.47348367774465994   0.01016370151739976   1.1588893753055363
0.4290861254595041   0.019690884996666394   1.154765986363695
0.4290861254595041   0.019690884996666394   1.154765986363695
0.4678560804279486   -0.016910098080858835   1.156831098749662
0.4678560804279486   -0.016910098080858835   1.156831098749662
0.4678560804279486   -0.016910098080858835   1.156831098749662
0.4678560804279486   -0.016910098080858835   1.156831098749662
0.43794244159740026   -0.011857667375468527   1.1625051265199469
0.4779666038536139   -0.06682822683120977   1.1526425790735368
0.4779666038536139   -0.06682822683120977   1.1526425790735368
0.4779666038536139   -0.06682822683120977   1.1526425790735368
0.4779666038536139   -0.06682822683120977   1.1526425790735368
0.4779666038536139   -0.06682822683120977   1.1526425790735368
0.4779666038536139   -0.06682822683120977   1.1526425790735368
0.4779666038536139   -0.06682822683120977   1.1526425790735368
0.4884803278122304   -0.0903241377370996   1.1425973510146687
0.4884803278122304   -0.0903241377370996   1.1425973510146687
0.4884803278122304   -0.0903241377370996   1.1425973510146687
0.4882081752940602   -0.10780028504407098   1.141442514259337
0.4882081752940602   -0.10780028504407098   1.141442514259337
0.4882081752940602   -0.10780028504407098   1.141442514259337
0.4882081752940602   -0.10780028504407098   1.141442514259337
0.4882081752940602   -0.10780028504407098   1.141442514259337
0.4882081752940602   -0.10780028504407098   1.141442514259337
0.48856949687962425   -0.10548309651161977   1.1420154849835003
0.48856949687962425   -0.10548309651161977   1.1420154849835003
0.48937779257008485   -0.1154411754949543   1.1411096382631403
0.48937779257008485   -0.1154411754949543   1.1411096382631403
0.4886935839558139   -0.11596798367613666   1.1410473120884124
0.4886935839558139   -0.11596798367613666   1.1410473120884124
0.4886935839558139   -0.11596798367613666   1.1410473120884124
0.4886692548262562   -0.11522287006996475   1.1411841165844692
0.48804224328295653   -0.11661946558690894   1.141188778366507
0.48804224328295653   -0.11661946558690894   1.141188778366507
0.4879047083502606   -0.11528409023518472   1.1413118431996256
0.48679438233060357   -0.11649359089227249   1.1412982263782752
0.48679438233060357   -0.11649359089227249   1.1412982263782752
0.48558955307426577   -0.11576773921977507   1.1415992401600779
0.4835494676636628   -0.11892213890781386   1.1416405074542926
0.4835494676636628   -0.11892213890781386   1.1416405074542926
0.4791975758297615   -0.11859601975681583   1.1423018835377263
0.4791975758297615   -0.11859601975681583   1.1423018835377263
0.4791975758297615   -0.11859601975681583   1.1423018835377263
0.4791975758297615   -0.11859601975681583   1.1423018835377263
0.4791975758297615   -0.11859601975681583   1.1423018835377263
0.4796800030826295   -0.11995364449258024   1.1421174933633114
0.4796800030826295   -0.11995364449258024   1.1421174933633114
0.48012566079435914   -0.11863320463767837   1.142080643507778
0.48066213738112284   -0.117615330425557   1.142198600651338
0.48066213738112284   -0.117615330425557   1.142198600651338
0.48066213738112284   -0.117615330425557   1.142198600651338
0.48066213738112284   -0.117615330425557   1.142198600651338
0.48066213738112284   -0.117615330425557   1.142198600651338
0.4809322559004404   -0.1174730471395571   1.1421074884642075
0.4809322559004404   -0.1174730471395571   1.1421074884642075
0.48074926599644346   -0.11820794658480008   1.1420976677615502
0.4807772997658042   -0.11771284120770248   1.142156432442746
0.4807772997658042   -0.11771284120770248   1.142156432442746
0.48087184489188384   -0.11768565547040731   1.1421176081022257
0.48087184489188384   -0.11768565547040731   1.1421176081022257
0.4808621886794472   -0.11778109403098053   1.142129551789215
0.480811118770756   -0.1177618882997431   1.142138746393448
0.4808245819349105   -0.1178544679705035   1.1421223282846529
0.4808245819349105   -0.1178544679705035   1.1421223282846529
0.4808457506812448   -0.11778367352476607   1.1421289397513463
0.4808457506812448   -0.11778367352476607   1.1421289397513463
