0  3.5  1.75  0.01  0.01  0.6219089595354392  0.5398758965075219  14.202876711068898  1.0  0.75  0.18  0.07  0.792  0.208
0  3.5  1.75  0.01  0.01  0.6916563904202346  0.7255663874419227  15.526889504616536  1.0  0.778  0.159  0.063  0.817  0.183
0  3.5  1.75  0.01  0.01  0.8250736127368652  0.4103795375845675  13.962612541524413  1.0  0.826  0.125  0.049  0.858  0.142
0  3.5  1.75  0.01  0.01  0.7305270054827651  0.6634893195018774  14.114756240504692  1.0  0.793  0.149  0.059  0.842  0.158
0  3.5  1.75  0.01  0.01  0.634751669919007  0.4538508763627564  14.21063789415555  1.0  0.755  0.176  0.068  0.783  0.217
0  3.5  1.75  0.01  0.01  0.580777464594735  0.5766522579615114  14.528961802518094  1.0  0.733  0.194  0.074  0.775  0.225
0  3.5  1.75  0.01  0.01  0.649319975422818  0.6347284441166952  14.591304657501603  1.0  0.761  0.172  0.067  0.783  0.217
0  3.5  1.75  0.01  0.01  0.6694338250568173  0.4233984131800596  14.259976543151204  1.0  0.769  0.166  0.065  0.817  0.183
0  3.5  1.75  0.01  0.01  0.6679181167557114  0.6064800102355001  14.021031829795618  1.0  0.769  0.166  0.065  0.8  0.2
0  3.5  1.75  0.01  0.01  0.6466518570528191  0.4238312211684793  14.189375282233824  1.0  0.76  0.173  0.067  0.8  0.2
0  3.5  1.75  0.01  0.01  0.6485392832553419  0.39386512774148086  14.248998879742494  1.0  0.761  0.172  0.067  0.825  0.175
0  3.5  1.75  0.01  0.01  0.5600271396791716  0.5069691550616305  14.37126031576594  1.0  0.724  0.2  0.076  0.758  0.242
0  3.5  1.75  0.01  0.01  0.8843557616712336  0.9313641321863049  16.912466151270348  1.0  0.845  0.111  0.044  0.867  0.133
0  3.5  1.75  0.01  0.01  0.5641639878357139  0.44414238665572203  14.345574656110156  1.0  0.725  0.199  0.076  0.775  0.225
0  3.5  1.75  0.01  0.01  0.688708547504819  0.7705001876656296  15.20732383772033  1.0  0.777  0.16  0.063  0.8  0.2
0  3.5  1.75  0.01  0.01  0.6685098553167269  0.6012980407966236  14.856268322114188  1.0  0.769  0.166  0.065  0.808  0.192
0  3.5  1.75  0.01  0.01  0.6465024195768402  0.78619128111321  14.172168972230187  1.0  0.76  0.173  0.067  0.808  0.192
0  3.5  1.75  0.01  0.01  0.5269837759785534  0.4294530444702285  14.623433269940026  1.0  0.709  0.212  0.079  0.758  0.242
0  3.5  1.75  0.01  0.01  0.6326326104325839  0.3983242113488114  14.312261232781108  1.0  0.754  0.177  0.069  0.817  0.183
0  3.5  1.75  0.01  0.01  0.7245468502209906  0.7747702651330193  15.198273074169343  1.0  0.791  0.15  0.059  0.817  0.183
0  3.5  1.75  0.01  0.01  0.5843429857392815  0.42382268530804434  14.412832196670543  1.0  0.734  0.192  0.074  0.783  0.217
0  3.5  1.75  0.01  0.01  0.5667207527067721  0.659223946807247  14.514293159217727  1.0  0.727  0.198  0.075  0.775  0.225
0  3.5  1.75  0.01  0.01  0.7180492847755854  0.548620395964006  14.183342444646708  1.0  0.788  0.152  0.06  0.833  0.167
0  3.5  1.75  0.01  0.01  0.6193021194507539  0.4045531864230435  14.18117503527028  1.0  0.749  0.181  0.07  0.8  0.2
0  3.5  1.75  0.01  0.01  0.5355262631162028  0.491010634586553  14.45359767721692  1.0  0.713  0.209  0.078  0.758  0.242
0  3.5  1.75  0.01  0.01  0.6820066213853111  0.9434457364205084  14.637282147324848  1.0  0.774  0.162  0.064  0.792  0.208
0  3.5  1.75  0.01  0.01  0.5777489397925294  0.40102836687879145  14.302608979164575  1.0  0.731  0.195  0.074  0.792  0.208
0  3.5  1.75  0.01  0.01  0.6345311596277328  0.41782141614070345  14.11517344225741  1.0  0.755  0.176  0.068  0.8  0.2
0  3.5  1.75  0.01  0.01  0.7172467864847598  0.6843232168456025  14.792219050104377  1.0  0.788  0.152  0.06  0.825  0.175
0  3.5  1.75  0.01  0.01  0.6935858404034012  0.9137520819076195  15.9449607801268  1.0  0.779  0.159  0.062  0.8  0.2
0  3.5  1.75  0.01  0.01  0.39038456160393586  0.42054864530067254  14.418931729441951  1.0  0.645  0.263  0.092  0.684  0.316
0  3.5  1.75  0.01  0.01  0.5228613087237265  0.5074425901846557  14.213071332147047  1.0  0.707  0.213  0.08  0.728  0.272
0  3.5  1.75  0.01  0.01  0.5445824434180897  0.376497355760731  14.301926799767694  1.0  0.717  0.206  0.078  0.763  0.237
0  3.5  1.75  0.01  0.01  0.619222290560117  0.9486041391855734  14.452617912729703  1.0  0.749  0.181  0.07  0.737  0.263
0  3.5  1.75  0.01  0.01  0.6347249819065245  0.8813722524088436  14.155773710247779  1.0  0.755  0.176  0.068  0.754  0.246
0  3.5  1.75  0.01  0.01  0.5434000185538058  0.8831118474462574  14.179452408089103  1.0  0.716  0.206  0.078  0.711  0.289
0  3.5  1.75  0.01  0.01  0.5229162596075944  0.39694034589430466  14.317337450622995  1.0  0.707  0.213  0.08  0.754  0.246
0  3.5  1.75  0.01  0.01  0.6452285739774661  0.8895631903901612  14.124886225741008  1.0  0.76  0.173  0.067  0.737  0.263
0  3.5  1.75  0.01  0.01  0.5200517575320014  0.41602607244996404  14.296560217606743  1.0  0.706  0.214  0.08  0.746  0.254
0  3.5  1.75  0.01  0.01  0.463297377868587  0.7404396021025919  14.273500773301249  1.0  0.68  0.235  0.085  0.702  0.298
0  3.5  1.75  0.01  0.01  0.4866146995523353  0.4889715356736981  14.287018095288413  1.0  0.691  0.226  0.083  0.719  0.281
0  3.5  1.75  0.01  0.01  0.5242341139561664  0.6683004218622046  14.285257248928453  1.0  0.708  0.213  0.08  0.719  0.281
0  3.5  1.75  0.01  0.01  0.5299063870163216  0.7393521325776505  14.262628288674899  1.0  0.71  0.211  0.079  0.719  0.281
0  3.5  1.75  0.01  0.01  0.6054314796059913  0.48487251375559615  14.198303702464814  1.0  0.743  0.186  0.071  0.772  0.228
0  3.5  1.75  0.01  0.01  0.5763415601554371  0.6254975240466933  14.228936475516544  1.0  0.731  0.195  0.074  0.746  0.254
0  3.5  1.75  0.01  0.01  0.5262286567059834  0.8326971919163885  14.170619072312592  1.0  0.709  0.212  0.079  0.711  0.289
0  3.5  1.75  0.01  0.01  0.48294418870979267  0.738551351244055  14.281183094721303  1.0  0.689  0.228  0.084  0.684  0.316
0  3.5  1.75  0.01  0.01  0.4692178038171732  0.5537426625816027  14.248128956092563  1.0  0.682  0.233  0.085  0.702  0.298
0  3.5  1.75  0.01  0.01  0.5616041490827862  0.7073723605569714  14.179691952790447  1.0  0.724  0.2  0.076  0.737  0.263
0  3.5  1.75  0.01  0.01  0.41031587288826765  0.45752569303867946  14.44221718649698  1.0  0.654  0.255  0.09  0.693  0.307
0  3.5  1.75  0.01  0.01  0.45952453332735727  0.41303656693835267  14.362437610703745  1.0  0.678  0.236  0.086  0.711  0.289
0  3.5  1.75  0.01  0.01  0.5831646385230669  0.7630057768921721  14.205432653010837  1.0  0.734  0.193  0.074  0.746  0.254
0  3.5  1.75  0.01  0.01  0.5520213780666546  0.8546239980242374  14.455851405473865  1.0  0.72  0.203  0.077  0.719  0.281
0  3.5  1.75  0.01  0.01  0.45827074300708975  0.6665115056918907  14.369477994346832  1.0  0.677  0.237  0.086  0.702  0.298
0  3.5  1.75  0.01  0.01  0.6567264433234624  0.8380500154019676  14.14193293271062  1.0  0.764  0.17  0.066  0.754  0.246
0  3.5  1.75  0.01  0.01  0.5761440445889576  0.688681208564919  14.10963204706458  1.0  0.731  0.195  0.074  0.728  0.272
0  3.5  1.75  0.01  0.01  0.6104506649648122  0.874172941660567  14.126101773979498  1.0  0.745  0.184  0.071  0.746  0.254
0  3.5  1.75  0.01  0.01  0.5923081954838648  0.8267823743259229  14.201670570415189  1.0  0.738  0.19  0.073  0.746  0.254
0  3.5  1.75  0.01  0.01  0.4789266023552548  0.36867467778719776  14.316738289855856  1.0  0.687  0.229  0.084  0.719  0.281
0  3.5  1.75  0.01  0.01  0.546718820148453  0.4034781962010897  14.200846221774562  1.0  0.718  0.205  0.077  0.746  0.254
0  4  2  0.01  0.01  0.6502161670789033  0.7206677304225374  15.008351553248428  1.0  0.728  0.198  0.075  0.758  0.242
0  4  2  0.01  0.01  0.5827671958071274  0.6003852431911213  14.479757541424249  1.0  0.701  0.218  0.081  0.733  0.267
0  4  2  0.01  0.01  0.7119683024209083  0.4270370928524955  14.28304356543789  1.0  0.75  0.18  0.069  0.808  0.192
0  4  2  0.01  0.01  0.7878968539328276  0.8372443653274818  15.31241400375735  1.0  0.777  0.16  0.063  0.808  0.192
0  4  2  0.01  0.01  0.9988402593534226  0.9561063447360975  15.66837833467041  1.0  0.842  0.114  0.045  0.858  0.142
0  4  2  0.01  0.01  0.8001763114799589  0.7648133139435601  14.872653685332317  1.0  0.781  0.157  0.062  0.8  0.2
0  4  2  0.01  0.01  0.7737079852308749  0.410555787561297  14.159874512414596  1.0  0.772  0.164  0.064  0.825  0.175
0  4  2  0.01  0.01  0.7596048785624108  0.381475375116421  14.278198826211993  1.0  0.767  0.167  0.065  0.825  0.175
0  4  2  0.01  0.01  0.8056002754149152  0.5265169368159794  14.249502672933573  1.0  0.783  0.156  0.061  0.825  0.175
0  4  2  0.01  0.01  0.7253826386394743  0.9204303371842057  15.297134433674808  1.0  0.755  0.176  0.068  0.767  0.233
0  4  2  0.01  0.01  0.7641847605468989  0.6645218887892318  14.263966667136906  1.0  0.769  0.166  0.065  0.8  0.2
0  4  2  0.01  0.01  0.6916507027700423  0.590900378318977  14.463878203057194  1.0  0.743  0.186  0.071  0.767  0.233
0  4  2  0.01  0.01  0.9589478793684825  0.9347433061373562  15.666249108812375  1.0  0.831  0.121  0.048  0.833  0.167
0  4  2  0.01  0.01  0.805592546727943  0.4605054504465722  14.348608801824506  1.0  0.783  0.156  0.061  0.825  0.175
0  4  2  0.01  0.01  0.687904628882521  0.6874529268587255  16.042972300740377  1.0  0.742  0.187  0.072  0.783  0.217
0  4  2  0.01  0.01  0.7751630958053797  0.4845119924834171  14.414574297996118  1.0  0.773  0.163  0.064  0.817  0.183
0  4  2  0.01  0.01  0.779015259959037  0.659197295666951  14.11022185094237  1.0  0.774  0.162  0.063  0.8  0.2
0  4  2  0.01  0.01  0.7047696487841405  0.7761705998839804  15.319229047195229  1.0  0.748  0.182  0.07  0.767  0.233
0  4  2  0.01  0.01  0.7712354813067365  0.8303629680978348  13.957644491414493  1.0  0.771  0.164  0.064  0.783  0.217
0  4  2  0.01  0.01  0.760188154900303  0.40512507377357226  14.250904262488234  1.0  0.768  0.167  0.065  0.808  0.192
0  4  2  0.01  0.01  0.9437960251933875  0.9476728870244959  14.416738098677822  1.0  0.826  0.125  0.049  0.833  0.167
0  4  2  0.01  0.01  0.7675132282948255  0.9026063075261682  15.310937983883893  1.0  0.77  0.165  0.064  0.792  0.208
0  4  2  0.01  0.01  0.7308694178073928  0.3987824371075546  14.286944697016619  1.0  0.757  0.175  0.068  0.817  0.183
0  4  2  0.01  0.01  0.9006033855408735  0.8807096656082214  15.127008250981412  1.0  0.814  0.134  0.053  0.833  0.167
0  4  2  0.01  0.01  0.8515618104396394  0.4860212550404442  14.085143169828488  1.0  0.798  0.145  0.057  0.842  0.158
0  4  2  0.01  0.01  0.7701466462561459  0.3752565293719351  14.19892780535218  1.0  0.771  0.165  0.064  0.833  0.167
0  4  2  0.01  0.01  0.86005579428842  0.6783158795665547  15.351714625620259  1.0  0.801  0.143  0.056  0.842  0.158
0  4  2  0.01  0.01  0.9198110976809379  0.6942997489009913  14.60545672426681  1.0  0.819  0.13  0.051  0.858  0.142
0  4  2  0.01  0.01  0.7821023535978796  0.4625150775437397  14.082537445128734  1.0  0.775  0.162  0.063  0.8  0.2
0  4  2  0.01  0.01  0.7857656463301278  0.42609589490839433  14.167248245756081  1.0  0.776  0.161  0.063  0.825  0.175
0  4  2  0.01  0.01  0.49895300846136725  0.47716123377869524  14.386688548495659  1.0  0.667  0.245  0.088  0.702  0.298
0  4  2  0.01  0.01  0.6899721675691598  0.688047688098551  14.128385014879761  1.0  0.742  0.186  0.071  0.754  0.246
0  4  2  0.01  0.01  0.571291572793588  0.5725972730622342  14.32254992374593  1.0  0.697  0.222  0.082  0.728  0.272
0  4  2  0.01  0.01  0.5918134835471329  0.5299484521383521  14.227732305023931  1.0  0.705  0.215  0.08  0.728  0.272
0  4  2  0.01  0.01  0.6734767258338975  0.57081258088589  14.117873330450506  1.0  0.736  0.191  0.073  0.746  0.254
0  4  2  0.01  0.01  0.6225279023475938  0.3891704349760898  14.19193023317033  1.0  0.717  0.206  0.077  0.746  0.254
0  4  2  0.01  0.01  0.7046973883905648  0.7571930486416896  14.244060328146237  1.0  0.748  0.182  0.07  0.763  0.237
0  4  2  0.01  0.01  0.659916875115347  0.5734118101488971  14.165593291629285  1.0  0.731  0.195  0.074  0.754  0.246
0  4  2  0.01  0.01  0.5007857884810977  0.41846059331907254  14.362194094541685  1.0  0.668  0.245  0.088  0.702  0.298
0  4  2  0.01  0.01  0.6653765537193891  0.48129908074422745  14.19697650111712  1.0  0.733  0.193  0.074  0.772  0.228
0  4  2  0.01  0.01  0.6289984417546752  0.5618432554397714  14.220082002155035  1.0  0.719  0.204  0.077  0.746  0.254
0  4  2  0.01  0.01  0.5452526873187227  0.45403777985197896  14.246009973909187  1.0  0.686  0.23  0.084  0.711  0.289
0  4  2  0.01  0.01  0.7692585516409239  0.906777812357546  14.244700003302349  1.0  0.771  0.165  0.064  0.763  0.237
0  4  2  0.01  0.01  0.7542621866094862  0.774121542626634  14.128147050046111  1.0  0.766  0.169  0.066  0.763  0.237
0  4  2  0.01  0.01  0.6763952655366458  0.7118997766387037  14.10809773014598  1.0  0.737  0.19  0.073  0.746  0.254
0  4  2  0.01  0.01  0.7251365845059516  0.8633285830575675  14.26386548840651  1.0  0.755  0.176  0.068  0.754  0.246
0  4  2  0.01  0.01  0.5631370181748422  0.3769699229305743  14.372433901723658  1.0  0.693  0.224  0.082  0.737  0.263
0  4  2  0.01  0.01  0.6380795566117721  0.9155562733678833  14.284358439253545  1.0  0.723  0.201  0.076  0.711  0.289
0  4  2  0.01  0.01  0.5763495402073694  0.4664092507352372  14.204840091523627  1.0  0.699  0.22  0.081  0.719  0.281
0  4  2  0.01  0.01  0.510576504951379  0.4434458446927645  14.306135448689618  1.0  0.672  0.241  0.087  0.702  0.298
0  4  2  0.01  0.01  0.5706268351979424  0.5078823890220552  14.222689468789698  1.0  0.696  0.222  0.082  0.719  0.281
0  4  2  0.01  0.01  0.7243892010148585  0.7463101430129093  14.089421699600756  1.0  0.755  0.177  0.068  0.763  0.237
0  4  2  0.01  0.01  0.6976999161714422  0.7618215047450537  14.105439512862333  1.0  0.745  0.184  0.071  0.737  0.263
0  4  2  0.01  0.01  0.6554440091515172  0.6973161847582552  14.131051329620167  1.0  0.73  0.196  0.074  0.737  0.263
0  4  2  0.01  0.01  0.7311497173713187  0.8660446217663251  14.025302145226291  1.0  0.757  0.175  0.068  0.754  0.246
0  4  2  0.01  0.01  0.5880445199334678  0.38218630891256616  14.292552481158985  1.0  0.703  0.216  0.08  0.737  0.263
0  4  2  0.01  0.01  0.6957160160779409  0.8733251923761662  14.253818130918518  1.0  0.745  0.185  0.071  0.728  0.272
0  4  2  0.01  0.01  0.660209019346173  0.9711983255254817  14.515454942991635  1.0  0.731  0.195  0.074  0.719  0.281
0  4  2  0.01  0.01  0.4795017625152946  0.7834065638242731  14.41919598918934  1.0  0.659  0.252  0.089  0.675  0.325
0  4  2  0.01  0.01  0.7163903743275624  0.9167024619826009  14.393115771247494  1.0  0.752  0.179  0.069  0.754  0.246
0  5.5  2.75  0.01  0.01  0.9866072032849447  0.45690054891188076  14.202494698975114  1.0  0.753  0.179  0.069  0.792  0.208
0  5.5  2.75  0.01  0.01  0.9848815487905532  0.4125541244982524  14.25713523420895  1.0  0.752  0.179  0.069  0.8  0.2
0  5.5  2.75  0.01  0.01  0.8819281044259376  0.48298602153079845  14.580440012695105  1.0  0.724  0.2  0.075  0.775  0.225
0  5.5  2.75  0.01  0.01  0.8949320469364709  0.3805497737487311  14.32231508340028  1.0  0.728  0.198  0.075  0.775  0.225
0  5.5  2.75  0.01  0.01  0.9231124622350889  0.42328908037907026  14.240350019073276  1.0  0.736  0.192  0.073  0.775  0.225
0  5.5  2.75  0.01  0.01  1.0416515660726855  0.4054410993720029  14.143207846257091  1.0  0.767  0.168  0.065  0.817  0.183
0  5.5  2.75  0.01  0.01  0.9796546263942312  0.5370850912417182  14.30228788594886  1.0  0.751  0.18  0.069  0.783  0.217
0  5.5  2.75  0.01  0.01  0.9983045690920261  0.3944005227073354  14.226476178944555  1.0  0.756  0.176  0.068  0.808  0.192
0  5.5  2.75  0.01  0.01  0.9437180602290965  0.4119220430280245  14.542458100581054  1.0  0.741  0.187  0.071  0.808  0.192
0  5.5  2.75  0.01  0.01  1.1797114398366835  0.7077076195243717  14.853872383586124  1.0  0.8  0.143  0.056  0.825  0.175
0  5.5  2.75  0.01  0.01  1.0521559731467949  0.6344205214452866  14.471547293590678  1.0  0.769  0.166  0.064  0.792  0.208
0  5.5  2.75  0.01  0.01  0.9714145408177725  0.4421611919707895  14.300101862597586  1.0  0.749  0.182  0.07  0.808  0.192
0  5.5  2.75  0.01  0.01  0.8911853709782679  0.48859916597010483  14.353367962662247  1.0  0.727  0.198  0.075  0.775  0.225
0  5.5  2.75  0.01  0.01  1.0771914614163745  0.6702934722749749  14.148440940717798  1.0  0.776  0.161  0.063  0.808  0.192
0  5.5  2.75  0.01  0.01  1.043561451147773  0.5147835885285927  14.374268214482907  1.0  0.767  0.168  0.065  0.825  0.175
0  5.5  2.75  0.01  0.01  1.2411126927124545  0.7268805059598746  15.03885128557079  1.0  0.814  0.133  0.052  0.833  0.167
0  5.5  2.75  0.01  0.01  0.9022044107461799  0.38734634171104815  14.263586911271927  1.0  0.73  0.196  0.074  0.783  0.217
0  5.5  2.75  0.01  0.01  0.8647133348083367  0.6728230611333912  16.421680265218004  1.0  0.719  0.204  0.077  0.758  0.242
0  5.5  2.75  0.01  0.01  0.9453570239395445  0.4450044936845808  14.453708334145942  1.0  0.742  0.187  0.071  0.792  0.208
0  5.5  2.75  0.01  0.01  0.961511929413244  0.5449647404557812  14.254201183452153  1.0  0.746  0.184  0.07  0.775  0.225
0  5.5  2.75  0.01  0.01  1.1362940583228869  0.7274734456897521  14.76438525341698  1.0  0.79  0.151  0.059  0.817  0.183
0  5.5  2.75  0.01  0.01  1.025885991567265  0.46071515008706965  14.273099763776406  1.0  0.763  0.171  0.066  0.808  0.192
0  5.5  2.75  0.01  0.01  1.0684877777630732  0.7933969231139538  15.267678812013543  1.0  0.774  0.163  0.063  0.792  0.208
0  5.5  2.75  0.01  0.01  0.9826701607677112  0.51482826976993  14.578763584640656  1.0  0.752  0.179  0.069  0.817  0.183
0  5.5  2.75  0.01  0.01  0.9286102222049993  0.4288045094883648  14.508018349176409  1.0  0.737  0.19  0.072  0.792  0.208
0  5.5  2.75  0.01  0.01  0.997553786742065  0.6446346138047204  15.030223902725192  1.0  0.755  0.177  0.068  0.783  0.217
0  5.5  2.75  0.01  0.01  0.957894653816141  0.46621783838338915  14.320518876491873  1.0  0.745  0.184  0.071  0.8  0.2
0  5.5  2.75  0.01  0.01  1.3436387340903233  0.584849687130623  14.059908411463043  1.0  0.836  0.118  0.046  0.867  0.133
0  5.5  2.75  0.01  0.01  0.8718856425590291  0.453336484211345  14.351365815239564  1.0  0.721  0.202  0.076  0.775  0.225
0  5.5  2.75  0.01  0.01  1.0655238836950562  0.3969263553018958  14.279781822304715  1.0  0.773  0.164  0.064  0.833  0.167
0  5.5  2.75  0.01  0.01  0.9028567918257502  0.6139696771447702  14.146925694743599  1.0  0.73  0.196  0.074  0.746  0.254
0  5.5  2.75  0.01  0.01  1.0597154217210543  0.8616061665547751  14.241662195355147  1.0  0.771  0.165  0.064  0.754  0.246
0  5.5  2.75  0.01  0.01  0.6707692407053881  0.8923897539171652  14.507782797742834  1.0  0.662  0.249  0.088  0.667  0.333
0  5.5  2.75  0.01  0.01  0.8180768520422784  0.9618708250974327  14.711289051188887  1.0  0.706  0.214  0.079  0.702  0.298
0  5.5  2.75  0.01  0.01  1.0268881798960654  0.7731554034280581  14.189302232468439  1.0  0.763  0.171  0.066  0.754  0.246
0  5.5  2.75  0.01  0.01  0.8540794494109943  0.7555399650050818  14.172631977764487  1.0  0.716  0.206  0.077  0.719  0.281
0  5.5  2.75  0.01  0.01  0.7996053666705666  0.5419458290375994  14.316864670684975  1.0  0.701  0.219  0.081  0.728  0.272
0  5.5  2.75  0.01  0.01  0.8992818857527272  0.481024197536415  14.163654554614006  1.0  0.729  0.197  0.074  0.746  0.254
0  5.5  2.75  0.01  0.01  0.8489946389832121  0.6144669503059261  14.162203390608969  1.0  0.715  0.207  0.078  0.728  0.272
0  5.5  2.75  0.01  0.01  0.7550948189177658  0.7329497219341378  14.25984173578815  1.0  0.688  0.229  0.083  0.693  0.307
0  5.5  2.75  0.01  0.01  0.8171873604824277  0.5332994736201687  14.219494719942254  1.0  0.706  0.215  0.08  0.728  0.272
0  5.5  2.75  0.01  0.01  0.7490511900649576  0.4082156578378447  14.315387044688157  1.0  0.686  0.23  0.084  0.719  0.281
0  5.5  2.75  0.01  0.01  0.8326890894591317  0.6683733817744798  14.204026221200717  1.0  0.71  0.211  0.079  0.719  0.281
0  5.5  2.75  0.01  0.01  0.8813652424214665  0.9395701608545337  14.17211142032094  1.0  0.724  0.2  0.075  0.711  0.289
0  5.5  2.75  0.01  0.01  0.8498327586412928  0.8270041810963114  14.327026768915214  1.0  0.715  0.207  0.077  0.728  0.272
0  5.5  2.75  0.01  0.01  0.7484204064888664  0.49144914951813484  14.331909112068008  1.0  0.686  0.23  0.084  0.719  0.281
0  5.5  2.75  0.01  0.01  1.1541345522524418  0.9638035105676002  14.039146555603724  1.0  0.794  0.148  0.058  0.772  0.228
0  5.5  2.75  0.01  0.01  0.9471840593402083  0.7372703358684565  14.1624300867592  1.0  0.742  0.187  0.071  0.754  0.246
0  5.5  2.75  0.01  0.01  0.7568028180517586  0.4023401451469078  14.32215772947557  1.0  0.688  0.228  0.083  0.719  0.281
0  5.5  2.75  0.01  0.01  0.7886214269102433  0.4413434920003875  14.335695154502663  1.0  0.698  0.221  0.081  0.737  0.263
0  5.5  2.75  0.01  0.01  0.8425781640325691  0.5066762180746744  14.310332609744599  1.0  0.713  0.209  0.078  0.746  0.254
0  5.5  2.75  0.01  0.01  0.8266073713039598  0.9857687222276237  14.66386256904486  1.0  0.709  0.212  0.079  0.693  0.307
0  5.5  2.75  0.01  0.01  0.6672472338006387  0.5224981288807091  14.26975707231112  1.0  0.661  0.25  0.088  0.684  0.316
0  5.5  2.75  0.01  0.01  0.7804365093310399  0.41110463405397185  14.283384131971717  1.0  0.695  0.223  0.082  0.728  0.272
0  5.5  2.75  0.01  0.01  0.7843875074991616  0.37469014764299535  14.271056354279333  1.0  0.696  0.222  0.082  0.728  0.272
0  5.5  2.75  0.01  0.01  0.853295076627213  0.6490460067071318  14.232587460024616  1.0  0.716  0.207  0.077  0.728  0.272
0  5.5  2.75  0.01  0.01  0.8196477017690637  0.6211295140397783  14.148521935590852  1.0  0.707  0.214  0.079  0.719  0.281
0  5.5  2.75  0.01  0.01  0.8267728943556798  0.7263286524700666  14.173425239056334  1.0  0.709  0.212  0.079  0.719  0.281
0  5.5  2.75  0.01  0.01  0.8394125204195126  0.4878411685719958  14.19567242987436  1.0  0.712  0.21  0.078  0.737  0.263
0  5.5  2.75  0.01  0.01  0.8486064978876482  0.9757040702504906  14.52071473732662  1.0  0.715  0.208  0.078  0.711  0.289
0  3  1.5  0.01  0.01  0.5427834616445724  0.5670609628578731  14.366704295273557  1.0  0.755  0.177  0.069  0.792  0.208
0  3  1.5  0.01  0.01  0.6534721016882736  0.7441955450336507  14.781434386847014  1.0  0.804  0.14  0.056  0.842  0.158
0  3  1.5  0.01  0.01  0.4711162437468235  0.45147541840718103  14.54454614562281  1.0  0.719  0.204  0.077  0.783  0.217
0  3  1.5  0.01  0.01  0.6459040960465571  0.8927043662739075  15.774193601453097  1.0  0.801  0.142  0.056  0.817  0.183
0  3  1.5  0.01  0.01  0.5921678682162966  0.4805997273197382  14.107835389513419  1.0  0.778  0.159  0.063  0.817  0.183
0  3  1.5  0.01  0.01  0.6050360434423454  0.761681452677723  14.771388526903936  1.0  0.784  0.155  0.061  0.8  0.2
0  3  1.5  0.01  0.01  0.6145281636113226  0.39363629371781916  14.071508598433555  1.0  0.788  0.152  0.06  0.842  0.158
0  3  1.5  0.01  0.01  0.5539798428678521  0.443481440802258  14.153965452076333  1.0  0.76  0.173  0.067  0.808  0.192
0  3  1.5  0.01  0.01  0.5996003473446601  0.6079908223293249  14.078079332176275  1.0  0.781  0.157  0.062  0.817  0.183
0  3  1.5  0.01  0.01  0.5350117471053355  0.50479932431597  14.494248971495177  1.0  0.751  0.179  0.07  0.783  0.217
0  3  1.5  0.01  0.01  0.5309944051754878  0.7877298226529796  14.716402033925045  1.0  0.749  0.181  0.07  0.767  0.233
0  3  1.5  0.01  0.01  0.5310236990781887  0.8601973609710714  17.936955755291084  1.0  0.749  0.181  0.07  0.775  0.225
0  3  1.5  0.01  0.01  0.51240825281301  0.44238347253932814  14.336367432054514  1.0  0.74  0.188  0.072  0.775  0.225
0  3  1.5  0.01  0.01  0.5542625712562301  0.39416462710820105  14.322128072933898  1.0  0.76  0.173  0.067  0.808  0.192
0  3  1.5  0.01  0.01  0.6031931041123185  0.4359610380862027  14.14399870893779  1.0  0.783  0.156  0.061  0.842  0.158
0  3  1.5  0.01  0.01  0.70382466174943  0.42658327247805367  13.860386321010974  1.0  0.825  0.125  0.05  0.883  0.117
0  3  1.5  0.01  0.01  0.5315692883861567  0.9223254327470821  15.411760872903722  1.0  0.749  0.181  0.07  0.775  0.225
0  3  1.5  0.01  0.01  0.48947748162062604  0.3924874212152679  14.247397380665523  1.0  0.728  0.197  0.075  0.775  0.225
0  3  1.5  0.01  0.01  0.5474689451848531  0.861288921128221  16.58896673310608  1.0  0.757  0.175  0.068  0.775  0.225
0  3  1.5  0.01  0.01  0.5409374696615991  0.42488389886523503  14.296316413936893  1.0  0.754  0.177  0.069  0.808  0.192
0  3  1.5  0.01  0.01  0.5916637362718279  0.7943856218892779  14.669659114035687  1.0  0.777  0.16  0.063  0.808  0.192
0  3  1.5  0.01  0.01  0.505224572076556  0.49143261833039636  14.420886843359108  1.0  0.736  0.191  0.073  0.792  0.208
0  3  1.5  0.01  0.01  0.5346973430743815  0.7098597915146624  15.092196876281362  1.0  0.751  0.18  0.07  0.783  0.217
0  3  1.5  0.01  0.01  0.5307089016407062  0.9634724479841267  14.73815131923182  1.0  0.749  0.181  0.07  0.767  0.233
0  3  1.5  0.01  0.01  0.6066243802218122  0.9783659097572953  14.641783667205377  1.0  0.784  0.155  0.061  0.8  0.2
0  3  1.5  0.01  0.01  0.6403841722071967  0.7609564109755304  14.400633186289102  1.0  0.799  0.144  0.057  0.825  0.175
0  3  1.5  0.01  0.01  0.5122281618823967  0.4198481948732855  14.278538692231717  1.0  0.74  0.188  0.072  0.8  0.2
0  3  1.5  0.01  0.01  0.4885573498184299  0.897254603730633  17.441449735125428  1.0  0.728  0.197  0.075  0.767  0.233
0  3  1.5  0.01  0.01  0.5569786644826403  0.9861759925587974  15.316069480471269  1.0  0.761  0.172  0.067  0.775  0.225
0  3  1.5  0.01  0.01  0.5187841357195816  0.47463971886421064  14.304438889153436  1.0  0.743  0.185  0.072  0.792  0.208
0  3  1.5  0.01  0.01  0.4218394072865141  0.43868408798857567  14.245851766016516  1.0  0.693  0.224  0.083  0.719  0.281
0  3  1.5  0.01  0.01  0.3963474819599227  0.7637043351620715  14.38352179325769  1.0  0.679  0.235  0.086  0.693  0.307
0  3  1.5  0.01  0.01  0.42543874467377457  0.5125220460027868  14.305691529204175  1.0  0.695  0.223  0.082  0.728  0.272
0  3  1.5  0.01  0.01  0.34831981256473077  0.3785064369542926  14.427208288437102  1.0  0.652  0.257  0.091  0.693  0.307
0  3  1.5  0.01  0.01  0.48532601827388827  0.40261520677560253  14.204023670625721  1.0  0.726  0.198  0.076  0.754  0.246
0  3  1.5  0.01  0.01  0.5029606732353794  0.44324965736143407  14.109362818550052  1.0  0.735  0.191  0.073  0.746  0.254
0  3  1.5  0.01  0.01  0.4874188686678201  0.7562618326003384  14.17307776361707  1.0  0.727  0.197  0.075  0.746  0.254
0  3  1.5  0.01  0.01  0.45975532701536803  0.8590010334763521  14.341399228194858  1.0  0.713  0.208  0.079  0.711  0.289
0  3  1.5  0.01  0.01  0.5966572422148183  0.7349888936539728  14.043636835259136  1.0  0.78  0.158  0.062  0.781  0.219
0  3  1.5  0.01  0.01  0.5206253670256772  0.828339423420027  14.103687444181073  1.0  0.744  0.185  0.071  0.746  0.254
0  3  1.5  0.01  0.01  0.44112575261019094  0.7059352883781338  14.21745043311794  1.0  0.703  0.216  0.081  0.711  0.289
0  3  1.5  0.01  0.01  0.5135112773763686  0.9892240893188704  14.443808840846886  1.0  0.74  0.187  0.072  0.728  0.272
0  3  1.5  0.01  0.01  0.5920702091991262  0.8143321633440681  14.163598326439509  1.0  0.778  0.16  0.063  0.772  0.228
0  3  1.5  0.01  0.01  0.3831807851743248  0.45687721938192766  14.419259559202697  1.0  0.672  0.241  0.087  0.711  0.289
0  3  1.5  0.01  0.01  0.46633139718599753  0.5668616827065415  14.25919769968752  1.0  0.717  0.206  0.078  0.737  0.263
0  3  1.5  0.01  0.01  0.4400540592408452  0.6768685572372646  14.290120397729853  1.0  0.703  0.216  0.081  0.719  0.281
0  3  1.5  0.01  0.01  0.4153214751284617  0.4215979054084086  14.3403871939797  1.0  0.689  0.227  0.084  0.728  0.272
0  3  1.5  0.01  0.01  0.39796726745682437  0.7682362354900734  14.173024512285949  1.0  0.68  0.234  0.085  0.684  0.316
0  3  1.5  0.01  0.01  0.5062615605262517  0.9770992404759682  14.291111188035108  1.0  0.737  0.19  0.073  0.728  0.272
0  3  1.5  0.01  0.01  0.3992978198293094  0.4627880132888888  14.298661460870566  1.0  0.681  0.234  0.085  0.711  0.289
0  3  1.5  0.01  0.01  0.4026135467228924  0.5887053204860163  14.237288988915678  1.0  0.683  0.232  0.085  0.693  0.307
0  3  1.5  0.01  0.01  0.4232239024785486  0.5613105714564495  14.237205401918725  1.0  0.694  0.224  0.083  0.719  0.281
0  3  1.5  0.01  0.01  0.5135776079153913  0.5901961682018273  14.146064988128693  1.0  0.74  0.187  0.072  0.754  0.246
0  3  1.5  0.01  0.01  0.4676102798327968  0.7239945812187246  14.291377480647846  1.0  0.717  0.205  0.078  0.719  0.281
0  3  1.5  0.01  0.01  0.42987045507956245  0.49629239051282725  14.221656268412115  1.0  0.697  0.221  0.082  0.719  0.281
0  3  1.5  0.01  0.01  0.4547265425520458  0.4739973673440208  14.326130320176246  1.0  0.71  0.21  0.079  0.754  0.246
0  3  1.5  0.01  0.01  0.4045723767558255  0.6109134903933315  14.394104599679148  1.0  0.684  0.232  0.085  0.711  0.289
0  3  1.5  0.01  0.01  0.44504546812789186  0.7355623405129443  14.221599589789463  1.0  0.705  0.214  0.08  0.719  0.281
0  3  1.5  0.01  0.01  0.4755836080233083  0.6379721461586565  14.210275481330156  1.0  0.721  0.202  0.077  0.746  0.254
0  3  1.5  0.01  0.01  0.5586867073476014  0.9805852366058693  14.46366274572291  1.0  0.762  0.171  0.067  0.728  0.272
0  3  1  0.01  0.01  0.46017259441395697  0.5058680160211246  15.206214761031516  1.0  0.734  0.046  0.22  0.758  0.242
0  3  1  0.01  0.01  0.6266795606570239  0.6700695653614572  14.495911990105695  1.0  0.857  0.02  0.124  0.817  0.183
0  3  1  0.01  0.01  0.5156425939490967  0.42860730938985825  14.934902085255475  1.0  0.78  0.035  0.185  0.783  0.217
0  3  1  0.01  0.01  0.6553012538256114  0.7373343148148193  15.627910591034995  1.0  0.873  0.017  0.11  0.833  0.167
0  3  1  0.01  0.01  0.521113758867363  0.49166376234807513  15.230071329174587  1.0  0.784  0.034  0.182  0.792  0.208
0  3  1  0.01  0.01  0.6100804140257304  0.9059178105103863  16.253705016943993  1.0  0.847  0.022  0.132  0.8  0.2
0  3  1  0.01  0.01  0.4960300924637728  0.47536868021945305  15.089550717986084  1.0  0.764  0.039  0.197  0.775  0.225
0  3  1  0.01  0.01  0.5640608244627401  0.8069054446857133  15.562659124205675  1.0  0.816  0.027  0.157  0.792  0.208
0  3  1  0.01  0.01  0.6281969176707755  0.5841777237477583  15.27629611038678  1.0  0.858  0.02  0.123  0.808  0.192
0  3  1  0.01  0.01  0.5165122952626124  0.8886598056983039  16.1646571520486  1.0  0.781  0.035  0.185  0.767  0.233
0  3  1  0.01  0.01  0.551837143001813  0.7195269789652234  16.144621314666246  1.0  0.807  0.029  0.164  0.783  0.217
0  3  1  0.01  0.01  0.52541017086081  0.3759672574129014  15.116486947842857  1.0  0.787  0.033  0.179  0.8  0.2
0  3  1  0.01  0.01  0.5465883860219326  0.8839515500614609  16.20279597363323  1.0  0.803  0.03  0.167  0.783  0.217
0  3  1  0.01  0.01  0.5043718779869565  0.6645033973517408  14.981333771267481  1.0  0.771  0.037  0.192  0.758  0.242
0  3  1  0.01  0.01  0.5142789767454816  0.40440586766555425  14.980721265319032  1.0  0.779  0.035  0.186  0.8  0.2
0  3  1  0.01  0.01  0.4511805819555512  0.5676911367106483  15.75841487979967  1.0  0.726  0.048  0.226  0.742  0.258
0  3  1  0.01  0.01  0.3809430644077442  0.4217753164207487  15.254409248238934  1.0  0.662  0.067  0.271  0.717  0.283
0  3  1  0.01  0.01  0.5195990405504735  0.8287813207325841  16.202475849198738  1.0  0.783  0.034  0.183  0.775  0.225
0  3  1  0.01  0.01  0.4935188587986013  0.46794744008542705  14.905767199880923  1.0  0.762  0.039  0.199  0.775  0.225
0  3  1  0.01  0.01  0.5186256018405194  0.47090820501754965  15.104611358025226  1.0  0.782  0.034  0.183  0.792  0.208
0  3  1  0.01  0.01  0.53580344223701  0.4662070086441875  14.696802453336106  1.0  0.795  0.032  0.173  0.8  0.2
0  3  1  0.01  0.01  0.48006626380403333  0.6411235636763079  15.663095120467748  1.0  0.751  0.042  0.207  0.75  0.25
0  3  1  0.01  0.01  0.5773973601916873  0.7479919064547907  16.007944598186047  1.0  0.825  0.026  0.149  0.808  0.192
0  3  1  0.01  0.01  0.4550020806487133  0.48841519264876276  15.334213881724784  1.0  0.73  0.047  0.223  0.758  0.242
0  3  1  0.01  0.01  0.5725032139418547  0.9859512886975353  16.359331111378278  1.0  0.822  0.026  0.152  0.775  0.225
0  3  1  0.01  0.01  0.585640791938276  0.9526802525719021  16.27426370870169  1.0  0.831  0.024  0.145  0.775  0.225
0  3  1  0.01  0.01  0.6492668757714392  0.9159657365408271  15.267186003531323  1.0  0.87  0.017  0.113  0.817  0.183
0  3  1  0.01  0.01  0.6493225812022669  0.5873021049354517  15.90358871428972  1.0  0.87  0.017  0.113  0.833  0.167
0  3  1  0.01  0.01  0.5012610119594726  0.5445063907971723  15.229995489147408  1.0  0.769  0.038  0.194  0.767  0.233
0  3  1  0.01  0.01  0.659724682397058  0.6613994959679634  15.709426885223387  1.0  0.876  0.017  0.108  0.842  0.158
0  3  1  0.01  0.01  0.46039748627080707  0.38852581633506567  15.047879211839664  1.0  0.734  0.046  0.22  0.737  0.263
0  3  1  0.01  0.01  0.4287921302373598  0.3771901450949835  15.08179127361945  1.0  0.706  0.053  0.24  0.737  0.263
0  3  1  0.01  0.01  0.46406870389400934  0.43760114777313935  14.995025069831044  1.0  0.738  0.045  0.217  0.746  0.254
0  3  1  0.01  0.01  0.45796620228694224  0.6226991620485768  15.30499058936552  1.0  0.732  0.046  0.221  0.719  0.281
0  3  1  0.01  0.01  0.5516942320575412  0.6541470158334237  15.113324045022242  1.0  0.807  0.029  0.164  0.772  0.228
0  3  1  0.01  0.01  0.44663160534793067  0.47429556584700727  15.140895579499604  1.0  0.722  0.049  0.229  0.728  0.272
0  3  1  0.01  0.01  0.4876050935155882  0.4240531830945513  14.948522175045028  1.0  0.757  0.04  0.202  0.763  0.237
0  3  1  0.01  0.01  0.39466563961242573  0.47596319440708396  15.209108160430155  1.0  0.675  0.063  0.262  0.719  0.281
0  3  1  0.01  0.01  0.4729839726731653  0.9933904849965892  16.92460945615106  1.0  0.745  0.043  0.212  0.711  0.289
0  3  1  0.01  0.01  0.5834001574127263  0.9866763138321892  15.995039435157997  1.0  0.829  0.025  0.146  0.746  0.254
0  3  1  0.01  0.01  0.38533307610918477  0.4338969462541854  15.281359290393267  1.0  0.666  0.065  0.269  0.702  0.298
0  3  1  0.01  0.01  0.4813977601455011  0.5831595470490667  15.220967206813357  1.0  0.752  0.041  0.206  0.737  0.263
0  3  1  0.01  0.01  0.397070113670546  0.5194942440912729  15.125533409716553  1.0  0.677  0.062  0.261  0.711  0.289
0  3  1  0.01  0.01  0.5180753870875044  0.3905229215289186  14.802156426336426  1.0  0.782  0.035  0.184  0.781  0.219
0  3  1  0.01  0.01  0.4563119231839073  0.6879340388791237  15.395243601660123  1.0  0.731  0.047  0.222  0.728  0.272
0  3  1  0.01  0.01  0.35520519236229914  0.4903347210794276  15.1987677078992  1.0  0.637  0.075  0.288  0.693  0.307
0  3  1  0.01  0.01  0.3960751713714256  0.38656841624943417  15.03986103746934  1.0  0.676  0.062  0.262  0.719  0.281
0  3  1  0.01  0.01  0.4853558987696255  0.46509681246956  14.940350853757831  1.0  0.756  0.041  0.204  0.763  0.237
0  3  1  0.01  0.01  0.48949499355462667  0.3962861297936677  14.939599971836497  1.0  0.759  0.04  0.201  0.763  0.237
0  3  1  0.01  0.01  0.38299261962051007  0.6878493477553316  15.597468145493027  1.0  0.664  0.066  0.27  0.693  0.307
0  3  1  0.01  0.01  0.46836244992298487  0.5166322132352366  15.04839913191818  1.0  0.741  0.044  0.215  0.737  0.263
0  3  1  0.01  0.01  0.4425448882236049  0.7884583253245856  15.573234535581342  1.0  0.719  0.05  0.231  0.711  0.289
0  3  1  0.01  0.01  0.5595099996127874  0.6167931996203969  15.282001738938437  1.0  0.813  0.028  0.159  0.763  0.237
0  3  1  0.01  0.01  0.4525828863849228  0.40994507198214014  15.075432870242837  1.0  0.728  0.048  0.225  0.746  0.254
0  3  1  0.01  0.01  0.5158492007896875  0.5943277554066502  15.17781582171762  1.0  0.78  0.035  0.185  0.754  0.246
0  3  1  0.01  0.01  0.506735615744783  0.9909743481654066  15.99477927130791  1.0  0.773  0.037  0.191  0.728  0.272
0  3  1  0.01  0.01  0.5336675007330252  0.8891045676830294  15.547005548220227  1.0  0.794  0.032  0.174  0.754  0.246
0  3  1  0.01  0.01  0.45417320874215356  0.9978118481999498  16.316708589650485  1.0  0.729  0.047  0.224  0.693  0.307
0  3  1  0.01  0.01  0.44021524366616144  0.5628503396656306  15.40036063287843  1.0  0.717  0.051  0.233  0.719  0.281
0  3  1  0.01  0.01  0.4168297337291873  0.9608900167079247  16.120308134712907  1.0  0.696  0.057  0.248  0.702  0.298
0  3.5  2.25  0.01  0.01  0.474775213858662  0.6105250020168457  14.712054535911257  1.0  0.646  0.335  0.019  0.725  0.275
0  3.5  2.25  0.01  0.01  0.7622218487230009  0.8677557457791936  16.106125615154703  1.0  0.731  0.254  0.014  0.825  0.175
0  3.5  2.25  0.01  0.01  0.75044261315879  0.5899835138749702  14.385593702215184  1.0  0.728  0.257  0.015  0.833  0.167
0  3.5  2.25  0.01  0.01  0.8509692078781892  0.8718492140795843  15.369197548606984  1.0  0.755  0.232  0.013  0.858  0.142
0  3.5  2.25  0.01  0.01  0.6540186737020316  0.8621891107289201  16.30749766994024  1.0  0.701  0.283  0.016  0.792  0.208
0  3.5  2.25  0.01  0.01  0.49961208973311483  0.40754810942410236  14.7881488660778  1.0  0.654  0.327  0.019  0.742  0.258
0  3.5  2.25  0.01  0.01  0.532708903527128  0.44517889329848664  14.813101682718193  1.0  0.664  0.317  0.018  0.758  0.242
0  3.5  2.25  0.01  0.01  0.7070276218858477  0.5784918973833522  14.741155931538568  1.0  0.716  0.269  0.015  0.817  0.183
0  3.5  2.25  0.01  0.01  0.7974040269041465  0.8591774374130877  15.396199958072248  1.0  0.741  0.245  0.014  0.833  0.167
0  3.5  2.25  0.01  0.01  0.6603288756657757  0.5551995899762406  14.595623871049197  1.0  0.703  0.281  0.016  0.8  0.2
0  3.5  2.25  0.01  0.01  0.663354159638023  0.4335092009065726  14.753179312516913  1.0  0.704  0.28  0.016  0.825  0.175
0  3.5  2.25  0.01  0.01  0.579092163756283  0.466640341177599  14.802774590077918  1.0  0.679  0.304  0.017  0.783  0.217
0  3.5  2.25  0.01  0.01  0.6442495948671276  0.3747903505562217  14.742363966083682  1.0  0.698  0.286  0.016  0.817  0.183
0  3.5  2.25  0.01  0.01  0.6691123965116589  0.4789656668988086  14.478587060499287  1.0  0.705  0.279  0.016  0.8  0.2
0  3.5  2.25  0.01  0.01  0.5892120873962915  0.452955518159357  14.851662240645329  1.0  0.682  0.301  0.017  0.792  0.208
0  3.5  2.25  0.01  0.01  0.5954843864925364  0.39004371023486156  14.865468024159528  1.0  0.684  0.299  0.017  0.8  0.2
0  3.5  2.25  0.01  0.01  0.542988936173902  0.4394399958541954  14.779905506993694  1.0  0.668  0.314  0.018  0.767  0.233
0  3.5  2.25  0.01  0.01  0.7070376770183759  0.8162223264678953  14.30657498260909  1.0  0.716  0.269  0.015  0.808  0.192
0  3.5  2.25  0.01  0.01  0.672355475182839  0.4953765032984581  14.411835578417197  1.0  0.706  0.278  0.016  0.8  0.2
0  3.5  2.25  0.01  0.01  0.6386634132662116  0.8096201506346726  15.498880695646847  1.0  0.696  0.287  0.016  0.767  0.233
0  3.5  2.25  0.01  0.01  0.7006514738295782  0.9328082132464024  14.832425733014611  1.0  0.714  0.27  0.015  0.792  0.208
0  3.5  2.25  0.01  0.01  0.7213547334686249  0.4655288357282133  14.717831950195167  1.0  0.72  0.265  0.015  0.85  0.15
0  3.5  2.25  0.01  0.01  0.6606962644049829  0.4390087040390793  14.832304069248938  1.0  0.703  0.281  0.016  0.825  0.175
0  3.5  2.25  0.01  0.01  0.5587409848410908  0.38699230854053573  14.773660745889437  1.0  0.672  0.31  0.018  0.775  0.225
0  3.5  2.25  0.01  0.01  0.6475879265519003  0.4467832262051093  14.72339907490738  1.0  0.699  0.285  0.016  0.808  0.192
0  3.5  2.25  0.01  0.01  0.7333268138340993  0.8930716985495756  17.42973961244636  1.0  0.723  0.262  0.015  0.817  0.183
0  3.5  2.25  0.01  0.01  0.6858621108815517  0.5470292108930813  14.556517654988166  1.0  0.71  0.274  0.016  0.808  0.192
0  3.5  2.25  0.01  0.01  0.7819625185176005  0.984298662260688  15.341708068068096  1.0  0.737  0.249  0.014  0.817  0.183
0  3.5  2.25  0.01  0.01  0.6594423965935453  0.5601105854204592  14.909975921772771  1.0  0.702  0.281  0.016  0.8  0.2
0  3.5  2.25  0.01  0.01  0.6602228912449388  0.7690504184412675  16.12573477629262  1.0  0.703  0.281  0.016  0.8  0.2
0  3.5  2.25  0.01  0.01  0.5471409575862678  0.5857595616581607  14.406269636942465  1.0  0.669  0.313  0.018  0.737  0.263
0  3.5  2.25  0.01  0.01  0.6393792276303915  0.6047227324545431  14.381935152096094  1.0  0.697  0.287  0.016  0.781  0.219
0  3.5  2.25  0.01  0.01  0.5088360214781543  0.6698799769350628  14.4455435710043  1.0  0.657  0.324  0.018  0.719  0.281
0  3.5  2.25  0.01  0.01  0.45473116248837325  0.3925185529672639  14.654475798154456  1.0  0.64  0.341  0.019  0.711  0.289
0  3.5  2.25  0.01  0.01  0.4370125824482678  0.4580118624614582  14.52665189349692  1.0  0.635  0.346  0.019  0.693  0.307
0  3.5  2.25  0.01  0.01  0.5448056223110468  0.4690517574201131  14.518392425622958  1.0  0.668  0.314  0.018  0.746  0.254
0  3.5  2.25  0.01  0.01  0.5229075571370123  0.39498686885535994  14.55109494595859  1.0  0.661  0.32  0.018  0.737  0.263
0  3.5  2.25  0.01  0.01  0.5430354607954546  0.6924367370877857  14.345490316305362  1.0  0.668  0.314  0.018  0.728  0.272
0  3.5  2.25  0.01  0.01  0.6072521825552911  0.6476656902417388  14.366569932454631  1.0  0.687  0.296  0.017  0.763  0.237
0  3.5  2.25  0.01  0.01  0.5203182408855095  0.5150302390760445  14.569732712230921  1.0  0.661  0.321  0.018  0.737  0.263
0  3.5  2.25  0.01  0.01  0.5027955350677364  0.8773230602189135  14.316007532813995  1.0  0.655  0.326  0.018  0.702  0.298
0  3.5  2.25  0.01  0.01  0.579751084549981  0.7458770678138033  14.237228006957642  1.0  0.679  0.304  0.017  0.737  0.263
0  3.5  2.25  0.01  0.01  0.6094714712918864  0.8025928979103684  14.220651989498718  1.0  0.688  0.295  0.017  0.746  0.254
0  3.5  2.25  0.01  0.01  0.588911063854157  0.5463397082527901  14.386026340589233  1.0  0.682  0.301  0.017  0.754  0.246
0  3.5  2.25  0.01  0.01  0.4761243866888519  0.5168350105309433  14.52121894565322  1.0  0.647  0.334  0.019  0.711  0.289
0  3.5  2.25  0.01  0.01  0.5192994424457519  0.6969328668463495  14.374917526523134  1.0  0.66  0.321  0.018  0.719  0.281
0  3.5  2.25  0.01  0.01  0.5095007035892197  0.5472433381790744  14.533013533445812  1.0  0.657  0.324  0.018  0.728  0.272
0  3.5  2.25  0.01  0.01  0.5714198049770802  0.41891656396854415  14.469954369332394  1.0  0.676  0.306  0.018  0.754  0.246
0  3.5  2.25  0.01  0.01  0.5839073771353456  0.8588959203945067  14.273350679197858  1.0  0.68  0.303  0.017  0.728  0.272
0  3.5  2.25  0.01  0.01  0.5045190145642207  0.4440217314596457  14.438519281440772  1.0  0.656  0.326  0.018  0.719  0.281
0  3.5  2.25  0.01  0.01  0.532545601506176  0.5059630487907261  14.49236925089787  1.0  0.664  0.317  0.018  0.737  0.263
0  3.5  2.25  0.01  0.01  0.6446782882054563  0.4120699994606337  14.265396471791268  1.0  0.698  0.286  0.016  0.772  0.228
0  3.5  2.25  0.01  0.01  0.7105785022178789  0.967045796948939  14.015294485318531  1.0  0.717  0.268  0.015  0.763  0.237
0  3.5  2.25  0.01  0.01  0.5850943686136663  0.7421941980440799  14.220260882116524  1.0  0.68  0.302  0.017  0.737  0.263
0  3.5  2.25  0.01  0.01  0.5009961857555878  0.41657902560635174  14.581740465779541  1.0  0.655  0.327  0.019  0.728  0.272
0  3.5  2.25  0.01  0.01  0.46579645582735046  0.4172582561249496  14.700893867245586  1.0  0.644  0.337  0.019  0.719  0.281
0  3.5  2.25  0.01  0.01  0.4573449000247088  0.4730356437085937  14.645007290434787  1.0  0.641  0.34  0.019  0.711  0.289
0  3.5  2.25  0.01  0.01  0.5250884258694332  0.4711256163238646  14.427088259915793  1.0  0.662  0.32  0.018  0.728  0.272
0  3.5  2.25  0.01  0.01  0.4993571130543479  0.5563876657967628  14.492405696210392  1.0  0.654  0.327  0.019  0.719  0.281
0  3.5  2.25  0.01  0.01  0.5732728516684793  0.47371619939190546  14.46194166726627  1.0  0.677  0.306  0.017  0.754  0.246
-----------------------------------------------------------------------------------------------------------------------------
indeed the best hyper-parameter pair returns the best estimated proportion. Even though the exits 0.07 unknown probability.
