3.5  1.75  0.01  0.01  0.9845217584975496  0.6516325434943743  0.4416050295789756  14.53440657864082  14.53440657864082  1.0  0.873  0.091  0.035  0.885  0.115  0.885  0.115  1.0  0.669  0.243  0.087  0.696  0.304  0.696  0.304
3.5  1.75  0.01  0.01  0.9275728417807079  0.4815105235036055  0.4275786177993564  14.17096994240729  14.17096994240729  1.0  0.858  0.102  0.04  0.885  0.115  0.885  0.115  1.0  0.663  0.249  0.089  0.696  0.304  0.696  0.304
3.5  1.75  0.01  0.01  0.9729242463679111  0.6179970662484743  0.4465754783603741  14.269029976256457  14.269029976256457  1.0  0.87  0.094  0.036  0.885  0.115  0.885  0.115  1.0  0.672  0.241  0.087  0.696  0.304  0.696  0.304
3.5  1.75  0.01  0.01  1.0224525722215487  0.8093240612265672  0.46530798881809815  14.88372902797026  14.88372902797026  1.0  0.883  0.085  0.032  0.885  0.115  0.885  0.115  1.0  0.681  0.234  0.085  0.696  0.304  0.696  0.304
3.5  1.75  0.01  0.01  0.9351012861607463  0.5032046800464277  0.4307963932279677  14.171815045990373  14.171815045990373  1.0  0.86  0.101  0.039  0.885  0.115  0.885  0.115  1.0  0.664  0.247  0.088  0.696  0.304  0.696  0.304
3.5  1.75  0.01  0.01  1.03340622928633  0.7827461279134604  0.4611187030683336  14.669599556058513  14.669599556058513  1.0  0.886  0.083  0.031  0.885  0.115  0.885  0.115  1.0  0.679  0.236  0.086  0.696  0.304  0.696  0.304
3.5  1.75  0.01  0.01  0.9192093506334185  0.45314797902526  0.42412240380312566  14.16944623347502  14.16944623347502  1.0  0.855  0.104  0.041  0.885  0.115  0.885  0.115  1.0  0.661  0.25  0.089  0.696  0.304  0.696  0.304
3.5  1.75  0.01  0.01  1.004034271806686  0.7043183442655921  0.4493616905839992  14.553252871330125  14.553252871330125  1.0  0.879  0.088  0.033  0.885  0.115  0.885  0.115  1.0  0.673  0.24  0.087  0.696  0.304  0.696  0.304
3.5  1.75  0.01  0.01  1.045832565932924  0.8684740695716543  0.4748006160913987  14.889322830783103  14.889322830783103  1.0  0.889  0.081  0.03  0.885  0.115  0.885  0.115  1.0  0.685  0.231  0.084  0.696  0.304  0.696  0.304
3.5  1.75  0.01  0.01  0.9040907133155641  0.4034796762596257  0.4178150790752113  14.1768341194498  14.1768341194498  1.0  0.851  0.107  0.042  0.885  0.115  0.885  0.115  1.0  0.658  0.253  0.089  0.696  0.304  0.696  0.304
3.5  1.75  0.01  0.01  1.022489985016249  0.7531746820110595  0.45677188116929757  14.602267645756301  14.602267645756301  1.0  0.883  0.085  0.032  0.885  0.115  0.885  0.115  1.0  0.677  0.237  0.086  0.696  0.304  0.696  0.304
3.5  1.75  0.01  0.01  1.090954317294546  0.9768831072116803  0.49343725297335117  14.946862626117822  14.946862626117822  1.0  0.899  0.074  0.027  0.885  0.115  0.885  0.115  1.0  0.694  0.224  0.083  0.696  0.304  0.696  0.304
3.5  1.75  0.01  0.01  1.0204868579381747  0.8033790003491554  0.4644588924562994  14.882722853421342  14.882722853421342  1.0  0.883  0.085  0.032  0.885  0.115  0.885  0.115  1.0  0.68  0.235  0.085  0.696  0.304  0.696  0.304
3.5  1.75  0.01  0.01  0.920843724527161  0.45931260612832253  0.4248823952112465  14.170438713611889  14.170438713611889  1.0  0.856  0.104  0.04  0.885  0.115  0.885  0.115  1.0  0.661  0.25  0.089  0.696  0.304  0.696  0.304
3.5  1.75  0.01  0.01  0.9226010499220267  0.4647714769114092  0.4256157579103652  14.172663335450828  14.172663335450828  1.0  0.856  0.103  0.04  0.885  0.115  0.885  0.115  1.0  0.662  0.249  0.089  0.696  0.304  0.696  0.304
3.5  1.75  0.01  0.01  1.034114279472619  0.839640733239594  0.4701955498402237  14.885012039140873  14.885012039140873  1.0  0.886  0.083  0.031  0.885  0.115  0.885  0.115  1.0  0.683  0.232  0.085  0.696  0.304  0.696  0.304
3.5  1.75  0.01  0.01  1.0456633445894243  0.8680888958373116  0.4749431353068327  14.889322818303732  14.889322818303732  1.0  0.889  0.081  0.03  0.885  0.115  0.885  0.115  1.0  0.685  0.231  0.084  0.696  0.304  0.696  0.304
3.5  1.75  0.01  0.01  0.9174209908575758  0.44807159322818624  0.42335181763972285  14.17142923639854  14.17142923639854  1.0  0.855  0.104  0.041  0.885  0.115  0.885  0.115  1.0  0.661  0.25  0.089  0.696  0.304  0.696  0.304
3.5  1.75  0.01  0.01  0.8999417769250676  0.39075112592464517  0.4161203816020291  14.180232858605489  14.180232858605489  1.0  0.85  0.108  0.042  0.885  0.115  0.885  0.115  1.0  0.657  0.253  0.09  0.696  0.304  0.696  0.304
3.5  1.75  0.01  0.01  1.0086852682601335  0.7179681532966621  0.4512731872848861  14.558926367032182  14.558926367032182  1.0  0.88  0.087  0.033  0.885  0.115  0.885  0.115  1.0  0.674  0.24  0.086  0.696  0.304  0.696  0.304
3.5  1.75  0.01  0.01  1.0699987607824577  0.9276690447176329  0.4849284709674941  14.910368061115525  14.910368061115525  1.0  0.895  0.077  0.029  0.885  0.115  0.885  0.115  1.0  0.69  0.227  0.083  0.696  0.304  0.696  0.304
3.5  1.75  0.01  0.01  0.9028093913643028  0.4005292150962693  0.4173696495899281  14.177833569981756  14.177833569981756  1.0  0.851  0.107  0.042  0.885  0.115  0.885  0.115  1.0  0.658  0.253  0.09  0.696  0.304  0.696  0.304
3.5  1.75  0.01  0.01  1.0212304881709708  0.8060556189839078  0.46491939155477924  14.88389685346893  14.88389685346893  1.0  0.883  0.085  0.032  0.885  0.115  0.885  0.115  1.0  0.68  0.234  0.085  0.696  0.304  0.696  0.304
3.5  1.75  0.01  0.01  0.9419430777470766  0.5256934902302061  0.4337628895597194  14.18232843423624  14.18232843423624  1.0  0.862  0.099  0.039  0.885  0.115  0.885  0.115  1.0  0.666  0.246  0.088  0.696  0.304  0.696  0.304
3.5  1.75  0.01  0.01  1.0464897561828828  0.8709654379262178  0.47533133788100157  14.888893648797422  14.888893648797422  1.0  0.889  0.081  0.03  0.885  0.115  0.885  0.115  1.0  0.685  0.23  0.084  0.696  0.304  0.696  0.304
3.5  1.75  0.01  0.01  0.9529420362168661  0.5597455489491616  0.43831262157602213  14.196192961848396  14.196192961848396  1.0  0.865  0.097  0.038  0.885  0.115  0.885  0.115  1.0  0.668  0.245  0.088  0.696  0.304  0.696  0.304
3.5  1.75  0.01  0.01  1.034115869940582  0.8394453033670967  0.47018943407847136  14.885012038966778  14.885012038966778  1.0  0.886  0.083  0.031  0.885  0.115  0.885  0.115  1.0  0.683  0.232  0.085  0.696  0.304  0.696  0.304
3.5  1.75  0.01  0.01  0.9385967027822208  0.5157816506771216  0.432306363183789  14.179001573360937  14.179001573360937  1.0  0.861  0.1  0.039  0.885  0.115  0.885  0.115  1.0  0.665  0.247  0.088  0.696  0.304  0.696  0.304
3.5  1.75  0.01  0.01  1.04803103064399  0.873301402663419  0.4757598560891063  14.889096064131076  14.889096064131076  1.0  0.889  0.08  0.03  0.885  0.115  0.885  0.115  1.0  0.685  0.23  0.084  0.696  0.304  0.696  0.304
3.5  1.75  0.01  0.01  0.9419323340252046  0.5253606085418369  0.43372197507191085  14.182328434189623  14.182328434189623  1.0  0.862  0.099  0.039  0.885  0.115  0.885  0.115  1.0  0.666  0.246  0.088  0.696  0.304  0.696  0.304
