1673.6825996686423
1673.766640213344
1673.6825996686423
1673.5798249524976
1673.8543839366043
1673.6926446810598
1673.7365108930605
1673.6796279995715
1673.6788420381868
1673.5768848384394
1673.5828135887643
1673.577964751884
1673.577860226143
1673.5762727789977
1673.4741327610132
1673.5830644921816
1673.5758778321608
1673.4791823063742
1673.4475395744341
1673.4498333267625
1673.470084873653
1673.4524138162712
1673.4673790429174
1673.4460057926567
1673.4457519357718
1673.4508808393578
1673.460159492607
1673.4460591326554
1673.4580965203525
1673.4457516810064
1673.4348296600974
1673.4465975223548
1673.4443759416345
1673.4579669621357
1673.4474500793203
1673.4389615121397
1673.44724837476
1673.4325495399085
1673.4385827391686
1673.4322242808382
1673.4305789129153
1673.444892954505
1673.4349237590106
1673.4306738143384
1673.4301012844776
1673.4317957609633
1673.4305483777205
1673.430809100538
1673.4302126339223
1673.431115584309
1673.430155599483
1673.4311066512164
1673.4301473711746
1673.4302842312804
1673.4301054404457
1673.430273178547
1673.4300890599027
1673.4301909673163
1673.4300921966458
1673.4301517098997
1673.4300825537823
1673.4301094018142
1673.4300842206114
1673.4301075666194
1673.4300814911805
1673.430097652107
1673.4300812428592
1673.4300898220692
1673.430080356833
1673.4300849089004
1673.4300802011355
1673.430084059665
1673.430079948355
1673.4300823457947
1673.4300799939388
1673.4300813787827
1673.430079796578
1673.430080439183
1673.4300798178663
1673.4300803877848
1673.430079756352
