3338.759988697204
3341.429159184797
3340.906177324014
3337.3609803178983
3337.0453246392044
3334.91071554905
3333.7560832229915
3331.047346302737
3331.2994721524456
3330.4955938445655
3331.120714115238
3327.7956993705548
3325.949321314035
3326.9509792438766
3329.954479581596
3328.1529209957002
3323.988948715813
3323.223012088178
3331.7354010726217
3325.444958290431
3321.9803031201127
3320.3243061169496
3319.2911447255597
3316.899003686275
3318.173814004528
3315.7793304829174
3318.1484064007923
3315.884206476648
3315.3995940563655
3318.4261765538013
3317.965338315982
3315.457743095486
3318.852289369729
3314.978086234125
3314.1548562886846
3313.782605982782
3314.6389881344994
3314.7516496840626
3313.344810066067
3313.1224196870107
3313.8542303449026
3311.8095070782083
3310.930956721416
3312.639541097469
3312.149693428977
3311.407212453735
3310.9425627224537
3310.176557232114
3311.008844821047
3311.224122005227
3310.4230610873083
3311.676441094853
3310.3863376266763
3310.2577710370465
3310.2576275645088
3310.5458930805144
3310.1199070900734
3310.521379176342
3310.0794362914394
3310.271174738079
3310.108145324877
3310.316716869287
3310.0735082518772
3310.083589726797
3310.0879097640063
3310.071644612896
3310.0230158165296
3310.337362715201
3310.0547253995906
3310.0907153614266
3310.0889416055716
3310.010784880272
3310.0796361291077
3310.0523162977975
3310.056014703465
3310.101951730554
3310.0066150199073
3310.099150507944
3310.0638970490736
3310.0082636754255
3310.1329726110203
3310.095627185746
3310.0047601809674
3310.0061284910244
3310.0965055790075
3310.0947673384508
3310.077664431918
3310.109629265449
3310.0871266251943
3310.0043076378897
3310.0055735148276
3310.0870574523906
3310.0091085848017
3310.009218651284
3310.004518484987
3310.0048546776393
3310.0046474488117
3310.0041853545927
3310.0060401985447
3310.0085463605155
3310.004480759032
3310.006728817289
3310.004415232832
3310.0041410639215
3310.0111818541545
3310.006349579513
3310.004307845675
3310.0066358410786
3310.004257370226
3310.00409093513
3310.00400002936
3310.006119054865
3310.00417813791
3310.0040274575167
3310.0060052461677
3310.004113666757
3310.003961200418
3310.0038882743897
3310.0055898563155
3310.004037275892
3310.0039071812
3310.0055641617814
3310.00397638949
3310.003856020956
3310.0053141713774
3310.0053567083964
3310.0039275445884
3310.0055407732216
3310.0039048249637
3310.0038592963056
3310.003833850932
3310.003803644989
3310.003795853915
3310.0037603404767
3310.0050518308103
3310.003829930453
3310.0037491958988
3310.0037157404736
3310.003707833825
3310.0036891275868
3310.0036902112406
3310.0037178612856
3310.003692482983
3310.003736087154
3310.0036934889918
3310.0037036620743
3310.0036891987047
3310.0036926672774
3310.0036896647134
