1687.8631568270548
1688.169169615025
1694.6867838037872
1683.3247744960208
1679.9943240909133
1679.457766214393
1676.5854996915407
1674.060306118628
1672.6722802850738
1670.9912008435467
1671.2130879534184
1674.8171675538422
1672.831113734452
1672.9411166088362
1672.2479561242324
1670.6961679444887
1670.501606995913
1669.679187129973
1669.7313714330667
1670.3714101024188
1670.1451316037949
1669.329258024295
1670.1585659159139
1670.7103118814082
1669.6516498221768
1669.9563556839908
1669.6304498950158
1669.7375008489457
1669.3399162872377
1669.7268043442086
1669.5000901533738
1669.629948618908
1669.5063733546697
1669.3350182119489
1669.69099700451
1669.5960472865002
1669.592349559964
1669.6753727228042
1669.6777793929825
1669.676693795791
1669.487575931899
1669.6423275457798
1669.285910752633
1669.6404048226539
1669.500820967469
1669.3297881323672
1669.501094315395
1669.6822658656038
1669.3302532300672
1669.2854298161155
1669.6822658656038
1669.6830476687637
1669.2854945673157
1669.2850383336415
1669.284639384575
1669.6815873157848
1669.2852549928398
1669.2844840378527
1669.284061850075
1669.2835628830303
1669.2829148603605
1669.2825483240574
1669.2819554969303
1669.2816522909081
1669.2819516092297
1669.281809311617
1669.282349874732
1669.2816780687294
1669.2822381928609
1669.2816466286988
1669.2816693122495
1669.2816402696278
1669.2817580954502
1669.2816322656731
1669.2816342500146
1669.2816567820803
1669.281632780287
1669.281635412476
1669.2816323906134
1669.2816366419177
1669.2816319564322
1669.28163199644
1669.2816328735646
1669.281631970489
1669.2816320203021
1669.2816319489366
