3497.819969659772
3504.3890305717996
3503.1818352703767
3492.0089154905027
3491.5114392898727
3483.904770704767
3480.7039859483552
3470.303857501194
3468.180863798999
3455.0051059135067
3451.6199363540964
3437.554267069042
3426.565459551086
3404.974847030887
3405.518326927253
3398.539847521558
3404.566730300239
3383.4493468364194
3383.121441438586
3380.412002061884
3386.8953862665644
3421.816944480989
3387.047881483006
3372.488008085791
3378.9976740327625
3406.572047664493
3378.188323259341
3370.6362131578758
3369.061972384035
3361.4786068436724
3353.1420638454456
3347.8092056706023
3336.000123008039
3348.6120409116356
3320.3695318997216
3304.783736951076
3305.647344232444
3342.7678838446345
3312.96380961232
3300.590229284692
3340.2181306998573
3299.159644620353
3311.163938897015
3295.297587868115
3307.6227304486124
3307.1262652268006
3297.3919308706995
3300.265825639704
3296.6663602807835
3298.0985838928855
3294.5290465538856
3293.077335673909
3296.2806320292084
3310.327671980649
3294.100490434403
3293.961508830247
3294.608652705945
3293.7884628993797
3292.931787450614
3293.2992389208935
3296.353832471108
3292.750063007137
3293.00255172927
3292.7696925135106
3294.5728347850063
3292.3052549319154
3293.2210426337374
3292.8724728914926
3292.410749651348
3293.114642326777
3292.734959347888
3292.3512569024047
3292.616596741296
3292.717966942081
3292.5103072601646
3292.128328047549
3292.635673018078
3292.261929586664
3292.8717731357488
3292.563186073472
3292.6168773609415
3292.6436272391475
3292.6513888873033
3292.9259501872593
3292.723926265923
3292.7689047296617
3292.784906288807
3292.7893192985316
3292.9535457380125
3292.7908376248106
3292.9542650230255
3292.9628909659054
3292.9652221346723
3292.290833510577
3292.3728692177556
3292.21737120287
3292.3906988439776
3292.3772412724966
3292.21104211122
3292.298532183887
3292.301656506514
3292.3106032517767
3292.3038718591897
3292.2079303156756
3292.3024491082415
3292.3040256694976
3292.308501008507
3292.305139169469
3292.1298666935895
3292.3044244655107
3292.3052163461502
3292.3074545094896
3292.3057745530227
3292.129096271444
3292.3054163706165
3292.1278068927327
3292.1293620807983
3292.1288855595863
3292.127585469293
3292.1268332627014
3292.3042337858697
3292.128269746154
3292.126945667472
3292.12612442421
3292.3026574121477
3292.125466687267
3292.1243043515033
3292.1245634328398
3292.1231719086986
3292.2984050406776
3292.1219176982568
3292.1198399400137
3292.1203175598403
3292.1179466307995
3292.114827599955
3292.1135531220507
3292.782717449554
3292.111872768275
3292.78159203103
3292.7809891758916
3292.1166062258717
3292.7841016041443
3292.1150052082294
3292.1118348516247
3292.7841016041443
3292.7838702100403
3292.113620203484
3292.1112236628924
3292.7838702100403
3292.783584644797
3292.1125964183566
3292.7845314174897
3292.1121195134956
3292.111168595331
3292.7845314174897
3292.1109458353885
3292.1104837459643
3292.7839210592683
3292.1113962287923
3292.784357976144
3292.111177223551
3292.1106625971483
3292.1103664126413
3292.7837976317032
3292.7836770942968
3292.1108361708903
3292.110172743408
3292.7836770942968
3292.7838553754646
3292.110501708893
3292.784016209526
3292.110421305564
3292.1101566303923
3292.109993245119
3292.783769300203
3292.110299330241
3292.109943923261
3292.109732968109
3292.109633645442
3292.7831359376596
3292.7832356287354
3292.1099795758387
3292.1095709826786
3292.109360141462
3292.1091721935186
3292.108769565335
3292.108776363084
3292.1083053246775
3292.107644052249
3292.1074359951645
3292.106480012976
3292.106487980046
3292.1049863823964
3292.103118659108
3292.1030923262583
3292.1008514864698
3292.1004955014855
3292.097561009869
3292.094680245338
3292.089026496035
3292.2603761636065
3292.0994024949614
3292.089855639703
3292.0850808262294
3292.0783137134054
3292.0744784258864
3292.0640322610293
3292.0647076902105
3292.05113766676
3292.035808840877
3292.033871817652
3292.0178653070425
3292.0164678097026
3292.0025527286216
3292.072870706111
3292.0370102349043
3292.0027845521163
3292.072139264434
3292.019229496789
3291.9987329614223
3292.072139264434
3292.071907583533
3292.008290640572
3291.9966405894625
3292.071907583533
3292.0736115227965
3292.000748993643
3292.073150186663
3292.0003715092635
3292.073895678933
3291.9995225639686
3292.0737692314233
3291.9992191300344
3291.9969149568797
3292.073237002244
3291.9982343279758
3292.0733134759375
3291.997937353993
3292.0734962308698
3291.9976624464653
3292.0735693258093
3291.997480539746
3292.0736792686475
3291.9973219674453
3292.073736355707
3291.9972097260165
3292.0738031458422
3291.9971153220486
3291.9965830593474
3292.073567867209
3292.0736060491117
3291.996908841359
3291.9965112978343
3292.0735904207577
3292.0735397804006
3291.996740455278
3292.073686370533
3291.9966584828435
3291.9964989757477
3292.073686370533
3292.0736889541226
3291.996585420315
