3318.498821776787
3318.5922423536676
3318.498821776787
3315.086560840955
3316.5066515380804
3314.9183740061217
3313.0720028691694
3311.50834745488
3308.4485930723276
3307.848564800296
3303.6693299077288
3302.451428478018
3297.3909166627077
3293.8624617042874
3286.3964791535136
3283.9589170521003
3276.029396858521
3279.7944663621383
3278.3323920123767
3295.0576029562267
3279.107279811299
3271.3791435043177
3268.427541706016
3269.2556756130098
3272.063087033051
3261.0527039320546
3258.0417294585864
3279.8449753204704
3265.76210824142
3265.7031326322776
3258.1128620110844
3257.85827779813
3264.0140079089333
3265.384628827401
3257.67614036122
3260.4504081819996
3256.799846685742
3261.4183862424998
3256.640887819343
3258.6950666927532
3256.899227830164
3258.01324602018
3256.647826152075
3256.871137809967
3256.6879030649247
3257.2456351820338
3256.537991537337
3256.5796256260687
3256.6766959665174
3256.4746282945034
3256.825498098487
3256.56981075165
3256.5653399677426
3256.5666178470346
3256.2504937482213
3256.604652026977
3256.216226721005
3256.6367433306345
3256.249888006683
3256.7335521839314
3256.5474672067357
3256.254981313118
3256.255708246226
3256.5111382703362
3256.520858572279
3256.499278973317
3256.5809807014757
3256.5457432048097
3256.2106921695104
3256.2111668948532
3256.548433590903
3256.5189226596012
3256.263025667058
3256.550066095996
3256.2620716292577
3256.2116803360736
3256.2070825136097
3256.2039460296614
3256.2540132864115
3256.209860438821
3256.2050837258857
3256.2027554664014
3256.200827534086
3256.2002779642667
3256.202006578932
3256.2003524009174
3256.202578037937
3256.2006944935656
3256.2019599313935
3256.200313288573
3256.2007680820648
3256.2003563747267
3256.200393167277
3256.2002764435465
3256.200481607936
3256.2002684101735
3256.20035389223
3256.2002656652844
3256.200320943258
3256.200257623587
3256.2002840974583
3256.2002596788516
3256.200284509744
3256.200257099188
3256.200275654046
3256.2002568953344
3256.2002647905956
3256.2002558771183
3256.2002598078598
3256.2002556150846
3256.2002596789616
3256.2002554698693
3256.2002582810946
3256.2002555042277
3256.2002567824593
3256.2002553072894
