2717.38743854168
2717.354655544127
2717.38743854168
2717.354655544127
2717.3218801084613
2717.2891122348065
2717.2891122348065
2717.223599171057
2717.158116348288
2717.158116348288
2717.027241436426
2716.896487504455
2716.896487504455
2716.6353425689877
2716.3746815395816
2716.3746815395816
2716.4687595626165
2716.1145044171817
2716.1145044171817
2716.4687595626165
2716.2445324901037
2716.599005835667
2716.179503333333
2716.6641743376276
2716.1470000960217
2716.082016303624
2716.6641743376276
2716.6967699321
2716.106381681035
2716.0738954555327
2716.053595404889
2716.0292392414167
2715.9906840158433
2715.9622817252975
2715.902452989398
2715.8396098128705
2715.732740292708
2715.6446727532402
2715.471990042884
2715.302803292332
2715.0039513172374
2714.744574450848
2714.2531474256834
2713.7892576549266
2712.9556617892677
2712.216165700507
2710.8439246493404
2709.579564716391
2707.3052089081675
2705.2856975845634
2701.0698525727494
2697.810454390827
2692.0928082765777
2686.691643518773
2677.9364461505565
2671.1782877222663
2660.504885144357
2652.9610867617403
2645.879893078613
2646.538216451707
2663.2471922253026
2648.6864572978666
2650.1511540909796
2645.999896774011
2652.525685260675
2645.340206590678
2645.3811130225877
2646.634111584643
2645.33902154328
2645.497027234298
2645.317426103915
2645.3695821105484
2645.3040166298265
2645.4932599285803
2645.297912216706
2645.306183299389
2645.2974652214307
2645.326178633243
2645.296495286136
2645.2967791867886
2645.3045027598164
2645.2959592065454
2645.296054920491
2645.2976816336322
2645.2959755133284
2645.2960837790592
2645.295949758629
2645.296294179245
2645.2959197882506
2645.2959216804848
2645.295981654669
2645.295923883762
2645.295939832948
2645.295919411183
2645.2959208278753
2645.295919493142
2645.2959225985032
2645.2959191845966
2717.38743854168
