3674.236639337364
3672.2879097652394
3700.8355957924223
3611.1932772970213
3549.458611057871
3547.7430424428153
3440.131763632009
3374.3802363695486
3295.5323517259085
3280.7343601376097
3259.7470911914597
3257.4243926267
3272.1016121889866
3267.544092127774
3259.0264846176706
3268.994180248023
3256.476626093869
3257.4036429520934
3261.510407438859
3256.617359236169
3257.537024562099
3256.7187272172587
3256.771232320134
3256.5745185267338
3256.8215703634105
3256.5536381357815
3256.4899190644537
3256.5829514161164
3256.4610400495567
3256.484630508854
3256.5616459345492
3256.5025434673476
3256.52028068515
3256.2457175333902
3256.4766576625025
3256.5973284603247
3256.5220737168743
3256.520939957818
3256.246349053893
3256.5616459345492
3256.4996593704263
3256.197502172021
3256.5616459345492
3256.5621328001375
3256.245904389869
3256.1975689157834
3256.5616473679675
3256.197474500591
3256.197643999876
3256.1974851739205
3256.245849738928
3256.1974686857166
3256.1974748015937
3256.197468210311
3256.1974915299347
3256.1974678241613
3256.245712886085
3256.197467637972
3256.1974684902443
3256.197467418961
3256.1974709191195
3256.1974672062715
