9047.678545975177
9055.812071930279
9048.493305874505
9054.134842043213
9045.144289579543
9039.926087584863
9037.065633014587
9027.882015184505
9028.98983618349
9019.136913778078
9007.678084235631
9002.067519463986
8985.48336019239
8985.284706879258
8966.851546378828
8961.010809068302
8951.471324438266
8927.236122181977
8904.74611293299
8934.049400641888
8968.859959174464
8937.187425135447
8891.948534189265
8883.94829708214
9043.233845805513
8913.686325808842
8859.68867139087
8849.184744058475
9107.546298324309
8887.473117030268
9004.015696088098
8880.418559273963
8977.208021370941
8871.508981743551
8873.42811149682
8846.974366426304
8862.934295472085
8966.492622302549
8857.3071337037
8863.030395481544
8848.68895705111
8962.344253597581
8848.370604098693
8859.611137497644
8845.398893143327
8849.830748481669
8846.695937805813
8850.219377578815
8846.827818291538
8845.496006597303
8847.595829863089
8845.222708038209
8846.23066407809
8845.596133175804
8845.917299658999
8845.269121174879
8845.396881526201
8846.374586185651
8845.281224059925
8845.790004369503
8845.068455547244
8845.144368909781
8846.530266168487
8845.068882408403
8845.947781358493
8845.79090739808
8845.064596406677
8845.19659732365
8845.222073605088
8845.920912101721
8845.327236294204
8845.065507834655
8845.202629445166
8845.208920954805
8844.931004099286
8845.994967140583
8845.840801785504
8845.377818098132
8845.065084150394
8845.064631967587
8845.377482451084
8845.916044735062
8845.06474472446
8845.06493929411
8845.064973130922
8844.9297763921
8845.065347582426
8844.930232392735
8844.930692964368
8844.929625422148
8844.929282827758
8845.064629060724
8844.930119503708
8844.92930112045
8844.92917142405
8845.064825578756
8844.929267520736
8845.0647129127
8844.92920571389
8844.929341122544
8844.929193088046
8844.92945966247
8844.92918103836
8844.929193151858
8844.929175512445
8844.92923428123
8844.929173655459
8844.929179898036
8844.92917336974
8844.929188541508
8844.929171615093
9186.619550845568
9203.644713026393
9187.905294594777
9192.624879141913
9174.586626931345
9161.637581289608
9163.772204083258
9153.767773647343
9138.899276948354
9125.157024673776
9099.816639860834
9104.578546698223
9073.946089482113
9042.8502302065
9038.056882248788
9014.36653538653
9008.047555735291
8997.051725920275
9019.804647182218
9066.428840733177
9009.696830524848
9058.386960683118
9003.28064535691
8997.471734873077
9024.673761313847
9000.008375421541
8990.665749663502
8984.676477663656
8988.68708790649
8984.174267748127
8982.792550603053
8967.184346239435
8951.073484653618
8981.89515759507
8960.83170310035
8943.495609404748
8932.493711524145
8901.209663326556
8887.983188346047
8883.863916381411
9322.001112843924
12097.138949314198
8912.47792365646
8856.415373092674
8856.373186859364
9535.591752685516
8877.698638804726
8859.576507118958
8894.29587970864
8860.207460272082
8870.014528600754
8855.221717306466
8884.34737448839
8853.716855850591
8879.946050943965
8855.05085982705
8853.580023902376
8857.779175300053
8861.952031724477
8852.476188399989
8853.213407873842
8852.48804433945
8853.341783762316
8852.510344675928
8855.287066709401
8852.077055638334
8853.15636022662
8851.76762102071
8852.513622391562
8852.144849432654
8852.246203830719
8852.134098193266
8852.424835829137
8852.53634269027
8852.120450493423
8852.133015505598
8852.242058626003
8852.691225087481
8851.994274398543
8851.847897329431
8851.928743001052
8852.154396326687
8851.838426381055
8852.096009061102
8851.872071482263
8852.075305948845
8851.85337464016
8852.074590446255
8851.846435951407
8852.075661140116
8851.843984727071
8852.075549719892
8851.842997275027
8852.076265212727
8851.84179400765
8852.076330030552
8852.08036622699
8852.077857550144
8852.07941493028
8852.079927428516
8852.077129956662
8852.07626931754
8851.76604186924
8851.685312363014
8851.685643492832
8852.692252568007
8851.766044484759
8851.684390753915
8852.68974055042
8852.690338385466
8851.765604017886
8852.690613740515
8851.685242114996
8851.68439717092
8851.684149510253
8852.689786903593
8852.68975592865
8851.684719359633
8852.689931820183
8851.684499140136
8851.684141009471
8852.689931820183
8851.684071188545
8852.689880975064
8851.683918793997
8852.68973710902
8852.68987390113
8851.684090724471
8851.683921981312
8852.689806831493
8851.684025119914
8851.68385889743
8851.68378936671
8851.68376880754
8851.683724457595
8851.683724986446
8851.68376270693
8851.68382764086
8851.68373488577
8851.683841868931
8851.68372622352
8851.68372971404
8851.683723426064
8851.683733867754
8851.683722496751
8851.683725709387
8851.683722690837
8851.683727105306
8851.683722401582
8851.683724826249
8851.68372225499
