3416.636719905409
3418.860929929815
3419.3065424523747
3411.652389020904
3413.0925179387755
3408.4439799290676
3404.254047487086
3402.358315589905
3395.1167377466554
3395.5061377384536
3385.338853144882
3373.8445691901265
3372.03679658123
3357.422731397167
3355.7820411553425
3339.1444198778377
3327.2050823990294
3309.580412761801
3301.029058814026
3299.2008582470185
3327.412285781882
3501.2634693601867
3306.775086486019
3329.4433960794895
3300.35378740354
3301.8333449578604
3417.2404352437065
3295.5891324021663
3303.032367365877
3296.9629627222266
3290.5629655879684
3286.8585569071174
3290.0278901374536
3294.597239845663
3284.450287376318
3281.7532640758827
3283.3221086842314
3280.7578810845835
3298.4067822971665
3277.3461078670257
3282.3185903092617
3281.634729574621
3287.9740113374355
3278.53501486688
3284.777016706683
3277.7703392941735
3284.179548673874
3277.8592401794967
3279.353690271243
3277.0980659100683
3279.49581178235
3277.3374724334144
3277.4523652734374
3277.1313552935835
3277.9760744791292
3277.467157838487
3277.2108353518483
3277.5539674810316
3277.275939263147
3277.186698250961
3277.2149650184247
3277.536971780968
3277.457779871773
3277.262717637662
3277.369177137372
3277.4976400534133
3277.4577635265746
3277.6163931933324
3277.6139998241206
3277.529049181078
3277.457746156636
3277.4894427150034
3277.656285980069
3277.5270223979787
3277.6565781011104
3277.490068387352
3277.4889026263627
3277.6570335891324
3277.489332295724
3277.489125817741
3277.4891756436136
3277.4894095254185
3277.658244827467
3277.6585583708784
3277.6584132262997
3277.65844906258
3277.6586105975994
3277.096957591677
3277.097142219276
3277.1781915791007
3277.0979258223374
3277.0966675534964
3277.6582965358452
3277.658280261916
3277.0974031339165
3277.6586918370863
3277.0971562523255
3277.0966914159217
3277.096423306374
3277.6583145626855
3277.6584686136102
3277.0967719502964
3277.6586372838783
3277.096681480842
3277.0964893168803
3277.0963746665566
3277.096228588647
3277.0961078278615
3277.0958539439152
3277.0958582888566
3277.0955773465694
3277.095226570441
3277.095131985612
3277.0947327278836
3277.09473232122
3277.09438429461
3277.0941809445444
3277.0941972268206
3277.0941181287826
3277.094424967294
3277.0941989044745
3277.0944212879976
3277.0941800145115
3277.0944854153486
3277.0941216331066
3277.094137020379
3277.0942742842635
3277.0941255656785
3277.0941384647685
3277.094122420417
3277.0941528499015
3277.0941181594844
3277.094118529914
3277.0941243089055
3277.0941184798976
3277.094119746391
3277.094117875594
