3333.543449308443
3333.1633235376044
3334.479335647648
3330.0970302268747
3330.3775547447576
3328.6886631071816
3326.4868828501526
3324.7923278106637
3320.706895510879
3321.393141143887
3315.5454024227106
3308.460053462295
3307.6090918072287
3298.9060005762326
3297.630559067532
3287.296518317303
3277.9450053394817
3263.8430308043316
3264.9348200762497
3263.617449145476
3379.086730075377
3361.4668301427637
3270.7913234189555
3269.387599116617
3262.3820941129497
3262.000589413657
3272.2465766230857
3304.1040613744563
3260.1612017513335
3259.760040734384
3259.9906312244675
3258.325338406218
3257.634320541284
3263.179169598372
3258.9352039446276
3257.422208342835
3257.4135461006304
3257.1714976687595
3258.5778964435735
3258.226874208095
3257.278088240174
3260.4117296346203
3256.9557532624976
3257.080283111527
3256.8507139910816
3257.0992671650874
3257.58352826759
3256.7958310152335
3257.5296994062555
3256.8841862498803
3256.679126448401
3256.589857379492
3256.7716419307817
3257.2722740920526
3256.565535572521
3256.659678395341
3256.403685074707
3256.1827293869624
3256.737826241128
3256.45121385167
3256.4850642091023
3255.9840814133704
3256.2943630348973
3256.2484567664196
3256.7049651759394
3256.0827435676474
3256.415080311679
3256.44818860346
3256.421851173538
3256.1256474016745
3256.3567529274496
3256.3725093385283
3256.0522310152073
3256.281026725368
3256.3406838185465
3256.016678553956
3256.0533577574365
3256.2825578510483
3256.2980418626944
3255.9688429107705
3256.0008497530534
3256.3374728957083
3256.016095168867
3255.9672597345607
3256.3374728957083
3256.004408628913
3255.978455976807
3256.3806095551536
3255.9535695272293
3255.948459958459
3256.0217094311192
3255.9442594401276
3255.932587903256
3255.9711791549944
3255.9558332099577
3255.934022652081
3255.92366916618
3255.9097371449516
3255.951147971961
3255.936643100402
3255.961759893932
3255.9308897167393
3255.9147285713225
3255.904710171617
3256.345513909283
3255.890033015323
3256.2428619233897
3255.972431291889
3255.9079581681526
3256.263041767006
3255.905219725078
3255.8920667918346
3256.2571166036164
3255.9003225903557
3255.8839378968787
3255.874223384742
3255.8712160711284
3256.2290719296807
3255.865443681637
3255.853401570266
3255.844820542814
3256.1974273847845
3256.2108440697157
3255.8649483016743
3255.838778245991
3255.7523161737536
3255.7478721651887
3255.7335547118273
3255.7306356689214
3255.7182902809463
3255.6557709647736
3255.6160209177215
3255.625411346444
3255.633571620523
3255.7302787828557
3255.658657064272
3255.687327036928
3255.618392625792
3255.6560081732705
3255.640640481207
3255.617184888488
3255.620430743531
3255.6378332524655
3255.6571582064694
3255.626858915639
3255.610740883558
3255.6571582064694
3255.609640262026
3255.6058776550026
3255.6054768434883
3255.655759260848
3255.655733364538
3255.6110959357834
3255.6564210796273
3255.609002708733
3255.603730278092
3255.701772021239
3255.6557544083053
3255.6068058661726
3255.6561035402983
3255.605841700058
3255.6041338861505
3255.6032313232
3255.6023147443902
3255.647598253619
3255.6043042730644
3255.6481978240477
3255.603786762349
3255.6024619145655
3255.6477191080726
3255.603254619022
3255.64757092376
3255.603155110229
3255.6478046266725
3255.6029250595457
3255.6477651996875
3255.602842529845
3255.647885349721
3255.6027221182053
3255.6021857309947
3255.6476261800462
3255.6476804186054
3255.6025128153087
3255.6478393688312
3255.602413651638
3255.647854488876
3255.602381127968
3255.6478770086824
3255.6023523029685
3255.647888492567
3255.6023316420024
3255.602202977097
3255.647841179114
3255.602282187003
3255.6021353725246
3255.701765938822
3255.6477757929288
3255.602227692243
3255.64782444122
3255.6022009289536
3255.602145065692
3255.602110604236
3255.655717478571
3255.6557180726923
3255.6021578262726
3255.602103134155
3255.6557180726923
3255.647791134833
3255.6021306409393
3255.6557193298413
3255.602125043887
