1590.350434739788
1590.4488281680142
1590.350434739788
1591.3397975350606
1588.5938033627879
1587.1490006166018
1587.6839972903742
1587.1444981071254
1585.9869157735463
1585.103391527914
1583.8787994466456
1584.2164855523113
1583.519777278393
1583.7043681932562
1583.997337825696
1583.4574442283904
1583.651118652829
1583.6687274861142
1583.2962165575414
1583.5853408492794
1584.6337708128362
1583.4303888919842
1583.175863949411
1583.288424246543
1583.1693780373855
1582.9994793869914
1583.3138308509376
1583.0311263024744
1582.9647303151605
1582.802009950919
1582.8788981723667
1583.8826427503298
1582.773084911634
1582.7917502528683
1582.912689685237
1582.8899666739956
1582.7270868349983
1582.9346422540002
1582.8845608769484
1582.8534935692226
1582.8056918805407
1582.8771455462818
1582.9553166179696
1582.7362537645486
1582.9312909109385
1582.965049059841
1582.9626618797015
1582.8399824090977
1582.9802032428317
1582.8399913314663
1582.7277748841336
1582.9313538920871
1582.785380340413
1582.980444768571
1582.7618380277288
1582.9411301996934
1582.761630816237
1582.727879150441
1582.944893838667
1582.729919988367
1582.727325749786
1582.7284994885038
1582.7269245074515
1582.7294747801634
1582.7268252074007
1582.7275761283852
1582.7268241150907
1582.94101912545
1582.7267478274164
1582.7270969051867
1582.7267341224367
1582.7270840881708
1582.72670688251
1582.726868016682
1582.72672120549
1582.7268049507345
1582.726701787804
1582.726781321776
1582.7266993828355
1582.7267484172517
1582.7266978326647
1582.7267222461078
1582.7266954112895
1582.7267099001574
1582.726694757257
1582.72670689522
1582.7266942588326
1582.7267017073839
1582.7266941577625
1582.7266980056274
1582.7266936987241
1582.7266958002806
1582.7266936575566
1582.726695544066
1582.72669352975
1582.7266946290997
1582.7266935608666
1582.726694187706
1582.726693456452
------------------------------
1590.1408592109726
1590.3071749054384
1591.0877842109946
1588.5497023258172
1587.2322994935407
1586.986228805934
1585.764850574369
1585.0293051167332
1584.5245063036507
1583.6249792091571
1583.6862917695057
1585.1186596661726
1584.333117496818
1583.6527848865826
1583.03384046673
1582.927995489525
1583.7505527829794
1583.2214665748781
1583.0255528078699
1583.0230115677355
1583.308305761189
1583.0289164023131
1583.0723476134524
1582.9183284987566
1582.997390682187
1582.8687968310273
1582.9218787139182
1583.0822685863993
1582.9306407327451
1583.0872434668124
1583.0838915375625
1582.9576094885617
1583.0895065877194
1582.9496252180631
1582.8464548629418
1583.0895065877194
1583.1666916988443
1582.8761546276564
1583.117520055092
1582.8831017025716
1582.8570928862182
1582.8780021167772
1583.103378913709
1582.8480447556433
1582.8383063261322
1582.863655487305
1582.8368827746137
1582.8318360015785
1582.8251070582328
1582.816777963336
1582.8124900284577
1582.8045434873084
1582.799453498638
1582.800704273598
1583.0446411642372
1582.8074529965877
1582.798726458237
1583.0446411642372
1582.79974601641
1582.7986004426125
1583.0444072361781
1582.7988329347752
1582.798660318633
1582.799433966904
1582.798563529158
1582.798593318134
1582.7987764515851
1582.7985594933848
1582.7985810251648
1582.7985625298425
1582.7985897618594
1582.7985582022181
1582.798559682683
1582.7985582614479
1582.7985618907428
1582.7985582471395
1582.7985583155971
1582.7985581219261
