3342.7429720758973
3344.235551657207
3344.8168807197476
3339.0038385962666
3339.901966954361
3336.7192239512847
3333.827516757883
3332.155732144998
3326.848669703456
3327.634867866851
3320.463942140129
3312.949770453278
3311.1489334542857
3301.4733699821268
3300.2396587585126
3289.8273589352675
3285.641364339214
3283.5864522191437
3276.4110958793763
3300.7795013128234
3295.236150306746
3280.280859252285
3334.910789166455
3279.987649814179
3272.448304742693
3268.5962740508453
3275.151101995244
3265.2882483654953
3261.627580135228
3265.5276274404637
3259.5108642112214
3274.2797231722025
3257.5329641165063
3265.808561498498
3293.1635946942915
3259.459855029521
3257.123704153655
3260.3480839758595
3260.4430822601626
3257.4531832675293
3262.678268993895
3257.3725946810164
3257.5529737007664
3257.128481308937
3257.6095778970493
3256.990091494682
3257.7954012319506
3257.088667363777
3256.8644637021803
3257.1769912293094
3257.880969147992
3256.7788063048347
3256.6410588876115
3256.848006565242
3257.5218933542774
3256.689705629479
3256.792799085589
3256.490982668929
3256.6568752647026
3256.7072988180694
3256.7000304926732
3256.7448498091526
3256.4022965341396
3256.8252615792258
3256.3978640305186
3256.6291022347614
3256.733912002016
3256.668067955947
3256.677165583218
3256.755368130663
3256.4156925330544
3256.3812956998117
3256.7667571641205
3256.4343144621594
3256.4315702862846
3256.378404063087
3256.7667571641205
3256.80059384907
3256.3756428257684
3256.3645786054467
3256.4731041914274
3256.3651439922514
3256.360518688818
3256.4035920697584
3256.356053058732
3256.4662816986593
3256.5209739371376
3256.3622776443526
3256.3557376981944
3256.4017665964157
3256.4021208773393
3256.3594048911336
3256.354665459623
3256.3539099374657
3256.465665517208
3256.356614221797
3256.353969766541
3256.354059099236
3256.465048511982
3256.3543393951545
3256.4652900888013
3256.3540040552666
3256.469125119723
3256.3539192132707
3256.353948301592
3256.354093986726
3256.3539154604637
3256.353947574988
3256.353918996569
3256.353960808189
3256.3539098784513
3256.353911592075
3256.35392068324
3256.3539105585864
3256.3539140334897
3256.3539098734545
3256.353911291508
3256.3539097582325
3256.3539106520393
3256.353909622512
3256.3539099249624
3256.353909654755
3256.3539101695987
3256.3539096320937
3256.3539099499185
3256.3539096128757
