3373.4008452671574
3378.673437352605
3377.462157785558
3369.29818757037
3368.6262836654596
3362.9208877687074
3360.6977076965068
3353.1378607160163
3351.7426108334184
3342.6445387681406
3340.465298907405
3332.177293792263
3324.4960760870754
3312.899642244284
3316.732908208512
3320.3053174474894
3316.674169596705
3307.818143983838
3306.929087734411
3297.3854416672666
3288.906112973862
3324.789228007379
3304.3610859210758
3286.008520754876
3278.5783327360978
3295.8704560181263
3277.6169633573527
3300.4854381996192
3272.7149956956687
3280.792430910871
3274.604449565515
3265.3203647509863
3274.0210975434675
3260.035110255087
3264.304327469727
3272.337897419291
3259.299460172617
3283.776302154296
3324.725222228434
3260.9983982832237
3267.0122836500695
3259.68746118892
3266.1435599925153
3258.538662974565
3260.2488321370506
3258.663419028628
3258.116873499643
3260.5592555729577
3263.421229847123
3257.6775814806933
3257.2343078953018
3258.012935882308
3259.1836072559845
3257.714455121886
3257.163620798042
3258.0263153661617
3257.7837399158757
3257.5683720123216
3257.203427680109
3257.152633629405
3256.999691989856
3256.8226904560297
3256.8268610662553
3257.1364476254075
3256.266228189822
3256.3659265600436
3257.285891124635
3256.7725669086058
3256.774446804585
3256.385347641721
3256.7853616891625
3256.1850256159883
3256.153056492694
3255.440371135183
3256.103817395896
3255.902427361264
3255.60261212513
3255.538767887073
3255.8106563081765
3255.643407861221
3255.7460011578505
3255.5372025526103
3255.7074135677844
3255.3008863444156
3255.9749529853552
3255.6057454185757
3255.756933996712
3255.6843191628527
3255.5149784278065
3255.490373117166
3255.180139404591
3255.419070250266
3255.5638382125494
3255.5689600523847
3255.210776182992
3255.449821335921
3255.5607578281224
3255.4649503184537
3255.4430223128757
3255.2423639187336
3255.5477369963824
3255.2610751293205
3255.196175539993
3255.1391678955347
3255.1455999585114
3255.173741791317
3255.128427079528
3255.38364732252
3255.183116142617
3255.180872824232
3255.1858856400368
3255.1810267409414
3255.1844921778875
3255.12443654917
3255.3695303567156
3255.125080735853
3255.375813456628
3255.1833673543338
3255.124757489151
3255.1263905218593
3255.1823693726883
3255.373003569164
3255.12430073461
3255.1226825478534
3255.1209446265093
3255.1216892694483
3255.120245564041
3255.175260687237
3255.1178852004396
3255.1150908321183
3255.1158698873587
3255.1134975584423
3255.1104815059775
3255.1086029140934
3255.1050123706145
3255.1052076426963
3255.102612226647
3255.060604746008
3255.0613079208415
3255.06407044809
3255.080064618308
3255.068568831476
3255.1023014806647
3255.0645817086365
3255.0601289571036
3255.1023014806647
3255.102318628222
3255.062032625377
3255.0598353472615
3255.102318628222
3255.0596677817985
3255.0598942241695
3255.102329172454
3255.0601316124985
3255.0596713657724
3255.059722889441
3255.059854599736
3255.05969930596
3255.0599513546217
3255.059660275898
3255.059665996286
3255.0596800102285
3255.0596597351887
3255.05968594331
3255.0596582866838
3255.05967021827
3255.0596588319863
3255.0596645634782
3255.0596574838496
3255.059662019269
3255.0596574975143
3255.059661395329
3255.059657277026
3255.059659084135
3255.0596572741083
3255.0596582903377
3255.059657095968
3255.0596577042247
3255.0596571320616
3255.05965761518
3255.0596570760986
