9053.477498376298
9053.477487632243
9053.477498376298
9053.477498376298
8986.145688445826
8986.145697203057
8986.145688445826
8986.145688445826
8884.82251151704
8884.822515809872
8884.82251151704
8884.82251151704
8852.832218407162
8852.832218402338
8852.832218407162
8852.832218407162
8852.832143051006
8852.832143048514
8852.832143051006
8852.832143051006
8852.83215192041
8852.832151925919
8852.83215192041
8852.83215192041
8852.832135654127
8852.832135658133
8852.832135654127
8852.832135654127
8852.832137912927
8852.83213791061
8852.832137912927
8852.832137912927
8852.832135609351
8852.83213560726
8852.832135609351
8852.832135609351
8852.832141377006
8852.83214138123
8852.832141377006
8852.832141377006
8852.832136031173
8852.832136035118
8852.832136031173
8852.832136031173
8852.83213556113
8852.832135559109
8852.83213556113
8852.83213556113
8852.832135817805
8852.832135811252
8852.832135817805
8852.832135817805
8852.832135574597
8852.832135575545
8852.832135574597
8852.832135574597
8852.83213555884
8852.832135558012
8852.83213555884
8852.83213555884
8852.832135567705
8852.832135565797
8852.832135567705
8852.832135567705
8852.832135561002
8852.83213556208
8852.832135561002
8852.832135561002
8852.832135560266
8852.832135561235
8852.832135560266
8852.832135560266
8852.832135559132
8852.832135564582
8852.832135559132
8852.832135559132
8852.832135561677
8852.832135562612
8852.832135561677
8852.832135561677
8852.83213555884
8852.832135558012
8852.83213555884
8852.83213555884
8852.83213555884
8852.832135558012
8852.83213555884
8852.83213555884
8852.83213556396
8852.83213556201
8852.83213556396
8852.83213556396
8852.83213555884
8852.832135558012
8852.83213555884
8852.83213555884
8852.83213555884
8852.832135558012
8852.83213555884
8852.83213555884
8852.832135559052
8852.832135559835
8852.832135559052
8852.832135559052
8852.83213555884
8852.832135558012
8852.83213555884
8852.83213555884
8852.83213555884
8852.832135558012
8852.83213555884
8852.83213555884
8852.832135559704
8852.832135563503
8852.832135559704
8852.832135559704
8852.83213555884
8852.832135558012
8852.83213555884
8852.83213555884
8852.83213555884
8852.832135558012
8852.83213555884
8852.83213555884
8852.832135559718
8852.832135557945
8852.832135559718
8852.832135559718
8852.83213555884
8852.832135558012
8852.83213555884
8852.83213555884
8852.83213555884
8852.832135558012
8852.83213555884
8852.83213555884
8852.832135559864
8852.832135560664
8852.832135559864
8852.832135559864
8852.83213555884
8852.832135558012
8852.83213555884
8852.83213555884
8852.83213555884
8852.832135558012
8852.83213555884
8852.83213555884
8852.832135559865
8852.832135558094
8852.832135559865
8852.832135559865
8852.83213555884
8852.832135558012
8852.83213555884
8852.83213555884
8852.832135559955
8852.832135560846
8852.832135559955
8852.832135559955
8852.83213555884
8852.832135558012
8852.83213555884
8852.83213555884
8852.832135559987
8852.832135560759
8852.832135559987
8852.832135559987
8852.83213555884
8852.832135558012
8852.83213555884
8852.83213555884
8852.832135560267
8852.832135564036
8852.832135560267
8852.832135560267
8852.83213555884
8852.832135558012
8852.83213555884
8852.83213555884
8852.832135560267
8852.832135564036
8852.832135560267
8852.832135560267
8852.83213555884
8852.832135558012
8852.83213555884
8852.83213555884
8852.832135560267
8852.832135564036
8852.832135560267
8852.832135560267
8852.83213555884
8852.832135558012
8852.83213555884
8852.83213555884
8852.83213555884
8852.832135558012
8852.83213555884
8852.83213555884
8852.83213555884
8852.832135558012
8852.83213555884
8852.83213555884
8852.83213555884
8852.832135558012
8852.83213555884
8852.83213555884
8852.832135560267
8852.832135564036
8852.832135560267
8852.832135560267
8852.83213555884
8852.832135558012
8852.83213555884
8852.83213555884
8852.83213555884
8852.832135558012
8852.83213555884
8852.83213555884
8852.83213555884
8852.832135558012
8852.83213555884
8852.83213555884
8852.832135560267
8852.832135564036
8852.832135560267
8852.832135560267
8852.83213555884
8852.832135558012
8852.83213555884
8852.83213555884
8852.832135560267
8852.832135564036
8852.832135560267
8852.832135560267
8852.83213555884
8852.832135558012
8852.83213555884
8852.83213555884
8852.83213555884
8852.832135558012
8852.83213555884
8852.83213555884
8852.832135560267
8852.832135564036
8852.832135560267
8852.832135560267
8852.83213555884
8852.832135558012
8852.83213555884
8852.83213555884
8852.832135560267
8852.832135564036
8852.832135560267
8852.832135560267
8852.83213555884
8852.832135558012
8852.83213555884
8852.83213555884
8852.832135560267
8852.832135564036
8852.832135560267
8852.832135560267
8852.83213555884
8852.832135558012
8852.83213555884
8852.83213555884
8852.832135560267
8852.832135564036
8852.832135560267
8852.832135560267
8852.83213555884
8852.832135558012
8852.83213555884
8852.83213555884
8852.832135567705
8852.83213556247
8852.832135562076
8852.832135562629
8852.832135558514
8852.832135562392
8852.832135558514
8852.832135558514
8852.832135561073
8852.832135560304
8852.832135564646
8852.832135558514
8852.832135558514
8852.832135558514
